0.8915713694441829	118969.17517332894
0.5464094354382921	147706.18952849752
0.10420052183104123	173009.2719460545
0.6432861318172878	202511.39665107167
0.321541689204477	166468.22712269437
0.47282570046515593	178046.68286204708
0.9558645582487845	144861.25952910708
0.9218010184802432	142885.35964192537
0.3057512164225129	160916.1362330161
0.40329409412790074	159256.44012599144
0.08311844778925592	134210.14239524215
0.35851190927819576	170709.86362938408
0.8962811172675742	158133.69956234025
0.4067986198005654	170713.7890080694
0.06283221062279243	157341.26832651367
0.497675031777413	192116.39802399377
0.13076326475784628	159304.6679172439
0.24543469600284384	146047.04625468762
0.7324972497899669	129268.50827884348
0.7148084466603264	198187.5743525222
0.00262533905315665	176939.9179545779
0.8327823611300221	138973.7560828582
0.11823244422599033	149378.7478152228
0.7459485819601813	137703.1663697573
0.4094625417680259	161359.73397825408
0.3997095529432716	164612.38238053775
0.9520522488882256	126113.5379375216
0.8538692608998899	165645.0369685452
0.6896448925286572	156834.6632435115
0.8885180291153659	188148.23646646514
0.8481495744923138	200352.51142615767
0.3816817175168987	142321.50142447007
0.5537929283293163	172200.19431665508
0.24937895834033363	142645.0239740489
0.11732303026307289	213021.071118922
0.6424529766376358	174002.730483738
0.629295679271889	186485.09991435823
0.5420720115048345	162324.80052689475
0.6560373669853246	123487.25345141048
0.6201921970192529	194149.66175423138
0.7033659251317436	177617.84210904298
0.5824279495547816	178216.91647153758
0.32710698953462447	150597.4397422762
0.13260410003204204	163267.9794117738
0.8297604118199606	174684.38360539015
0.10548165079431293	213139.36374240398
0.4913732041336406	135045.38987489566
0.3333604576652981	173371.0738924866
0.7807738850587593	179056.19128548703
0.14296003912190014	112153.93466358619
0.23199969624402583	172745.78729532543
0.5951687969759448	136444.04909291916
0.881773750419323	135008.1316975284
0.43341066685895013	157710.65678299658
0.6923362474385455	152444.1328134436
0.5992778025977608	153042.71381275094
0.26578884401380487	171794.03689440584
0.10555632195279929	153296.4917512601
0.6852274567157365	178485.49635175985
0.38310484269146783	176425.82104950218
0.3249496053808002	185955.4136588277
0.04103282373185513	158272.97927257314
0.7984671514460339	170317.2943341704
0.8723004140045496	157996.39063725757
0.11236876567852672	177537.7729042391
0.21571830979920725	163531.96772955754
0.9703363963081768	173057.36612225338
0.31566025917188456	167173.94833256418
0.5375832885935795	183006.257549193
0.8269855263704617	140730.39350343775
0.8914937480059214	152150.85769621204
0.46271563688842743	205684.85235479858
0.17250223819183652	128745.78714606263
0.8892809391981565	167952.095400279
0.6981152814743918	156528.76984042503
0.2041360723302479	187539.2048474712
0.19448381477424403	133154.35656174063
0.6540756644300108	158892.00754335124
0.5633391396884876	152506.67908914827
0.7572536479591587	162329.336517694
0.890583936327341	172427.87663963164
0.06491299338846346	173696.51307399807
0.3986521815552597	179026.1869986202
0.15750918138659387	183097.94265355103
0.17726170725717116	147380.65161719173
0.08622785527653476	163483.04065661028
0.09686902104021455	153991.43472419618
0.24253128013617153	163920.9224652821
0.20687904858782136	165592.7671014033
0.933386409643138	116460.29570068972
0.8161833129350697	163659.71214445986
0.9913131894115689	154995.37970636415
0.6680211338397823	146322.1274697472
0.9315535161649516	145719.9015570752
0.7188330960257934	146041.3828719287
0.12083083441888509	173268.541471026
0.686347915115467	195545.6025263372
0.7996600922816032	195664.28537650759
0.08568619024971591	173976.9992016802
0.16422597832658592	170939.9086210438
