-18367.0 -19396.0 
-18367.0 -19396.0 
-19164.0 -18669.0 
-19164.0 -18669.0 
-18467.0 -19390.0 
-18476.0 -19357.0 
-18556.0 -19339.0 
-18571.0 -19335.0 
-18896.0 -19098.0 
-18771.0 -19182.0 
-19151.0 -18723.0 
-19125.0 -18774.0 
-18818.0 -19171.0 
-19081.0 -18858.0 
-19131.0 -18732.0 
-18952.0 -19028.0 
-18755.0 -19212.0 
-18612.0 -19316.0 
-19016.0 -18939.0 
-18969.0 -18989.0 
-19031.0 -18909.0 
-19031.0 -18909.0 
-18665.0 -19286.0 
-18907.0 -19065.0 
-19094.0 -18798.0 
-19088.0 -18821.0 
-18626.0 -19300.0 
-18852.0 -19115.0 
-18969.0 -18989.0 
-18725.0 -19218.0 
-19055.0 -18860.0 
-19049.0 -18876.0 
-18929.0 -19029.0 
-18991.0 -18949.0 
-18654.0 -19297.0 
-18468.0 -19363.0 
-19049.0 -18876.0 
-18983.0 -18964.0 
-19100.0 -18789.0 
-18612.0 -19316.0 
-18556.0 -19339.0 
-18837.0 -19147.0 
-19088.0 -18821.0 
-18826.0 -19152.0 
-18983.0 -18964.0 
-18896.0 -19098.0 
-18852.0 -19115.0 
-18682.0 -19277.0 
-18771.0 -19182.0 
-18476.0 -19357.0 
-19016.0 -18939.0 
-18926.0 -19046.0 
-18841.0 -19116.0 
-18907.0 -19065.0 
-18840.0 -19127.0 
-19151.0 -18723.0 
-18755.0 -19212.0 
-19125.0 -18774.0 
-19100.0 -18789.0 
-18722.0 -19231.0 
-18919.0 -19053.0 
-18818.0 -19171.0 
-18919.0 -19053.0 
-18686.0 -19266.0 
-18991.0 -18949.0 
-18952.0 -19028.0 
-18688.0 -19252.0 
-18626.0 -19300.0 
-19131.0 -18732.0 
-18840.0 -19127.0 
-18690.0 -19245.0 
-18697.0 -19244.0 
-18654.0 -19297.0 
-18686.0 -19266.0 
-18682.0 -19277.0 
-18826.0 -19152.0 
-18703.0 -19237.0 
-18926.0 -19046.0 
-18688.0 -19252.0 
-18725.0 -19218.0 
-19081.0 -18858.0 
-18715.0 -19233.0 
-18715.0 -19233.0 
-18708.0 -19235.0 
-18837.0 -19147.0 
-19055.0 -18860.0 
-18703.0 -19237.0 
-18467.0 -19390.0 
-18468.0 -19363.0 
-18708.0 -19235.0 
-18697.0 -19244.0 
-18722.0 -19231.0 
-18929.0 -19029.0 
-18690.0 -19245.0 
-19164.0 -18669.0 
-19049.0 -18876.0 
-19088.0 -18821.0 
-18654.0 -19297.0 
-18682.0 -19277.0 
-18688.0 -19252.0 
