-19071.0 -18786.0 
-19071.0 -18786.0 
-18426.0 -19375.0 
-18540.0 -19350.0 
-18484.0 -19370.0 
-18488.0 -19351.0 
-18795.0 -19177.0 
-18630.0 -19299.0 
-18588.0 -19312.0 
-19032.0 -18812.0 
-18633.0 -19282.0 
-18724.0 -19242.0 
-18566.0 -19327.0 
-18913.0 -19003.0 
-18934.0 -19000.0 
-18728.0 -19212.0 
-18869.0 -19069.0 
-18995.0 -18904.0 
-18566.0 -19327.0 
-18799.0 -19141.0 
-18885.0 -19052.0 
-18950.0 -18973.0 
-18649.0 -19270.0 
-18676.0 -19267.0 
-18696.0 -19244.0 
-18750.0 -19205.0 
-18981.0 -18929.0 
-18985.0 -18905.0 
-18588.0 -19312.0 
-18937.0 -18979.0 
-18751.0 -19190.0 
-19013.0 -18852.0 
-18768.0 -19185.0 
-18998.0 -18878.0 
-18885.0 -19052.0 
-19032.0 -18812.0 
-18905.0 -19024.0 
-19013.0 -18852.0 
-18692.0 -19255.0 
-18898.0 -19028.0 
-18951.0 -18954.0 
-18768.0 -19185.0 
-19026.0 -18836.0 
-18969.0 -18933.0 
-19002.0 -18870.0 
-18726.0 -19223.0 
-18857.0 -19073.0 
-18802.0 -19133.0 
-19026.0 -18836.0 
-18957.0 -18951.0 
-19002.0 -18870.0 
-18965.0 -18937.0 
-18676.0 -19267.0 
-18649.0 -19270.0 
-18830.0 -19112.0 
-19030.0 -18825.0 
-18841.0 -19107.0 
-18850.0 -19087.0 
-18630.0 -19299.0 
-18692.0 -19255.0 
-18850.0 -19087.0 
-18825.0 -19119.0 
-18815.0 -19126.0 
-18898.0 -19028.0 
-19030.0 -18825.0 
-18726.0 -19223.0 
-18807.0 -19128.0 
-18795.0 -19177.0 
-18799.0 -19141.0 
-18846.0 -19101.0 
-18965.0 -18937.0 
-18998.0 -18878.0 
-18825.0 -19119.0 
-18905.0 -19024.0 
-18957.0 -18951.0 
-18913.0 -19003.0 
-18841.0 -19107.0 
-18830.0 -19112.0 
-18864.0 -19072.0 
-18848.0 -19094.0 
-18848.0 -19094.0 
-18937.0 -18979.0 
-18818.0 -19125.0 
-18484.0 -19370.0 
-18750.0 -19205.0 
-18846.0 -19101.0 
-18981.0 -18929.0 
-18818.0 -19125.0 
-18857.0 -19073.0 
-18807.0 -19128.0 
-18899.0 -19027.0 
-18751.0 -19190.0 
-18934.0 -19000.0 
-18696.0 -19244.0 
-18864.0 -19072.0 
-18985.0 -18905.0 
-18488.0 -19351.0 
-18951.0 -18954.0 
-18899.0 -19027.0 
-18724.0 -19242.0 
