-19131.0 -18661.0 
-18496.0 -19274.0 
-18496.0 -19274.0 
-19131.0 -18661.0 
-18615.0 -19238.0 
-18562.0 -19264.0 
-18695.0 -19210.0 
-18749.0 -19163.0 
-18562.0 -19264.0 
-18768.0 -19130.0 
-18651.0 -19216.0 
-18714.0 -19170.0 
-18847.0 -19071.0 
-18867.0 -19043.0 
-18979.0 -18905.0 
-19021.0 -18879.0 
-19110.0 -18699.0 
-18934.0 -18988.0 
-18706.0 -19174.0 
-19110.0 -18699.0 
-18795.0 -19114.0 
-18847.0 -19071.0 
-19098.0 -18723.0 
-18824.0 -19094.0 
-18898.0 -19029.0 
-18905.0 -18995.0 
-19083.0 -18753.0 
-19098.0 -18723.0 
-18640.0 -19230.0 
-19066.0 -18766.0 
-19024.0 -18852.0 
-19047.0 -18836.0 
-18950.0 -18967.0 
-19002.0 -18889.0 
-18768.0 -19130.0 
-19130.0 -18666.0 
-19062.0 -18795.0 
-19002.0 -18889.0 
-18958.0 -18947.0 
-18965.0 -18923.0 
-18910.0 -18989.0 
-18950.0 -18967.0 
-19058.0 -18812.0 
-19058.0 -18812.0 
-18958.0 -18947.0 
-18749.0 -19163.0 
-19047.0 -18836.0 
-18886.0 -19039.0 
-19130.0 -18666.0 
-18971.0 -18922.0 
-19034.0 -18850.0 
-18867.0 -19043.0 
-18824.0 -19094.0 
-18972.0 -18906.0 
-19083.0 -18753.0 
-19062.0 -18795.0 
-18798.0 -19097.0 
-18805.0 -19095.0 
-18795.0 -19114.0 
-18640.0 -19230.0 
-18695.0 -19210.0 
-18651.0 -19216.0 
-18934.0 -18988.0 
-19074.0 -18761.0 
-18706.0 -19174.0 
-19034.0 -18850.0 
-19074.0 -18761.0 
-19021.0 -18879.0 
-18891.0 -19033.0 
-18905.0 -18995.0 
-18898.0 -19029.0 
-19066.0 -18766.0 
-18886.0 -19039.0 
-18891.0 -19033.0 
-18965.0 -18923.0 
-18910.0 -18989.0 
-19024.0 -18852.0 
-18802.0 -19096.0 
-18802.0 -19096.0 
-18805.0 -19095.0 
-18798.0 -19097.0 
-18972.0 -18906.0 
-19131.0 -18661.0 
-18562.0 -19264.0 
-19002.0 -18889.0 
-18950.0 -18967.0 
-19130.0 -18666.0 
-19083.0 -18753.0 
-18934.0 -18988.0 
-18905.0 -18995.0 
-18898.0 -19029.0 
-18886.0 -19039.0 
-18965.0 -18923.0 
-18910.0 -18989.0 
-19024.0 -18852.0 
-18798.0 -19097.0 
-18886.0 -19039.0 
-19131.0 -18661.0 
-18886.0 -19039.0 
-19024.0 -18852.0 
