-18368.0 -19401.0 
-18368.0 -19401.0 
-19439.0 -18444.0 
-19258.0 -18790.0 
-18640.0 -19352.0 
-18550.0 -19364.0 
-19361.0 -18626.0 
-18550.0 -19364.0 
-18476.0 -19368.0 
-19427.0 -18484.0 
-18978.0 -19135.0 
-19265.0 -18739.0 
-19095.0 -18970.0 
-19364.0 -18583.0 
-19090.0 -19007.0 
-19145.0 -18912.0 
-18942.0 -19141.0 
-19212.0 -18840.0 
-19317.0 -18686.0 
-19142.0 -18945.0 
-19195.0 -18880.0 
-19296.0 -18708.0 
-19059.0 -19021.0 
-19411.0 -18488.0 
-19117.0 -18964.0 
-19230.0 -18818.0 
-18669.0 -19335.0 
-19230.0 -18818.0 
-18711.0 -19311.0 
-18400.0 -19391.0 
-18686.0 -19315.0 
-19380.0 -18576.0 
-19179.0 -18891.0 
-19121.0 -18946.0 
-19331.0 -18634.0 
-19325.0 -18649.0 
-19007.0 -19099.0 
-18879.0 -19209.0 
-18726.0 -19290.0 
-18640.0 -19352.0 
-18825.0 -19253.0 
-19287.0 -18731.0 
-19212.0 -18840.0 
-19007.0 -19099.0 
-19050.0 -19045.0 
-18927.0 -19161.0 
-19024.0 -19078.0 
-19407.0 -18536.0 
-18421.0 -19377.0 
-19011.0 -19088.0 
-18843.0 -19226.0 
-18918.0 -19175.0 
-19179.0 -18891.0 
-18940.0 -19158.0 
-18740.0 -19281.0 
-19403.0 -18548.0 
-18669.0 -19335.0 
-19055.0 -19027.0 
-18978.0 -19135.0 
-19403.0 -18548.0 
-18894.0 -19183.0 
-19295.0 -18718.0 
-18476.0 -19368.0 
-19409.0 -18517.0 
-18446.0 -19375.0 
-19317.0 -18686.0 
-18787.0 -19265.0 
-18769.0 -19268.0 
-18769.0 -19268.0 
-18446.0 -19375.0 
-18400.0 -19391.0 
-18853.0 -19221.0 
-18796.0 -19263.0 
-19271.0 -18734.0 
-19380.0 -18576.0 
-19195.0 -18880.0 
-19029.0 -19059.0 
-18835.0 -19241.0 
-19145.0 -18912.0 
-19026.0 -19065.0 
-18886.0 -19193.0 
-18740.0 -19281.0 
-18729.0 -19288.0 
-18853.0 -19221.0 
-19409.0 -18517.0 
-18421.0 -19377.0 
-19328.0 -18637.0 
-18686.0 -19315.0 
-18835.0 -19241.0 
-19325.0 -18649.0 
-18825.0 -19253.0 
-19090.0 -19007.0 
-19050.0 -19045.0 
-18879.0 -19209.0 
-18796.0 -19263.0 
-18711.0 -19311.0 
-19029.0 -19059.0 
-18886.0 -19193.0 
-18918.0 -19175.0 
-18894.0 -19183.0 
