1.391973199192796454e-02
1.480188595206644725e-03
1.020224058917647628e-02
1.818040114111191263e-02
1.458656298953310386e-02
2.775298125758200035e-02
1.271805635389835348e-02
8.697866801205396360e-04
1.086286199724185433e-03
2.508169763747587723e-04
1.227259425405708782e-03
1.145578080608514182e-02
1.111991796366107715e-03
5.830817377698222816e-04
1.073949380690029020e-03
3.992738310886965493e-03
4.054057901852431943e-03
2.214503621400850525e-02
2.138941171684946314e-03
2.982499836333995548e-04
1.728066273767884121e-03
6.383037789120974553e-03
1.248371597317916339e-02
2.853676773690366850e-03
2.283888218551809006e-03
5.704842972560394531e-04
2.382757226393057671e-04
7.574023445871717192e-03
1.364602956171975714e-03
1.706820742529505715e-03
1.881729649294846402e-02
