1	0.686663115268162
2	0.686663115268162
3	0.6866492008871111
4	0.6842692678942331
5	0.6842692678942331
6	0.6840804973525361
7	0.6835779424779502
8	0.6835779424779502
9	0.6835779424779502
10	0.6816943455571117
11	0.6816943455571117
12	0.6816699821786026
13	0.6811350380506503
14	0.6811350380506503
15	0.6811350358418478
16	0.6811350358418478
17	0.6808538639511379
18	0.6808538639511379
19	0.6790833198698892
20	0.6790833198698892
21	0.6790833198698892
22	0.6789298376598494
23	0.6789298376598494
24	0.6789298376598494
25	0.6789298376598494
26	0.6772642121769059
27	0.6772642121769059
28	0.6762493311360924
29	0.6762493311360924
30	0.6762493311360924
31	0.6762493311360924
32	0.6746457083811401
33	0.6736776316975241
34	0.6735463987480822
35	0.6725950359949778
36	0.6725950359949778
37	0.6725950359949778
38	0.6725950359949778
39	0.6710499143430686
40	0.6710499143430686
41	0.6710499143430686
42	0.6710499143430686
43	0.6710499143430686
44	0.6710045449441369
45	0.6691794605539271
46	0.6691794605539271
47	0.6669217111357637
48	0.6669217111357637
49	0.6669217111357637
50	0.6669217111357637
51	0.6645557666320699
52	0.664535225404633
53	0.664535225404633
54	0.6633605883063758
55	0.6633605883063758
56	0.6633605883063758
57	0.6633588309355948
58	0.6633588309355948
59	0.6633588309355948
60	0.6633588309355948
61	0.6633588309355948
62	0.6633588309355948
63	0.6633588309355948
64	0.6625968155132957
65	0.6625968155132957
66	0.6610512746456452
67	0.6608574739123736
68	0.6608574739123736
69	0.6608574739123736
70	0.6608574739123736
71	0.6608574739123736
72	0.6608574739123736
73	0.6599491902087307
74	0.6599491902087307
75	0.6576865586104675
76	0.6576865586104675
77	0.6576865586104675
78	0.6571572244388807
79	0.6571572244388807
80	0.6571572244388807
81	0.6571572244388807
82	0.657126587735528
83	0.657126587735528
84	0.6561362956900192
85	0.6561362956900192
86	0.6561362956900192
87	0.6555167541433322
88	0.6539750147083077
89	0.6539750147083077
90	0.6539512320458644
91	0.6539512320458644
92	0.6539512320458644
93	0.6538038844041165
94	0.6537655086983026
95	0.6528809611921071
96	0.6527858698576043
97	0.6525166665394712
98	0.6525166665394712
99	0.6525166665394712
100	0.6525166665394712
101	0.6520280692058126
102	0.6513200097525822
103	0.6513200097525822
104	0.6513200097525822
105	0.6513200097525822
106	0.6513200097525822
107	0.6507802498868304
108	0.6507802498868304
109	0.6507802498868304
110	0.6507802498868304
111	0.6498426262163028
112	0.6498426262163028
113	0.6498426262163028
114	0.6498426262163028
115	0.6498426262163028
116	0.6498426262163028
117	0.6498426262163028
118	0.6496612337713645
119	0.6496612337713645
120	0.6496612337713645
121	0.6495239165444776
122	0.6495239165444776
123	0.6495239165444776
124	0.6495239165444776
125	0.6495239165444776
126	0.6495239165444776
127	0.6495239165444776
128	0.6494108075608025
129	0.6494108075608025
130	0.6493472015617311
131	0.6493472015617311
132	0.6493472015617311
133	0.6492726134226566
134	0.6492726134226566
135	0.6492726134226566
136	0.6492726134226566
137	0.6492726134226566
138	0.6492726134226566
139	0.6492726134226566
140	0.6492726134226566
141	0.6492726134226566
142	0.6492726134226566
143	0.6492488412598131
144	0.6492488412598131
145	0.6492488412598131
146	0.6492488412598131
147	0.6492488412598131
148	0.6492488412598131
149	0.6492488412598131
150	0.6492117109636993
151	0.6492117109636993
152	0.6492117109636993
153	0.6492117109636993
154	0.6486733669098101
155	0.6486733669098101
156	0.6486733669098101
157	0.6486733669098101
158	0.6486733669098101
159	0.6486733669098101
160	0.6486733669098101
161	0.6486733669098101
162	0.6486733669098101
163	0.6486733669098101
164	0.6486733669098101
165	0.6486733669098101
166	0.6486733669098101
167	0.6486733669098101
168	0.6486733669098101
169	0.6486733669098101
170	0.6486733669098101
171	0.6486733669098101
172	0.6486733669098101
173	0.6486733669098101
174	0.6486733669098101
175	0.6486733669098101
176	0.6486733669098101
177	0.6486733669098101
178	0.6486733669098101
179	0.6486733669098101
180	0.6486733669098101
181	0.6486733669098101
182	0.6486733669098101
183	0.6486733669098101
184	0.6486733669098101
185	0.6486691447426127
186	0.6486691447426127
187	0.648637592636164
188	0.648637592636164
189	0.648637592636164
190	0.648637592636164
191	0.648637592636164
192	0.648637592636164
193	0.6485934889403866
194	0.6484460607626004
195	0.6484460607626004
196	0.6481247297361437
197	0.6481247297361437
198	0.6479736234204229
199	0.6478414937616063
200	0.6478414937616063
201	0.6478414937616063
202	0.6478414937616063
203	0.6478414937616063
204	0.6478414937616063
205	0.6476775070225995
206	0.6476775070225995
207	0.6475837671983693
208	0.6475837671983693
209	0.6474834326218739
210	0.6474834326218739
211	0.6474834326218739
212	0.6473501471816686
213	0.6473501471816686
214	0.6471216801668275
215	0.6471216801668275
216	0.6471216801668275
217	0.6471216801668275
218	0.6471216801668275
219	0.6469962286573196
220	0.6469962286573196
221	0.6469962286573196
222	0.6469962286573196
223	0.6469962286573196
224	0.6462208933382393
225	0.6462208933382393
226	0.6462208933382393
227	0.6462208933382393
228	0.6462208933382393
229	0.6462208933382393
230	0.6462208933382393
231	0.6462208933382393
232	0.6462208933382393
233	0.6462208933382393
234	0.6462208933382393
235	0.6459475557204127
236	0.6459475557204127
237	0.6459475557204127
238	0.6459475557204127
239	0.6459475557204127
240	0.6459470065644749
241	0.6459470065644749
242	0.6459470065644749
243	0.6459470065644749
244	0.6459470065644749
245	0.6459365893979455
246	0.6458987332604231
247	0.6458987332604231
248	0.6456893504678702
249	0.6456893504678702
250	0.6456893504678702
251	0.6456893504678702
252	0.6456893504678702
253	0.6456893504678702
254	0.6456858718667374
255	0.6456858718667374
256	0.6455982666800442
257	0.6455982666800442
258	0.6455385804794429
259	0.6454812333255258
260	0.6454812333255258
261	0.6453814921135308
262	0.6452638320348514
263	0.6452638320348514
264	0.6452638320348514
265	0.6452638320348514
266	0.6451557231662175
267	0.6450866485835424
268	0.6450385787239331
269	0.6450385787239331
270	0.6450385787239331
271	0.6450385787239331
272	0.6450385787239331
273	0.6449417273333982
274	0.6449417273333982
275	0.6448492206237624
276	0.6448492206237624
277	0.6447567021554532
278	0.6447567021554532
279	0.6447069190935296
280	0.6447069190935296
281	0.6447069190935296
282	0.6447069190935296
283	0.6446619092333954
284	0.6446619092333954
285	0.6446619092333954
286	0.6446619092333954
287	0.6445949661348047
288	0.6445949661348047
289	0.6445820383860471
290	0.6445820383860471
291	0.6445808831800128
292	0.6445719921553215
293	0.6445719921553215
294	0.644530509074385
295	0.6444594804694583
296	0.6444594804694583
297	0.6444594804694583
298	0.6444594804694583
299	0.6444532737890397
300	0.6444178141844041
301	0.6444178141844041
302	0.6443983569529892
303	0.6443893571071613
304	0.6443876087839764
305	0.6443718129695954
306	0.6443685650682405
307	0.6443685650682405
308	0.6443340392563932
309	0.644267772258602
310	0.6442652795656392
311	0.6442652795656392
312	0.6442652795656392
313	0.6442408506887985
314	0.6442164473782915
315	0.6442164473782915
316	0.6442164473782915
317	0.6442164473782915
318	0.6442207508545639
319	0.6442207508545639
320	0.6442207508545639
321	0.6442126257309413
322	0.6441183040985113
323	0.6441183040985113
324	0.6441183040985113
325	0.6441183040985113
326	0.6441177563289862
327	0.6441177563289862
328	0.6441177563289862
329	0.6441174836125314
330	0.6440502976735252
331	0.6440502976735252
332	0.6440359906739161
333	0.6440359906739161
334	0.6440359906739161
335	0.6439430277282706
336	0.6439430277282706
337	0.6439430277282706
338	0.6439430277282706
339	0.6439430206518956
340	0.6439232020767067
341	0.6438723996063052
342	0.6438650476846568
343	0.6438456215078874
344	0.6438418542370913
345	0.6438216774858916
346	0.6438205679419043
347	0.6437932126788823
348	0.643785592649122
349	0.64377988166241
350	0.64377988166241
351	0.6437725405245511
352	0.6437729381808891
353	0.6437392397087748
354	0.6437392397087748
355	0.6437392397087748
356	0.6437392397087748
357	0.6437392397087748
358	0.6437392397087748
359	0.6437392397087748
360	0.6437335262772935
361	0.6437335262772935
362	0.6437335262772935
363	0.6437335262772935
364	0.6437335262772935
365	0.6437008823726014
366	0.6436724520794479
367	0.6436724520794479
368	0.6436712256025767
369	0.6436712256025767
370	0.6436712256025767
371	0.643667924871429
372	0.6436672384022953
373	0.6436672384022953
374	0.6436857406316672
375	0.6436800322459985
376	0.6436800322459985
377	0.6436800322459985
378	0.643637172321429
379	0.6436367313663047
380	0.6436367313663047
381	0.6436367313663047
382	0.6436367313663047
383	0.6436367313663047
384	0.6436367313663047
385	0.6436367313663047
386	0.6436322984311128
387	0.6436317059866578
388	0.6436317059866578
389	0.6436496504146152
390	0.6436496504146152
391	0.6436416710350037
392	0.6436386654369147
393	0.6436384762825773
394	0.6436384757705392
395	0.6436384757705392
396	0.6436379146826096
397	0.6436194937063984
398	0.6436076679824038
399	0.6436076679824038
400	0.6436070666581155
401	0.6436067568326431
402	0.6435888869762426
403	0.64358769707919
404	0.64358769707919
405	0.64358769707919
406	0.64358769707919
407	0.64358769707919
408	0.64358769707919
409	0.6435871288209579
410	0.6435871288209579
411	0.6435870811449826
412	0.6435868617659023
413	0.6435868617659023
414	0.6435578462377899
415	0.6435578462377899
416	0.6435578462377899
417	0.6435514676474658
418	0.6435514675688747
419	0.6435514675688747
420	0.6435487246113407
421	0.6435420675718728
422	0.6435420675718728
423	0.6435420675718728
424	0.6435421056672633
425	0.6435419713340124
426	0.6435417548482724
427	0.6435395909880777
428	0.643526360995045
429	0.6435261061019577
430	0.6435200287209281
431	0.6435200287209281
432	0.6435199725193819
433	0.6435199725193819
434	0.6435070098869988
435	0.6435065076453597
436	0.6434912678141941
437	0.6434908251922618
438	0.6434881279775646
439	0.6434881279775646
440	0.6434869109344071
441	0.6434869109344071
442	0.6434850501543983
443	0.6434850501543983
444	0.6434850501543983
445	0.6434850501543983
446	0.6434850449169125
447	0.6433868953470775
448	0.6433868806316821
449	0.6433607116154029
450	0.6433607116154029
451	0.6433607116154029
452	0.6433607116154029
453	0.6433607116154029
454	0.6433573284176036
455	0.6433390753519437
456	0.6433384038579473
457	0.6433275644579701
458	0.6433275644579701
459	0.6433007805414873
460	0.6433007805414873
461	0.6433007747364611
462	0.6432991669069207
463	0.6432991669069207
464	0.6432991669069207
465	0.6432880782788967
466	0.6432875344864669
467	0.6432875344864669
468	0.6432874247094951
469	0.6432595133875082
470	0.6432564987021332
471	0.6432560906371082
472	0.6432560906371082
473	0.6432560906371082
474	0.6432560906371082
475	0.6432559551132281
476	0.6432274177030468
477	0.6432274177030468
478	0.6432245408944322
479	0.6432245408944322
480	0.6432245408944322
481	0.6432141414273773
482	0.6432141414273773
483	0.6432141414273773
484	0.6432109622070371
485	0.6432109622070371
486	0.6432105200564007
487	0.6432105200564007
488	0.6432105200564007
489	0.6432105199507097
490	0.6432105199507097
491	0.6432105199507097
492	0.6432100904727159
493	0.6432093797389057
494	0.6432093797389057
495	0.6432093797389057
496	0.6432093797389057
497	0.6432093797389057
498	0.6432084652239626
499	0.6432084652239626
500	0.6432084652239626
501	0.6432071984251988
502	0.6432071984251988
503	0.6432067739036109
504	0.6432067739036109
505	0.6432067739036109
506	0.6432067739036109
507	0.6431228517905881
508	0.6431143003718959
509	0.6431143003718959
510	0.6431143003718959
511	0.6431143003718959
512	0.6431143003718959
513	0.6431006167172656
514	0.6431006167172656
515	0.6431006167172656
516	0.6431006167172656
517	0.6430882479995335
518	0.6430875984294541
519	0.6430875984294541
520	0.6430875984294541
521	0.6430868701210803
522	0.6430868701210803
523	0.6430868701210803
524	0.643063161374759
525	0.643063161374759
526	0.643063161374759
527	0.643063161374759
528	0.643063161374759
529	0.6430587578455791
530	0.6430587578455791
531	0.6430587578455791
532	0.6430587578455791
533	0.6430587578455791
534	0.6430587578455791
535	0.6430587577750483
536	0.6430587565203435
537	0.6430587565203435
538	0.6430587565203435
539	0.6430377873395391
540	0.6430377873395391
541	0.6430377873395391
542	0.6429952504109372
543	0.6429952504109372
544	0.642993502302663
545	0.642993502302663
546	0.642993502302663
547	0.642993502302663
548	0.642993502302663
549	0.6429899921644945
550	0.6429899921644945
551	0.6429899921644945
552	0.6429867998582538
553	0.6429734010097469
554	0.6429734010097469
555	0.6429734010097469
556	0.6429734010097469
557	0.6429734010097469
558	0.6429734010097469
559	0.6429734010097469
560	0.6429734010097469
561	0.6429734010097469
562	0.6429734010097469
563	0.6429734010097469
564	0.6429571646062786
565	0.6429571646062786
566	0.6429571646062786
567	0.6429571646062786
568	0.6429571646062786
569	0.6429571646062786
570	0.6429341278651975
571	0.6429341278651975
572	0.6429341278651975
573	0.6429341278651975
574	0.6429341278651975
575	0.6429341278651975
576	0.6429341278651975
577	0.6429341278651975
578	0.6428897111279214
579	0.6428886644536577
580	0.642889009181807
581	0.642889009181807
582	0.642889009181807
583	0.642889009181807
584	0.6428852019335382
585	0.6428852019335382
586	0.6428850791880445
587	0.6428850791880445
588	0.6428850791880445
589	0.6428850791880445
590	0.6428850791880445
591	0.6428850791880445
592	0.6428850791880445
593	0.6428850791880445
594	0.6428850791880445
595	0.6428850791880445
596	0.6428841357626642
597	0.6428841357626642
598	0.6428832382626185
599	0.6428791016977103
600	0.6428791016977103
601	0.6428691758845863
602	0.6428618825659475
603	0.6428618825659475
604	0.6428618825659475
605	0.6428618279890667
606	0.6428600833142035
607	0.6428586420870042
608	0.6428586420870042
609	0.6428586420870042
610	0.6428586420870042
611	0.6428565188147288
612	0.6428390684766636
613	0.6428390684766636
614	0.6428390684766636
615	0.6428278509178112
616	0.6428278509178112
617	0.6428278509178112
618	0.6428278509178112
619	0.6428278509178112
620	0.6428278509178112
621	0.6427823851894566
622	0.6427823851894566
623	0.6427823851894566
624	0.6427815585943971
625	0.6427815585943971
626	0.6427815585943971
627	0.6427814972633041
628	0.64275861406394
629	0.6427581709889905
630	0.6427487778024864
631	0.6427487777053127
632	0.6427470186529475
633	0.6426854176262274
634	0.6426854176262274
635	0.6426777498386425
636	0.6426777498386425
637	0.6426777498386425
638	0.6426777498386425
639	0.6426776727253244
640	0.6426776727253244
641	0.6426776727253244
642	0.6426776727253244
643	0.6426776727253244
644	0.6426776727253244
645	0.6426776727253244
646	0.6426776727253244
647	0.6426448096524815
648	0.6426448096524815
649	0.6426387690477597
650	0.6426379587490889
651	0.6426379587490889
652	0.6426188954032671
653	0.6426188954032671
654	0.642604257345387
655	0.642604257345387
656	0.642596811781082
657	0.642596811781082
658	0.6425960818808838
659	0.6425960818808838
660	0.6425960818808838
661	0.6425960818808838
662	0.6425960818808838
663	0.6425960818808838
664	0.6425960818808838
665	0.6425960818808838
666	0.6425953160245511
667	0.6425953160245511
668	0.6425418145138654
669	0.642527943047052
670	0.642527943047052
671	0.6425275385452076
672	0.6425263820265043
673	0.6425225485123934
674	0.6425225485123934
675	0.6425225485123934
676	0.6425225485123934
677	0.6425225485123934
678	0.6425225485123934
679	0.6425225485123934
680	0.6425222691102123
681	0.6425222691102123
682	0.6425222691102123
683	0.6425222691102123
684	0.6425222691102123
685	0.6425222691102123
686	0.6425222691102123
687	0.6425222691102123
688	0.6425173606300516
689	0.6425173606300516
690	0.6425034126338446
691	0.6425034126338446
692	0.6425034126338446
693	0.6425034126338446
694	0.6425034126338446
695	0.6425034126338446
696	0.6425034126338446
697	0.6425034126338446
698	0.6425034126338446
699	0.6424634359002721
700	0.6424634359002721
701	0.6424634203131774
702	0.6424634203131774
703	0.6424634203131774
704	0.6424634203131774
705	0.6424624098603887
706	0.6424624098603887
707	0.6424624098603887
708	0.6424624098603887
709	0.6424624098603887
710	0.6424624098603887
711	0.6424624098603887
712	0.6424618204381
713	0.6424618204381
714	0.6424617191615198
715	0.6424617191615198
716	0.6424617191615198
717	0.6424617191615198
718	0.6424617191615198
719	0.6424548891548774
720	0.6424548891548774
721	0.6424548891548774
722	0.6424548891548774
723	0.6424548891548774
724	0.6424548891548774
725	0.6424548891548774
726	0.6424548891548774
727	0.6424548891548774
728	0.6424548891548774
729	0.6424548891548774
730	0.6424548891548774
731	0.6424548891548774
732	0.6424548891548774
733	0.6424545727801918
734	0.6424545727801918
735	0.6424545727801918
736	0.6424545727801918
737	0.6424545727801918
738	0.6424545727801918
739	0.6424545727801918
740	0.6424545727801918
741	0.6424545727801918
742	0.6424545727801918
743	0.6424545727801918
744	0.6424545727801918
745	0.6424545727801918
746	0.6424545727801918
747	0.6424412776932024
748	0.6424412776932024
749	0.6424412776932024
750	0.6424412776932024
751	0.6424383340849839
752	0.6424383340849839
753	0.6424383340849839
754	0.6424383340849839
755	0.6424383340849839
756	0.6424383340849839
757	0.6424383340849839
758	0.6424383340849839
759	0.6424378821827436
760	0.6424378821827436
761	0.6424379356851138
762	0.6424379356851138
763	0.6424281697633397
764	0.6424281697633397
765	0.6424281697633397
766	0.6424281697633397
767	0.6424281697633397
768	0.6424281697633397
769	0.6424281697633397
770	0.6424281697633397
771	0.6424281697633397
772	0.6424281697633397
773	0.6424281697633397
774	0.6424281697633397
775	0.6424281697633397
776	0.6424281697633397
777	0.6424281697633397
778	0.6424273444819582
779	0.6424273444819582
780	0.6424115620529345
781	0.6424115620529345
782	0.6424115620529345
783	0.6424115620529345
784	0.6424115620529345
785	0.6424097029535585
786	0.6423922606351832
787	0.6423834618924542
788	0.6423834618924542
789	0.6423834618924542
790	0.6423834618924542
791	0.6423834618924542
792	0.6423834618924542
793	0.6423834618924542
794	0.6423834618924542
795	0.6423813885322892
796	0.6423813885322892
797	0.642378694745476
798	0.642378694745476
799	0.642378694745476
800	0.642378694745476
801	0.642378694745476
802	0.6423662593995845
803	0.642361732293766
804	0.642361732293766
805	0.6423307453874346
806	0.6423306298815789
807	0.6423306298815789
808	0.6423306298815789
809	0.6423304244483036
810	0.6423304244483036
811	0.6423303915368974
812	0.6423303915368974
813	0.6423303915368974
814	0.6423303915368974
815	0.6423303915368974
816	0.6423303915368974
817	0.6423303915368974
818	0.6423267784335635
819	0.6423267784335635
820	0.6423267784335635
821	0.6423267784335635
822	0.6423267784335635
823	0.6423267784335635
824	0.6423267784335635
825	0.6423267784335635
826	0.6423207247187736
827	0.6423207247187736
828	0.6423207247187736
829	0.6423207247187736
830	0.6423207247187736
831	0.6422902943483073
832	0.6422833025219717
833	0.6422831446328905
834	0.6422831446328905
835	0.6422831446328905
836	0.6422728571757281
837	0.6422728571757281
838	0.6422728571757281
839	0.6422728571757281
840	0.6422728571757281
841	0.6422728571757281
842	0.6422705716468121
843	0.6422705716468121
844	0.6422705716468121
845	0.6422705716468121
846	0.6422705716468121
847	0.6422705716468121
848	0.6422705716468121
849	0.6422705716468121
850	0.6422705716468121
851	0.6422705716468121
852	0.642270507106531
853	0.6422456920861747
854	0.6422456920861747
855	0.6422456920861747
856	0.6422456920861747
857	0.6422456920861747
858	0.6422456920861747
859	0.6422456920861747
860	0.6422456920861747
861	0.6421590323893702
862	0.6421590323893702
863	0.6421590323893702
864	0.6421590323893702
865	0.6421590323893702
866	0.6421590323893702
867	0.6421590323893702
868	0.6421590323893702
869	0.6421590323893702
870	0.6421590323893702
871	0.6421264290436264
872	0.6421264290436264
873	0.6421264290436264
874	0.6421264290436264
875	0.6420894151862248
876	0.6420894151862248
877	0.6420894151862248
878	0.6420894151862248
879	0.6420894151862248
880	0.6420894151862248
881	0.6420888248957399
882	0.6420888248957399
883	0.6420888248957399
884	0.6420888248957399
885	0.6420360587760552
886	0.6420360587760552
887	0.6420360587760552
888	0.6420360587760552
889	0.6420360587760552
890	0.6420360587760552
891	0.6420360587760552
892	0.642033160149566
893	0.642033160149566
894	0.642033160149566
895	0.6420301221070568
896	0.6420301221070568
897	0.6420301221070568
898	0.6420301221070568
899	0.6420301221070568
900	0.6420301221070568
901	0.6420301221070568
902	0.6420167583293217
903	0.6420167583293217
904	0.6420167583293217
905	0.6420167583293217
906	0.6420167583293217
907	0.6420167583293217
908	0.6420167583293217
909	0.6420152883885626
910	0.6420152883885626
911	0.642007017168198
912	0.642007017168198
913	0.642007017168198
914	0.642007017168198
915	0.642007017168198
916	0.642007017168198
917	0.642007017168198
918	0.642007017168198
919	0.642007017168198
920	0.642007017168198
921	0.642007017168198
922	0.642007017168198
923	0.642007017168198
924	0.6420062110637701
925	0.6420062110637701
926	0.6420062110637701
927	0.6420062110637701
928	0.6420002998127076
929	0.6420002998127076
930	0.6420002998127076
931	0.6420002998127076
932	0.6420002998127076
933	0.6420002998127076
934	0.6419996744556573
935	0.6419996744556573
936	0.6419996744556573
937	0.6419996744556573
938	0.6419996744556573
939	0.6419996744556573
940	0.6419996744556573
941	0.6419996744556573
942	0.6419996744556573
943	0.6419989142821555
944	0.6419923076065729
945	0.6419923076065729
946	0.6419923076065729
947	0.6419923076065729
948	0.6419923076065729
949	0.6419923076065729
950	0.6419923076065729
951	0.6419923076065729
952	0.6419922319563188
953	0.6419922319563188
954	0.6419922319563188
955	0.6419922319563188
956	0.6419922319563188
957	0.6419922319563188
958	0.6419922319563188
959	0.6419922319563188
960	0.6419921029696304
961	0.6419921029696304
962	0.6419909564242983
963	0.6419909564242983
964	0.6419909564242983
965	0.6419909564242983
966	0.6419876783363144
967	0.6419876783363144
968	0.6419876783363144
969	0.6419876783363144
970	0.6419876783363144
971	0.6419876783363144
972	0.6419876783363144
973	0.6419876783363144
974	0.6419876783363144
975	0.6419876783363144
976	0.6419524409154815
977	0.6419524409154815
978	0.6419524409154815
979	0.6419524409154815
980	0.6419524409154815
981	0.6419524409154815
982	0.6419524409154815
983	0.6419524409154815
984	0.6419524409154815
985	0.6419524409154815
986	0.6419524409154815
987	0.6419524409154815
988	0.6419524409154815
989	0.6419524409154815
990	0.6419524409154815
991	0.6419524409154815
992	0.6419522571547192
993	0.641952229241347
994	0.6419522571547192
995	0.6419516177333953
996	0.6419516177333953
997	0.6419516177333953
998	0.6419516177333953
999	0.6419516177333953
1000	0.6419516177333953