-19918.0 -20376.0 
-19845.0 -20780.0 
-19769.0 -20616.0 
-19783.0 -20386.0 
-19780.0 -20401.0 
-19664.0 -20446.0 
-19435.0 -20599.0 
-19644.0 -20579.0 
-19730.0 -20310.0 
-19770.0 -20151.0 
-19480.0 -20539.0 
-19600.0 -20482.0 
-19453.0 -20551.0 
-19606.0 -20450.0 
-19453.0 -20551.0 
-19614.0 -20444.0 
-19643.0 -20317.0 
-19398.0 -20570.0 
-19534.0 -20520.0 
-19643.0 -20317.0 
-19665.0 -20207.0 
-19730.0 -20155.0 
-19563.0 -20343.0 
-19529.0 -20516.0 
-19529.0 -20516.0 
-19529.0 -20516.0 
-19453.0 -20520.0 
-19573.0 -20300.0 
-19618.0 -20245.0 
-19623.0 -20139.0 
-19725.0 -20102.0 
-19475.0 -20456.0 
-19400.0 -20507.0 
-19416.0 -20498.0 
-19519.0 -20293.0 
-19526.0 -20250.0 
-19571.0 -20233.0 
-19415.0 -20477.0 
-19407.0 -20482.0 
-19469.0 -20271.0 
-19469.0 -20271.0 
-19477.0 -20242.0 
-19533.0 -20185.0 
-19412.0 -20293.0 
-19411.0 -20345.0 
-19392.0 -20351.0 
-19387.0 -20447.0 
-19526.0 -20176.0 
-19510.0 -20183.0 
-19530.0 -20072.0 
-19407.0 -20296.0 
-19388.0 -20336.0 
-19295.0 -20416.0 
-19455.0 -20174.0 
-19518.0 -20013.0 
-19474.0 -20051.0 
-19389.0 -20262.0 
-19287.0 -20385.0 
-19413.0 -20171.0 
-19413.0 -20171.0 
-19445.0 -19785.0 
-19372.0 -20185.0 
-19316.0 -20230.0 
-19277.0 -20293.0 
-19413.0 -20104.0 
-19394.0 -20130.0 
-19394.0 -20130.0 
-19394.0 -20130.0 
-19439.0 -19383.0 
-19366.0 -20172.0 
-19366.0 -20172.0 
-19316.0 -20198.0 
-19222.0 -20286.0 
-19235.0 -20231.0 
-19394.0 -19879.0 
-19347.0 -20140.0 
-19347.0 -20140.0 
-19354.0 -19970.0 
-19252.0 -20187.0 
-19290.0 -20169.0 
-19033.0 -20283.0 
-19204.0 -20217.0 
-19334.0 -20124.0 
-19316.0 -20132.0 
-19347.0 -20006.0 
-19228.0 -20155.0 
-19228.0 -20155.0 
-19228.0 -20155.0 
-19196.0 -20187.0 
-19334.0 -20038.0 
-19312.0 -20129.0 
-19194.0 -20166.0 
-19325.0 -19905.0 
-19321.0 -19973.0 
-19320.0 -19997.0 
-19281.0 -20116.0 
-19291.0 -20043.0 
-19309.0 -20032.0 
-19281.0 -20116.0 
-19041.0 -20139.0 
