-19669.0 -19998.0 
-19567.0 -20691.0 
-19584.0 -20287.0 
-19409.0 -20344.0 
-19552.0 -20234.0 
-19284.0 -20300.0 
-19494.0 -19847.0 
-19461.0 -20228.0 
-19513.0 -19805.0 
-19452.0 -20165.0 
-19443.0 -20175.0 
-19452.0 -20165.0 
-19443.0 -20175.0 
-19443.0 -20175.0 
-19471.0 -19657.0 
-19417.0 -20163.0 
-19430.0 -20161.0 
-19440.0 -19376.0 
-19428.0 -20156.0 
-19434.0 -18975.0 
-19404.0 -20144.0 
-19413.0 -19966.0 
-19392.0 -20064.0 
-19399.0 -19997.0 
-19308.0 -20114.0 
-19392.0 -20064.0 
-19403.0 -19789.0 
-19371.0 -20031.0 
-19381.0 -19999.0 
-19315.0 -20032.0 
-19391.0 -19795.0 
-19391.0 -19795.0 
-19391.0 -19795.0 
-19233.0 -20041.0 
-19325.0 -20006.0 
-19357.0 -19918.0 
-19356.0 -19926.0 
-19342.0 -19930.0 
-19389.0 -19759.0 
-19373.0 -19777.0 
-19043.0 -20024.0 
-19311.0 -19939.0 
-19296.0 -19947.0 
-19263.0 -19976.0 
-19346.0 -19829.0 
-19317.0 -19904.0 
-19324.0 -19866.0 
-19384.0 -19508.0 
-19372.0 -19642.0 
-19294.0 -19919.0 
-19257.0 -19948.0 
-19332.0 -19769.0 
-19336.0 -19737.0 
-19369.0 -19642.0 
-19279.0 -19896.0 
-19240.0 -19946.0 
-19282.0 -19767.0 
-19319.0 -19466.0 
-19299.0 -19596.0 
-19357.0 -18873.0 
-19246.0 -19832.0 
-19270.0 -19812.0 
-19206.0 -19925.0 
-19207.0 -19917.0 
-19224.0 -19906.0 
-19224.0 -19906.0 
-19318.0 -19257.0 
-19300.0 -19396.0 
-19275.0 -19562.0 
-19331.0 -18840.0 
-19350.0 -18805.0 
-19357.0 -18652.0 
-19239.0 -19814.0 
-19266.0 -19800.0 
-19266.0 -19800.0 
-19190.0 -19882.0 
-19309.0 -19111.0 
-19276.0 -19206.0 
-19327.0 -18697.0 
-19318.0 -18751.0 
-19318.0 -18751.0 
-19254.0 -19746.0 
-19246.0 -19790.0 
-19266.0 -19446.0 
-19086.0 -19818.0 
-18998.0 -19865.0 
-18917.0 -19877.0 
-19297.0 -18957.0 
-19324.0 -18510.0 
-19319.0 -18534.0 
-19313.0 -18715.0 
-19316.0 -18651.0 
-19181.0 -19789.0 
-19238.0 -19773.0 
-19244.0 -19233.0 
-18995.0 -19845.0 
-19271.0 -18936.0 
-19279.0 -18889.0 
-19292.0 -18717.0 
-19308.0 -18536.0 
