-19606.0 -20332.0 
-19712.0 -20164.0 
-19712.0 -20164.0 
-19637.0 -20281.0 
-19669.0 -20245.0 
-19554.0 -20270.0 
-19592.0 -20251.0 
-19554.0 -20270.0 
-19643.0 -20217.0 
-19568.0 -20250.0 
-19635.0 -20127.0 
-19610.0 -20184.0 
-19359.0 -20225.0 
-19359.0 -20225.0 
-19619.0 -19798.0 
-19575.0 -20155.0 
-19575.0 -20155.0 
-19585.0 -20090.0 
-19547.0 -20163.0 
-19247.0 -20176.0 
-19611.0 -19767.0 
-19553.0 -20061.0 
-19432.0 -20107.0 
-19519.0 -20081.0 
-19535.0 -20066.0 
-19196.0 -20155.0 
-19588.0 -19623.0 
-19588.0 -19623.0 
-19393.0 -20094.0 
-19525.0 -19783.0 
-19488.0 -20050.0 
-19526.0 -19393.0 
-19507.0 -19524.0 
-19474.0 -19774.0 
-19297.0 -20029.0 
-19405.0 -19940.0 
-18939.0 -20034.0 
-19454.0 -19906.0 
-19354.0 -19980.0 
-19399.0 -19904.0 
-19442.0 -19823.0 
-19443.0 -19467.0 
-19290.0 -19930.0 
-19360.0 -19826.0 
-19426.0 -19544.0 
-19416.0 -19710.0 
-19378.0 -19727.0 
-19130.0 -19916.0 
-18999.0 -19930.0 
-19211.0 -19865.0 
-19136.0 -19899.0 
-19136.0 -19899.0 
-19136.0 -19899.0 
-19290.0 -19864.0 
-19424.0 -19436.0 
-19411.0 -19544.0 
-19372.0 -19645.0 
-19293.0 -19677.0 
-18907.0 -19911.0 
-18883.0 -19925.0 
-19020.0 -19893.0 
-19092.0 -19877.0 
-19272.0 -19841.0 
-19285.0 -19801.0 
-19416.0 -19359.0 
-19326.0 -19578.0 
-19355.0 -19455.0 
-18930.0 -19887.0 
-19073.0 -19860.0 
-19228.0 -19828.0 
-19274.0 -19681.0 
-19325.0 -19510.0 
-19295.0 -19535.0 
-19344.0 -19039.0 
-18882.0 -19876.0 
-19224.0 -19703.0 
-19219.0 -19827.0 
-19224.0 -19703.0 
-19267.0 -19657.0 
-19316.0 -19262.0 
-19268.0 -19507.0 
-19317.0 -18965.0 
-18871.0 -19869.0 
-19219.0 -19741.0 
-19180.0 -19749.0 
-19112.0 -19783.0 
-19087.0 -19806.0 
-19254.0 -19617.0 
-19222.0 -19622.0 
-19298.0 -19212.0 
-19300.0 -18989.0 
-18806.0 -19845.0 
-18806.0 -19845.0 
-18664.0 -19854.0 
-18851.0 -19835.0 
-19178.0 -19723.0 
-19111.0 -19779.0 
-19255.0 -19077.0 
-19159.0 -19464.0 
-18959.0 -19771.0 
