0.0	1.0340411013335522
0.9990690771032548	0.01738803916409507
0.24383703867324535	0.5319463127663934
0.20012878342482007	0.579021546169416
0.2677105107820152	0.5098277211657255
3.1732202558864067E-4	1.0163904109923252
0.004377332253203789	0.9652627925521048
0.5645174100218222	0.26976507478495276
0.8952566726001485	0.07173562074039361
0.5917989894970892	0.2508538111538824
0.17802831534550803	0.6051955025666538
0.8279547423825505	0.1083443883349866
0.6425917531862186	0.21911143606231562
0.9340029250320807	0.051394933901362676
0.3821125234563319	0.4042548187727558
0.620791228839482	0.23251069837157246
0.4829485327814678	0.32672764941489
0.10170660187629979	0.7102671078356926
0.7357703415447427	0.16115462227720206
0.08439354030225654	0.7385028150439376
0.8479845476513254	0.09803101675602587
0.2966260004617056	0.47960116084168386
0.35363651294799753	0.4298204888363616
0.8681972188441178	0.08601853064477653
0.7816739207099683	0.13466055991447343
0.3398019927492613	0.4418603091090638
0.6879785586904492	0.1908133992032827
0.06102598696653311	0.7829694911751863
0.8088541563672367	0.11991724639350614
0.07191326052119695	0.7607802273378343
0.09218482348119517	0.7250206730960468
0.16388488553950026	0.6224052114297078
0.9491251619869714	0.043147363747891375
0.398712125990494	0.39172404984892334
0.7031268353915432	0.1814187560485994
0.5312586457333731	0.2926561926175051
0.052818749265429066	0.8008851690383336
0.5204318618949391	0.2999740943652837
0.31043894059651717	0.46652951161263917
0.14766829651480137	0.6430677763952822
0.13365259841953064	0.6624321304549293
0.7984944576931277	0.12506394586851788
0.7677693716821534	0.142306905678542
0.040969262418600605	0.8263738066628832
0.46863481849300104	0.3378541320850023
0.11441581912470972	0.6906423671619121
0.5013606590835475	0.3136781960894801
0.13010112566026222	0.6676841791788507
0.11766244823769617	0.685368860577654
0.32798526059679567	0.4520597028697972
0.4593246949455288	0.34470800391520356
0.04750845519604671	0.8123695790517454
0.9791392848659255	0.02797606351636126
0.016819802553466212	0.9025639036517039
0.5461299323068706	0.2821158781732146
0.15133814865646475	0.6378208445158641
0.027001525855553682	0.8662888226273685
0.44683040699924814	0.3540187735674167
0.9110151522939325	0.06378743903302195
0.2142116221631958	0.5632781200818924
0.4144476189722093	0.3789802455858185
0.01093684734201969	0.9268619429220832
0.4392868170444968	0.3609391054047301
0.068283143746904	0.7683763836583609
0.5062695407125168	0.3101105717532351
0.03578020387653083	0.8425922923104427
0.03267660720026923	0.8507468383375738
0.007675981922007691	0.9442414516047353
0.8632128205759719	0.08867568866994502
0.9633997248143489	0.036194530297605186
0.3186749643217803	0.4592079696524757
0.28144551750668534	0.49423341569349594
0.17182681720072518	0.6129069513438907
0.021075404224208227	0.887051425982452
0.553041641530454	0.27763209613109396
0.9941915341182761	0.019044838194574514
0.7501925204462254	0.1529691869227916
0.6078787116852978	0.24142494924723448
0.013198159693673467	0.9164401003349995
0.28265166128297425	0.493048551380628
0.7147334075431674	0.17375821987556606
0.36716505823794104	0.41751361660451475
0.40738109768581005	0.38515337153299395
0.7551601796536414	0.15004759487210362
0.2269053680903676	0.550008260258978
0.2269053680903676	0.550008260258978
0.023488713284497142	0.8782636089136878
0.21691791080938497	0.5601703434536055
0.3670416782191034	0.41770117175672766
0.6742816010693979	0.2016428420979997
0.6028924089456433	0.2449954964773521
0.6575929270734217	0.20949637190661471
0.6573860897178876	0.20965663228866432
0.6754818247442359	0.20162667025828385
0.4261000722395962	0.3705290837407563
0.7147334075431674	0.17375821987556606
0.005983224143600363	0.9544074931784432
0.9704392548419571	0.03229721445059419
0.9106983201527824	0.06408393126135455
0.4280629703018029	0.36829956894216664
