-18163.0 -18775.0 
-18292.0 -18772.0 
-18400.0 -18734.0 
-18554.0 -18643.0 
-18600.0 -18638.0 
-18437.0 -18709.0 
-18496.0 -18682.0 
-18485.0 -18694.0 
-18485.0 -18694.0 
-18496.0 -18682.0 
-18485.0 -18694.0 
-18485.0 -18694.0 
-18709.0 -18442.0 
-18485.0 -18694.0 
-18646.0 -18558.0 
-18534.0 -18648.0 
-18485.0 -18694.0 
-18485.0 -18694.0 
-18485.0 -18694.0 
-18669.0 -18487.0 
-18658.0 -18527.0 
-18669.0 -18487.0 
-18669.0 -18487.0 
-18331.0 -18725.0 
-18589.0 -18623.0 
-18680.0 -18392.0 
-18675.0 -18438.0 
-18646.0 -18554.0 
-18510.0 -18638.0 
-18517.0 -18637.0 
-18463.0 -18684.0 
-18647.0 -18517.0 
-18647.0 -18517.0 
-18647.0 -18517.0 
-18647.0 -18517.0 
-18647.0 -18517.0 
-18647.0 -18517.0 
-18647.0 -18517.0 
-18647.0 -18517.0 
-18647.0 -18517.0 
-18647.0 -18517.0 
-18647.0 -18517.0 
-18647.0 -18517.0 
-18647.0 -18517.0 
-18647.0 -18517.0 
-18647.0 -18517.0 
-18647.0 -18517.0 
-18647.0 -18517.0 
-18647.0 -18517.0 
-18647.0 -18517.0 
-18647.0 -18517.0 
-18647.0 -18517.0 
-18647.0 -18517.0 
-18647.0 -18517.0 
-18647.0 -18517.0 
-18647.0 -18517.0 
-18647.0 -18517.0 
-18647.0 -18517.0 
-18647.0 -18517.0 
-18647.0 -18517.0 
-18647.0 -18517.0 
-18647.0 -18517.0 
-18647.0 -18517.0 
-18647.0 -18517.0 
-18647.0 -18517.0 
-18647.0 -18517.0 
-18647.0 -18517.0 
-18647.0 -18517.0 
-18647.0 -18517.0 
-18647.0 -18517.0 
-18647.0 -18517.0 
-18647.0 -18517.0 
-18647.0 -18517.0 
-18647.0 -18517.0 
-18647.0 -18517.0 
-18647.0 -18517.0 
-18647.0 -18517.0 
-18647.0 -18517.0 
-18647.0 -18517.0 
-18647.0 -18517.0 
-18647.0 -18517.0 
-18647.0 -18517.0 
-18647.0 -18517.0 
-18647.0 -18517.0 
-18647.0 -18517.0 
-18647.0 -18517.0 
-18647.0 -18517.0 
-18647.0 -18517.0 
-18647.0 -18517.0 
-18647.0 -18517.0 
-18647.0 -18517.0 
-18647.0 -18517.0 
-18647.0 -18517.0 
-18647.0 -18517.0 
-18647.0 -18517.0 
-18647.0 -18517.0 
-18647.0 -18517.0 
-18647.0 -18517.0 
-18647.0 -18517.0 
-18661.0 -18450.0 
