-17860.0 -18876.0 
-18623.0 -18495.0 
-18262.0 -18801.0 
-17982.0 -18844.0 
-17982.0 -18844.0 
-18311.0 -18794.0 
-18335.0 -18793.0 
-18538.0 -18503.0 
-18335.0 -18793.0 
-18538.0 -18503.0 
-18247.0 -18841.0 
-18529.0 -18623.0 
-18494.0 -18767.0 
-18494.0 -18767.0 
-18601.0 -18433.0 
-18585.0 -18490.0 
-18585.0 -18490.0 
-18585.0 -18490.0 
-18585.0 -18490.0 
-18585.0 -18490.0 
-18585.0 -18490.0 
-18332.0 -18768.0 
-18281.0 -18771.0 
-18281.0 -18771.0 
-18536.0 -18502.0 
-18146.0 -18824.0 
-18137.0 -18836.0 
-18146.0 -18824.0 
-18146.0 -18824.0 
-18146.0 -18824.0 
-18146.0 -18824.0 
-18153.0 -18804.0 
-18146.0 -18824.0 
-18155.0 -18799.0 
-18228.0 -18798.0 
-18241.0 -18775.0 
-18241.0 -18775.0 
-18153.0 -18804.0 
-18512.0 -18544.0 
-18512.0 -18544.0 
-18512.0 -18544.0 
-18496.0 -18569.0 
-18515.0 -18522.0 
-18403.0 -18765.0 
-18403.0 -18765.0 
-18445.0 -18667.0 
-18435.0 -18719.0 
-18493.0 -18588.0 
-18481.0 -18611.0 
-18552.0 -18431.0 
-18566.0 -18430.0 
-18566.0 -18430.0 
-18543.0 -18454.0 
-18519.0 -18492.0 
-18520.0 -18460.0 
-18098.0 -18833.0 
-18143.0 -18811.0 
-18143.0 -18811.0 
-18143.0 -18811.0 
-18143.0 -18811.0 
-18143.0 -18811.0 
-18143.0 -18811.0 
-18143.0 -18811.0 
-18143.0 -18811.0 
-18135.0 -18820.0 
-18211.0 -18791.0 
-18510.0 -18524.0 
-18375.0 -18746.0 
-18279.0 -18762.0 
-18279.0 -18762.0 
-18445.0 -18617.0 
-18426.0 -18705.0 
-18426.0 -18705.0 
-18426.0 -18705.0 
-18426.0 -18705.0 
-18426.0 -18705.0 
-18426.0 -18705.0 
-18426.0 -18705.0 
-18433.0 -18682.0 
-18426.0 -18705.0 
-18426.0 -18705.0 
-18426.0 -18705.0 
-18426.0 -18705.0 
-18488.0 -18537.0 
-18463.0 -18593.0 
-18473.0 -18573.0 
-18473.0 -18573.0 
-18472.0 -18576.0 
-18478.0 -18540.0 
-18478.0 -18540.0 
-18478.0 -18540.0 
-18478.0 -18540.0 
-18478.0 -18540.0 
-18502.0 -18502.0 
-18369.0 -18737.0 
-18415.0 -18660.0 
-18371.0 -18688.0 
-18397.0 -18680.0 
-18415.0 -18660.0 
-18456.0 -18578.0 
