1.000000000000000000e+00 1.604179850500861357e+05
2.000000000000000000e+00 1.359515375647851615e+05
3.000000000000000000e+00 1.132863296924136666e+05
4.000000000000000000e+00 9.112785653194114275e+04
5.000000000000000000e+00 7.091528155207405507e+04
6.000000000000000000e+00 6.251929610278187465e+04
7.000000000000000000e+00 5.383517435226566886e+04
8.000000000000000000e+00 4.260862877525525982e+04
9.000000000000000000e+00 3.423006034939111851e+04
1.000000000000000000e+01 2.804279366672909237e+04
1.100000000000000000e+01 2.434871627738977622e+04
1.200000000000000000e+01 1.926161693308965187e+04
1.300000000000000000e+01 1.652480248144551661e+04
1.400000000000000000e+01 1.470170869457220033e+04
1.500000000000000000e+01 1.238118919874193125e+04
1.600000000000000000e+01 1.102712743333536491e+04
1.700000000000000000e+01 9.391480671656399863e+03
1.800000000000000000e+01 7.767466070075286552e+03
1.900000000000000000e+01 6.671731662632051666e+03
2.000000000000000000e+01 5.923311761928663145e+03
2.100000000000000000e+01 5.297250558401300623e+03
2.200000000000000000e+01 4.543594680785357923e+03
2.300000000000000000e+01 4.007566013534893045e+03
2.400000000000000000e+01 3.489030537083277522e+03
2.500000000000000000e+01 3.162730222332103040e+03
2.600000000000000000e+01 2.899893750494067717e+03
2.700000000000000000e+01 2.496441280510578054e+03
2.800000000000000000e+01 2.247796395274151564e+03
2.900000000000000000e+01 1.980077906600634606e+03
3.000000000000000000e+01 1.758474098712664727e+03
3.100000000000000000e+01 1.436459039007624824e+03
3.200000000000000000e+01 1.327619909604536133e+03
3.300000000000000000e+01 1.141738417647953838e+03
3.400000000000000000e+01 1.002280298116538006e+03
3.500000000000000000e+01 8.648951893828001403e+02
3.600000000000000000e+01 8.098342554973177130e+02
3.700000000000000000e+01 7.198829841734103638e+02
3.800000000000000000e+01 6.393964754045889549e+02
3.900000000000000000e+01 5.852111667470474003e+02
4.000000000000000000e+01 5.158166440247589435e+02
4.100000000000000000e+01 4.748672584998452066e+02
4.200000000000000000e+01 4.381947901717303466e+02
4.300000000000000000e+01 3.949326512787454249e+02
4.400000000000000000e+01 3.469741715091067249e+02
4.500000000000000000e+01 3.025526154653537105e+02
4.600000000000000000e+01 2.684102076672803605e+02
4.700000000000000000e+01 2.435350386088876462e+02
4.800000000000000000e+01 2.217228559479580952e+02
4.900000000000000000e+01 2.069060236894675029e+02
5.000000000000000000e+01 1.917832186274937101e+02
5.100000000000000000e+01 1.748026288205952881e+02
5.200000000000000000e+01 1.574177662004378249e+02
5.300000000000000000e+01 1.449994020926019118e+02
5.400000000000000000e+01 1.358000875286382438e+02
5.500000000000000000e+01 1.132632181671259275e+02
5.600000000000000000e+01 1.089116320562536231e+02
5.700000000000000000e+01 1.038790102417354859e+02
5.800000000000000000e+01 9.238969770278261251e+01
5.900000000000000000e+01 8.592230457059947923e+01
6.000000000000000000e+01 7.759677669662121957e+01
6.100000000000000000e+01 6.752193669886393934e+01
6.200000000000000000e+01 6.381334877376094994e+01
6.300000000000000000e+01 5.891276401799446916e+01
6.400000000000000000e+01 5.333417914577421470e+01
6.500000000000000000e+01 5.050718547689692883e+01
6.600000000000000000e+01 4.760315805155522639e+01
6.700000000000000000e+01 4.610742677838435810e+01
6.800000000000000000e+01 4.159237173849862046e+01
6.900000000000000000e+01 3.784475032537876160e+01
7.000000000000000000e+01 3.443121165091406510e+01
7.100000000000000000e+01 3.157850875777386790e+01
7.200000000000000000e+01 2.941189247432854259e+01
7.300000000000000000e+01 2.816618291521049144e+01
7.400000000000000000e+01 2.557397450038988396e+01
7.500000000000000000e+01 2.271178813727129508e+01
7.600000000000000000e+01 2.031656745342889892e+01
7.700000000000000000e+01 1.961580325554522375e+01
7.800000000000000000e+01 1.810918742684908622e+01
7.900000000000000000e+01 1.719251810905272393e+01
8.000000000000000000e+01 1.637187837320072958e+01
8.100000000000000000e+01 1.545758208099142372e+01
8.200000000000000000e+01 1.411495728817083872e+01
8.300000000000000000e+01 1.305450022016512257e+01
8.400000000000000000e+01 1.262885728650530837e+01
8.500000000000000000e+01 1.191874380174506420e+01
8.600000000000000000e+01 1.140551259540568196e+01
8.700000000000000000e+01 1.103023672039604719e+01
8.800000000000000000e+01 1.053466164481103284e+01
8.900000000000000000e+01 1.019429217430968038e+01
9.000000000000000000e+01 9.831022332764295157e+00
9.100000000000000000e+01 9.331944080558905341e+00
9.200000000000000000e+01 8.862819540351997816e+00
9.300000000000000000e+01 8.423993474403877357e+00
9.400000000000000000e+01 7.819876236613391818e+00
9.500000000000000000e+01 7.645205034105454267e+00
9.600000000000000000e+01 7.367879895919888789e+00
9.700000000000000000e+01 6.972620348845148364e+00
9.800000000000000000e+01 6.753745337944852878e+00
9.900000000000000000e+01 6.415241923692210690e+00
1.000000000000000000e+02 6.152304504759411152e+00
1.010000000000000000e+02 6.025327236329973246e+00
1.020000000000000000e+02 5.640608130805174092e+00
1.030000000000000000e+02 5.281543560447754082e+00
1.040000000000000000e+02 5.063237031024148571e+00
1.050000000000000000e+02 4.816374536532038952e+00
1.060000000000000000e+02 4.638470216523800538e+00
1.070000000000000000e+02 4.536593061731848842e+00
1.080000000000000000e+02 4.358822678425786634e+00
1.090000000000000000e+02 4.180737341075803748e+00
1.100000000000000000e+02 3.964758174436773697e+00
1.110000000000000000e+02 3.755334901916880241e+00
1.120000000000000000e+02 3.667807420339562974e+00
1.130000000000000000e+02 3.549656636556530742e+00
1.140000000000000000e+02 3.474570317302515754e+00
1.150000000000000000e+02 3.414510197861633234e+00
1.160000000000000000e+02 3.345667346021979682e+00
1.170000000000000000e+02 3.285041030738667267e+00
1.180000000000000000e+02 3.181468520962726032e+00
1.190000000000000000e+02 3.098907929161538011e+00
1.200000000000000000e+02 3.033148591952099959e+00
1.210000000000000000e+02 2.943345316168510362e+00
1.220000000000000000e+02 2.911352659424738754e+00
1.230000000000000000e+02 2.767291907580895938e+00
1.240000000000000000e+02 2.651381633016927086e+00
1.250000000000000000e+02 2.605434370959714308e+00
1.260000000000000000e+02 2.546114644189148901e+00
1.270000000000000000e+02 2.485767937998385690e+00
1.280000000000000000e+02 2.418486711159491875e+00
1.290000000000000000e+02 2.376786894691794494e+00
1.300000000000000000e+02 2.328046988012910212e+00
1.310000000000000000e+02 2.260044719625582399e+00
1.320000000000000000e+02 2.230745197630812360e+00
1.330000000000000000e+02 2.144685612955127496e+00
1.340000000000000000e+02 2.106425678941941992e+00
1.350000000000000000e+02 2.083350410975028488e+00
1.360000000000000000e+02 2.030435132780158636e+00
1.370000000000000000e+02 2.008987485214448920e+00
1.380000000000000000e+02 1.967894389286169554e+00
1.390000000000000000e+02 1.928276379259684647e+00
1.400000000000000000e+02 1.886322774727476004e+00
1.410000000000000000e+02 1.863187122769916604e+00
1.420000000000000000e+02 1.826894298291097618e+00
1.430000000000000000e+02 1.794810173239864470e+00
1.440000000000000000e+02 1.777755662764425981e+00
1.450000000000000000e+02 1.733273710576400228e+00
1.460000000000000000e+02 1.713375713442192527e+00
1.470000000000000000e+02 1.680633215358852350e+00
1.480000000000000000e+02 1.664793300745122773e+00
1.490000000000000000e+02 1.641657617886666864e+00
1.500000000000000000e+02 1.627298434822957995e+00
1.510000000000000000e+02 1.608539723561849044e+00
1.520000000000000000e+02 1.589300310315832521e+00
1.530000000000000000e+02 1.573723585475913955e+00
1.540000000000000000e+02 1.556461612463428290e+00
1.550000000000000000e+02 1.533835776489463232e+00
1.560000000000000000e+02 1.515012934235106856e+00
1.570000000000000000e+02 1.488229416703050312e+00
1.580000000000000000e+02 1.471254021294672087e+00
1.590000000000000000e+02 1.449900774714344198e+00
1.600000000000000000e+02 1.435522795568589194e+00
1.610000000000000000e+02 1.408103810371162279e+00
1.620000000000000000e+02 1.382896733472737116e+00
1.630000000000000000e+02 1.349084465564990953e+00
1.640000000000000000e+02 1.333770494525168937e+00
1.650000000000000000e+02 1.323197768727416790e+00
1.660000000000000000e+02 1.306950489593414311e+00
1.670000000000000000e+02 1.303006462032854085e+00
1.680000000000000000e+02 1.284591732188300472e+00
1.690000000000000000e+02 1.276449506554511171e+00
1.700000000000000000e+02 1.273393400052612368e+00
1.710000000000000000e+02 1.264103198720258669e+00
1.720000000000000000e+02 1.232398098622001337e+00
1.730000000000000000e+02 1.199047905854685458e+00
1.740000000000000000e+02 1.185683011111783314e+00
1.750000000000000000e+02 1.176071526054080829e+00
1.760000000000000000e+02 1.166848804036197285e+00
1.770000000000000000e+02 1.158014786101367655e+00
1.780000000000000000e+02 1.152052153363992026e+00
1.790000000000000000e+02 1.142392652774255835e+00
1.800000000000000000e+02 1.125151304738348568e+00
1.810000000000000000e+02 1.117269320290363632e+00
1.820000000000000000e+02 1.106597821243930913e+00
1.830000000000000000e+02 1.101837935142871983e+00
1.840000000000000000e+02 1.094896695744284720e+00
1.850000000000000000e+02 1.081628280450941171e+00
1.860000000000000000e+02 1.072304205757792506e+00
1.870000000000000000e+02 1.054477947821431894e+00
1.880000000000000000e+02 1.051753763364874805e+00
1.890000000000000000e+02 1.047360096071994429e+00
1.900000000000000000e+02 1.041916584700506521e+00
1.910000000000000000e+02 1.032719272283453948e+00
1.920000000000000000e+02 1.016973227596335461e+00
1.930000000000000000e+02 1.009565437220268480e+00
1.940000000000000000e+02 1.003785066353168665e+00
1.950000000000000000e+02 9.990065189124001099e-01
1.960000000000000000e+02 9.960235596936756197e-01
1.970000000000000000e+02 9.796769475669849792e-01
1.980000000000000000e+02 9.731432222814940802e-01
1.990000000000000000e+02 9.668295311918708723e-01
2.000000000000000000e+02 9.599969505100488520e-01
2.010000000000000000e+02 9.549621394105990424e-01
2.020000000000000000e+02 9.451775297839558609e-01
2.030000000000000000e+02 9.397446672291269731e-01
2.040000000000000000e+02 9.292840373503863383e-01
2.050000000000000000e+02 9.229394464260592956e-01
2.060000000000000000e+02 9.181127593389697417e-01
2.070000000000000000e+02 9.139267474466401531e-01
2.080000000000000000e+02 9.093509710883475039e-01
2.090000000000000000e+02 8.926065240313948435e-01
2.100000000000000000e+02 8.885142519845155018e-01
2.110000000000000000e+02 8.770178622652794465e-01
2.120000000000000000e+02 8.716323295372481184e-01
2.130000000000000000e+02 8.632743254236434627e-01
2.140000000000000000e+02 8.606404694129616839e-01
2.150000000000000000e+02 8.578596764296404498e-01
2.160000000000000000e+02 8.514443859042701845e-01
2.170000000000000000e+02 8.500093984619778720e-01
2.180000000000000000e+02 8.445114166059577432e-01
2.190000000000000000e+02 8.389905301960171036e-01
2.200000000000000000e+02 8.346602377754073210e-01
2.210000000000000000e+02 8.311307213713522435e-01
2.220000000000000000e+02 8.184943322790269038e-01
2.230000000000000000e+02 8.130251487908533026e-01
2.240000000000000000e+02 7.991454246436837661e-01
2.250000000000000000e+02 7.936969591138548497e-01
2.260000000000000000e+02 7.901188740825145773e-01
2.270000000000000000e+02 7.887115592760367555e-01
2.280000000000000000e+02 7.766770086332325240e-01
2.290000000000000000e+02 7.801860766652374268e-01
2.300000000000000000e+02 7.777762047440645032e-01
2.310000000000000000e+02 7.755098188138263016e-01
2.320000000000000000e+02 7.708609893028287585e-01
2.330000000000000000e+02 7.607592849410836910e-01
2.340000000000000000e+02 7.580081663703903683e-01
2.350000000000000000e+02 7.529289298486486759e-01
2.360000000000000000e+02 7.507162003669957118e-01
2.370000000000000000e+02 7.480562884594671447e-01
2.380000000000000000e+02 7.468096275748149493e-01
2.390000000000000000e+02 7.388879447345932938e-01
2.400000000000000000e+02 7.352648398484369352e-01
2.410000000000000000e+02 7.322302900319117569e-01
2.420000000000000000e+02 7.266291948597706218e-01
2.430000000000000000e+02 7.246285762943499575e-01
2.440000000000000000e+02 7.223525611261655266e-01
2.450000000000000000e+02 7.159824795143798770e-01
2.460000000000000000e+02 7.081165106230209449e-01
2.470000000000000000e+02 7.070837685361991420e-01
2.480000000000000000e+02 7.025198411109271346e-01
2.490000000000000000e+02 6.996108523857832440e-01
2.500000000000000000e+02 6.982093870708220296e-01
2.510000000000000000e+02 6.945218069940957140e-01
2.520000000000000000e+02 6.923372510299538041e-01
2.530000000000000000e+02 6.895948522340760167e-01
2.540000000000000000e+02 6.844586694214080946e-01
2.550000000000000000e+02 6.823595764915398876e-01
2.560000000000000000e+02 6.785419675106600934e-01
2.570000000000000000e+02 6.747977573208617796e-01
2.580000000000000000e+02 6.731736684163888151e-01
2.590000000000000000e+02 6.715832449146605931e-01
2.600000000000000000e+02 6.697010170767855319e-01
2.610000000000000000e+02 6.651539971860661593e-01
2.620000000000000000e+02 6.617698059997993987e-01
2.630000000000000000e+02 6.583929828078746160e-01
2.640000000000000000e+02 6.576130598995090226e-01
2.650000000000000000e+02 6.563524724650767750e-01
2.660000000000000000e+02 6.517819306121677148e-01
2.670000000000000000e+02 6.501943330910721075e-01
2.680000000000000000e+02 6.480259359801784358e-01
2.690000000000000000e+02 6.467984057320225189e-01
2.700000000000000000e+02 6.442730238477636373e-01
2.710000000000000000e+02 6.405605609727488270e-01
2.720000000000000000e+02 6.382882197453471074e-01
2.730000000000000000e+02 6.349424346884531278e-01
2.740000000000000000e+02 6.335645754466433521e-01
2.750000000000000000e+02 6.296499913408871718e-01
2.760000000000000000e+02 6.287124372142263162e-01
2.770000000000000000e+02 6.279174927340709367e-01
2.780000000000000000e+02 6.264550896256437795e-01
2.790000000000000000e+02 6.249176065566004468e-01
2.800000000000000000e+02 6.245599703011435189e-01
2.810000000000000000e+02 6.242089599835246583e-01
2.820000000000000000e+02 6.201380540133997199e-01
2.830000000000000000e+02 6.188317008840433786e-01
2.840000000000000000e+02 6.171134854634270361e-01
2.850000000000000000e+02 6.169179188340815356e-01
2.860000000000000000e+02 6.160548381133247320e-01
2.870000000000000000e+02 6.126109905881440554e-01
2.880000000000000000e+02 6.095644278469578570e-01
2.890000000000000000e+02 6.083394681726845832e-01
2.900000000000000000e+02 6.054106970363546392e-01
2.910000000000000000e+02 6.038969620491582146e-01
2.920000000000000000e+02 6.027629087286104914e-01
2.930000000000000000e+02 6.020143934446626766e-01
2.940000000000000000e+02 6.015931640809091263e-01
2.950000000000000000e+02 6.001318596630131896e-01
2.960000000000000000e+02 5.994267690698462658e-01
2.970000000000000000e+02 5.985372643776947221e-01
2.980000000000000000e+02 5.977005462262968694e-01
2.990000000000000000e+02 5.954275480698967282e-01
3.000000000000000000e+02 5.925276613978810447e-01
3.010000000000000000e+02 5.918544923825771464e-01
3.020000000000000000e+02 5.900304549190714676e-01
3.030000000000000000e+02 5.883874051146809059e-01
3.040000000000000000e+02 5.866929703559071729e-01
3.050000000000000000e+02 5.854635952599889226e-01
3.060000000000000000e+02 5.849405709038484336e-01
3.070000000000000000e+02 5.849356303404965596e-01
3.080000000000000000e+02 5.837107342399376897e-01
3.090000000000000000e+02 5.813846138525089469e-01
3.100000000000000000e+02 5.805885301833145773e-01
3.110000000000000000e+02 5.781346137883587311e-01
3.120000000000000000e+02 5.768307268120854703e-01
3.130000000000000000e+02 5.757493600525873667e-01
3.140000000000000000e+02 5.732522112822076021e-01
3.150000000000000000e+02 5.729777356144009071e-01
3.160000000000000000e+02 5.726120717892734246e-01
3.170000000000000000e+02 5.714554588913670630e-01
3.180000000000000000e+02 5.706013137129387625e-01
3.190000000000000000e+02 5.684096325753393852e-01
3.200000000000000000e+02 5.676939296623797482e-01
3.210000000000000000e+02 5.666799226372083442e-01
3.220000000000000000e+02 5.665258910852786212e-01
3.230000000000000000e+02 5.650903764694795717e-01
3.240000000000000000e+02 5.645938561524609378e-01
3.250000000000000000e+02 5.639867038367155638e-01
3.260000000000000000e+02 5.630729429569818478e-01
3.270000000000000000e+02 5.622072231034990208e-01
3.280000000000000000e+02 5.618131065350340236e-01
3.290000000000000000e+02 5.613945800258248742e-01
3.300000000000000000e+02 5.609760734423808737e-01
3.310000000000000000e+02 5.591224922399651298e-01
3.320000000000000000e+02 5.584942193314743619e-01
3.330000000000000000e+02 5.575769204050324834e-01
3.340000000000000000e+02 5.569910174496420785e-01
3.350000000000000000e+02 5.557389926249861611e-01
3.360000000000000000e+02 5.546153725906098897e-01
3.370000000000000000e+02 5.523756189598555411e-01
3.380000000000000000e+02 5.516371801338723069e-01
3.390000000000000000e+02 5.502439302442809765e-01
3.400000000000000000e+02 5.482022144892263471e-01
3.410000000000000000e+02 5.474945707186023025e-01
3.420000000000000000e+02 5.472210767313880897e-01
3.430000000000000000e+02 5.468765260357389968e-01
3.440000000000000000e+02 5.455315668352115344e-01
3.450000000000000000e+02 5.443945717384043315e-01
3.460000000000000000e+02 5.442715112754697993e-01
3.470000000000000000e+02 5.436262072164128600e-01
3.480000000000000000e+02 5.430891658716887616e-01
3.490000000000000000e+02 5.429932290073620216e-01
3.500000000000000000e+02 5.427668690157447795e-01
3.510000000000000000e+02 5.416121647669843719e-01
3.520000000000000000e+02 5.414108101749371960e-01
3.530000000000000000e+02 5.411946752379198644e-01
3.540000000000000000e+02 5.402517784168904269e-01
3.550000000000000000e+02 5.394285065403449098e-01
3.560000000000000000e+02 5.382420713003589485e-01
3.570000000000000000e+02 5.378160150888207092e-01
3.580000000000000000e+02 5.373353152041598912e-01
3.590000000000000000e+02 5.369918733323111315e-01
3.600000000000000000e+02 5.363657186965914425e-01
3.610000000000000000e+02 5.355207483474633268e-01
3.620000000000000000e+02 5.351310284212900115e-01
3.630000000000000000e+02 5.323828354103098404e-01
3.640000000000000000e+02 5.312985239989054254e-01
3.650000000000000000e+02 5.307201606226041868e-01
3.660000000000000000e+02 5.310297977264226699e-01
3.670000000000000000e+02 5.308245642659275010e-01
3.680000000000000000e+02 5.311149969000409365e-01
3.690000000000000000e+02 5.306363871537671528e-01
3.700000000000000000e+02 5.306539154239636735e-01
3.710000000000000000e+02 5.302132914792517804e-01
3.720000000000000000e+02 5.288257024640199422e-01
3.730000000000000000e+02 5.282461918426274439e-01
3.740000000000000000e+02 5.274639428225096349e-01
3.750000000000000000e+02 5.272773269221444625e-01
3.760000000000000000e+02 5.270136949411462490e-01
3.770000000000000000e+02 5.266914723692849298e-01
3.780000000000000000e+02 5.251021232177894849e-01
3.790000000000000000e+02 5.236030680011025673e-01
3.800000000000000000e+02 5.231928447588901632e-01
3.810000000000000000e+02 5.221184285968517580e-01
3.820000000000000000e+02 5.220183628076074944e-01
3.830000000000000000e+02 5.215163113766263514e-01
3.840000000000000000e+02 5.207041931724381012e-01
3.850000000000000000e+02 5.197528994852719242e-01
3.860000000000000000e+02 5.194905514723089368e-01
3.870000000000000000e+02 5.189209610810912032e-01
3.880000000000000000e+02 5.189744169872574364e-01
3.890000000000000000e+02 5.183502777062483080e-01
3.900000000000000000e+02 5.179099244996231421e-01
3.910000000000000000e+02 5.172384132172048732e-01
3.920000000000000000e+02 5.168541576788804326e-01
3.930000000000000000e+02 5.165167509355983455e-01
3.940000000000000000e+02 5.158289475956191472e-01
3.950000000000000000e+02 5.150859561446808899e-01
3.960000000000000000e+02 5.143411305158249736e-01
3.970000000000000000e+02 5.142970370514744483e-01
3.980000000000000000e+02 5.138144376350269882e-01
3.990000000000000000e+02 5.132516950581224036e-01
4.000000000000000000e+02 5.123230579755075897e-01
4.010000000000000000e+02 5.119415492237043841e-01
4.020000000000000000e+02 5.116524853358991320e-01
4.030000000000000000e+02 5.114420999879892848e-01
4.040000000000000000e+02 5.080338996291974274e-01
4.050000000000000000e+02 5.073989313549145397e-01
4.060000000000000000e+02 5.072315652120911178e-01
4.070000000000000000e+02 5.069521438774624578e-01
4.080000000000000000e+02 5.061647516135474589e-01
4.090000000000000000e+02 5.060351845396720005e-01
4.100000000000000000e+02 5.054044756415181361e-01
4.110000000000000000e+02 5.056077955083455588e-01
4.120000000000000000e+02 5.047511199806430371e-01
4.130000000000000000e+02 5.045770277799809245e-01
4.140000000000000000e+02 5.037520112201586686e-01
4.150000000000000000e+02 5.033995619890301310e-01
4.160000000000000000e+02 5.023864050323733066e-01
4.170000000000000000e+02 5.023216089165383202e-01
4.180000000000000000e+02 5.018997358764893946e-01
4.190000000000000000e+02 5.014697188717329723e-01
4.200000000000000000e+02 5.002663598582761662e-01
4.210000000000000000e+02 4.999572288832360156e-01
4.220000000000000000e+02 4.997951575654250855e-01
4.230000000000000000e+02 4.998084924381121508e-01
4.240000000000000000e+02 4.991858541724137899e-01
4.250000000000000000e+02 4.984434770621300470e-01
4.260000000000000000e+02 4.983140977174261299e-01
4.270000000000000000e+02 4.980182466451473222e-01
4.280000000000000000e+02 4.983811837406832423e-01
4.290000000000000000e+02 4.980602601763837733e-01
4.300000000000000000e+02 4.971455441676190246e-01
4.310000000000000000e+02 4.966101339886104249e-01
4.320000000000000000e+02 4.964808980143534112e-01
4.330000000000000000e+02 4.961196153385331598e-01
4.340000000000000000e+02 4.958859559320559773e-01
4.350000000000000000e+02 4.956839467235248931e-01
4.360000000000000000e+02 4.953441308526144726e-01
4.370000000000000000e+02 4.949723170502131619e-01
4.380000000000000000e+02 4.946538918349958625e-01
4.390000000000000000e+02 4.935736158249011685e-01
4.400000000000000000e+02 4.934032450320116059e-01
4.410000000000000000e+02 4.932476682726297246e-01
4.420000000000000000e+02 4.931442750240144779e-01
4.430000000000000000e+02 4.930136123564504147e-01
4.440000000000000000e+02 4.929725692445144913e-01
4.450000000000000000e+02 4.928592547113906375e-01
4.460000000000000000e+02 4.926879723585363413e-01
4.470000000000000000e+02 4.922920188333542724e-01
4.480000000000000000e+02 4.920934321881587636e-01
4.490000000000000000e+02 4.920259043169543656e-01
4.500000000000000000e+02 4.919683604840784930e-01
4.510000000000000000e+02 4.916255395406524675e-01
4.520000000000000000e+02 4.909022358343971826e-01
4.530000000000000000e+02 4.897409692390070624e-01
4.540000000000000000e+02 4.895723182126994200e-01
4.550000000000000000e+02 4.892185786932203295e-01
4.560000000000000000e+02 4.892100310162144639e-01
4.570000000000000000e+02 4.891889106823460454e-01
4.580000000000000000e+02 4.885330926742787461e-01
4.590000000000000000e+02 4.882151578809811321e-01
4.600000000000000000e+02 4.871204668108891633e-01
4.610000000000000000e+02 4.865901408403604522e-01
4.620000000000000000e+02 4.863969919301457390e-01
4.630000000000000000e+02 4.859999538542343345e-01
4.640000000000000000e+02 4.858802007456876626e-01
4.650000000000000000e+02 4.854921512071957435e-01
4.660000000000000000e+02 4.854087690840679925e-01
4.670000000000000000e+02 4.853669416835521555e-01
4.680000000000000000e+02 4.847605295997498009e-01
4.690000000000000000e+02 4.844601053269472768e-01
4.700000000000000000e+02 4.842567206514779565e-01
4.710000000000000000e+02 4.841282968296378719e-01
4.720000000000000000e+02 4.840243301108304030e-01
4.730000000000000000e+02 4.839005487354451351e-01
4.740000000000000000e+02 4.838660848946427229e-01
4.750000000000000000e+02 4.829490198180497740e-01
4.760000000000000000e+02 4.827639881301274416e-01
4.770000000000000000e+02 4.820807957222211781e-01
4.780000000000000000e+02 4.820482105492954750e-01
4.790000000000000000e+02 4.819919155604668326e-01
4.800000000000000000e+02 4.816900145006194900e-01
4.810000000000000000e+02 4.814528039183838537e-01
4.820000000000000000e+02 4.809019967686564145e-01
4.830000000000000000e+02 4.807009361417363125e-01
4.840000000000000000e+02 4.802901368246066394e-01
4.850000000000000000e+02 4.802132443270722972e-01
4.860000000000000000e+02 4.794641913048131032e-01
4.870000000000000000e+02 4.793706489070722054e-01
4.880000000000000000e+02 4.793404616166999088e-01
4.890000000000000000e+02 4.791683126346295007e-01
4.900000000000000000e+02 4.790301004414950214e-01
4.910000000000000000e+02 4.782084412534903239e-01
4.920000000000000000e+02 4.773317401634945001e-01
4.930000000000000000e+02 4.773949255938077507e-01
4.940000000000000000e+02 4.773206203389828151e-01
4.950000000000000000e+02 4.773214373482304040e-01
4.960000000000000000e+02 4.772907203745633264e-01
4.970000000000000000e+02 4.767889020749070950e-01
4.980000000000000000e+02 4.765240051665939336e-01
4.990000000000000000e+02 4.762071483545831097e-01
5.000000000000000000e+02 4.760538969569720336e-01
5.010000000000000000e+02 4.755411063663889104e-01
5.020000000000000000e+02 4.754083081948396461e-01
5.030000000000000000e+02 4.749494184889809789e-01
5.040000000000000000e+02 4.749783470925209583e-01
5.050000000000000000e+02 4.749704720060956009e-01
5.060000000000000000e+02 4.747834076961835459e-01
5.070000000000000000e+02 4.745531649911819971e-01
5.080000000000000000e+02 4.745499749411539736e-01
5.090000000000000000e+02 4.743105197605073653e-01
5.100000000000000000e+02 4.742709983320334000e-01
5.110000000000000000e+02 4.736664583724669586e-01
5.120000000000000000e+02 4.735830990430726084e-01
5.130000000000000000e+02 4.735693927355170696e-01
5.140000000000000000e+02 4.733903819020913173e-01
5.150000000000000000e+02 4.733021511983019347e-01
5.160000000000000000e+02 4.731843766969043852e-01
5.170000000000000000e+02 4.730098879154677194e-01
5.180000000000000000e+02 4.728785798438996379e-01
5.190000000000000000e+02 4.727366744235896867e-01
5.200000000000000000e+02 4.725266566143356273e-01
5.210000000000000000e+02 4.724107461917037565e-01
5.220000000000000000e+02 4.723778506764285678e-01
5.230000000000000000e+02 4.721510489110552489e-01
5.240000000000000000e+02 4.709802372241129187e-01
5.250000000000000000e+02 4.705818591789751038e-01
5.260000000000000000e+02 4.704930324140635389e-01
5.270000000000000000e+02 4.703688734870569710e-01
5.280000000000000000e+02 4.695832512465979991e-01
5.290000000000000000e+02 4.702371288512590675e-01
5.300000000000000000e+02 4.696956977425682522e-01
5.310000000000000000e+02 4.690224845215429927e-01
5.320000000000000000e+02 4.688624591460099911e-01
5.330000000000000000e+02 4.694227370027264645e-01
5.340000000000000000e+02 4.693247081500013795e-01
5.350000000000000000e+02 4.695639409109515494e-01
5.360000000000000000e+02 4.695849364325879738e-01
5.370000000000000000e+02 4.694899123824983755e-01
5.380000000000000000e+02 4.693888830664661449e-01
5.390000000000000000e+02 4.690071519542419742e-01
5.400000000000000000e+02 4.688058323218871060e-01
5.410000000000000000e+02 4.686405806175830135e-01
5.420000000000000000e+02 4.679272156605345234e-01
5.430000000000000000e+02 4.676778152802458233e-01
5.440000000000000000e+02 4.676840659481557583e-01
5.450000000000000000e+02 4.675688729186620041e-01
5.460000000000000000e+02 4.675097846933911061e-01
5.470000000000000000e+02 4.674717602060508015e-01
5.480000000000000000e+02 4.674435709599498723e-01
5.490000000000000000e+02 4.673013286556548240e-01
5.500000000000000000e+02 4.671489545729115567e-01
5.510000000000000000e+02 4.662807844770548438e-01
5.520000000000000000e+02 4.661755130501553102e-01
5.530000000000000000e+02 4.661291573580312320e-01
5.540000000000000000e+02 4.661213780530706341e-01
5.550000000000000000e+02 4.657051601724040979e-01
5.560000000000000000e+02 4.655747930746051977e-01
5.570000000000000000e+02 4.655424164757468453e-01
5.580000000000000000e+02 4.655274283359472354e-01
5.590000000000000000e+02 4.654263445423024170e-01
5.600000000000000000e+02 4.652761764582323267e-01
5.610000000000000000e+02 4.650573675977180410e-01
5.620000000000000000e+02 4.649008587510722879e-01
5.630000000000000000e+02 4.646953723032564154e-01
5.640000000000000000e+02 4.646512960061834896e-01
5.650000000000000000e+02 4.645271055811030503e-01
5.660000000000000000e+02 4.641301676200882409e-01
5.670000000000000000e+02 4.639631397531007173e-01
5.680000000000000000e+02 4.638142449426963521e-01
5.690000000000000000e+02 4.636870241309726803e-01
5.700000000000000000e+02 4.635608097642071046e-01
5.710000000000000000e+02 4.635379295898314211e-01
5.720000000000000000e+02 4.634944516110880985e-01
5.730000000000000000e+02 4.638438523065879227e-01
5.740000000000000000e+02 4.636959611004179416e-01
5.750000000000000000e+02 4.635373391153811973e-01
5.760000000000000000e+02 4.634929124113403298e-01
5.770000000000000000e+02 4.633056574496395297e-01
5.780000000000000000e+02 4.635379059249525313e-01
5.790000000000000000e+02 4.633966238498612999e-01
5.800000000000000000e+02 4.634350775332541916e-01
5.810000000000000000e+02 4.633036053606596760e-01
5.820000000000000000e+02 4.631810025385140750e-01
5.830000000000000000e+02 4.632565550363539342e-01
5.840000000000000000e+02 4.632352889532737050e-01
5.850000000000000000e+02 4.631609810290316376e-01
5.860000000000000000e+02 4.625016565760319831e-01
5.870000000000000000e+02 4.623484130364244882e-01
5.880000000000000000e+02 4.622414280758483374e-01
5.890000000000000000e+02 4.621636490802896735e-01
5.900000000000000000e+02 4.620804613515291925e-01
5.910000000000000000e+02 4.620442846747286336e-01
5.920000000000000000e+02 4.619728405843462338e-01
5.930000000000000000e+02 4.616998010573927780e-01
5.940000000000000000e+02 4.617321004798657369e-01
5.950000000000000000e+02 4.614789474322666396e-01
5.960000000000000000e+02 4.615312739545252008e-01
5.970000000000000000e+02 4.615273826914143007e-01
5.980000000000000000e+02 4.611884739266150501e-01
5.990000000000000000e+02 4.610501026395556479e-01
6.000000000000000000e+02 4.609115235748845740e-01
6.010000000000000000e+02 4.608075959100811358e-01
6.020000000000000000e+02 4.607792405459985585e-01
6.030000000000000000e+02 4.597677663430492223e-01
6.040000000000000000e+02 4.597515721269733180e-01
6.050000000000000000e+02 4.595396279806951978e-01
6.060000000000000000e+02 4.592653884955689159e-01
6.070000000000000000e+02 4.591184969649104719e-01
6.080000000000000000e+02 4.590196512129907092e-01
6.090000000000000000e+02 4.590384359668746583e-01
6.100000000000000000e+02 4.589593160491977630e-01
6.110000000000000000e+02 4.587876047875976693e-01
6.120000000000000000e+02 4.586279824006577743e-01
6.130000000000000000e+02 4.585206515534305804e-01
6.140000000000000000e+02 4.583927575197354054e-01
6.150000000000000000e+02 4.581586244606768443e-01
6.160000000000000000e+02 4.580193500067958334e-01
6.170000000000000000e+02 4.579278301280939045e-01
6.180000000000000000e+02 4.579404827138865430e-01
6.190000000000000000e+02 4.578596783076440135e-01
6.200000000000000000e+02 4.578222928576767825e-01
6.210000000000000000e+02 4.577956859734504946e-01
6.220000000000000000e+02 4.577212132412975532e-01
6.230000000000000000e+02 4.573985873180160255e-01
6.240000000000000000e+02 4.573864697422042602e-01
6.250000000000000000e+02 4.572794949016215083e-01
6.260000000000000000e+02 4.573268306035576103e-01
6.270000000000000000e+02 4.575255929798446863e-01
6.280000000000000000e+02 4.574775016523980331e-01
6.290000000000000000e+02 4.571092057683553977e-01
6.300000000000000000e+02 4.570429334271820521e-01
6.310000000000000000e+02 4.567280220980803329e-01
6.320000000000000000e+02 4.565333073160994792e-01
6.330000000000000000e+02 4.565329049550327922e-01
6.340000000000000000e+02 4.564027543254378094e-01
6.350000000000000000e+02 4.566243593436064563e-01
6.360000000000000000e+02 4.562881413147614196e-01
6.370000000000000000e+02 4.561946882368367873e-01
6.380000000000000000e+02 4.561470035526006828e-01
6.390000000000000000e+02 4.559878207114297366e-01
6.400000000000000000e+02 4.557956526115533036e-01
6.410000000000000000e+02 4.560045890427001924e-01
6.420000000000000000e+02 4.559540282191991700e-01
6.430000000000000000e+02 4.553106308305575056e-01
6.440000000000000000e+02 4.550290642475639524e-01
6.450000000000000000e+02 4.549041157888468190e-01
6.460000000000000000e+02 4.548981140619857144e-01
6.470000000000000000e+02 4.542472364967611864e-01
6.480000000000000000e+02 4.540611404791843886e-01
6.490000000000000000e+02 4.541398662427794664e-01
6.500000000000000000e+02 4.539887911884395444e-01
6.510000000000000000e+02 4.538621498912177032e-01
6.520000000000000000e+02 4.538148611427073043e-01
6.530000000000000000e+02 4.537464600984655316e-01
6.540000000000000000e+02 4.536974159467202505e-01
6.550000000000000000e+02 4.536359803190688766e-01
6.560000000000000000e+02 4.533593735369984001e-01
6.570000000000000000e+02 4.531891314872284471e-01
6.580000000000000000e+02 4.531386375044651471e-01
6.590000000000000000e+02 4.529297750538986422e-01
6.600000000000000000e+02 4.528775028265524250e-01
6.610000000000000000e+02 4.527288536801097329e-01
6.620000000000000000e+02 4.526327302961068999e-01
6.630000000000000000e+02 4.524332519421645493e-01
6.640000000000000000e+02 4.524381009383681151e-01
6.650000000000000000e+02 4.523929543546058030e-01
6.660000000000000000e+02 4.523505476939667092e-01
6.670000000000000000e+02 4.522490737039803754e-01
6.680000000000000000e+02 4.521920278785399594e-01
6.690000000000000000e+02 4.518815894968415958e-01
6.700000000000000000e+02 4.518599401430684614e-01
6.710000000000000000e+02 4.518814338727974445e-01
6.720000000000000000e+02 4.518595590143188456e-01
6.730000000000000000e+02 4.517794161600029446e-01
6.740000000000000000e+02 4.516892633565415816e-01
6.750000000000000000e+02 4.516019447991553304e-01
6.760000000000000000e+02 4.515925280928705376e-01
6.770000000000000000e+02 4.515099114995173579e-01
6.780000000000000000e+02 4.510592264533022644e-01
6.790000000000000000e+02 4.512943663726883270e-01
6.800000000000000000e+02 4.512598224344747666e-01
6.810000000000000000e+02 4.509695229089697999e-01
6.820000000000000000e+02 4.508803396458855306e-01
6.830000000000000000e+02 4.506802616129808592e-01
6.840000000000000000e+02 4.505584221181140880e-01
6.850000000000000000e+02 4.501806870507199521e-01
6.860000000000000000e+02 4.500489045349121975e-01
6.870000000000000000e+02 4.500576514542806161e-01
6.880000000000000000e+02 4.501067708516381938e-01
6.890000000000000000e+02 4.500648189403569921e-01
6.900000000000000000e+02 4.500313761700128201e-01
6.910000000000000000e+02 4.499168945901471095e-01
6.920000000000000000e+02 4.498671014022228576e-01
6.930000000000000000e+02 4.497793464352813908e-01
6.940000000000000000e+02 4.497862918498440887e-01
6.950000000000000000e+02 4.496768633903112655e-01
6.960000000000000000e+02 4.496559277948217748e-01
6.970000000000000000e+02 4.495624713399863914e-01
6.980000000000000000e+02 4.494292434556004801e-01
6.990000000000000000e+02 4.494538809264701507e-01
7.000000000000000000e+02 4.494640337932884755e-01
7.010000000000000000e+02 4.494225385189432598e-01
7.020000000000000000e+02 4.493997304886359623e-01
7.030000000000000000e+02 4.493319430568624706e-01
7.040000000000000000e+02 4.493113032631949055e-01
7.050000000000000000e+02 4.491934064306521424e-01
7.060000000000000000e+02 4.491145720214381187e-01
7.070000000000000000e+02 4.490879570849571900e-01
7.080000000000000000e+02 4.490844871303950048e-01
7.090000000000000000e+02 4.490819626262829156e-01
7.100000000000000000e+02 4.490940300163006049e-01
7.110000000000000000e+02 4.489322297391116767e-01
7.120000000000000000e+02 4.489244489584025000e-01
7.130000000000000000e+02 4.489207756410693029e-01
7.140000000000000000e+02 4.488721019348156371e-01
7.150000000000000000e+02 4.487502633230632254e-01
7.160000000000000000e+02 4.486131683764161826e-01
7.170000000000000000e+02 4.485729780316777271e-01
7.180000000000000000e+02 4.485130100514407858e-01
7.190000000000000000e+02 4.482789067534268534e-01
7.200000000000000000e+02 4.482081522856410372e-01
7.210000000000000000e+02 4.481019374637791874e-01
7.220000000000000000e+02 4.480674046427381430e-01
7.230000000000000000e+02 4.478888657029928000e-01
7.240000000000000000e+02 4.478580957643252813e-01
7.250000000000000000e+02 4.476604481046858042e-01
7.260000000000000000e+02 4.476793275920544768e-01
7.270000000000000000e+02 4.476678931617973922e-01
7.280000000000000000e+02 4.475064248937823397e-01
7.290000000000000000e+02 4.474950105468810668e-01
7.300000000000000000e+02 4.472904944883068223e-01
7.310000000000000000e+02 4.472886249790788415e-01
7.320000000000000000e+02 4.472150261105337643e-01
7.330000000000000000e+02 4.471615206020890243e-01
7.340000000000000000e+02 4.471245002930152035e-01
7.350000000000000000e+02 4.471465826277535860e-01
7.360000000000000000e+02 4.470805606479850147e-01
7.370000000000000000e+02 4.470665990700162240e-01
7.380000000000000000e+02 4.468958577572600399e-01
7.390000000000000000e+02 4.468475718858560541e-01
7.400000000000000000e+02 4.469176700673940239e-01
7.410000000000000000e+02 4.469100456226030027e-01
7.420000000000000000e+02 4.468815417416869273e-01
7.430000000000000000e+02 4.469150019504072868e-01
7.440000000000000000e+02 4.468101811438600635e-01
7.450000000000000000e+02 4.467810910742892605e-01
7.460000000000000000e+02 4.466103080445139595e-01
7.470000000000000000e+02 4.466825289227490114e-01
7.480000000000000000e+02 4.466107597367374726e-01
7.490000000000000000e+02 4.465456756893169676e-01
7.500000000000000000e+02 4.464758590030083463e-01
7.510000000000000000e+02 4.464435187324649057e-01
7.520000000000000000e+02 4.464370652075000945e-01
7.530000000000000000e+02 4.464209659164741217e-01
7.540000000000000000e+02 4.464560587808030223e-01
7.550000000000000000e+02 4.464336727970956153e-01
7.560000000000000000e+02 4.464758823531538301e-01
7.570000000000000000e+02 4.464763564296567733e-01
7.580000000000000000e+02 4.463414972359696087e-01
7.590000000000000000e+02 4.463653689210859143e-01
7.600000000000000000e+02 4.462689561248020520e-01
7.610000000000000000e+02 4.461596399210865371e-01
7.620000000000000000e+02 4.461151001245272640e-01
7.630000000000000000e+02 4.460066147277328419e-01
7.640000000000000000e+02 4.458690634934255881e-01
7.650000000000000000e+02 4.458180244282368143e-01
7.660000000000000000e+02 4.457696939883298848e-01
7.670000000000000000e+02 4.455951153674801990e-01
7.680000000000000000e+02 4.456600070821522541e-01
7.690000000000000000e+02 4.456122550269068228e-01
7.700000000000000000e+02 4.453895936580692383e-01
7.710000000000000000e+02 4.453341373761609545e-01
7.720000000000000000e+02 4.453391942950272187e-01
7.730000000000000000e+02 4.452479872110048920e-01
7.740000000000000000e+02 4.452976500196508258e-01
7.750000000000000000e+02 4.452270349406835526e-01
7.760000000000000000e+02 4.451460463648533872e-01
7.770000000000000000e+02 4.451248491009164865e-01
7.780000000000000000e+02 4.450711555211783188e-01
7.790000000000000000e+02 4.449709990495435141e-01
7.800000000000000000e+02 4.451146534865935700e-01
7.810000000000000000e+02 4.450637138727548403e-01
7.820000000000000000e+02 4.450676719012768290e-01
7.830000000000000000e+02 4.448756992916677033e-01
7.840000000000000000e+02 4.447800828697169306e-01
7.850000000000000000e+02 4.447201538067873661e-01
7.860000000000000000e+02 4.447120819059603436e-01
7.870000000000000000e+02 4.446661835515123284e-01
7.880000000000000000e+02 4.445656266287568714e-01
7.890000000000000000e+02 4.445590392888815745e-01
7.900000000000000000e+02 4.445344216219589972e-01
7.910000000000000000e+02 4.444713557288136330e-01
7.920000000000000000e+02 4.444360929252641479e-01
7.930000000000000000e+02 4.443903398757180212e-01
7.940000000000000000e+02 4.443725118251440898e-01
7.950000000000000000e+02 4.443638692402642199e-01
7.960000000000000000e+02 4.443524736483890902e-01
7.970000000000000000e+02 4.442034969878743134e-01
7.980000000000000000e+02 4.441585599210768343e-01
7.990000000000000000e+02 4.438410536982840271e-01
8.000000000000000000e+02 4.437300617953029436e-01
8.010000000000000000e+02 4.435623768252200394e-01
8.020000000000000000e+02 4.434455771665828938e-01
8.030000000000000000e+02 4.434019592857427194e-01
8.040000000000000000e+02 4.434338446172719772e-01
8.050000000000000000e+02 4.434188729523827477e-01
8.060000000000000000e+02 4.433533773644987019e-01
8.070000000000000000e+02 4.432953723915138422e-01
8.080000000000000000e+02 4.432848192370495433e-01
8.090000000000000000e+02 4.432247533285686436e-01
8.100000000000000000e+02 4.431676452125959953e-01
8.110000000000000000e+02 4.430809420473038052e-01
8.120000000000000000e+02 4.430496612542919044e-01
8.130000000000000000e+02 4.429896041262902373e-01
8.140000000000000000e+02 4.428627481557881329e-01
8.150000000000000000e+02 4.428393064777388921e-01
8.160000000000000000e+02 4.428191391524476939e-01
8.170000000000000000e+02 4.426717046842067460e-01
8.180000000000000000e+02 4.427618879925598883e-01
8.190000000000000000e+02 4.427379511323100703e-01
8.200000000000000000e+02 4.426287127129796550e-01
8.210000000000000000e+02 4.425768380459387252e-01
8.220000000000000000e+02 4.424435696810312124e-01
8.230000000000000000e+02 4.424703735783651615e-01
8.240000000000000000e+02 4.424199906697872109e-01
8.250000000000000000e+02 4.421937016888998762e-01
8.260000000000000000e+02 4.421399508427589775e-01
8.270000000000000000e+02 4.421442516570216474e-01
8.280000000000000000e+02 4.420617594607406664e-01
8.290000000000000000e+02 4.421213310709630195e-01
8.300000000000000000e+02 4.420761705462419311e-01
8.310000000000000000e+02 4.420124620913873925e-01
8.320000000000000000e+02 4.420116895732840723e-01
8.330000000000000000e+02 4.419427698221816136e-01
8.340000000000000000e+02 4.419461712283930810e-01
8.350000000000000000e+02 4.419493040506557446e-01
8.360000000000000000e+02 4.419652438556833651e-01
8.370000000000000000e+02 4.420173400430758015e-01
8.380000000000000000e+02 4.419996991519208884e-01
8.390000000000000000e+02 4.417238407380577603e-01
8.400000000000000000e+02 4.416233239035076696e-01
8.410000000000000000e+02 4.415427351708209325e-01
8.420000000000000000e+02 4.415259538263823225e-01
8.430000000000000000e+02 4.414484815343158730e-01
8.440000000000000000e+02 4.413858763897809401e-01
8.450000000000000000e+02 4.413781449152571756e-01
8.460000000000000000e+02 4.412680333148101264e-01
8.470000000000000000e+02 4.412142874471142728e-01
8.480000000000000000e+02 4.411392546785439239e-01
8.490000000000000000e+02 4.410685851697003224e-01
8.500000000000000000e+02 4.409801304550123313e-01
8.510000000000000000e+02 4.409288085046836336e-01
8.520000000000000000e+02 4.408545848456805194e-01
8.530000000000000000e+02 4.408382292067447583e-01
8.540000000000000000e+02 4.407485235864926354e-01
8.550000000000000000e+02 4.407466631225833709e-01
8.560000000000000000e+02 4.407278855157518160e-01
8.570000000000000000e+02 4.407428427708122709e-01
8.580000000000000000e+02 4.406908749913518442e-01
8.590000000000000000e+02 4.406765280969498488e-01
8.600000000000000000e+02 4.405872042159556523e-01
8.610000000000000000e+02 4.404976183273168200e-01
8.620000000000000000e+02 4.404597315032626192e-01
8.630000000000000000e+02 4.404347329556733137e-01
8.640000000000000000e+02 4.404059896439729838e-01
8.650000000000000000e+02 4.402574355789514171e-01
8.660000000000000000e+02 4.402377862477682702e-01
8.670000000000000000e+02 4.401011341615935768e-01
8.680000000000000000e+02 4.401226580648381903e-01
8.690000000000000000e+02 4.400340078908181463e-01
8.700000000000000000e+02 4.399030150529514849e-01
8.710000000000000000e+02 4.398813538196384987e-01
8.720000000000000000e+02 4.399378422269537015e-01
8.730000000000000000e+02 4.399087965520929733e-01
8.740000000000000000e+02 4.396283775154403717e-01
8.750000000000000000e+02 4.396140783615705150e-01
8.760000000000000000e+02 4.396281799826409764e-01
8.770000000000000000e+02 4.396052981658591929e-01
8.780000000000000000e+02 4.395336396590087680e-01
8.790000000000000000e+02 4.391888892157466140e-01
8.800000000000000000e+02 4.391533070303529351e-01
8.810000000000000000e+02 4.390326661526873786e-01
8.820000000000000000e+02 4.391086673108335892e-01
8.830000000000000000e+02 4.391029118032964140e-01
8.840000000000000000e+02 4.390659397253910412e-01
8.850000000000000000e+02 4.390493344777426366e-01
8.860000000000000000e+02 4.387375523871046568e-01
8.870000000000000000e+02 4.387404546240139536e-01
8.880000000000000000e+02 4.387527878652975333e-01
8.890000000000000000e+02 4.387463044109423671e-01
8.900000000000000000e+02 4.387355029962340947e-01
8.910000000000000000e+02 4.387132360713162371e-01
8.920000000000000000e+02 4.385511574648243149e-01
8.930000000000000000e+02 4.384858655206833600e-01
8.940000000000000000e+02 4.384550141142647406e-01
8.950000000000000000e+02 4.383359874946864410e-01
8.960000000000000000e+02 4.383513572368143429e-01
8.970000000000000000e+02 4.383318681523874494e-01
8.980000000000000000e+02 4.383424379174571395e-01
8.990000000000000000e+02 4.382287463569397579e-01
9.000000000000000000e+02 4.382441860185237181e-01
9.010000000000000000e+02 4.380869465567370780e-01
9.020000000000000000e+02 4.380603894562138945e-01
9.030000000000000000e+02 4.380219035430591989e-01
9.040000000000000000e+02 4.379990848774210077e-01
9.050000000000000000e+02 4.378551146823981832e-01
9.060000000000000000e+02 4.377020474793850702e-01
9.070000000000000000e+02 4.376314060220877211e-01
9.080000000000000000e+02 4.376449480434027595e-01
9.090000000000000000e+02 4.373901947457294881e-01
9.100000000000000000e+02 4.374112027316674478e-01
9.110000000000000000e+02 4.373444534848956455e-01
9.120000000000000000e+02 4.372686384010917582e-01
9.130000000000000000e+02 4.372633929506177242e-01
9.140000000000000000e+02 4.375256546210634645e-01
9.150000000000000000e+02 4.374864978675017113e-01
9.160000000000000000e+02 4.373082470432086422e-01
9.170000000000000000e+02 4.372915318925001404e-01
9.180000000000000000e+02 4.372376844844726995e-01
9.190000000000000000e+02 4.372182298307075166e-01
9.200000000000000000e+02 4.371844402576353095e-01
9.210000000000000000e+02 4.371453316885215989e-01
9.220000000000000000e+02 4.371178936815440230e-01
9.230000000000000000e+02 4.370262083048538915e-01
9.240000000000000000e+02 4.370205724541723069e-01
9.250000000000000000e+02 4.369377168892377705e-01
9.260000000000000000e+02 4.369204400976972602e-01
9.270000000000000000e+02 4.369529545964760398e-01
9.280000000000000000e+02 4.369161059104346156e-01
9.290000000000000000e+02 4.368422776001745222e-01
9.300000000000000000e+02 4.368180139778335969e-01
9.310000000000000000e+02 4.367747174569407975e-01
9.320000000000000000e+02 4.367208482755065568e-01
9.330000000000000000e+02 4.367045031589472104e-01
9.340000000000000000e+02 4.366306132407769547e-01
9.350000000000000000e+02 4.365791301806025149e-01
9.360000000000000000e+02 4.365922073757650401e-01
9.370000000000000000e+02 4.365282367393631957e-01
9.380000000000000000e+02 4.364980623873701560e-01
9.390000000000000000e+02 4.365037761490241919e-01
9.400000000000000000e+02 4.364254343591855156e-01
9.410000000000000000e+02 4.363310829815326697e-01
9.420000000000000000e+02 4.362317353602883641e-01
9.430000000000000000e+02 4.362552959437281941e-01
9.440000000000000000e+02 4.362287669739885465e-01
9.450000000000000000e+02 4.360414001385482519e-01
9.460000000000000000e+02 4.361020196573115459e-01
9.470000000000000000e+02 4.361142705055295887e-01
9.480000000000000000e+02 4.360882705768183154e-01
9.490000000000000000e+02 4.360605955108058929e-01
9.500000000000000000e+02 4.359876642806153613e-01
9.510000000000000000e+02 4.359460935444923746e-01
9.520000000000000000e+02 4.357260934399821428e-01
9.530000000000000000e+02 4.357124099375312976e-01
9.540000000000000000e+02 4.357122390821201452e-01
9.550000000000000000e+02 4.356733607292034849e-01
9.560000000000000000e+02 4.356797731386802819e-01
9.570000000000000000e+02 4.356096172442526782e-01
9.580000000000000000e+02 4.355560491145286095e-01
9.590000000000000000e+02 4.354696624096566770e-01
9.600000000000000000e+02 4.354487566045402436e-01
9.610000000000000000e+02 4.354120600614734271e-01
9.620000000000000000e+02 4.353865949407038083e-01
9.630000000000000000e+02 4.353785506551691165e-01
9.640000000000000000e+02 4.352749481687630539e-01
9.650000000000000000e+02 4.352659168683697399e-01
9.660000000000000000e+02 4.353174850441662858e-01
9.670000000000000000e+02 4.351525591791675640e-01
9.680000000000000000e+02 4.351973279126003513e-01
9.690000000000000000e+02 4.351536142844680821e-01
9.700000000000000000e+02 4.350541578612448501e-01
9.710000000000000000e+02 4.349675987958530610e-01
9.720000000000000000e+02 4.349036399681966980e-01
9.730000000000000000e+02 4.349083127637038415e-01
9.740000000000000000e+02 4.348429337574605813e-01
9.750000000000000000e+02 4.347337187751228460e-01
9.760000000000000000e+02 4.347803937051362699e-01
9.770000000000000000e+02 4.345639500318875803e-01
9.780000000000000000e+02 4.344537377702057945e-01
9.790000000000000000e+02 4.343882389268394206e-01
9.800000000000000000e+02 4.343538988349309737e-01
9.810000000000000000e+02 4.343858111378734455e-01
9.820000000000000000e+02 4.342350309681258791e-01
9.830000000000000000e+02 4.339649158918310601e-01
9.840000000000000000e+02 4.339377450118586665e-01
9.850000000000000000e+02 4.338357679096803143e-01
9.860000000000000000e+02 4.338728569493147114e-01
9.870000000000000000e+02 4.338512165056433445e-01
9.880000000000000000e+02 4.337966062684814883e-01
9.890000000000000000e+02 4.338093559114836184e-01
9.900000000000000000e+02 4.338728323476566673e-01
9.910000000000000000e+02 4.338356706476335090e-01
9.920000000000000000e+02 4.338332850438418875e-01
9.930000000000000000e+02 4.337788480981524808e-01
9.940000000000000000e+02 4.337395908946839462e-01
9.950000000000000000e+02 4.336548185623535501e-01
9.960000000000000000e+02 4.336414254367438881e-01
9.970000000000000000e+02 4.335129930525620789e-01
9.980000000000000000e+02 4.334297242768053171e-01
9.990000000000000000e+02 4.333695983556616893e-01
1.000000000000000000e+03 4.331978990415412123e-01
