1.305009031844978629e-01
1.941282816183044491e-01
3.427841943156779286e-02
1.957980519993491740e-04
1.340838533732460758e-01
1.539833779489382382e-01
8.154428276233964545e-02
3.326660650256030392e-03
1.924006614018566375e-04
9.662784736329636803e-03
1.451361072392031793e-03
1.896847949140422207e-01
2.326653824645275330e-04
1.127271122151257132e-01
3.599998397646200776e-02
1.749903898950291303e-01
1.298995690436006711e-01
1.545438846767402119e-01
1.218889743616385912e-01
1.741670363122476417e-01
4.001471207410539632e-03
1.901327218502713856e-01
1.456758467985033167e-01
1.935455017115341458e-01
1.950239612334785100e-01
4.185425982421382002e-02
3.775516049855069667e-02
4.896705199546882992e-02
1.417371277395853280e-01
3.063649837105930141e-04
7.089148334217336075e-03
