5.241763805023067499e-04
5.402341265887061024e-04
2.530503079094826853e-04
3.324175781987376939e-04
6.399747501222371885e-04
2.651193085538151688e-04
3.510928932579588714e-04
3.468192267218845942e-04
4.290219290422385640e-04
4.040174722353529315e-04
4.496934678736280570e-04
5.370948654633272024e-04
3.228978346247090756e-04
3.223986150843783944e-04
3.876678206070960689e-04
4.555801109638044142e-04
5.136231431229821599e-04
4.917813792466152857e-04
2.769114252250043156e-04
4.262184149523780860e-04
4.328107623447361102e-04
3.556023492435245637e-04
5.114261203070148308e-04
2.877516584378357655e-04
3.672994085713908257e-04
4.491425057526624368e-04
4.212800292336776583e-04
5.098925613120072536e-04
3.374114227320741438e-04
3.163552000318818353e-04
5.718006488060212991e-04
