5.693797079347681644e-03
3.193352129249251922e-03
1.484408514556566838e-03
1.738324469225413157e-03
4.833087667322909405e-03
1.783791058933450633e-03
5.323499363596517243e-03
3.084575680542509923e-03
9.299234409852352333e-04
4.750206563671532066e-03
2.084737080023621979e-03
3.628805354045221664e-03
3.434369048773740739e-03
3.682079467873952683e-03
2.463782996936562247e-03
1.809810248469388965e-03
3.377153737609536310e-03
1.840508421616282716e-03
1.741941878885558187e-03
1.839939726550444011e-03
5.397761457536578121e-03
2.550550032340632295e-03
1.789390242577192786e-03
1.478481932621758272e-03
3.484154277606978361e-03
1.491908857730060711e-03
8.005074494341974517e-03
6.367548834554147795e-03
1.521218702678178193e-03
2.202303981742819491e-03
1.398000172409033818e-03
