-18462.0 -19330.0 
-19224.0 -18562.0 
-19224.0 -18562.0 
-18462.0 -19330.0 
-19216.0 -18624.0 
-18542.0 -19326.0 
-19133.0 -18813.0 
-18997.0 -18998.0 
-19171.0 -18671.0 
-18912.0 -19107.0 
-18577.0 -19316.0 
-18722.0 -19220.0 
-18660.0 -19253.0 
-19169.0 -18721.0 
-19083.0 -18860.0 
-19139.0 -18763.0 
-18692.0 -19244.0 
-18656.0 -19279.0 
-18789.0 -19171.0 
-18871.0 -19132.0 
-18851.0 -19139.0 
-18506.0 -19328.0 
-19059.0 -18916.0 
-18871.0 -19132.0 
-18758.0 -19214.0 
-18717.0 -19234.0 
-18579.0 -19300.0 
-18839.0 -19167.0 
-18944.0 -19060.0 
-19197.0 -18659.0 
-18826.0 -19168.0 
-18506.0 -19328.0 
-18604.0 -19298.0 
-19005.0 -18963.0 
-18968.0 -19005.0 
-19113.0 -18818.0 
-18915.0 -19080.0 
-19139.0 -18763.0 
-18694.0 -19235.0 
-18779.0 -19189.0 
-18774.0 -19206.0 
-19068.0 -18888.0 
-18950.0 -19057.0 
-19068.0 -18888.0 
-19142.0 -18733.0 
-19144.0 -18725.0 
-19041.0 -18927.0 
-19107.0 -18834.0 
-18636.0 -19281.0 
-19072.0 -18865.0 
-18958.0 -19031.0 
-19164.0 -18724.0 
-19193.0 -18666.0 
-18924.0 -19071.0 
-19101.0 -18837.0 
-18912.0 -19107.0 
-19197.0 -18659.0 
-18604.0 -19298.0 
-18758.0 -19214.0 
-19041.0 -18927.0 
-19030.0 -18940.0 
-18624.0 -19285.0 
-19101.0 -18837.0 
-19059.0 -18916.0 
-18924.0 -19071.0 
-18624.0 -19285.0 
-18851.0 -19139.0 
-19030.0 -18940.0 
-18958.0 -19031.0 
-18783.0 -19180.0 
-18826.0 -19168.0 
-18631.0 -19284.0 
-19074.0 -18864.0 
-19008.0 -18957.0 
-18786.0 -19178.0 
-18962.0 -19021.0 
-19005.0 -18963.0 
-19021.0 -18948.0 
-18839.0 -19167.0 
-18774.0 -19206.0 
-18967.0 -19013.0 
-18660.0 -19253.0 
-19021.0 -18948.0 
-18962.0 -19021.0 
-18915.0 -19080.0 
-18950.0 -19057.0 
-19113.0 -18818.0 
-19142.0 -18733.0 
-19010.0 -18952.0 
-19193.0 -18666.0 
-18967.0 -19013.0 
-19015.0 -18951.0 
-18968.0 -19005.0 
-19015.0 -18951.0 
-19169.0 -18721.0 
-18579.0 -19300.0 
-19010.0 -18952.0 
-18924.0 -19071.0 
-19005.0 -18963.0 
-19113.0 -18818.0 
