1.379840203569375348e-03
9.246623356428739860e-04
9.970068784895926364e-04
1.647913641614436476e-03
1.001204500479319125e-03
8.765421513435057727e-04
1.557759399637775920e-03
1.186263130956813003e-03
8.012743358515331477e-04
5.626933187751908833e-04
1.230032289246413540e-03
1.059853923414494966e-03
4.105329364814854225e-04
7.792914889650288295e-04
1.625417894853617299e-03
7.699285547130531792e-04
1.228194151763372212e-03
1.950617525414991872e-03
8.594318468865447432e-04
1.496083566666248695e-03
9.772114646584358251e-04
1.337459597212476564e-03
1.799614751727158330e-03
8.106147034960774472e-04
1.328106245692344412e-03
7.459111396647044243e-04
9.121436256419233847e-04
1.391260446207920939e-03
1.470584734442370025e-03
9.569771631251947986e-04
1.001959646228938600e-03
