-18312.0 -19442.0 
-19250.0 -18507.0 
-18312.0 -19442.0 
-19250.0 -18507.0 
-18355.0 -19406.0 
-18418.0 -19392.0 
-18474.0 -19379.0 
-18720.0 -19190.0 
-18622.0 -19275.0 
-18813.0 -19118.0 
-19166.0 -18674.0 
-19230.0 -18557.0 
-19113.0 -18722.0 
-18781.0 -19127.0 
-18938.0 -18962.0 
-18889.0 -19026.0 
-18686.0 -19215.0 
-19114.0 -18688.0 
-18422.0 -19386.0 
-18355.0 -19406.0 
-18820.0 -19078.0 
-19203.0 -18608.0 
-18865.0 -19029.0 
-18739.0 -19167.0 
-18959.0 -18950.0 
-18571.0 -19293.0 
-18555.0 -19297.0 
-18665.0 -19237.0 
-18771.0 -19143.0 
-19051.0 -18814.0 
-18627.0 -19245.0 
-19090.0 -18784.0 
-19174.0 -18631.0 
-19105.0 -18746.0 
-18739.0 -19167.0 
-18961.0 -18917.0 
-18840.0 -19046.0 
-19077.0 -18799.0 
-18895.0 -18995.0 
-18836.0 -19070.0 
-18541.0 -19321.0 
-19026.0 -18835.0 
-19051.0 -18814.0 
-18997.0 -18887.0 
-19100.0 -18752.0 
-18968.0 -18908.0 
-19212.0 -18563.0 
-18700.0 -19211.0 
-18923.0 -18980.0 
-18485.0 -19347.0 
-18771.0 -19143.0 
-18487.0 -19335.0 
-19178.0 -18609.0 
-19206.0 -18581.0 
-19011.0 -18872.0 
-18997.0 -18887.0 
-18906.0 -18988.0 
-18525.0 -19329.0 
-19021.0 -18862.0 
-19006.0 -18878.0 
-18637.0 -19244.0 
-18852.0 -19045.0 
-19077.0 -18799.0 
-18665.0 -19237.0 
-19140.0 -18679.0 
-19175.0 -18614.0 
-19230.0 -18557.0 
-18503.0 -19331.0 
-19174.0 -18631.0 
-19090.0 -18784.0 
-18700.0 -19211.0 
-18968.0 -18908.0 
-19026.0 -18835.0 
-19024.0 -18850.0 
-18622.0 -19275.0 
-18485.0 -19347.0 
-18923.0 -18980.0 
-18571.0 -19293.0 
-18541.0 -19321.0 
-19206.0 -18581.0 
-18567.0 -19296.0 
-19129.0 -18680.0 
-18904.0 -18991.0 
-18474.0 -19379.0 
-18525.0 -19329.0 
-18503.0 -19331.0 
-18637.0 -19244.0 
-18813.0 -19118.0 
-18966.0 -18916.0 
-19100.0 -18752.0 
-19140.0 -18679.0 
-19129.0 -18680.0 
-19022.0 -18854.0 
-18820.0 -19078.0 
-18959.0 -18950.0 
-18852.0 -19045.0 
-19166.0 -18674.0 
-18836.0 -19070.0 
-19212.0 -18563.0 
-18422.0 -19386.0 
