0.6422491783989323 5.911600512532938 
0.3469252056595026 5.953980250618845 
0.6580427625157355 5.907519499220018 
0.597184832163867 5.914861993171091 
0.6777574525592761 5.8976926702861965 
0.3230201704730924 5.957139519312758 
0.6530239335201611 5.908249840828182 
0.5757733491378445 5.924975164084282 
0.5129003515377855 5.936307537702605 
0.8317342556885339 5.858673589181839 
0.23958297417495283 5.9706516605003666 
0.6618290663426978 5.907309619267039 
0.7611475693303117 5.877337991184381 
0.8439421024185294 5.8548967741055336 
0.5033749978421111 5.93681075034925 
0.4550307975094323 5.94000277797109 
0.6657624555214366 5.905976624487327 
0.8724930873222638 5.846616084731201 
0.7894094512998511 5.876183774014257 
0.006927904568795773 5.974803145000577 
0.6529134784625833 5.909101701430965 
0.2283767876576182 5.97153099521996 
0.3331519290748375 5.955758096170106 
0.7250425484360531 5.885998024248731 
0.7958115631154515 5.868538186959017 
0.811806438844739 5.864468004919286 
0.6510729453963872 5.909256947990749 
0.7200178564804461 5.887533504849017 
0.4520858117826496 5.940320951352227 
0.864555583150453 5.849224655127482 
0.5918670331312381 5.915952270164945 
0.5746195257476839 5.928470689817283 
0.3406431305104852 5.954827641685578 
0.8627666329489141 5.849728715323792 
0.21742683555258668 5.972594846188507 
0.4076945710208797 5.94610853454589 
0.9187868198792479 5.832841809639078 
0.3143383093146268 5.958061735596717 
0.0 5.980329075673889 
0.36496995724213066 5.952372061361955 
0.43904409870597416 5.942206591522539 
0.7994028584148736 5.867400771508666 
0.6676055957568854 5.905168445064232 
0.9666912345908834 5.808960531529194 
0.9094163140066142 5.836681490029896 
0.8947165845801497 5.840382874875292 
0.9352250677009908 5.822468770351765 
0.6435924631728202 5.9114458571200625 
0.9046211727087918 5.837823057644775 
0.19999698490846235 5.973646700927902 
0.7624047286065729 5.8763488349579855 
0.4701131945515041 5.9376626166421875 
0.4050477786805041 5.9464717084476595 
0.3634567820333008 5.9533634980707335 
0.8746666956999504 5.846108516767734 
0.7977417893937543 5.8683362444013465 
0.3230201704730924 5.957139519312758 
0.6580427625157355 5.907519499220018 
0.3111558145648524 5.964079012468638 
0.22012532244075111 5.971957486450849 
0.7262601959576819 5.885563832633757 
0.6574629153350997 5.907582752927821 
0.24920152676842167 5.964235670852348 
0.7985046984355096 5.8678379845605075 
0.753286393106131 5.8793399919275595 
0.9654452771777519 5.818208763749537 
0.45664088837078626 5.9394380713122725 
0.6887103788568741 5.889540969146468 
0.9563213494505287 5.820794432551564 
0.3450825940779697 5.95451260571258 
0.600191339539737 5.913999210805083 
0.521016573351731 5.928930857573563 
0.0 5.980415925921443 
0.9843352369163929 5.811726333664351 
0.2516309112376639 5.964955252972036 
0.3406431305104852 5.954830777739493 
0.14875025748880827 5.976376462903154 
0.4076945710208797 5.946127185077956 
0.7982151801810181 5.8736238894429444 
0.811806438844739 5.864611042613666 
0.9046211727087918 5.837954288732512 
0.05645765411897269 5.977041416851008 
0.8439421024185294 5.85517878317814 
0.7053681999399319 5.890878007917812 
0.7608453270323035 5.882814247743868 
0.8724930873222638 5.847056293386346 
0.9385179937009304 5.832521630256613 
0.9654452771777519 5.818355945547681 
0.5918670331312381 5.916210411863028 
0.19999698490846235 5.973846181545963 
0.521016573351731 5.935411028146351 
0.45664088837078626 5.939534549189892 
0.6422491783989323 5.911679580015403 
0.6887103788568741 5.894760760068483 
0.6817600596865132 5.902604301290418 
0.5759451393683411 5.928471851890266 
0.4550307975094323 5.940053530605342 
0.7509135435831633 5.885781945312514 
0.025862812821248415 5.9803812245154635 
0.8627666329489141 5.849742598973408 
