1.064373913521053	0.0
6.51479931958063E-17	1.063947470261056
1.064373913521053	0.0
0.6163949599701433	0.8694892388120901
0.5916366547996599	0.8871799490210315
0.05143796067186739	1.0635616867986062
0.9942242964123063	0.38059733200060286
0.7075314004894673	0.7964757213793472
1.008423813906532	0.3434168363760551
0.8619509690106175	0.6267427287648019
1.0387790171442475	0.23249475828147123
0.9781712763290344	0.4227080420207123
0.4117952520159324	0.9826206229971044
0.9239797274639644	0.5293772071218736
0.9096789403480968	0.5578146140514916
0.8886743536624727	0.5862256433464255
0.566897434585384	0.9007136698849822
1.0636397206513988	0.03525650806892946
0.16531913604076712	1.0513079485042047
0.9888034892966004	0.4002178339882185
0.6842774096168065	0.8159318201212463
0.9443638572864594	0.495640466392357
0.6614785442168347	0.834925502764159
1.0459753486441874	0.20902330093056046
0.9318465969198537	0.5163056893406603
0.643616780671064	0.8499138963680222
0.7869012362643871	0.7210564668191455
0.9617945592737132	0.4569172029565986
0.9672963809454749	0.44359477165034067
1.018529417471766	0.31074158644452915
0.5541044064628123	0.9109689228095932
0.3889012786406913	0.9917257342401905
0.9000179282807333	0.5685860482757005
0.49469417119152415	0.9427517698566464
0.1993522200142352	1.0456042799795289
0.7368701644367698	0.7712293693924873
0.536385584393557	0.9201426652915229
0.8451499070147428	0.6486234634707848
1.059723572930844	0.11931977355459952
1.0479800683125735	0.18723226100952528
0.5093001481805743	0.9361380407997687
1.0627042558217803	0.05798205284838735
0.7691576538121301	0.7368266109422795
1.060589905276004	0.08612268960313021
0.5245555049792442	0.9280212667710265
1.0116487072934972	0.3301537415901771
0.7947966900333305	0.7092795736309135
0.6780466165637444	0.8227639293123699
0.8187894697958689	0.683722497145988
0.08842845818473707	1.060825189098633
0.07671736086570569	1.0620432799333006
0.13541744020895174	1.0559194452117442
0.8759118990109181	0.6065458198876585
0.23564530071140025	1.0388893496001996
1.033264052967572	0.26289539489079644
1.026974628333949	0.2867602451392892
0.36223949844702336	1.0008119553081867
0.3761085015534439	0.9965779581212242
0.8277349824531766	0.6735598966853517
1.051627812298585	0.16977748110241536
0.7465502142828646	0.7590584057832869
0.4766086802445683	0.9523530533813036
0.8366792949318008	0.6659614584073746
0.14895244014927614	1.0545755756000115
0.22296056928193592	1.041657793427338
1.0573385260192625	0.12905720409905275
0.47245849635708914	0.9551396817415261
0.8737593862435412	0.6102999657072952
0.755235141101162	0.7542493371644974
0.6467042849597897	0.8464060526435804
1.0242114172511871	0.29223204731033003
1.0546675499800597	0.14870821180501037
0.7646914209375485	0.7431815091773112
0.43369222021826226	0.9720914013430908
0.30021949311348056	1.0223141403876195
0.25877468876906723	1.0338923981312682
1.0616256162345026	0.07767699266011073
1.0327729592479116	0.26414661903807385
0.43369222021826226	0.9720914013430908
0.27855329139959484	1.028023608554171
0.3422319800264179	1.0085018663619087
0.9509203681319953	0.47982815835879
0.7226195255902096	0.7857941943722948
0.7235750332812557	0.7830935881945948
0.45375237743028085	0.9638693889156718
0.3216267278587508	1.0161034855713234
0.80471681400893	0.6970638113225757
0.32733886961146685	1.0135091326854695
0.2544939416611596	1.0342538828409815
0.34975878945314687	1.0061622948245912
0.30558233733202045	1.0203181183712127
0.20694688369580322	1.0446882270575248
0.8076319754756782	0.6936538967868698
0.28166689000658734	1.0267035458886948
0.11377074797154543	1.0593287087988732
0.45375237743028085	0.9638693889156718
0.9509203681319953	0.47982815835879
0.8417154694862429	0.6530056676372664
0.1138817621242415	1.058932886293298
1.0526259274575926	0.15626105063043597
