0.3786357944393378	3.4095599548186137
0.9943925571445222	2.7088542196812506
0.7285059813692019	2.9693715902364426
0.3220052319067118	3.7141934413503863
0.31748452089524337	3.5601255571557084
0.38023703479250104	3.6270905687687294
0.6838279803204299	3.0265165267244343
0.7240054020678236	2.981600361244817
0.9109270939801736	2.7741142984261606
0.3476083138339432	3.700528616357419
0.17083277087463455	3.98671263511563
0.20905864472140478	3.8743310860615665
0.8577651857709939	2.803960312929361
0.5630182961316498	3.2984733433542366
0.5369174309304177	3.31460100510827
0.7142281536267411	3.119148424599981
0.23142667463614974	3.903642612894752
0.9229801849581102	2.8804098778273253
0.43911718926023213	3.379145937243732
0.9397615646901141	2.8015937028414775
0.5721519355446285	3.3412437169773046
0.851677368859095	2.88062153453849
0.8084946510407297	2.8550948045775866
0.8543089132410481	2.9862289063186975
0.2872875067018641	3.6548378391354452
0.819356251926085	3.0208123063613113
0.02297828892995013	4.4127938018515716
0.8730868335754017	2.873251912444374
0.273262847627467	3.802519893904641
0.8410213342325159	2.922047121131598
0.29287258632681845	3.824374261385786
0.28564757560923804	3.640688757838216
0.9247370471870525	2.748385210421701
0.6280373810926132	3.05582300799212
0.6877312164638588	3.2554351517089426
0.9267529254687001	2.8682779771584506
0.9895592803472234	2.7035371570544893
0.7352554808469365	3.113257708841888
0.7452796965456987	3.1998508431929418
0.10722200775486468	4.218549656048422
0.837108936728548	2.9516037063778575
0.34522992306678446	3.580726158341529
0.6550427158210014	3.15924780628277
0.5143593770406155	3.032445350245233
0.1768242225717921	4.003833831866264
0.37912475060500095	3.6397296286500396
0.26739008774967177	3.7920713877558354
0.8958900753534775	2.8086293383734757
0.20467473139411985	3.9670491712646796
0.5895730693052389	3.0237591796359604
0.16813331871259118	4.1323619648800705
0.21000583028325115	3.6986669415721316
0.4393894773709409	3.406889650457765
0.6021485406092334	3.1116838905516744
0.07590933802545974	4.151421893358119
0.8600390806270364	2.9750863846262234
0.7043601786653688	2.9236904633038185
0.1690012914414981	4.052242550793327
0.3749523015334031	3.6339513802832095
0.6154596945921845	3.265566855067716
0.9231172290640516	2.8012346972611555
0.3348510656998144	3.4447892758131338
0.9049043110677051	2.752346211597461
0.7529987441992644	2.977894853653226
0.8121176630606062	2.9040464478990056
0.4618701075871594	3.54770812791171
0.8475429674013643	2.854357229941469
0.09491676020381301	4.209374720241688
0.17150214332713953	3.8353795895114757
0.8152030164604064	2.954639267246753
0.42520007192533116	3.54033302279889
0.8479011964138804	2.74145006886161
0.3773804793662553	3.5040720367153018
0.09173416718954575	4.2294512616490305
0.7380529050938807	3.0389326940031687
0.8856197206731153	3.071188908783746
0.06413791306170946	4.536633462684995
0.04291584490332967	4.402924454674148
0.56150972159476	3.32839518703125
0.8734631367428628	2.9023635771585568
0.7493991153422394	2.9907684957986174
0.3229532154242889	3.5932027164912346
0.5088852148466969	3.174309843853398
0.48364308699213077	3.3417515029159364
0.8080496823194722	2.9345007340293923
0.8299856722541226	2.9409699709623127
0.9400385019818807	2.6437406295978882
0.1717666945050601	3.9443737121172298
0.5232300181278321	3.456236738172327
0.35023047698248433	3.6580662015572813
0.6700943597113151	3.1156569504097593
0.8109960703434055	2.9149391326977967
0.9277298607875126	2.6202861791162078
0.7605909506770641	2.767830697576297
0.8588145580494082	2.8516136849770426
0.8601941309779244	3.024259670888909
0.02650881385543069	4.491278867944225
0.27462439421592466	3.730735907844507
0.28935229559451436	3.6440614732269156
0.5178611257064021	3.202812476257971
