1	0.6891700213942871
2	0.6890434230712964
3	0.6851707428963127
4	0.6851707428963127
5	0.6851707428963127
6	0.6839991672223387
7	0.6818720428354064
8	0.6818720428354064
9	0.6802154925226482
10	0.6802154925226482
11	0.6791590836358793
12	0.6791590836358793
13	0.6779330472865432
14	0.6779330472865432
15	0.6779330472865432
16	0.6778439402868012
17	0.6778439402868012
18	0.6777427100141103
19	0.6771032302654971
20	0.6771032302654971
21	0.6771032302654971
22	0.6768794530850117
23	0.6752758410837468
24	0.6752758410837468
25	0.6734115129310866
26	0.6734115129310866
27	0.6734115129310866
28	0.6734115129310866
29	0.6734115129310866
30	0.6734115129310866
31	0.6734115129310866
32	0.6721084715799335
33	0.6716061727090034
34	0.6716061727090034
35	0.6716061727090034
36	0.6715855963860468
37	0.6715855963860468
38	0.6715855963860468
39	0.6701966464995844
40	0.6701966464995844
41	0.6701966464995844
42	0.6694687491481917
43	0.6694687491481917
44	0.6694687491481917
45	0.6694687491481917
46	0.6694687491481917
47	0.6694687491481917
48	0.6694687491481917
49	0.6694687491481917
50	0.6683626261670499
51	0.6683626261670499
52	0.6672082998454953
53	0.6672082998454953
54	0.6672082998454953
55	0.666747859089882
56	0.666747859089882
57	0.666747859089882
58	0.6653183790845447
59	0.6653183790845447
60	0.6653183790845447
61	0.6644692710198717
62	0.6644692710198717
63	0.6641105194192957
64	0.6641105194192957
65	0.6639156294485811
66	0.6639156294485811
67	0.6611846761511703
68	0.6596297443678707
69	0.6596297443678707
70	0.6596297443678707
71	0.6585109329107706
72	0.6585109329107706
73	0.6585109329107706
74	0.6585109329107706
75	0.6585109329107706
76	0.6585109329107706
77	0.6585109329107706
78	0.6585109329107706
79	0.6583480446003217
80	0.6583480446003217
81	0.6583480446003217
82	0.6583480446003217
83	0.6563344740296825
84	0.6563344740296825
85	0.6563344740296825
86	0.6563344740296825
87	0.6563344740296825
88	0.6563344740296825
89	0.6561143164131157
90	0.6561143164131157
91	0.6561143164131157
92	0.6561143164131157
93	0.6548471279292278
94	0.6548471279292278
95	0.6548471279292278
96	0.6548471279292278
97	0.6548471279292278
98	0.6548471279292278
99	0.6548471279292278
100	0.6548471279292278
101	0.6548471279292278
102	0.6548471279292278
103	0.6548471279292278
104	0.6548471279292278
105	0.652933276874841
106	0.652933276874841
107	0.652933276874841
108	0.652933276874841
109	0.6524355030579887
110	0.6524355030579887
111	0.6524355030579887
112	0.6524355030579887
113	0.6524355030579887
114	0.6524355030579887
115	0.6524355030579887
116	0.6524355030579887
117	0.6524106124544947
118	0.6524106124544947
119	0.6524106124544947
120	0.6521017747361751
121	0.6521017747361751
122	0.6521017747361751
123	0.6515015023261037
124	0.6514230637815926
125	0.6514230637815926
126	0.6514230637815926
127	0.6511280031394633
128	0.6511280031394633
129	0.6511280031394633
130	0.6511280031394633
131	0.6511280031394633
132	0.6511280031394633
133	0.6511280031394633
134	0.6511280031394633
135	0.6504812438856947
136	0.6504812438856947
137	0.6504812438856947
138	0.6504812438856947
139	0.6504812438856947
140	0.6504812438856947
141	0.6504812438856947
142	0.6504812438856947
143	0.6504812438856947
144	0.6504812438856947
145	0.6504812438856947
146	0.6500304657130926
147	0.6498745457330898
148	0.6498745457330898
149	0.6498745457330898
150	0.6498745457330898
151	0.6498745457330898
152	0.6498745457330898
153	0.6496721019977367
154	0.6486104151125468
155	0.6486104151125468
156	0.6486104151125468
157	0.6486104151125468
158	0.6486104151125468
159	0.6486104151125468
160	0.6481705577413087
161	0.6481705577413087
162	0.6481705577413087
163	0.6481705577413087
164	0.6480927494401233
165	0.6476174342256649
166	0.6476174342256649
167	0.6476174342256649
168	0.6475160447641211
169	0.6475160447641211
170	0.6475160447641211
171	0.6475100128573924
172	0.6475100128573924
173	0.6475100128573924
174	0.6474987713356374
175	0.6474987713356374
176	0.6474987713356374
177	0.6474987713356374
178	0.6471364919737592
179	0.6466261440657272
180	0.6466261440657272
181	0.6466261440657272
182	0.6466261440657272
183	0.6466261440657272
184	0.6464697584893717
185	0.6464697584893717
186	0.6464697584893717
187	0.6463808595949887
188	0.6463808595949887
189	0.6463808595949887
190	0.6463808595949887
191	0.6461647196556588
192	0.6461647196556588
193	0.6461647196556588
194	0.6460804077699972
195	0.6460804077699972
196	0.6460804077699972
197	0.6460710831197294
198	0.645887200549881
199	0.645887200549881
200	0.645887200549881
201	0.645887200549881
202	0.6457225477592314
203	0.6456755896067108
204	0.6456687346212492
205	0.6456687346212492
206	0.6454965911470923
207	0.6454965911470923
208	0.6453826800489069
209	0.6453826800489069
210	0.6453826800489069
211	0.6453165003228419
212	0.6453165003228419
213	0.6453114348416812
214	0.6453114348416812
215	0.6452595421951672
216	0.6452145263951399
217	0.6452145263951399
218	0.6451893071637761
219	0.6451296387954745
220	0.6450220873000281
221	0.6450220873000281
222	0.6450220873000281
223	0.6449394965260948
224	0.6449394965260948
225	0.6449394965260948
226	0.6448935699724336
227	0.6447689033845007
228	0.6447689033845007
229	0.6447689033845007
230	0.6447689033845007
231	0.6447682054895096
232	0.6447682054895096
233	0.6447682054895096
234	0.6447423350491762
235	0.6447046496587534
236	0.6445605264033153
237	0.6445605264033153
238	0.6445605264033153
239	0.6445605264033153
240	0.6445390133219984
241	0.6445390133219984
242	0.6445390133219984
243	0.6445390133219984
244	0.6445390133219984
245	0.6445147879341139
246	0.6445147879341139
247	0.6445147879341139
248	0.6445147879341139
249	0.644442669182571
250	0.6444196731140105
251	0.6444196731140105
252	0.6444196731140105
253	0.6444031745855429
254	0.6444031745855429
255	0.6443471884255915
256	0.6442911663447707
257	0.6442911663447707
258	0.6442911663447707
259	0.6442911663447707
260	0.6442657003613217
261	0.6441900714963641
262	0.6441900714963641
263	0.6441900714963641
264	0.6441900714963641
265	0.6441900714963641
266	0.6441754410197461
267	0.6441754410197461
268	0.6441754410197461
269	0.6441754410197461
270	0.6441754410197461
271	0.6441350499727871
272	0.6441350499727871
273	0.6441078562452344
274	0.6441078562452344
275	0.6440918568971045
276	0.6440794141457501
277	0.6440794141457501
278	0.6440750190701302
279	0.644048039042495
280	0.644048039042495
281	0.6440331381135017
282	0.6440102279381997
283	0.6440102279381997
284	0.6439814982716303
285	0.6439697548366322
286	0.6439697548366322
287	0.6439697548366322
288	0.6439650583508111
289	0.6439650583508111
290	0.6439650583508111
291	0.6439546921503717
292	0.6439546921503717
293	0.6439546921503717
294	0.6439466475120107
295	0.6439466475120107
296	0.6439429527257601
297	0.6438442222887503
298	0.6438440586021636
299	0.6438437415016773
300	0.6438435338492147
301	0.6438428191955964
302	0.6438411828992747
303	0.6438394445109742
304	0.6438394445109742
305	0.6438361263567574
306	0.6438276392404007
307	0.6437971694982235
308	0.6437971694982235
309	0.6437956517578071
310	0.6437956517578071
311	0.6437956517578071
312	0.6437956517578071
313	0.6437860072919318
314	0.643781346746064
315	0.643781346746064
316	0.6438399021459293
317	0.6437853096418631
318	0.6437853096418631
319	0.6437853096418631
320	0.6437853096418631
321	0.6437853096418631
322	0.6437853096418631
323	0.6437853096418631
324	0.6437853096418631
325	0.6437853096418631
326	0.6437851969006386
327	0.6437851969006386
328	0.6437745136048931
329	0.6437849390560602
330	0.6437712097087066
331	0.6437698920475221
332	0.6437698920475221
333	0.6437575502844869
334	0.6437575502844869
335	0.6437555245756259
336	0.6437555245756259
337	0.6437189330210167
338	0.6437189330210167
339	0.6437176478180827
340	0.6437451075516528
341	0.6437451075516528
342	0.6437349230842183
343	0.6437349230842183
344	0.6437134356276132
345	0.6437134356276132
346	0.6437134356276132
347	0.6437134356276132
348	0.6437134356276132
349	0.6437134356276132
350	0.6437134356276132
351	0.6437134356276132
352	0.6437134356276132
353	0.6437071188372987
354	0.6437071188372987
355	0.6437071188372987
356	0.6437071188372987
357	0.6437071188372987
358	0.643706454595567
359	0.643706454595567
360	0.6437027194490409
361	0.6437027194490409
362	0.6436897347629126
363	0.6436871737833008
364	0.6436835096790252
365	0.6436547081303942
366	0.6436547081303942
367	0.6436547081303942
368	0.6436546369729921
369	0.6436023678634012
370	0.6435943908714129
371	0.6435943908714129
372	0.6435943908714129
373	0.6435911863567597
374	0.6435656264014354
375	0.643558357923075
376	0.643558357923075
377	0.643558357923075
378	0.6435571579764264
379	0.6435723593329116
380	0.643571665719055
381	0.6435602414255582
382	0.6435566368782671
383	0.6435566368782671
384	0.6435566368782671
385	0.6435566275541782
386	0.6435566275541782
387	0.6435530866937441
388	0.6435508156454632
389	0.6435508015412191
390	0.6435419428780847
391	0.6435443616205457
392	0.6435270897678879
393	0.6435265120470206
394	0.6435259251677425
395	0.6435252830732829
396	0.6435249581387045
397	0.6435231992858436
398	0.6435231267814219
399	0.6435120696485516
400	0.6435120316413013
401	0.6435177223375985
402	0.6435177223375985
403	0.6435153330985102
404	0.6435114732986559
405	0.6435112490161368
406	0.6434724908053745
407	0.6434724908053745
408	0.6434700585518237
409	0.6434978676001436
410	0.6434978676001436
411	0.6434971118623529
412	0.6434971118623529
413	0.6434960381282723
414	0.6434960381282723
415	0.6434924806210551
416	0.6434924806210551
417	0.6434924806210551
418	0.6434924806210551
419	0.6434779878850321
420	0.6434779878850321
421	0.643453679515499
422	0.6434516798842738
423	0.6434515191281267
424	0.6434515191281267
425	0.6434515191281267
426	0.6434513725431847
427	0.6434506274479308
428	0.6434506274479308
429	0.6434503399598456
430	0.6434503399598456
431	0.6434497061701904
432	0.6434497061701904
433	0.6434497061701904
434	0.6434605353029434
435	0.6434522844995395
436	0.6434492862201732
437	0.6434486216185205
438	0.6434480640714196
439	0.6434479262896226
440	0.6434479262896226
441	0.6434010555565218
442	0.6434005571646576
443	0.6434005282811174
444	0.6434001155827329
445	0.643398614190739
446	0.6433894243527494
447	0.6433894243527494
448	0.6433894243527494
449	0.6433894243527494
450	0.6433893775384553
451	0.6433780509432531
452	0.6433780509432531
453	0.6433780509432531
454	0.6433780509432531
455	0.6433780509432531
456	0.6433780509432531
457	0.6433780509432531
458	0.6433780509432531
459	0.6433780135124139
460	0.6433776433777996
461	0.6433772824195453
462	0.6433684276703716
463	0.6433684276703716
464	0.6433658174127231
465	0.6433658174127231
466	0.6433394675872932
467	0.6433394675872932
468	0.6433394641267772
469	0.6433394641267772
470	0.6433394641267772
471	0.6433382321023168
472	0.6433357099795567
473	0.643331205381335
474	0.643331205381335
475	0.6433292404522131
476	0.6433292205082777
477	0.6433287935584968
478	0.6433284114442039
479	0.6433284114442039
480	0.6433284114442039
481	0.6433284114442039
482	0.6433284114442039
483	0.6433278850216279
484	0.6433282959287037
485	0.6433282959287037
486	0.6433232077937675
487	0.6433232077937675
488	0.6433232077937675
489	0.6433170938091813
490	0.6433170938091813
491	0.6433170938091813
492	0.6433081350605918
493	0.6433065366819392
494	0.6433065366819392
495	0.6433065366819392
496	0.6433065366819392
497	0.6433065366819392
498	0.6433065366819392
499	0.6433048011075424
500	0.6433047973449662
501	0.6433047973449662
502	0.6433023487088092
503	0.6433023487088092
504	0.6433023487088092
505	0.6433022748962971
506	0.643300595310182
507	0.643300595310182
508	0.643300595310182
509	0.6432838117203817
510	0.643282251882497
511	0.643282251882497
512	0.6432808927037222
513	0.6432729878292379
514	0.643252716481492
515	0.6432465573498408
516	0.6432465573498408
517	0.6432465573498408
518	0.6432375097190363
519	0.6432353861414452
520	0.6432332791733462
521	0.6432332791733462
522	0.6432332791733462
523	0.6432332791733462
524	0.6432332791733462
525	0.6432332791733462
526	0.6432332791733462
527	0.643230498530145
528	0.643230498530145
529	0.643166989526419
530	0.6431643223199857
531	0.6431643223199857
532	0.6431553799735922
533	0.6431553778100728
534	0.6431524629270348
535	0.6431228959896107
536	0.6431228959896107
537	0.6431228959896107
538	0.6431228959896107
539	0.6431195653412929
540	0.6431195653412929
541	0.6431195653412929
542	0.6431195653412929
543	0.6431195653412929
544	0.6431195653412929
545	0.6431195653412929
546	0.6431099791341347
547	0.6431099791341347
548	0.6431052643939237
549	0.6430793334215684
550	0.6430793334215684
551	0.6430793334215684
552	0.6430793334215684
553	0.6430793334215684
554	0.6430793334215684
555	0.6430793334215684
556	0.6430793334215684
557	0.6430782644437856
558	0.6430782644437856
559	0.6430782644437856
560	0.6430782644437856
561	0.6430782644437856
562	0.6430782644437856
563	0.6430782644437856
564	0.6430782644437856
565	0.6430782644437856
566	0.6430782644437856
567	0.6430782644437856
568	0.6430782644437856
569	0.6430782644437856
570	0.6430782489511504
571	0.6430754298323282
572	0.6430754298323282
573	0.6430754298323282
574	0.6430457763723328
575	0.6430457763723328
576	0.6429884772944822
577	0.6429884772944822
578	0.6429884772944822
579	0.6429884772944822
580	0.6429883587715716
581	0.6429713681998038
582	0.6429713681998038
583	0.6429713681998038
584	0.6429713681998038
585	0.6429713681998038
586	0.6429713681998038
587	0.642966102239244
588	0.6429635203089832
589	0.6429635203089832
590	0.6429635203089832
591	0.6429615814583689
592	0.6429615814583689
593	0.6429615814583689
594	0.6429615814583689
595	0.6429615814583689
596	0.6429615814583689
597	0.6429615814583689
598	0.6429615814583689
599	0.6429615814583689
600	0.6429615814583689
601	0.642959800419571
602	0.642959800419571
603	0.6429423020409343
604	0.6429380524085495
605	0.6429380524085495
606	0.6429380524085495
607	0.6429380524085495
608	0.6429380524085495
609	0.6429380524085495
610	0.6429380524085495
611	0.6429380524085495
612	0.6429380524085495
613	0.6429380524085495
614	0.6429380524085495
615	0.6429380524085495
616	0.6429380524085495
617	0.6429380524085495
618	0.6429380524085495
619	0.6428993951514219
620	0.6428993951514219
621	0.6428993951514219
622	0.6428993951514219
623	0.642895234482949
624	0.642895234482949
625	0.642895234482949
626	0.6428912288882952
627	0.6428912288882952
628	0.6428890842010622
629	0.6428887906540608
630	0.6428887906540608
631	0.6428887906540608
632	0.642888779139442
633	0.642888779139442
634	0.642888779139442
635	0.642888779139442
636	0.6428883824173737
637	0.6428883824173737
638	0.6428883824173737
639	0.6428883824173737
640	0.6428870041645663
641	0.6428811226253354
642	0.6428811226253354
643	0.6428811224411418
644	0.6428699353126676
645	0.6428699353126676
646	0.6428699353126676
647	0.6428699353126676
648	0.6428699353126676
649	0.6428699353126676
650	0.6428699353126676
651	0.6428699353126676
652	0.6428699353126676
653	0.6428699353126676
654	0.6428699353126676
655	0.6428699353126676
656	0.6428699353126676
657	0.6428699353126676
658	0.6428699353126676
659	0.6428699353126676
660	0.6428699353126676
661	0.6428699353126676
662	0.6427941042129193
663	0.6427884400386022
664	0.6427884101674795
665	0.6427884101674795
666	0.6427884101674795
667	0.6427884101674795
668	0.6427884101674795
669	0.6427884101674795
670	0.6427884101674795
671	0.6427884101674795
672	0.6427884101674795
673	0.6427884101674795
674	0.6427884101674795
675	0.6427884101674795
676	0.6427879918318338
677	0.6427879918318338
678	0.6427879918318338
679	0.6427879918318338
680	0.6427879664920856
681	0.6427879664920856
682	0.6427879664920856
683	0.6427879664920856
684	0.6427835659254003
685	0.6427822442583615
686	0.6427822442583615
687	0.6427822442583615
688	0.6427822442583615
689	0.6427622066714909
690	0.6427622066714909
691	0.6427107912378329
692	0.6427107912378329
693	0.6427107912378329
694	0.6427102971034644
695	0.6427102971034644
696	0.6427102971034644
697	0.6427051625685597
698	0.6427051625685597
699	0.6427051625685597
700	0.6426386628327052
701	0.6426386628327052
702	0.6426386628327052
703	0.6426386628327052
704	0.6426386628327052
705	0.6426386628327052
706	0.6426386628327052
707	0.6426386628327052
708	0.6426386628327052
709	0.6426378747742955
710	0.6426378747742955
711	0.6426378747742955
712	0.6426378747742955
713	0.6426378747742955
714	0.6426378747742955
715	0.6426287031837388
716	0.6426287031837388
717	0.6426287031837388
718	0.6426287031837388
719	0.6426287031837388
720	0.6426287031837388
721	0.6426286388558359
722	0.6426286388558359
723	0.6426286388558359
724	0.6426286388558359
725	0.6426286388558359
726	0.6426286388558359
727	0.6426286388558359
728	0.6426286388558359
729	0.6426286388558359
730	0.6426287031837388
731	0.6426287031837388
732	0.6426262287097417
733	0.6426262287097417
734	0.6426262287097417
735	0.6426262287097417
736	0.6426262287097417
737	0.6426262287097417
738	0.6426262287097417
739	0.6426262287097417
740	0.6426262287097417
741	0.6426262287097417
742	0.6426262287097417
743	0.6426262287097417
744	0.6426262287097417
745	0.64262080765584
746	0.64262080765584
747	0.64262080765584
748	0.64262080765584
749	0.64262080765584
750	0.6426207734322391
751	0.6426101084956649
752	0.6426101084956649
753	0.6426101084956649
754	0.6426101084956649
755	0.6426101084956649
756	0.6426101084956649
757	0.6426101084956649
758	0.6426101084956649
759	0.6426101084956649
760	0.6426101084956649
761	0.6426101084956649
762	0.6426086817749217
763	0.6426086817749217
764	0.6426086817749217
765	0.6425995146457726
766	0.6425995146457726
767	0.6425995146457726
768	0.6425995146457726
769	0.6425995146457726
770	0.6425995146457726
771	0.6425995146457726
772	0.6425995146457726
773	0.6425995146457726
774	0.642591003662688
775	0.642591003662688
776	0.642591003662688
777	0.642591003662688
778	0.642591003662688
779	0.642591003662688
780	0.642591003662688
781	0.642591003662688
782	0.642591003662688
783	0.6425907766543262
784	0.6425907766543262
785	0.6425898961073091
786	0.6425898961073091
787	0.6425898961073091
788	0.6425898961073091
789	0.6425898961073091
790	0.6425896274562004
791	0.6425895347736859
792	0.6425895347736859
793	0.6425895347736859
794	0.6425852352891658
795	0.6425852352891658
796	0.6425694042131775
797	0.6425694042131775
798	0.6425694042131775
799	0.6425694042131775
800	0.6425694042131775
801	0.6425694042131775
802	0.6425690818178065
803	0.6425690818178065
804	0.6425690135182629
805	0.6425689368493631
806	0.6425689368493631
807	0.6425670875381426
808	0.6425670875381426
809	0.6425670875381426
810	0.6425670875381426
811	0.6425640657774503
812	0.6425640657774503
813	0.6425640657774503
814	0.6425640657774503
815	0.6425640657774503
816	0.6425640657774503
817	0.6425640657774503
818	0.6425392073223875
819	0.6425392073223875
820	0.6425392073223875
821	0.6425392073223875
822	0.642481858851559
823	0.642481858851559
824	0.642481858851559
825	0.642481858851559
826	0.642481858851559
827	0.642481858851559
828	0.642481858851559
829	0.642481858851559
830	0.642481858851559
831	0.642481858851559
832	0.6424815886648785
833	0.6424815886648785
834	0.6424283183189646
835	0.6424283183189646
836	0.6424180961125151
837	0.6424183769652064
838	0.6424183769652064
839	0.6424183769652064
840	0.6424183769652064
841	0.6424183769652064
842	0.6424183769652064
843	0.6424162649169392
844	0.6424162649169392
845	0.6424162649169392
846	0.6424162649169392
847	0.6424159840936217
848	0.6424159840936217
849	0.6424159840936217
850	0.6424159840936217
851	0.6424159840936217
852	0.6424159840936217
853	0.6424159840936217
854	0.6424159840936217
855	0.6424159840936217
856	0.6424159840936217
857	0.6424141847258743
858	0.6424141847258743
859	0.6424141847258743
860	0.6424141847258743
861	0.6424141687883475
862	0.6424140271945906
863	0.6424140271945906
864	0.6424140271945906
865	0.6424140271945906
866	0.6423971963894405
867	0.6423969581903805
868	0.6423969581903805
869	0.6423969581903805
870	0.6423969581903805
871	0.6423969581903805
872	0.6423969581903805
873	0.6423908785107669
874	0.6423908785107669
875	0.6423908785107669
876	0.6423908785107669
877	0.6423780888503945
878	0.6423780888503945
879	0.6423780888503945
880	0.6423780888503945
881	0.6423780888503945
882	0.6423780888503945
883	0.6423780888503945
884	0.6423780888503945
885	0.6423676010198041
886	0.6423649690238328
887	0.6423649690238328
888	0.6423291977759995
889	0.642326938923126
890	0.642326938923126
891	0.642326938923126
892	0.642326938923126
893	0.642326938923126
894	0.642326938923126
895	0.642326938923126
896	0.6423257723555754
897	0.6423257723555754
898	0.6423257723555754
899	0.6423257723555754
900	0.6423257723555754
901	0.6423257723555754
902	0.6422752612946722
903	0.6422752612946722
904	0.6422752612946722
905	0.6422752612946722
906	0.6422752612946722
907	0.6422590272644404
908	0.6422150135858389
909	0.6422150135858389
910	0.6422150135858389
911	0.6422150135858389
912	0.6422150135858389
913	0.6422150135858389
914	0.6422150135858389
915	0.6422150135858389
916	0.6422150135858389
917	0.6422150135858389
918	0.6422150135858389
919	0.6422069427664571
920	0.6422069427664571
921	0.6422069427664571
922	0.6422069427664571
923	0.6422069427664571
924	0.6422069427664571
925	0.6422069427664571
926	0.6422069427664571
927	0.6422069427664571
928	0.6422069427664571
929	0.6422069427664571
930	0.6422069040845898
931	0.6422069040845898
932	0.6422069040845898
933	0.6422069040845898
934	0.6422069040845898
935	0.6422069040845898
936	0.6421983919581684
937	0.6421983919581684
938	0.6421983919581684
939	0.6421983919581684
940	0.6421983919581684
941	0.6421983919581684
942	0.6421983919581684
943	0.6421983919581684
944	0.6421983919581684
945	0.6421983919581684
946	0.6421983919581684
947	0.6421983919581684
948	0.6421983919581684
949	0.6421983919042297
950	0.6421983919042297
951	0.6421983919042297
952	0.6421983919042297
953	0.6421983919042297
954	0.6421256541510372
955	0.6421256541510372
956	0.6421256541510372
957	0.6421256541510372
958	0.6421256541510372
959	0.6421256541510372
960	0.6421256541510372
961	0.6421256541510372
962	0.6421256541510372
963	0.6421256541510372
964	0.6421256541510372
965	0.6421256541510372
966	0.6421256541510372
967	0.642124803827232
968	0.642124803827232
969	0.642124803827232
970	0.642124803827232
971	0.642124803827232
972	0.642124803827232
973	0.642124803827232
974	0.642124803827232
975	0.642124803827232
976	0.642124803827232
977	0.6420834797583886
978	0.6420820079224074
979	0.6420819838436149
980	0.6420787876846683
981	0.6420787876846683
982	0.6420787876846683
983	0.6420787876846683
984	0.6420787876846683
985	0.6420787876846683
986	0.6420787876846683
987	0.6420787876846683
988	0.6420787876846683
989	0.6420787876846683
990	0.6420787876846683
991	0.6420783314404064
992	0.6420630741271052
993	0.6420630741271052
994	0.6420630741271052
995	0.6420630741271052
996	0.6420630741271052
997	0.6420630741271052
998	0.6420630741271052
999	0.6420630741271052
1000	0.6420630741271052