1	0.6887232020800017
2	0.6877086306501262
3	0.6869078935160426
4	0.6846245859659161
5	0.68346267883772
6	0.6833905667718959
7	0.6833905667718959
8	0.6833905667718959
9	0.6833905667718959
10	0.6809787896635948
11	0.678511838196687
12	0.678511838196687
13	0.678511838196687
14	0.678481546140445
15	0.678481546140445
16	0.6781196832230124
17	0.6781196832230124
18	0.6757219951106949
19	0.674099008611586
20	0.674099008611586
21	0.6736569728370596
22	0.6736569728370596
23	0.6736569728370596
24	0.6725106469403286
25	0.6725106469403286
26	0.6725106469403286
27	0.6715644615475703
28	0.671018145835017
29	0.671018145835017
30	0.6703849735114357
31	0.6703849735114357
32	0.6703849735114357
33	0.6702153376216329
34	0.6696595550752977
35	0.6686243851769623
36	0.6686243851769623
37	0.6686243851769623
38	0.6675089486631219
39	0.6672599369500943
40	0.6672599369500943
41	0.6661391068268713
42	0.6657340667155549
43	0.6642261019081321
44	0.6642261019081321
45	0.6642261019081321
46	0.6639966689864014
47	0.6639966689864014
48	0.6639966689864014
49	0.6628880375776249
50	0.6628880375776249
51	0.662066092024128
52	0.6616707490737592
53	0.6607799971633502
54	0.6607799971633502
55	0.6602245908218907
56	0.6602245908218907
57	0.6602245908218907
58	0.6571962585554558
59	0.6566725874289813
60	0.6566725874289813
61	0.6566725874289813
62	0.6554418510087308
63	0.6554418510087308
64	0.6554418510087308
65	0.6554418510087308
66	0.654214701168626
67	0.654214701168626
68	0.654214701168626
69	0.654214701168626
70	0.6542036480719523
71	0.6531657018740842
72	0.6531657018740842
73	0.6531657018740842
74	0.6531657018740842
75	0.652163269817303
76	0.652163269817303
77	0.652163269817303
78	0.652163269817303
79	0.652163269817303
80	0.652163269817303
81	0.652163269817303
82	0.651997007898201
83	0.651997007898201
84	0.651997007898201
85	0.651997007898201
86	0.651997007898201
87	0.6518677961337113
88	0.6517725337492011
89	0.6517725337492011
90	0.6517725337492011
91	0.6511867758381513
92	0.6501466771121527
93	0.6501466771121527
94	0.6499068116024408
95	0.6499068116024408
96	0.6499068116024408
97	0.6499068116024408
98	0.6496809838323097
99	0.6496809838323097
100	0.6492889686628749
101	0.6488358473781641
102	0.6488358473781641
103	0.6488358473781641
104	0.6488358473781641
105	0.6486965563054858
106	0.6486965563054858
107	0.6486965563054858
108	0.6486965563054858
109	0.6483739291427065
110	0.6483739291427065
111	0.6483739291427065
112	0.6480311651704531
113	0.6480311651704531
114	0.6480311651704531
115	0.6480069205730444
116	0.6480069205730444
117	0.6480069205730444
118	0.6478728002476783
119	0.6478728002476783
120	0.647809059450095
121	0.6477889016616554
122	0.6477889016616554
123	0.6477889016616554
124	0.6477889016616554
125	0.6477889016616554
126	0.6477889016616554
127	0.6477889016616554
128	0.6477889016616554
129	0.6475119432835973
130	0.6475119432835973
131	0.6475119432835973
132	0.6474307569892144
133	0.6474307569892144
134	0.6474307569892144
135	0.6474307569892144
136	0.6474307569892144
137	0.6474307569892144
138	0.6474307569892144
139	0.6474307569892144
140	0.6474307569892144
141	0.6474143064826139
142	0.6474136654803773
143	0.647411244841483
144	0.647411244841483
145	0.647411244841483
146	0.647411244841483
147	0.647411244841483
148	0.6473395910866787
149	0.6473395910866787
150	0.6473395910866787
151	0.6471367426773496
152	0.6471367426773496
153	0.6471367426773496
154	0.6471367426773496
155	0.6471367426773496
156	0.6471367426773496
157	0.6471367426773496
158	0.6471367426773496
159	0.6471324839383321
160	0.6471324839383321
161	0.6471324839383321
162	0.6471324839383321
163	0.6471324839383321
164	0.6470566091368218
165	0.647039529065335
166	0.647039529065335
167	0.647039529065335
168	0.647039529065335
169	0.647039529065335
170	0.647039529065335
171	0.6468408752692428
172	0.6468408752692428
173	0.6468408752692428
174	0.6468408752692428
175	0.6468408752692428
176	0.6466949922285669
177	0.6465167147771389
178	0.6465167147771389
179	0.6465167147771389
180	0.6465167147771389
181	0.6465022225730276
182	0.6465022225730276
183	0.6463785068031406
184	0.6463785068031406
185	0.6463484019551807
186	0.6463484019551807
187	0.6463484019551807
188	0.6463484019551807
189	0.646325983229241
190	0.646325983229241
191	0.6459758524861956
192	0.6459483390412848
193	0.6459483390412848
194	0.6459483390412848
195	0.6459483390412848
196	0.6459483390412848
197	0.6459483390412848
198	0.6459483390412848
199	0.6459483390412848
200	0.6457766455158988
201	0.6457766455158988
202	0.6457766455158988
203	0.6457766455158988
204	0.6457766455158988
205	0.6457028299287442
206	0.6457028299287442
207	0.6457028299287442
208	0.6457028299287442
209	0.6457028299287442
210	0.6456829144189756
211	0.6456829144189756
212	0.6455826608987004
213	0.6455826608987004
214	0.6455826608987004
215	0.6455826608987004
216	0.6455675823930718
217	0.6455675823930718
218	0.6454659833399241
219	0.6454659833399241
220	0.6454659833399241
221	0.6454659833399241
222	0.6454596417755566
223	0.6454596417755566
224	0.6454596417755566
225	0.6453778427414629
226	0.6453778427414629
227	0.6453778427414629
228	0.6453778427414629
229	0.6453071452642093
230	0.6453071452642093
231	0.6453071452642093
232	0.6450919482412149
233	0.6450919482412149
234	0.6450896350377884
235	0.6450739833501616
236	0.6450739833501616
237	0.6450739833501616
238	0.645027740051311
239	0.6449712280882007
240	0.6449712280882007
241	0.6449712280882007
242	0.6449446027630504
243	0.6449446027630504
244	0.6449446027630504
245	0.6448042589951811
246	0.6446870270543286
247	0.6446870270543286
248	0.6446870270543286
249	0.6446860152064346
250	0.6446860152064346
251	0.6446860152064346
252	0.644639472553318
253	0.644639472553318
254	0.644639472553318
255	0.644639472553318
256	0.6446091777886989
257	0.6445613309374025
258	0.6445468383535387
259	0.6445468383535387
260	0.6445468383535387
261	0.6445440047583304
262	0.6445440047583304
263	0.6445440047583304
264	0.6445400071560636
265	0.6445154780363566
266	0.6445138562044347
267	0.6444882903859467
268	0.6444882903859467
269	0.6444882903859467
270	0.6444882903859467
271	0.6444882903859467
272	0.6444882903859467
273	0.6444706313560729
274	0.6444706313560729
275	0.6444706313560729
276	0.6444703608693665
277	0.6443641294307796
278	0.6443641294307796
279	0.6443641294307796
280	0.6443641294307796
281	0.6443641294307796
282	0.6443641294307796
283	0.6443641294307796
284	0.6443611924346828
285	0.6442706574917522
286	0.6442706574917522
287	0.6442706574917522
288	0.6442685624963584
289	0.6442685624963584
290	0.6442685624963584
291	0.6442685624963584
292	0.6441385342276189
293	0.6441385342276189
294	0.6441385342276189
295	0.6441385342276189
296	0.6441385342276189
297	0.6441385342276189
298	0.6441385342276189
299	0.6441385342276189
300	0.6441360852839432
301	0.6441360852839432
302	0.6441360852839432
303	0.6441360852839432
304	0.6441360852839432
305	0.6441360852839432
306	0.6441359373103377
307	0.6441266607801794
308	0.6441266607801794
309	0.6441266607801794
310	0.6441266607801794
311	0.6441245705802681
312	0.6440935136663924
313	0.6440888887028227
314	0.6440683865304011
315	0.6440683865304011
316	0.6440508630996238
317	0.6440508630996238
318	0.6439940838769922
319	0.6439940838769922
320	0.6439940838769922
321	0.6439940838769922
322	0.6439734042473513
323	0.6439468350710614
324	0.6439462048351541
325	0.643939979408977
326	0.6439360344084664
327	0.6439360344084664
328	0.6439360344084664
329	0.6439353244444516
330	0.6439203854007504
331	0.6438798333193427
332	0.6438798333193427
333	0.6438798333193427
334	0.6438755116910636
335	0.6438670818096314
336	0.6438634316566495
337	0.6438634316566495
338	0.6438622281386137
339	0.6438622281386137
340	0.6438422219051152
341	0.6438417626990046
342	0.6438417622481534
343	0.6438417622481534
344	0.6438344885640408
345	0.6438284401239877
346	0.6438284401239877
347	0.6438284401239877
348	0.6438284401239877
349	0.6438284401239877
350	0.6438284401239877
351	0.6438208570034435
352	0.6438071732541749
353	0.6437934784135049
354	0.6437876181412934
355	0.6437911245962799
356	0.6437911245962799
357	0.6437837022265508
358	0.6437837022265508
359	0.6437837022265508
360	0.6437837022265508
361	0.6437841625329365
362	0.6437618761010032
363	0.6437618761010032
364	0.6437618761010032
365	0.6437618761010032
366	0.6437618761010032
367	0.6437618470671426
368	0.6437336538239686
369	0.6437336538239686
370	0.6437336538239686
371	0.6437336538239686
372	0.6437064604481368
373	0.6437064604481368
374	0.6437064604481368
375	0.6436937550947562
376	0.6436750614873404
377	0.6436750614873404
378	0.6436747483650197
379	0.6436747483650197
380	0.6436558296854488
381	0.6436558296854488
382	0.6436558296854488
383	0.6436558296854488
384	0.6436558296854488
385	0.6436558296854488
386	0.6436490491697124
387	0.6436484090138935
388	0.6436484090138935
389	0.6436483703856937
390	0.6436483703856937
391	0.6436476578121151
392	0.6436449710585759
393	0.6436447373611819
394	0.6436317971595876
395	0.643632023981774
396	0.643632023981774
397	0.643632023981774
398	0.6436198253494876
399	0.6436198253494876
400	0.6436198253494876
401	0.6436146825503801
402	0.6436146825503801
403	0.6436146825503801
404	0.6436146825503801
405	0.6436146825503801
406	0.6436078608597623
407	0.6436078608597623
408	0.643598824150183
409	0.6435980066197091
410	0.6435980066197091
411	0.6435863832056045
412	0.6435863832056045
413	0.6435863832056045
414	0.6435863832056045
415	0.6435863832056045
416	0.6435863832056045
417	0.6435863832056045
418	0.643588801304749
419	0.6435871717046572
420	0.6435871717046572
421	0.6435871717046572
422	0.6435871717046572
423	0.6435871717046572
424	0.6435871717046572
425	0.6435773923208084
426	0.6435773923208084
427	0.6435857530609163
428	0.6435848616004701
429	0.6435848616004701
430	0.6435762483186814
431	0.6435762483186814
432	0.6435762483186814
433	0.6435759786276992
434	0.6434462761340489
435	0.6434462761340489
436	0.6434462761340489
437	0.6434461649818906
438	0.6434461649818906
439	0.6434082520633165
440	0.6434082520633165
441	0.6434082520633165
442	0.6434082513020185
443	0.6434082513020185
444	0.6434082513020185
445	0.6434082513020185
446	0.6434082513006385
447	0.6434082513006385
448	0.6434082513006385
449	0.6434082505362461
450	0.6434082505362461
451	0.6434082505159959
452	0.6433951513700403
453	0.6433951513700403
454	0.6433951513700403
455	0.6433951513700403
456	0.6433951513700403
457	0.6433951513700403
458	0.6433951513700403
459	0.6433951199932848
460	0.6433856996961548
461	0.6433856996961548
462	0.6433849803149979
463	0.6433827430055218
464	0.6433827430055218
465	0.6433827430055218
466	0.6433827430055218
467	0.6433827318369097
468	0.6433827318369097
469	0.6433473526650136
470	0.6433473526650136
471	0.6433473526650136
472	0.6433473526650136
473	0.6433473526650136
474	0.6433473526650136
475	0.6433473526650136
476	0.6433473526650136
477	0.6433384737954986
478	0.6433374845790086
479	0.6433374845790086
480	0.6432925086625197
481	0.6432925086625197
482	0.6432919308572264
483	0.6432919308572264
484	0.6432919308572264
485	0.6432433002324962
486	0.6432433002324962
487	0.6432433002324962
488	0.6432433002324962
489	0.6432433002324962
490	0.6432327582585841
491	0.6432327582585841
492	0.6432327582585841
493	0.6432323394174844
494	0.6432323394174844
495	0.6432323394174844
496	0.6432108041628859
497	0.6431907911339351
498	0.6431907911339351
499	0.6431907911339351
500	0.6431907911339351
501	0.6431907911339351
502	0.6431907911339351
503	0.6431907911339351
504	0.6431899273838836
505	0.6431899273838836
506	0.6431899273838836
507	0.6431899273838836
508	0.6431842146938925
509	0.6431842146938925
510	0.6431842146938925
511	0.6431842146938925
512	0.6431841921880356
513	0.6431841921880356
514	0.6431816558345821
515	0.6431813338454787
516	0.6431813338454787
517	0.6431813338454787
518	0.6431106321375571
519	0.6431106321375571
520	0.6431106321375571
521	0.6431106321375571
522	0.6431106321375571
523	0.6431106321375571
524	0.6431070582322395
525	0.6431070582322395
526	0.6431070582322395
527	0.6431070582322395
528	0.6431070582322395
529	0.6431070582322395
530	0.6431070582322395
531	0.6431070582322395
532	0.6431070582322395
533	0.6431070582322395
534	0.6431070582322395
535	0.6431070582322395
536	0.6431070582322395
537	0.6431070582322395
538	0.6431070582322395
539	0.6431070582322395
540	0.6431070582322395
541	0.6431070582322395
542	0.6431070582322395
543	0.6431070582322395
544	0.6431070582322395
545	0.6430938034098551
546	0.6430938034098551
547	0.6430938034098551
548	0.6430875578378085
549	0.6430875578378085
550	0.6430869141997615
551	0.6430869141997615
552	0.6430865168875584
553	0.6430693929497405
554	0.6430693929497405
555	0.6430693929497405
556	0.6430693929497405
557	0.6430693929497405
558	0.6430604612664597
559	0.6430604612664597
560	0.6430604612664597
561	0.6430604612664597
562	0.6430604612664597
563	0.6430604612664597
564	0.6430604612664597
565	0.6430604612664597
566	0.6430604612664597
567	0.6430604612664597
568	0.6430604612664597
569	0.6430416815019598
570	0.6430390994781102
571	0.6430390994781102
572	0.6430390994781102
573	0.6430390994781102
574	0.6430390994781102
575	0.6430390853699284
576	0.6430390853699284
577	0.6430387243784526
578	0.6430387243784526
579	0.6430387243784526
580	0.6429954943350461
581	0.6429954943350461
582	0.6429954943350461
583	0.6429954943350461
584	0.6429917020873256
585	0.6429917020873256
586	0.6429917020873256
587	0.6429917020873256
588	0.6429917020873256
589	0.6429856271989018
590	0.6429856271989018
591	0.6429848262326903
592	0.6429382860857055
593	0.6429382860857055
594	0.6429366471733646
595	0.6429366471733646
596	0.6429366471733646
597	0.6429366471733646
598	0.6429366471733646
599	0.6429366471733646
600	0.6429366471733646
601	0.6429366471733646
602	0.6429366471733646
603	0.6429366471733646
604	0.6429366471733646
605	0.6429366471733646
606	0.6429366471733646
607	0.6429366471733646
608	0.6429360448651985
609	0.6429360038704496
610	0.6429352063595797
611	0.6429352063595797
612	0.6429352063595797
613	0.6429352063595797
614	0.6429350411653931
615	0.6429350411653931
616	0.6429350411653931
617	0.6429350411653931
618	0.6429350107342999
619	0.6429350107342999
620	0.6429350107342999
621	0.6429350107342999
622	0.6429350107342999
623	0.6429350107342999
624	0.6429336630331229
625	0.6429336630331229
626	0.6429336630331229
627	0.6429336630331229
628	0.6429336630331229
629	0.6429336630331229
630	0.6429336630331229
631	0.6429336630331229
632	0.6429334910326109
633	0.6429334910326109
634	0.6429252477712075
635	0.6429252477712075
636	0.6429252477712075
637	0.6429251728954507
638	0.6429251728954507
639	0.6429203658143733
640	0.6429203658143733
641	0.6429203658143733
642	0.6429203008187327
643	0.6429203008187327
644	0.6429202541991099
645	0.6429202541991099
646	0.6429202541991099
647	0.6429202541991099
648	0.6429202541991099
649	0.642915494107977
650	0.642915494107977
651	0.642915494107977
652	0.642915494107977
653	0.6429153869011626
654	0.6429153869011626
655	0.6429153869011626
656	0.6429153869011626
657	0.6429153869011626
658	0.6429153869011626
659	0.6429153869011626
660	0.6428829906081087
661	0.6428781949963315
662	0.6428649999844163
663	0.6428649999844163
664	0.6428649999844163
665	0.6428649999844163
666	0.6428268140347185
667	0.6428268140347185
668	0.6428268140347185
669	0.6428268140347185
670	0.6428268140347185
671	0.6427896051595453
672	0.6427896051595453
673	0.6427896051595453
674	0.6427896051595453
675	0.6427896051595453
676	0.6427896051595453
677	0.6427896051595453
678	0.6427896051595453
679	0.6427896051595453
680	0.64278898713884
681	0.6427878319265713
682	0.6427878319265713
683	0.6427878319265713
684	0.6427878319265713
685	0.6427878319265713
686	0.6427878319265713
687	0.642788021188368
688	0.642788021188368
689	0.642788021188368
690	0.642788021188368
691	0.6427805115880347
692	0.6427805115880347
693	0.6427805115880347
694	0.6427720540350623
695	0.6427720540350623
696	0.6427720540350623
697	0.6427720540350623
698	0.6427720540350623
699	0.6427720540350623
700	0.6427600919669335
701	0.6427600919669335
702	0.6427600919669335
703	0.6427600919669335
704	0.6427600919669335
705	0.6427600919669335
706	0.6427600919669335
707	0.6427600919669335
708	0.6427600919669335
709	0.6427600919669335
710	0.6427600104135575
711	0.6427600104135575
712	0.642758557829202
713	0.642758557829202
714	0.642752960054869
715	0.642752960054869
716	0.642752960054869
717	0.642752960054869
718	0.6427522617208667
719	0.6427522617208667
720	0.6427522617208667
721	0.6427522617208667
722	0.6427522617208667
723	0.6427522617208667
724	0.6427522617208667
725	0.6427522617208667
726	0.6427522617208667
727	0.6427522617208667
728	0.6427522617208667
729	0.6427522617208667
730	0.642745617554095
731	0.642745617554095
732	0.6427364881636523
733	0.6427207411651378
734	0.6427195667101081
735	0.6427193030154471
736	0.6427193030154471
737	0.6427193030154471
738	0.6427188445976321
739	0.6427188445976321
740	0.6427188445976321
741	0.642718677730235
742	0.642718677730235
743	0.642718677730235
744	0.642718677730235
745	0.642718677730235
746	0.642718677730235
747	0.6426202324606515
748	0.6426202223016247
749	0.6426202223016247
750	0.6426201800485467
751	0.6426192290775339
752	0.6426108548973071
753	0.6426108548973071
754	0.6426107770714964
755	0.6426107770714964
756	0.6426107770714964
757	0.6425889348265515
758	0.6425888547562737
759	0.6425562443570799
760	0.6425562443570799
761	0.642547623395568
762	0.642547623395568
763	0.6425292607666747
764	0.6425291792593351
765	0.6425290959467189
766	0.6425290959467189
767	0.6425269682451747
768	0.6425269682451747
769	0.6425269682451747
770	0.6425269682451747
771	0.6425269682451747
772	0.6425269682451747
773	0.6425269682451747
774	0.6425269682451747
775	0.6425269682451747
776	0.6425269682451747
777	0.6425269682451747
778	0.6425269682451747
779	0.6424679173492653
780	0.6424679173492653
781	0.6424679173492653
782	0.6424677607796547
783	0.6424623439667005
784	0.6424623439667005
785	0.6424483602574479
786	0.6424483602574479
787	0.6424483602574479
788	0.6424483602574479
789	0.6424483602574479
790	0.6424483602574479
791	0.6424483602574479
792	0.6424348211435638
793	0.6424348211435638
794	0.642434772800958
795	0.6423819540832078
796	0.6423819540832078
797	0.6423819540832078
798	0.6423819540832078
799	0.6423819540832078
800	0.6423808234984248
801	0.6423808234984248
802	0.6423808234984248
803	0.6423808234984248
804	0.6423808234984248
805	0.6423487948309927
806	0.6423487948309927
807	0.6423487948309927
808	0.6423158037549274
809	0.6423158037549274
810	0.6423158037549274
811	0.6423158037549274
812	0.6423158037549274
813	0.6423158037549274
814	0.6423158037549274
815	0.6423158037549274
816	0.6423158037549274
817	0.6423130365756745
818	0.6423130365756745
819	0.6423130365756745
820	0.6423130365756745
821	0.6423130365756745
822	0.6423130365756745
823	0.6423130365756745
824	0.6423130365756745
825	0.6422753464217039
826	0.6422753464217039
827	0.6422753464217039
828	0.6422753464217039
829	0.6422753464217039
830	0.6422753464217039
831	0.6422753464217039
832	0.6422753464217039
833	0.6422753464217039
834	0.6422442691376925
835	0.6422442691376925
836	0.6422442691376925
837	0.6422442691376925
838	0.6422442691376925
839	0.6422442691376925
840	0.6422442691376925
841	0.6422442691376925
842	0.6422442691376925
843	0.6422442691376925
844	0.6422442691376925
845	0.6422442691376925
846	0.6422442691376925
847	0.6422442691376925
848	0.6422442691376925
849	0.6422442691376925
850	0.6422442691376925
851	0.6422128184603684
852	0.6422128184603684
853	0.6422128184603684
854	0.6422128184603684
855	0.6421212374168999
856	0.6421212374168999
857	0.6421212374168999
858	0.6421212374168999
859	0.6421212374168999
860	0.6421212374168999
861	0.6421044425741619
862	0.6421044425741619
863	0.6421044425741619
864	0.6421044425741619
865	0.6421044425741619
866	0.6421039625408123
867	0.6421039625408123
868	0.6421039625408123
869	0.6421039625408123
870	0.6420975380809248
871	0.6420383939611342
872	0.6420383939611342
873	0.6420383939611342
874	0.6420346424195752
875	0.6420346424195752
876	0.6420346424195752
877	0.6420346424195752
878	0.6420346424195752
879	0.6420332237540828
880	0.6420332237540828
881	0.6420332237540828
882	0.6420332237540828
883	0.6420332237540828
884	0.6420332237540828
885	0.6420325777007974
886	0.6420343668970111
887	0.6419953583861523
888	0.6419953583861523
889	0.6419953583861523
890	0.6419953583861523
891	0.6419953583861523
892	0.6419953583861523
893	0.6419953583861523
894	0.6419953583861523
895	0.6419953583861523
896	0.6419953583861523
897	0.641982680462406
898	0.641982680462406
899	0.641982680462406
900	0.641982680462406
901	0.641982680462406
902	0.641982680462406
903	0.641982680462406
904	0.6419716798257434
905	0.6419716798257434
906	0.6419716798257434
907	0.6419716798257434
908	0.6419716798257434
909	0.6419716798257434
910	0.6419716798257434
911	0.6419716798257434
912	0.6419617777687535
913	0.6419468788560626
914	0.6419468788560626
915	0.6419468788560626
916	0.6419245906874093
917	0.6419245906874093
918	0.6419245906874093
919	0.6419245906874093
920	0.6419245906874093
921	0.6419110355342931
922	0.6419110355342931
923	0.6419110355342931
924	0.641910916824455
925	0.641910916824455
926	0.641910916824455
927	0.641910916824455
928	0.641910916824455
929	0.641910916824455
930	0.6419086963260603
931	0.6419086963260603
932	0.6419086963260603
933	0.6419085502021131
934	0.6419085502021131
935	0.6419085502021131
936	0.6419085502021131
937	0.6419085502021131
938	0.6419085502021131
939	0.6419085502021131
940	0.6419085502021131
941	0.6419085502021131
942	0.6419085502021131
943	0.6419085502021131
944	0.6419085502021131
945	0.6419085502021131
946	0.6419085502021131
947	0.6419069291026115
948	0.6418996999043973
949	0.6418996999043973
950	0.6418996999043973
951	0.6418996999043973
952	0.6418996999043973
953	0.6418996999043973
954	0.6418996999043973
955	0.6418996999043973
956	0.641897515752291
957	0.641897515752291
958	0.641897515752291
959	0.641897515752291
960	0.641897515752291
961	0.641897515752291
962	0.641897515752291
963	0.641897515752291
964	0.641897515752291
965	0.641897515752291
966	0.641897515752291
967	0.641890023144999
968	0.641890023144999
969	0.641890023144999
970	0.641890023144999
971	0.641890023144999
972	0.641890023144999
973	0.641890023144999
974	0.641890023144999
975	0.641890023144999
976	0.641890023144999
977	0.6418900064172602
978	0.6418890843950672
979	0.6418890843950672
980	0.6418890843950672
981	0.6418870777314862
982	0.6418870777314862
983	0.6418870777314862
984	0.6418870777314862
985	0.6418870777314862
986	0.6418870777314862
987	0.6418870777314862
988	0.6418870777314862
989	0.6418870777314862
990	0.6418870777314862
991	0.6418867707968081
992	0.6418867707968081
993	0.6418867707968081
994	0.6418867707968081
995	0.6418867707968081
996	0.6418867707968081
997	0.6418867707968081
998	0.6418867707968081
999	0.6418867707968081
1000	0.6418867707968081