1	0.6877468643991826
2	0.6853029370183679
3	0.6853029370183679
4	0.6853029370183679
5	0.6844586521451325
6	0.6835313334841822
7	0.6832759933093288
8	0.6805185367146934
9	0.6805185367146934
10	0.6805185367146934
11	0.6801664341489566
12	0.6801664341489566
13	0.6801664341489566
14	0.679870803853609
15	0.679870803853609
16	0.679870803853609
17	0.679870803853609
18	0.6749800246880763
19	0.6745389566433471
20	0.6745389566433471
21	0.6745389566433471
22	0.6745389566433471
23	0.6745389566433471
24	0.6712381360311404
25	0.6712381360311404
26	0.6712381360311404
27	0.6712381360311404
28	0.671026714400816
29	0.669109347194209
30	0.669109347194209
31	0.669109347194209
32	0.669109347194209
33	0.669109347194209
34	0.6681046506300238
35	0.6681046506300238
36	0.6681046506300238
37	0.6668495387586449
38	0.6668495387586449
39	0.6668495387586449
40	0.6665038185052523
41	0.6665038185052523
42	0.6665038185052523
43	0.6651550184194222
44	0.6631605934614485
45	0.6631605934614485
46	0.6631605934614485
47	0.6631605934614485
48	0.6631605934614485
49	0.6631605934614485
50	0.6631605934614485
51	0.6631605934614485
52	0.6631605934614485
53	0.6631605934614485
54	0.6622934248250545
55	0.6622934248250545
56	0.6622934248250545
57	0.6622934248250545
58	0.6622934248250545
59	0.6622934248250545
60	0.6622934248250545
61	0.6619787835715756
62	0.6619787835715756
63	0.6619787835715756
64	0.6619787835715756
65	0.6619463212450336
66	0.661822176735457
67	0.6583670486432811
68	0.6583670486432811
69	0.6583670486432811
70	0.6583670486432811
71	0.6583670486432811
72	0.6553000944995591
73	0.6553000944995591
74	0.6553000944995591
75	0.6553000944995591
76	0.6553000944995591
77	0.6553000944995591
78	0.6552516364565408
79	0.6552516364565408
80	0.6552516364565408
81	0.6551303544862037
82	0.6551303544862037
83	0.6551303544862037
84	0.65486483155525
85	0.65486483155525
86	0.65486483155525
87	0.65486483155525
88	0.65486483155525
89	0.6544038317463818
90	0.6535397541822032
91	0.6535397541822032
92	0.6535397541822032
93	0.6535397541822032
94	0.6535397541822032
95	0.6535397541822032
96	0.6535397541822032
97	0.653521230041282
98	0.653521230041282
99	0.653521230041282
100	0.6530752818502084
101	0.6530752818502084
102	0.6530752818502084
103	0.6530752818502084
104	0.6514571606585524
105	0.6514571606585524
106	0.6514571606585524
107	0.6514571606585524
108	0.6514571606585524
109	0.6514571606585524
110	0.6514571606585524
111	0.6514571606585524
112	0.6514356608271265
113	0.6514356608271265
114	0.6514356608271265
115	0.6514356608271265
116	0.6514356608271265
117	0.6514356608271265
118	0.6510867239559857
119	0.6510867239559857
120	0.6503317343979554
121	0.6503317343979554
122	0.6500503152996786
123	0.6500503152996786
124	0.6500503152996786
125	0.6494878632860804
126	0.6490838994918485
127	0.6490838994918485
128	0.6490838994918485
129	0.6490838994918485
130	0.6490838994918485
131	0.6490838994918485
132	0.6490838994918485
133	0.6490838994918485
134	0.6490838994918485
135	0.6490838994918485
136	0.6490838994918485
137	0.6490838994918485
138	0.6490838994918485
139	0.6488866577750665
140	0.6488866577750665
141	0.6488866577750665
142	0.6488866577750665
143	0.6488866577750665
144	0.6488866577750665
145	0.6488866577750665
146	0.6488866577750665
147	0.6488866577750665
148	0.6488866577750665
149	0.6488866577750665
150	0.6488866577750665
151	0.6488866577750665
152	0.6488866577750665
153	0.6488644655581347
154	0.6488644655581347
155	0.6488644655581347
156	0.6488476421084944
157	0.6486830454931378
158	0.648449363724196
159	0.648449363724196
160	0.648449363724196
161	0.6481669049811917
162	0.6481669049811917
163	0.6481669049811917
164	0.6481669049811917
165	0.6481669049811917
166	0.6481669049811917
167	0.6481669049811917
168	0.6481669049811917
169	0.6481669049811917
170	0.6481669049811917
171	0.6481669049811917
172	0.6481669049811917
173	0.6481669049811917
174	0.6481669049811917
175	0.6481669049811917
176	0.6481669049811917
177	0.6481669049811917
178	0.6481669049811917
179	0.647714512886828
180	0.647714512886828
181	0.647714512886828
182	0.647714512886828
183	0.647714512886828
184	0.647714512886828
185	0.647714512886828
186	0.647714512886828
187	0.647714512886828
188	0.647714512886828
189	0.647714512886828
190	0.647714512886828
191	0.647714512886828
192	0.647714512886828
193	0.6474836830992742
194	0.6474836830992742
195	0.6471923130082124
196	0.6471923130082124
197	0.6471923130082124
198	0.6471923130082124
199	0.6471371116338679
200	0.6471371116338679
201	0.6471371116338679
202	0.64694068445512
203	0.64694068445512
204	0.64694068445512
205	0.64694068445512
206	0.64694068445512
207	0.6465432831803138
208	0.6463413110315344
209	0.6463413110315344
210	0.6463413110315344
211	0.6463413110315344
212	0.6463413110315344
213	0.6463413110315344
214	0.6459137822800856
215	0.6459137822800856
216	0.6459137822800856
217	0.6459137822800856
218	0.6459137822800856
219	0.6459137822800856
220	0.6459137822800856
221	0.6458597257529256
222	0.6458597257529256
223	0.6458597257529256
224	0.6458330763020426
225	0.6458330763020426
226	0.6458330763020426
227	0.6458330763020426
228	0.6458330763020426
229	0.645823176140165
230	0.645823176140165
231	0.645823176140165
232	0.645823176140165
233	0.645823176140165
234	0.6457974539606528
235	0.6457974539606528
236	0.6457974539606528
237	0.6457590750701121
238	0.6457498518768546
239	0.6456609026015074
240	0.6456609026015074
241	0.6454981154460543
242	0.6454981154460543
243	0.6454981154460543
244	0.6454820530810161
245	0.6454820530810161
246	0.6454706244434066
247	0.6454706244434066
248	0.6454706244434066
249	0.6454579195984835
250	0.6454579195984835
251	0.6454564612452203
252	0.6454220096674915
253	0.6454220096674915
254	0.6454220096674915
255	0.6454220096674915
256	0.6454220096674915
257	0.6452698399252018
258	0.6452698399252018
259	0.6452698399252018
260	0.645261834589544
261	0.645261834589544
262	0.645261834589544
263	0.645261834589544
264	0.645261834589544
265	0.6452597382877232
266	0.6449676942962907
267	0.6449676942962907
268	0.644907579484543
269	0.644907579484543
270	0.644907579484543
271	0.6448758346183862
272	0.644808174853052
273	0.6447089366646289
274	0.6447089366646289
275	0.6447089366646289
276	0.6447089366646289
277	0.6446988690785523
278	0.6446988690785523
279	0.6445869472610883
280	0.6445869472610883
281	0.6445378109992125
282	0.6444904805422047
283	0.6444479567563138
284	0.6444479567563138
285	0.6444479567563138
286	0.6444457842126692
287	0.6444336909706838
288	0.6444293002025963
289	0.6444293002025963
290	0.6444293002025963
291	0.6444196193064875
292	0.6444196193064875
293	0.6444052699735286
294	0.6442986040326484
295	0.6442986040326484
296	0.6442986040326484
297	0.6442986040326484
298	0.6442986040326484
299	0.6442986040326484
300	0.6442986040326484
301	0.6442986040326484
302	0.6442986040326484
303	0.6442718189397688
304	0.6442650967784596
305	0.6442650967784596
306	0.6442650967784596
307	0.644227983678241
308	0.6441843457745727
309	0.6441490003010806
310	0.6441183340610855
311	0.6441183340610855
312	0.6441133606031227
313	0.6441133606031227
314	0.6441133606031227
315	0.6441133606031227
316	0.64409958982777
317	0.6440916620897745
318	0.6440916620897745
319	0.6440916620897745
320	0.6440816774053548
321	0.6440816774053548
322	0.6440764103732031
323	0.6440307496533813
324	0.6440307496533813
325	0.6440307496533813
326	0.6440307496533813
327	0.6440307496533813
328	0.6440013649088111
329	0.6439702120510251
330	0.6439702120510251
331	0.6439702120510251
332	0.6439702120510251
333	0.6439702120510251
334	0.6439702120510251
335	0.6439690928086254
336	0.6439587808343757
337	0.6439561820257577
338	0.6439561820257577
339	0.6439344769766144
340	0.6438810383851971
341	0.6438808627962194
342	0.6438808010016592
343	0.6438772524860515
344	0.643877236566008
345	0.6438616677706641
346	0.6438616677706641
347	0.6438608272360224
348	0.6438608272360224
349	0.6438608272360224
350	0.6438608272360224
351	0.6438606052824606
352	0.6438566905389039
353	0.6438472026203117
354	0.6438472026203117
355	0.6438566905389039
356	0.6438309708947131
357	0.6438309708947131
358	0.6438309708947131
359	0.6438309708947131
360	0.643827124502656
361	0.643826236926979
362	0.6438253961787227
363	0.6437997106706932
364	0.6437860361860035
365	0.6437860361860035
366	0.6437768711237681
367	0.6437768711237681
368	0.6437768711237681
369	0.6436938670187032
370	0.6436934188274545
371	0.6436934188274545
372	0.6436700488734253
373	0.6436585839721156
374	0.6436585839721156
375	0.6436585839721156
376	0.6436578703923521
377	0.6436297541295497
378	0.6436297256443175
379	0.6436251785126792
380	0.6436251785126792
381	0.6436244855753461
382	0.6436198293370167
383	0.6436198182782095
384	0.6436065087223254
385	0.6436065087223254
386	0.6435990246135838
387	0.6435990241363008
388	0.6435873045499688
389	0.6435741519703809
390	0.6435513043564353
391	0.6435513043564353
392	0.6435187991373094
393	0.6435179250641722
394	0.6435174198795348
395	0.6435174198795348
396	0.6435174198795348
397	0.6435172577385551
398	0.6435142570552337
399	0.6435098019036315
400	0.6435093413629646
401	0.6435071945282647
402	0.6435065071050512
403	0.6435063989710621
404	0.6435043582997588
405	0.6435043582997588
406	0.6435041681776293
407	0.6435041043501519
408	0.6435128726145873
409	0.6435128726145873
410	0.6435127469550674
411	0.6435127469550674
412	0.6435128378900572
413	0.6435839127358325
414	0.6435807793821767
415	0.6435807793821767
416	0.64358077224558
417	0.6435807637506542
418	0.6435805342850289
419	0.6435808301537129
420	0.6435657736620913
421	0.6435657736620913
422	0.6434615751015175
423	0.6434615751015175
424	0.6434615751015175
425	0.6434615751015175
426	0.6435636595623089
427	0.64356383745478
428	0.64356383745478
429	0.64356383745478
430	0.6435041284209257
431	0.6435024053048755
432	0.6435024053048755
433	0.6435024053048755
434	0.6435024053048755
435	0.6435024053048755
436	0.6435024053048755
437	0.6435024053048755
438	0.6435017178736785
439	0.6435017178736785
440	0.6435539958549348
441	0.6435430649483055
442	0.6435430649483055
443	0.6435203880430704
444	0.6435203880430704
445	0.6435203880430704
446	0.6434864340444998
447	0.6434861800511327
448	0.6434861800511327
449	0.6434861800511327
450	0.6434861084712311
451	0.6434861084712311
452	0.6434581342974005
453	0.6434581342974005
454	0.6434581342974005
455	0.6434574365798268
456	0.6434574365798268
457	0.6434574365798268
458	0.6434574365798268
459	0.6434574365798268
460	0.6434574365798268
461	0.6434574365798268
462	0.6434574360756735
463	0.6435041814712218
464	0.6435041814712218
465	0.643503946085922
466	0.6435026953201956
467	0.6435026953201956
468	0.6434886005040771
469	0.6434886005040771
470	0.6434886005040771
471	0.6434886005040771
472	0.6434830637871956
473	0.6434830637871956
474	0.6434805115212151
475	0.6434805115212151
476	0.6434805115212151
477	0.6434805115212151
478	0.6434805115212151
479	0.6434817337260151
480	0.6434855883674553
481	0.6434855883674553
482	0.6434855883674553
483	0.6434850704397644
484	0.6434850704397644
485	0.6434694796386574
486	0.6434406326389758
487	0.6434406326389758
488	0.6434406326389758
489	0.6434406301446887
490	0.643388761586517
491	0.6433887273737895
492	0.6433887273737895
493	0.6433886893261451
494	0.6433886843695142
495	0.6433716477898024
496	0.6433715612048556
497	0.6433315640752916
498	0.6433315640752916
499	0.6433315254064186
500	0.6433310635208416
501	0.6433310635208416
502	0.6433310635208416
503	0.643330334638313
504	0.643330334638313
505	0.6433302974201118
506	0.6433302898178248
507	0.6433299268683341
508	0.6433295554899384
509	0.643313129385495
510	0.643307229292791
511	0.6433058890019652
512	0.6433055597565541
513	0.6433054938723672
514	0.6433054938723672
515	0.6433054936113419
516	0.6432947620292592
517	0.6432947620292592
518	0.6432947620292592
519	0.6432796062435504
520	0.6432796062435504
521	0.6432743913132006
522	0.6432743913132006
523	0.6432743913132006
524	0.6432166246017075
525	0.6432166246017075
526	0.6432166246017075
527	0.643216133694395
528	0.643216133694395
529	0.643216133694395
530	0.643216133694395
531	0.643216133694395
532	0.643214780816445
533	0.643214780816445
534	0.6432145629697933
535	0.6432125270909361
536	0.6432125270909361
537	0.6432122033437877
538	0.6432108075276004
539	0.6432108075276004
540	0.6432108075276004
541	0.6432108075276004
542	0.6432108075276004
543	0.6432081777814116
544	0.6432081777814116
545	0.6432081777814116
546	0.6432081777814116
547	0.6432081777814116
548	0.6432037786685032
549	0.6432037786685032
550	0.6431973200123546
551	0.6431973200123546
552	0.6431968027506655
553	0.6431963039703062
554	0.6431951056653794
555	0.6431951056653794
556	0.6431951056653794
557	0.6431939995280556
558	0.6431225850449135
559	0.6431225850449135
560	0.6431042703717844
561	0.6431042703717844
562	0.6431042703717844
563	0.6431042703717844
564	0.6431042703717844
565	0.6430945704993732
566	0.6430945704993732
567	0.6430945704993732
568	0.6430868010930583
569	0.6430868010930583
570	0.6430868010930583
571	0.6430868010930583
572	0.6430868010930583
573	0.6430839887452613
574	0.6430839887452613
575	0.6430780794997415
576	0.6430755778808913
577	0.6430755778808913
578	0.6430755778808913
579	0.6430755778808913
580	0.6430755778808913
581	0.6430755778808913
582	0.6430755778808913
583	0.6430755778808913
584	0.6430755778808913
585	0.6430695615282787
586	0.6430695615282787
587	0.6430695615282787
588	0.6430509293409631
589	0.6430509293409631
590	0.6430502446385028
591	0.6430355741055523
592	0.6430355741055523
593	0.6430355741055523
594	0.6430355741055523
595	0.6430355741055523
596	0.6430355741055523
597	0.6430355741055523
598	0.6430355741055523
599	0.6430355741055523
600	0.6430347677502544
601	0.6430205827475084
602	0.6430205827475084
603	0.6430205827475084
604	0.6430205827475084
605	0.6430205827475084
606	0.6430205827475084
607	0.6430205827475084
608	0.6430164205883491
609	0.6430164205883491
610	0.6430164205883491
611	0.6430164205883491
612	0.6430164205883491
613	0.6430164205883491
614	0.6430164205883491
615	0.6430164205883491
616	0.6430164205883491
617	0.6430164205883491
618	0.643007061081842
619	0.643007061081842
620	0.643007061081842
621	0.643007061081842
622	0.643007061081842
623	0.643007061081842
624	0.6430067937614934
625	0.6429550708382622
626	0.6429550708382622
627	0.6429550708382622
628	0.6429550708382622
629	0.6429550708382622
630	0.6429494805674547
631	0.6429494805674547
632	0.6429494805674547
633	0.642942195230487
634	0.6429421889499914
635	0.6429421889499914
636	0.6429421889499914
637	0.6429421889499914
638	0.6429421889499914
639	0.6429421889499914
640	0.6429421889499914
641	0.6429421889499914
642	0.6429421889499914
643	0.6429421889499914
644	0.6429421889499914
645	0.6429421889499914
646	0.6428875370290497
647	0.6428875370290497
648	0.6428875370290497
649	0.6428873826384118
650	0.6428873826384118
651	0.6428873826384118
652	0.6428871855543504
653	0.6428785056835715
654	0.6428729578849227
655	0.6428729578849227
656	0.6428726956932292
657	0.6428726956932292
658	0.6428726956932292
659	0.6428726956932292
660	0.6428419053460667
661	0.6428419053460667
662	0.6428419053460667
663	0.6428419053460667
664	0.6428269780293798
665	0.6428269780293798
666	0.6428269780293798
667	0.6427452297119237
668	0.6427450255623093
669	0.6427450255623093
670	0.6427448969941547
671	0.6427448969941547
672	0.642729658229869
673	0.6427289893803386
674	0.6427264967974793
675	0.6426954481007707
676	0.6426954481007707
677	0.6426954481007707
678	0.6426954499484786
679	0.642683119417802
680	0.6426596320115373
681	0.6426596320115373
682	0.6426596320115373
683	0.6426596320115373
684	0.6426596320115373
685	0.6426569220343686
686	0.6426569220343686
687	0.642655534628308
688	0.642655534628308
689	0.642655534628308
690	0.642655534628308
691	0.6426518949835763
692	0.6426518949835763
693	0.6426518949835763
694	0.6426518949835763
695	0.6426518949835763
696	0.6426518949835763
697	0.6426518949835763
698	0.6426518949835763
699	0.6426518949835763
700	0.6426510670367066
701	0.6426510670367066
702	0.6426405185205024
703	0.6426318085785292
704	0.6426318085785292
705	0.6426318085785292
706	0.6426318085785292
707	0.6426318085785292
708	0.6426318085785292
709	0.6426318085785292
710	0.6426318085785292
711	0.6426318085785292
712	0.6426318085785292
713	0.6426318085785292
714	0.6426318085785292
715	0.6426318085785292
716	0.6426318085785292
717	0.6426318085785292
718	0.6426318085785292
719	0.642628837321861
720	0.642628837321861
721	0.642628837321861
722	0.642628837321861
723	0.642628837321861
724	0.642628837321861
725	0.642628837321861
726	0.642628837321861
727	0.6425775632744766
728	0.6425775632744766
729	0.6425775632744766
730	0.6425732639860148
731	0.642494841239032
732	0.642494841239032
733	0.642494841239032
734	0.642494841239032
735	0.642494841239032
736	0.642494841239032
737	0.6423878599451098
738	0.6423878599451098
739	0.6423878599451098
740	0.6423878599451098
741	0.6423878599451098
742	0.6423878599451098
743	0.6423878599451098
744	0.6423878599451098
745	0.6423878599451098
746	0.6423878599451098
747	0.6423878599451098
748	0.6423878599451098
749	0.6423878599451098
750	0.6423878599451098
751	0.6423878599451098
752	0.6423878599451098
753	0.6423878599451098
754	0.6423878599451098
755	0.6423878599451098
756	0.6423878599451098
757	0.6423878599451098
758	0.6423878599451098
759	0.6423878599451098
760	0.6423060142920268
761	0.6423060142920268
762	0.6423060142920268
763	0.6423060142920268
764	0.6423060142920268
765	0.6423060142920268
766	0.6423060142920268
767	0.6423060142920268
768	0.6423060142920268
769	0.6423060142920268
770	0.6423060142920268
771	0.6423060142920268
772	0.6423060142920268
773	0.6423059732342471
774	0.6423059732342471
775	0.6423059732342471
776	0.6423059732342471
777	0.6423059732342471
778	0.6423059732342471
779	0.6423059732342471
780	0.6423059732342471
781	0.6423059732342471
782	0.6423059732342471
783	0.6423059732342471
784	0.6423059732342471
785	0.6423059732342471
786	0.6423059732342471
787	0.6423059732342471
788	0.6423059732342471
789	0.6423059732342471
790	0.6423059732342471
791	0.6423059732342471
792	0.6423059732342471
793	0.6423059732342471
794	0.6423059732342471
795	0.6423059732342471
796	0.6423059732342471
797	0.6423059732342471
798	0.6422988868124373
799	0.6422988868124373
800	0.6422988207464451
801	0.6422988207464451
802	0.6422988210539727
803	0.6422988210539727
804	0.6422988210539727
805	0.6422988210539727
806	0.6422988210539727
807	0.6422988210539727
808	0.6422988210539727
809	0.6422988210539727
810	0.6422904169161624
811	0.6422904169161624
812	0.6422904169161624
813	0.6422904169161624
814	0.6422904169161624
815	0.6422903457844842
816	0.6422903457844842
817	0.6422903457844842
818	0.6422903457844842
819	0.6422903457844842
820	0.6422903457844842
821	0.6422903457844842
822	0.6422903457844842
823	0.6422893321525688
824	0.6422893321525688
825	0.6422893321525688
826	0.6422893321525688
827	0.6422893321525688
828	0.6422893321525688
829	0.6422893321525688
830	0.6422893321525688
831	0.6422884592010777
832	0.6422884592010777
833	0.6422827818671165
834	0.6422827818671165
835	0.6422827818671165
836	0.6422827818671165
837	0.6422827818671165
838	0.6422827818671165
839	0.6422827818671165
840	0.6422827818671165
841	0.6422827818671165
842	0.6422827818671165
843	0.6422827818671165
844	0.6422827818671165
845	0.6422816828431059
846	0.6422816828431059
847	0.6422816828431059
848	0.6422816828431059
849	0.6422816828431059
850	0.6422816828431059
851	0.6422816828431059
852	0.6422803136090239
853	0.6422803136090239
854	0.6422803136090239
855	0.6422803136090239
856	0.6422803136090239
857	0.6422803136090239
858	0.6422803136090239
859	0.6422802185528637
860	0.6422802185528637
861	0.6422802185528637
862	0.6422802185528637
863	0.6422658774673835
864	0.6422658774673835
865	0.6422658774673835
866	0.6422658774673835
867	0.6422658774673835
868	0.6422658774673835
869	0.6422658774673835
870	0.6422658774673835
871	0.6422658774673835
872	0.6422658774673835
873	0.6422658774673835
874	0.6422653959918598
875	0.6422653959918598
876	0.6422653255455641
877	0.6422653255455641
878	0.6422653255455641
879	0.6422653255455641
880	0.6422653255455641
881	0.6422653255455641
882	0.6422652449841836
883	0.6422652187528187
884	0.6422652187528187
885	0.6422652187528187
886	0.6422652187528187
887	0.6422652187528187
888	0.6422652187528187
889	0.6422652187528187
890	0.6422652187528187
891	0.6422557818044738
892	0.6422557818044738
893	0.6422557818044738
894	0.6422557818044738
895	0.6422557818044738
896	0.6422553353506075
897	0.6422553353506075
898	0.6422553353506075
899	0.6422553353506075
900	0.6422553353506075
901	0.6422357033818018
902	0.6422357033818018
903	0.6422357033818018
904	0.6422357033818018
905	0.6422357033818018
906	0.6422357033818018
907	0.6422357033818018
908	0.6422357033818018
909	0.6422007151220216
910	0.6422007151220216
911	0.6422007151220216
912	0.6422007151220216
913	0.6422007151220216
914	0.6422007151220216
915	0.6421997346827091
916	0.6421997346827091
917	0.6421997346827091
918	0.6421997346827091
919	0.6421996622489023
920	0.6421996426655906
921	0.6421995810124121
922	0.6421995810124121
923	0.6421994597720176
924	0.6421629255452896
925	0.6421629255452896
926	0.6421629255452896
927	0.6421629255452896
928	0.6421629255452896
929	0.6421629255452896
930	0.6421629255452896
931	0.6421629255452896
932	0.6421629255452896
933	0.6421629255452896
934	0.6421629255452896
935	0.6421629255452896
936	0.6421629255452896
937	0.6421629255452896
938	0.6421629255452896
939	0.6421629255452896
940	0.6421629255452896
941	0.6421629255452896
942	0.6421629255452896
943	0.6421629255452896
944	0.6421629255452896
945	0.6421628912031067
946	0.6421517637518034
947	0.6421517637518034
948	0.6421517637518034
949	0.6421517637518034
950	0.6421517637518034
951	0.6421517637518034
952	0.6421517637518034
953	0.6421517637518034
954	0.6421517637518034
955	0.6421517637518034
956	0.6421503468276769
957	0.6421503468276769
958	0.6421503468276769
959	0.6421503468276769
960	0.6421503468276769
961	0.6421503468276769
962	0.6421503468276769
963	0.6421503468276769
964	0.6421503468276769
965	0.6421503468276769
966	0.6421503468276769
967	0.6421478437656052
968	0.6421478437656052
969	0.6421478437656052
970	0.6421478437656052
971	0.6421478437656052
972	0.6421411393075543
973	0.6421411393075543
974	0.6421411393075543
975	0.6421411393075543
976	0.6421410728829154
977	0.6421410728829154
978	0.6421410728829154
979	0.6421331474591196
980	0.6421331474591196
981	0.6421331474591196
982	0.6421331474591196
983	0.6421307116101994
984	0.6421307116101994
985	0.6421307116101994
986	0.6421307116101994
987	0.6421305225871233
988	0.6421305225871233
989	0.6421305225871233
990	0.6421305225871233
991	0.6421305225871233
992	0.6421305225871233
993	0.6421305225871233
994	0.6421305225871233
995	0.6421305225871233
996	0.6421294392398226
997	0.6421294392398226
998	0.6421294392398226
999	0.6421294392398226
1000	0.6421294392398226