1	0.6895193258451993
2	0.6895193258451993
3	0.6888347521381782
4	0.6886065278933601
5	0.6874717848899864
6	0.6848858012333106
7	0.6848858012333106
8	0.6848858012333106
9	0.6820345643418322
10	0.6820345643418322
11	0.6820345643418322
12	0.6820345643418322
13	0.6820345643418322
14	0.679652081849937
15	0.679652081849937
16	0.6785789746113845
17	0.6785789746113845
18	0.6785789746113845
19	0.6785789746113845
20	0.6785789746113845
21	0.676038089576136
22	0.6747423697743296
23	0.6728393815919119
24	0.6728393815919119
25	0.6728393815919119
26	0.6728393815919119
27	0.6728393815919119
28	0.6728393815919119
29	0.6728393815919119
30	0.6720209588118313
31	0.6720209588118313
32	0.671809044481917
33	0.6703435717653147
34	0.6703435717653147
35	0.6703435717653147
36	0.6703435717653147
37	0.6703435717653147
38	0.6693457285549274
39	0.6693457285549274
40	0.6693457285549274
41	0.6693457285549274
42	0.6693457285549274
43	0.6684706035732892
44	0.6684706035732892
45	0.6660908546988925
46	0.6660908546988925
47	0.6660908546988925
48	0.6660908546988925
49	0.6649417668046906
50	0.6649417668046906
51	0.6649417668046906
52	0.6649417668046906
53	0.6649417668046906
54	0.6649417668046906
55	0.6647902197936272
56	0.6647902197936272
57	0.6635891559557296
58	0.6635891559557296
59	0.6635891559557296
60	0.6635891559557296
61	0.6623370383072781
62	0.6623370383072781
63	0.6620640390307135
64	0.6620640390307135
65	0.6619878868534637
66	0.6619878868534637
67	0.6619878868534637
68	0.6619878868534637
69	0.6619878868534637
70	0.6619878868534637
71	0.6602132316846046
72	0.6602132316846046
73	0.6602132316846046
74	0.6594488037290566
75	0.6594488037290566
76	0.6594488037290566
77	0.6594488037290566
78	0.657128603314093
79	0.657128603314093
80	0.657128603314093
81	0.657128603314093
82	0.657128603314093
83	0.657128603314093
84	0.657128603314093
85	0.657128603314093
86	0.657128603314093
87	0.657128603314093
88	0.657128603314093
89	0.657128603314093
90	0.657128603314093
91	0.6561784455157698
92	0.6561784455157698
93	0.6559622681830628
94	0.6559622681830628
95	0.6559622681830628
96	0.6559622681830628
97	0.6559622681830628
98	0.6559622681830628
99	0.6559622681830628
100	0.6559622681830628
101	0.6559622681830628
102	0.6559622681830628
103	0.6559622681830628
104	0.6559622681830628
105	0.6557290570868635
106	0.6557290570868635
107	0.6557290570868635
108	0.6557290570868635
109	0.6557290570868635
110	0.6557290570868635
111	0.6537182270112937
112	0.6537182270112937
113	0.6537182270112937
114	0.6522402594385913
115	0.6522402594385913
116	0.6522402594385913
117	0.6522402594385913
118	0.6522402594385913
119	0.6522402594385913
120	0.6522402594385913
121	0.6522402594385913
122	0.6522402594385913
123	0.6522402594385913
124	0.6522402594385913
125	0.6522402594385913
126	0.6522402594385913
127	0.6522402594385913
128	0.6522402594385913
129	0.6520876417877296
130	0.6510771573766639
131	0.6509452588537007
132	0.6509452588537007
133	0.6509452588537007
134	0.6509452588537007
135	0.6506923271018555
136	0.6506923271018555
137	0.6506923271018555
138	0.6506923271018555
139	0.6505883825573429
140	0.6504321272486815
141	0.6504321272486815
142	0.6504321272486815
143	0.6504321272486815
144	0.6485944774957536
145	0.6485944774957536
146	0.6485944774957536
147	0.6485944774957536
148	0.6485944774957536
149	0.6485944774957536
150	0.6485944774957536
151	0.6485944774957536
152	0.6485944774957536
153	0.6485944774957536
154	0.6485944774957536
155	0.6485944774957536
156	0.6485944774957536
157	0.6485944774957536
158	0.6485944774957536
159	0.6485944774957536
160	0.6485944774957536
161	0.6485250869727006
162	0.6485250869727006
163	0.6485250869727006
164	0.6485250869727006
165	0.6485250869727006
166	0.6485250869727006
167	0.6485250869727006
168	0.6484536996526937
169	0.6484536996526937
170	0.6484536996526937
171	0.6484536996526937
172	0.6481514218391643
173	0.6481514218391643
174	0.6481514218391643
175	0.6481514218391643
176	0.6481514218391643
177	0.6481514218391643
178	0.6481514218391643
179	0.6481514218391643
180	0.6481514218391643
181	0.6481514218391643
182	0.6481514218391643
183	0.6481514218391643
184	0.6481514218391643
185	0.6481514218391643
186	0.6475216568117554
187	0.6475216568117554
188	0.6475216568117554
189	0.6475216568117554
190	0.6474902166036078
191	0.6474902166036078
192	0.6474902166036078
193	0.6473313180116596
194	0.6473313180116596
195	0.6473313180116596
196	0.6473313180116596
197	0.6473313180116596
198	0.6470186137834032
199	0.6470186137834032
200	0.6470186137834032
201	0.6470186137834032
202	0.6470186137834032
203	0.6468161955423669
204	0.6468161955423669
205	0.6468161955423669
206	0.6468161955423669
207	0.6468161955423669
208	0.6468161955423669
209	0.6468114459239036
210	0.6468114459239036
211	0.6468114459239036
212	0.6468114459239036
213	0.6467680983772933
214	0.6464311021508804
215	0.6464311021508804
216	0.6464311021508804
217	0.6464311021508804
218	0.6463859095126312
219	0.6463859095126312
220	0.6463618227986282
221	0.6463618227986282
222	0.6463618227986282
223	0.6463618227986282
224	0.6463618227986282
225	0.6463489364124182
226	0.6461860033665738
227	0.6461860033665738
228	0.6461520265632066
229	0.6461520265632066
230	0.6461520265632066
231	0.6461015496432918
232	0.6461015496432918
233	0.6461015496432918
234	0.6461015496432918
235	0.6461015496432918
236	0.6460055923233002
237	0.6460055923233002
238	0.6460055923233002
239	0.6460055923233002
240	0.6458558069886686
241	0.6458558069886686
242	0.6458383441972267
243	0.6458383441972267
244	0.6458383441972267
245	0.6458383441972267
246	0.6458383441972267
247	0.6456685291247668
248	0.6456685291247668
249	0.6456685291247668
250	0.6456685291247668
251	0.6456685291247668
252	0.6456685291247668
253	0.6456685291247668
254	0.6456182341850065
255	0.6456182341850065
256	0.6455241083657118
257	0.6455241083657118
258	0.6455241083657118
259	0.6455223356607225
260	0.6455223356607225
261	0.6455223356607225
262	0.6455223356607225
263	0.6455223356607225
264	0.6455223356607225
265	0.6455223356607225
266	0.6455223356607225
267	0.6454932451030629
268	0.6454932451030629
269	0.6454932451030629
270	0.6454932451030629
271	0.6454932451030629
272	0.6453356405618745
273	0.6453356405618745
274	0.6453356405618745
275	0.6453034454918823
276	0.6453034454918823
277	0.6453034454918823
278	0.6453034454918823
279	0.6453034454918823
280	0.6453034454918823
281	0.6453034454918823
282	0.6453034454918823
283	0.6452820616936674
284	0.6452820616936674
285	0.645152933310054
286	0.6451264827029285
287	0.6451264827029285
288	0.6449996316816275
289	0.6449996316816275
290	0.6449996316816275
291	0.6449996316816275
292	0.6449686816360306
293	0.6449686816360306
294	0.6449686816360306
295	0.6449686816360306
296	0.644965385439988
297	0.6448997323909228
298	0.6448997323909228
299	0.6448861038870465
300	0.6448855666715421
301	0.6448855666715421
302	0.64488484624689
303	0.6447419506996243
304	0.6447419506996243
305	0.6447419506996243
306	0.6446977152663517
307	0.6446280092345628
308	0.6446280092345628
309	0.6446280092345628
310	0.6446280092345628
311	0.6446280092345628
312	0.6446280092345628
313	0.6446280092345628
314	0.6446280092345628
315	0.6446280092345628
316	0.6446280092345628
317	0.6446280092345628
318	0.6446280092345628
319	0.6445811236485793
320	0.6445670452557719
321	0.6445670452557719
322	0.6445670452557719
323	0.6445344166825163
324	0.6445344166825163
325	0.6445344166825163
326	0.6445239999571326
327	0.6444975181346849
328	0.6444975181346849
329	0.6444975181346849
330	0.6444946500992726
331	0.6444943179365366
332	0.6444643238786861
333	0.6444643238786861
334	0.6444436130811573
335	0.6444436130811573
336	0.6443573486815376
337	0.6443288080200049
338	0.6443288080200049
339	0.6443288080200049
340	0.6443288080200049
341	0.6443288080200049
342	0.6443288080200049
343	0.6443288080200049
344	0.6443282033048291
345	0.6443071343594898
346	0.6443071343594898
347	0.6442982124993816
348	0.6442972034223913
349	0.644296558082047
350	0.644269193354927
351	0.644269193354927
352	0.644269193354927
353	0.644269193354927
354	0.6442198470125564
355	0.6442198470125564
356	0.6442156081464337
357	0.6442156081464337
358	0.6441394304815059
359	0.6441394304815059
360	0.6441234039384872
361	0.6441234039384872
362	0.6441234039384872
363	0.6441234039384872
364	0.6441023344273579
365	0.6441023344273579
366	0.6440927531671792
367	0.6439905447963499
368	0.6439905447963499
369	0.6439905447963499
370	0.6439905447963499
371	0.6439905447963499
372	0.6439866456936529
373	0.6439866456936529
374	0.6439842634851153
375	0.6439821550102816
376	0.6439821550102816
377	0.6439821550102816
378	0.6439647301259852
379	0.6439647301259852
380	0.6439643970713753
381	0.6439614739392074
382	0.6439614739392074
383	0.6439614739392074
384	0.6439548667226803
385	0.6439548667226803
386	0.6439548667226803
387	0.6439189177311354
388	0.6439189177311354
389	0.6439189177311354
390	0.6439211152990314
391	0.6439211152990314
392	0.6439211152990314
393	0.6439211152990314
394	0.6439196122443974
395	0.6438903355724265
396	0.6438805550645049
397	0.6438803251434244
398	0.6438803251434244
399	0.6438803251434244
400	0.6438803251434244
401	0.6438678927651015
402	0.6438678927651015
403	0.6438678927651015
404	0.6438664040538559
405	0.6438659272318253
406	0.6438513327140356
407	0.6438513327140356
408	0.6438388731557795
409	0.6438388731557795
410	0.6438388731557795
411	0.6438243283782912
412	0.6438243283782912
413	0.6438243283782912
414	0.6438243283782912
415	0.6438243283782912
416	0.6437976561270436
417	0.6437842593218172
418	0.6437842593218172
419	0.6437842593218172
420	0.6437842593218172
421	0.6437842593218172
422	0.6437842593218172
423	0.643770742797433
424	0.643770742797433
425	0.643770742797433
426	0.643770742797433
427	0.6437703212840598
428	0.6437703212840598
429	0.6437691475717938
430	0.6437691475717938
431	0.6437691237405955
432	0.6437691237405955
433	0.643724920644217
434	0.643724920644217
435	0.643724920644217
436	0.643724920644217
437	0.643724920644217
438	0.6436870930077835
439	0.643686261706428
440	0.6436692438132744
441	0.6436485912574058
442	0.643624939623706
443	0.643624939623706
444	0.643624939623706
445	0.643624939623706
446	0.6436144694731438
447	0.6436144694731438
448	0.6436144694731438
449	0.6436144694731438
450	0.6436144694731438
451	0.6436142959696713
452	0.6435909013749674
453	0.6435820875678107
454	0.6435820875678107
455	0.6435806884834182
456	0.6435809929981854
457	0.643568698698503
458	0.643568698698503
459	0.643568698698503
460	0.643568698698503
461	0.643568698698503
462	0.643568698698503
463	0.643568698698503
464	0.643568698698503
465	0.643568698698503
466	0.6435607085701582
467	0.6435548755703355
468	0.6435548755703355
469	0.6435548755703355
470	0.643547897625888
471	0.6435399400024189
472	0.6435242883534267
473	0.6435242883534267
474	0.6435241600942682
475	0.6435232458175346
476	0.6435232458175346
477	0.6435416528744495
478	0.6435416528744495
479	0.6435409889026724
480	0.6435409889026724
481	0.6435409889026724
482	0.6435409131254309
483	0.643539877391767
484	0.643539877391767
485	0.643539877391767
486	0.643539877391767
487	0.643539877391767
488	0.643539758067524
489	0.6435397435222391
490	0.6435397435222391
491	0.643538133773332
492	0.643538133773332
493	0.643538133773332
494	0.6435377778051847
495	0.6435377778051847
496	0.6435377778051847
497	0.6435377778051847
498	0.6435377778051847
499	0.6435377778051847
500	0.6435377778051847
501	0.6435336138584455
502	0.6435336138584455
503	0.6435125287325159
504	0.6434986310316634
505	0.643497092075363
506	0.643497092075363
507	0.643497092075363
508	0.6434957355022597
509	0.6434820827244712
510	0.6434820827244712
511	0.6434820827244712
512	0.6434820827244712
513	0.6434820827244712
514	0.6434820192133041
515	0.6434818852998492
516	0.6434818852998492
517	0.6434818852998492
518	0.6434818852998492
519	0.6434816176923956
520	0.6434816176923956
521	0.6434816176923956
522	0.6434816176923956
523	0.6434816156094406
524	0.6434816156094406
525	0.6434814917680224
526	0.6434814917680224
527	0.643433894801075
528	0.6434336294955438
529	0.643433616923753
530	0.6434334680271204
531	0.6434334680271204
532	0.6434334680271204
533	0.6434256309882201
534	0.6434256309882201
535	0.6434254209495479
536	0.6434254209495479
537	0.6434254209495479
538	0.6434254209495479
539	0.6434254209495479
540	0.6434254209495479
541	0.6434154436493703
542	0.6434154315218927
543	0.6434154315218927
544	0.6433471745844436
545	0.6433471745844436
546	0.6433469788739914
547	0.6433469788739914
548	0.6433469788739914
549	0.6433469374341593
550	0.643346936686789
551	0.643346936686789
552	0.6433455658009622
553	0.6433455383925674
554	0.6433455383925674
555	0.6433453090738688
556	0.6433282908920175
557	0.6433280821727849
558	0.6433280821727849
559	0.6433239456665734
560	0.6433239456665734
561	0.6433239456665734
562	0.6433224041142179
563	0.6433224041142179
564	0.6433224041142179
565	0.6433224041142179
566	0.6433177938604647
567	0.6433177266023848
568	0.6433177266023848
569	0.6433177266023848
570	0.6433157212389368
571	0.643255618561541
572	0.643255618561541
573	0.643255618561541
574	0.6432203390112765
575	0.6432203390112765
576	0.6432203390112765
577	0.6432117083991519
578	0.6432117083991519
579	0.6432117083418565
580	0.643217708209988
581	0.6432165100816621
582	0.6432165100816621
583	0.6432165100816621
584	0.6432165100816621
585	0.6432165100816621
586	0.6432165100816621
587	0.6432160699131952
588	0.6432160699131952
589	0.6432033575300606
590	0.6432033575300606
591	0.6432033201048413
592	0.6432033201048413
593	0.6431852086398346
594	0.6431852086398346
595	0.6431852086398346
596	0.6431852086398346
597	0.6431852086398346
598	0.6431852086398346
599	0.6431852086398346
600	0.6431826715770994
601	0.6431826715770994
602	0.6431599386484265
603	0.6431599386484265
604	0.6431599386484265
605	0.6431569739275927
606	0.6431467332654519
607	0.6431467332654519
608	0.6431467332654519
609	0.6431461300082221
610	0.6431461300082221
611	0.6431461300082221
612	0.6431461300082221
613	0.6431408709042553
614	0.6431408709042553
615	0.6431399541414671
616	0.6431408208386572
617	0.6431408208386572
618	0.6431408208386572
619	0.6431408208386572
620	0.6431379649109044
621	0.6431379649109044
622	0.6431379649109044
623	0.6431379649109044
624	0.6431379649109044
625	0.6431379649109044
626	0.6431379649109044
627	0.6431264283643253
628	0.6431264283643253
629	0.6431264270347595
630	0.6431225672584133
631	0.6431225672584133
632	0.6431225672584133
633	0.6431225672584133
634	0.6431225672584133
635	0.643119236870199
636	0.643119236870199
637	0.643119236870199
638	0.6430358461468294
639	0.6430358461468294
640	0.6430358386657565
641	0.6430358377565057
642	0.6430358369866637
643	0.6430332904692432
644	0.6430332904692432
645	0.6430332904692432
646	0.643033221897555
647	0.643033221897555
648	0.643033221897555
649	0.643033221897555
650	0.643033221897555
651	0.6430261973606151
652	0.6430261973606151
653	0.6430261973606151
654	0.6430202151713232
655	0.6430174911127341
656	0.6430174911127341
657	0.6430174660372755
658	0.6430174660372755
659	0.6430146934979711
660	0.6430146616464425
661	0.6430146616464425
662	0.6430146616464425
663	0.6430146616464425
664	0.6430146616464425
665	0.6430146616464425
666	0.6430146616464425
667	0.6430146616464425
668	0.6430146616464425
669	0.6430146616464425
670	0.6430144358493416
671	0.6430144358493416
672	0.6430144358493416
673	0.6430144247064885
674	0.6430138649507211
675	0.6430138649507211
676	0.6429951757727241
677	0.6429951757727241
678	0.6429951757727241
679	0.6429951757727241
680	0.6429951757727241
681	0.6429951757727241
682	0.6429951757727241
683	0.6429951757727241
684	0.6429599115117487
685	0.6429599115117487
686	0.6429599115117487
687	0.6429599115117487
688	0.6429599115117487
689	0.6429599115117487
690	0.6429599115117487
691	0.6429599115117487
692	0.6429599115117487
693	0.6429566559739586
694	0.6429566559739586
695	0.6429566559739586
696	0.6429546481949914
697	0.6429546481949914
698	0.6429546481949914
699	0.6429453337613564
700	0.6429453337613564
701	0.6429448084361693
702	0.6429448084361693
703	0.6429180232747839
704	0.6429180232747839
705	0.6429180232747839
706	0.6429180232747839
707	0.6429180232747839
708	0.6429180232747839
709	0.6429180232747839
710	0.6429180232747839
711	0.6429171088569414
712	0.6429171088569414
713	0.6429118595827402
714	0.6429118595827402
715	0.6429118595827402
716	0.6429118595827402
717	0.6429118595827402
718	0.6428993429616564
719	0.6428765229544884
720	0.6428765229544884
721	0.6428765229544884
722	0.6428750313036794
723	0.6428735962340727
724	0.6428735962340727
725	0.6428735962340727
726	0.6428735962340727
727	0.6428735962340727
728	0.6428694957171706
729	0.6428497392651519
730	0.6428497392651519
731	0.6428497392651519
732	0.6428497392651519
733	0.6428497392651519
734	0.6428497227598846
735	0.6428497227598846
736	0.6428497177372571
737	0.6428497177372571
738	0.6428471128242546
739	0.6428471128242546
740	0.6428460660514006
741	0.6428443775457963
742	0.6428442873739312
743	0.6428442873739312
744	0.6428442873739312
745	0.6428442873739312
746	0.6428442873739312
747	0.6428442873739312
748	0.6428442517832289
749	0.6428442517832289
750	0.6428159085286801
751	0.6428159085286801
752	0.6428071652177751
753	0.6428071652177751
754	0.6428015465760328
755	0.6428015465760328
756	0.6428015465760328
757	0.6428015465760328
758	0.6428015465760328
759	0.6427845315048653
760	0.6427845315048653
761	0.6427795893966566
762	0.6427795893966566
763	0.6427795893966566
764	0.6427795893966566
765	0.6427795893966566
766	0.6427795893966566
767	0.6427112832363431
768	0.6427112832363431
769	0.6427112832363431
770	0.6427112832363431
771	0.6427112832363431
772	0.6426982410046522
773	0.6426982410046522
774	0.6426982410046522
775	0.6426982410046522
776	0.6426982410046522
777	0.642667041445999
778	0.6426647845842302
779	0.6426647845842302
780	0.6426642065424122
781	0.6426642065424122
782	0.6426642065424122
783	0.6426642065424122
784	0.6426614343053381
785	0.6426614343053381
786	0.6426614343053381
787	0.6426614343053381
788	0.6426614343053381
789	0.6426614343053381
790	0.6426542714011455
791	0.6426542714011455
792	0.6426542714011455
793	0.6426542714011455
794	0.6426542714011455
795	0.6426542714011455
796	0.6426542714011455
797	0.6426542714011455
798	0.6426542714011455
799	0.6426542714011455
800	0.6426542714011455
801	0.6426542714011455
802	0.6426542714011455
803	0.6426542714011455
804	0.6426542714011455
805	0.6426542305754781
806	0.6426473804980096
807	0.6426473804980096
808	0.6426473804980096
809	0.6426473804980096
810	0.6426469077583088
811	0.6426468200000937
812	0.6426425697747532
813	0.6426425697747532
814	0.6426425697747532
815	0.6426425697747532
816	0.6426425697747532
817	0.6426425697747532
818	0.6426425697747532
819	0.6426425697747532
820	0.6426425697747532
821	0.6426425697747532
822	0.6426425697747532
823	0.6426416639829022
824	0.6426416639829022
825	0.6426416639829022
826	0.6426416639829022
827	0.6426416639829022
828	0.6426416639829022
829	0.6426416639829022
830	0.6426416639829022
831	0.6426416639829022
832	0.6426416639829022
833	0.6426416639829022
834	0.642641369742538
835	0.642641369742538
836	0.642641369742538
837	0.642641369742538
838	0.642641170831637
839	0.642641170831637
840	0.642641170831637
841	0.642641170831637
842	0.642641170831637
843	0.642641170831637
844	0.642641170831637
845	0.6426391318556908
846	0.6426391318556908
847	0.6426391318556908
848	0.6426391318556908
849	0.6426391318556908
850	0.6426391318556908
851	0.6426361811922551
852	0.6426361811922551
853	0.6426361811922551
854	0.6426361811922551
855	0.6426346383450164
856	0.6426346383450164
857	0.6426346383450164
858	0.6426346383450164
859	0.6426346383450164
860	0.6426346383450164
861	0.6426346383450164
862	0.6426311896229252
863	0.6425762507598667
864	0.6425762507598667
865	0.6425762507598667
866	0.6425762507598667
867	0.6425762507598667
868	0.6425762507598667
869	0.6425762507598667
870	0.6425762507598667
871	0.6425762507598667
872	0.6425762507598667
873	0.6425756331252485
874	0.6425756331252485
875	0.6425701397099965
876	0.6425596489634026
877	0.6425596489634026
878	0.6425596489634026
879	0.6425596489634026
880	0.6425253876025575
881	0.6425253876025575
882	0.6425253876025575
883	0.6425253876025575
884	0.6425253876025575
885	0.6425253876025575
886	0.6425251245020707
887	0.6425017671018165
888	0.6425017671018165
889	0.6425017671018165
890	0.6425017671018165
891	0.6425017671018165
892	0.6425017671018165
893	0.6425017671018165
894	0.6424953478436632
895	0.6424953478436632
896	0.6424952520729846
897	0.6424952520729846
898	0.6424952520729846
899	0.6424952520729846
900	0.6424952520729846
901	0.6424952520729846
902	0.6424952520729846
903	0.6424952520729846
904	0.6424952520729846
905	0.6424952520729846
906	0.6424766752329348
907	0.6424766752329348
908	0.6424766752329348
909	0.6424766752329348
910	0.6424736398588402
911	0.6424736398588402
912	0.6424736398588402
913	0.6424724667728571
914	0.6424724667728571
915	0.6424724667728571
916	0.6424724667728571
917	0.6424724667728571
918	0.6424724667728571
919	0.6424724667728571
920	0.6424724667728571
921	0.6424724667728571
922	0.6424595063831898
923	0.6424595063831898
924	0.6424496910744226
925	0.6424491568768079
926	0.6424491568768079
927	0.6424491568768079
928	0.6424491568768079
929	0.6424491568768079
930	0.6424491568768079
931	0.6424491568768079
932	0.6424487794238218
933	0.6424487794238218
934	0.6424487794238218
935	0.6424487828729103
936	0.6424487828729103
937	0.6424346107037013
938	0.642367625775612
939	0.642367625775612
940	0.642367625775612
941	0.642367625775612
942	0.642367625775612
943	0.642367625775612
944	0.6423644178400123
945	0.6423644178400123
946	0.6423644178400123
947	0.6423644178400123
948	0.6423644178400123
949	0.6423644178400123
950	0.6423644178400123
951	0.6423644178400123
952	0.6423632712231784
953	0.6423632712231784
954	0.6423632712231784
955	0.6423639061260811
956	0.6423639061260811
957	0.6423633077082459
958	0.6423633077082459
959	0.6423580118926562
960	0.6423563178645834
961	0.6423528670419747
962	0.6423522268549317
963	0.6423522268549317
964	0.6423522268549317
965	0.6423522268549317
966	0.6423522268549317
967	0.6422912393405089
968	0.6422912393405089
969	0.6422912393405089
970	0.6422912393405089
971	0.6422912393405089
972	0.6422912393405089
973	0.6422912393405089
974	0.6422912393405089
975	0.6422912393405089
976	0.6422912393405089
977	0.6422912393405089
978	0.6422831559308648
979	0.6422831559308648
980	0.6422814291877701
981	0.6422814291877701
982	0.6422814291877701
983	0.6422814291877701
984	0.6422742901457497
985	0.6422742901457497
986	0.6422737265796087
987	0.6422737265796087
988	0.6422725144961665
989	0.6422725144961665
990	0.6422722483623975
991	0.6422575589820662
992	0.6422575589820662
993	0.6422575589820662
994	0.6422575589820662
995	0.6422575589820662
996	0.6422575589820662
997	0.6422564294671518
998	0.6422564294671518
999	0.6422401512543402
1000	0.6422401512543402