-18134.0 -19476.0 
-19300.0 -18265.0 
-18134.0 -19476.0 
-19300.0 -18265.0 
-19244.0 -18557.0 
-19261.0 -18425.0 
-19249.0 -18441.0 
-18204.0 -19472.0 
-18338.0 -19410.0 
-19042.0 -18819.0 
-19039.0 -18870.0 
-18744.0 -19190.0 
-19073.0 -18810.0 
-18696.0 -19193.0 
-19132.0 -18711.0 
-18242.0 -19437.0 
-19183.0 -18591.0 
-18288.0 -19414.0 
-19144.0 -18664.0 
-18985.0 -18933.0 
-18986.0 -18889.0 
-19149.0 -18608.0 
-18842.0 -19089.0 
-19092.0 -18761.0 
-18512.0 -19303.0 
-19183.0 -18591.0 
-18581.0 -19284.0 
-19261.0 -18425.0 
-18962.0 -18957.0 
-18794.0 -19128.0 
-18689.0 -19214.0 
-18483.0 -19319.0 
-18808.0 -19090.0 
-18242.0 -19437.0 
-18931.0 -18966.0 
-19144.0 -18664.0 
-18280.0 -19423.0 
-19159.0 -18601.0 
-18548.0 -19293.0 
-19008.0 -18875.0 
-18510.0 -19316.0 
-19105.0 -18743.0 
-19105.0 -18743.0 
-19132.0 -18711.0 
-18548.0 -19293.0 
-18920.0 -18998.0 
-18204.0 -19472.0 
-18925.0 -18972.0 
-18460.0 -19336.0 
-18607.0 -19261.0 
-18890.0 -19043.0 
-18860.0 -19060.0 
-18750.0 -19159.0 
-18462.0 -19321.0 
-18903.0 -19020.0 
-19244.0 -18557.0 
-18369.0 -19394.0 
-18770.0 -19134.0 
-18607.0 -19261.0 
-18433.0 -19350.0 
-19092.0 -18761.0 
-18400.0 -19379.0 
-18581.0 -19284.0 
-18903.0 -19020.0 
-18799.0 -19109.0 
-18433.0 -19350.0 
-18410.0 -19356.0 
-18650.0 -19224.0 
-18408.0 -19358.0 
-18962.0 -18957.0 
-18369.0 -19394.0 
-18640.0 -19240.0 
-18667.0 -19218.0 
-19073.0 -18810.0 
-18625.0 -19250.0 
-18803.0 -19102.0 
-19008.0 -18875.0 
-18890.0 -19043.0 
-18920.0 -18998.0 
-18625.0 -19250.0 
-18872.0 -19057.0 
-18767.0 -19138.0 
-18985.0 -18933.0 
-18384.0 -19388.0 
-18384.0 -19388.0 
-18280.0 -19423.0 
-18872.0 -19057.0 
-18860.0 -19060.0 
-18667.0 -19218.0 
-18760.0 -19149.0 
-19249.0 -18441.0 
-18640.0 -19240.0 
-18842.0 -19089.0 
-19153.0 -18607.0 
-18400.0 -19379.0 
-18760.0 -19149.0 
-18650.0 -19224.0 
-18750.0 -19159.0 
-18460.0 -19336.0 
-18986.0 -18889.0 
