2.687167800517111E10 2.3276024593811443E10 
3.2170406912462147E10 1.414097225157411E10 
2.133939470002569E10 3.3134940248277298E10 
3.992757964229965E10 1.789249699316511E10 
3.8666639129899605E10 7.833176917499994E8 
1.1980830153722662E10 3.31110946426372E10 
4.736319125724985E10 1.8356335933689037E10 
2.2423981229910328E10 1.5833579149411177E10 
1.6780758039652912E10 3.4819539451613914E10 
3.0553876264102123E10 3.4058367152226982E10 
3.0893619559643604E10 2.4082096939899296E10 
2.3060648374244698E10 2.0098602724243332E10 
3.0739773249347088E10 2.0305476949010242E10 
8.320987068126565E8 3.797578447631254E10 
4.2810929973140364E9 3.1741418205092472E10 
4.044246273436857E10 3.4264547041094406E10 
3.1461875734471966E10 1.975913534173451E9 
2.961382602517339E10 3.64184086204971E10 
2.7395026079942844E10 3.0731027281195858E10 
2.9434548364005806E10 2.9148840807236973E10 
3.880178583735697E10 8.78104891840587E9 
4.726584847533818E10 1.0406086592081878E9 
2.2877708921939972E10 2.307436636738811E10 
6.472357632621895E9 4.893267525664275E10 
1.3084214956661234E10 2.5952566289099262E10 
1.6269847203581731E9 2.6123884448009407E10 
3.1364968475185135E10 3.597893896930537E10 
3.7922939000812294E10 1.8449381792459923E10 
3.068173210954213E10 1.679073148799335E10 
5.094097575287891E9 3.4290382814385838E10 
1.583269063283776E10 3.121024287114292E10 
1.81508563457469E10 5.2447514036194336E10 
1.9795206578776505E10 4.735196663702719E10 
2.9744895769827023E10 1.9377747825408382E10 
3.408897667450084E10 1.672455864964712E10 
1.3530287542847261E9 4.744812898496496E10 
3.888241114840113E10 1.1688794914771313E10 
4.030520124180246E10 7.546996577220568E9 
3.432777814805679E10 5.642923385948125E9 
1.739839596603403E10 3.704140165670535E10 
1.8015779056252308E10 4.46159453724014E10 
9.601562399514315E9 4.321640207621364E10 
3.204106476680037E10 2.153941784573947E9 
2.4495082336736305E10 3.10833481019773E10 
2.3692171807802128E10 1.2728501116887203E10 
3.6044843971626816E10 2.8606681339277374E10 
3.119291451596866E10 1.1083417706273245E10 
4.594036114389792E10 6.902713219889259E9 
1.5209475799792295E10 2.5481936170351124E10 
4.60401410439292E9 4.318666532343256E10 
1.906628951796386E10 3.657231881922073E10 
1.8704231608140022E10 3.070756108388466E10 
4.230804457372802E10 1.2673882738036383E10 
3.499665098172027E10 1.856735907918038E10 
4.5388229751830055E10 2.0412640754700047E10 
2.6012477970259735E10 2.2451127363018513E10 
1.6217690028848307E10 3.209304098998824E10 
3.4257202970989258E10 1.397639826023415E10 
3.484561548882512E10 2.168919610572523E10 
1.3937743635860014E10 3.5994217484953316E10 
2.180173823363739E9 3.4104982655234417E10 
2.9014291583437706E10 1.8747462809168667E10 
4.9441935142182465E10 2.480085310586524E10 
8.360171062535978E9 3.674243827631583E10 
3.101000300500487E10 2.153410519902715E9 
1.4965482841738608E8 2.4838669280879776E10 
4.390108101872511E10 1.3964628751271992E10 
3.4010709808487244E10 1.1528161290787003E10 
2.466540579260499E10 3.2203173089486958E10 
3.486896257995679E10 2.8439563435448517E10 
2.071480980221937E10 4.241620856076444E10 
4.726730792474618E10 2.2978342482530502E10 
3.705158624677894E10 5.183186469125079E9 
1.9164617870846947E10 2.8996569814798096E10 
3.627382948335659E10 5.406457242800535E9 
2.830008200408671E10 2.124384243543232E10 
3.532104525060083E10 7.080294446736716E9 
1.078629036977949E10 1.783507027731665E10 
1.8158467878594315E10 3.459543637780065E10 
1.2828051967931652E10 3.226215037941372E10 
1.8762656201238907E10 3.693606060824123E10 
4.779585435964812E9 2.442990180464465E10 
5.544385064141406E9 4.124810545238769E10 
2.916364473825965E10 2.664390735530785E10 
2.9686874175894688E10 2.3837353539178864E10 
1.0581830798068336E10 1.9845821511015232E10 
3.516505836369334E10 2.051896360759804E10 
2.827278318056248E10 3.084717840742714E10 
4.3144574656636284E10 3.809452399925213E9 
3.401820817935708E10 2.8897975071919594E10 
2.7564562029730846E10 2.6545719818333965E10 
1.4781332410483109E10 1.532014955880837E10 
3.671228004882953E10 2.4067100914276917E10 
3.889562221497727E10 5.631337481189405E9 
1.6383183631316525E10 3.893387271942578E10 
3.7948738444345024E10 1.2919531694492983E10 
1.6800123434282948E10 4.583276403335139E10 
3.71319525921377E10 1.2562276492160295E10 
1.5173889434552383E10 4.355183109674746E10 
3.857642541491846E10 1.8967672774308067E10 
