186403.62078166768	17075.27891551035
76446.63704420134	155625.72745960183
114627.53088595945	74518.52203760932
145708.72015671685	29822.938925064413
34400.4872850731	181588.16346755475
148046.03458678073	7294.189103564811
34582.082197122865	138444.83551446363
134245.8508634214	105169.85871178472
171348.06497685245	54985.29366965024
93362.9103147662	127192.36000067121
45054.776655907466	170140.50490860312
167808.08161913877	75041.42384461682
123547.75628152267	146054.11895335608
1417.1737052716096	155371.508366208
121240.71095003872	26022.336618176214
60826.196049560574	165827.8331140736
117538.00707609238	85383.04120611674
19377.18821365055	151562.32868328656
153967.71602016935	90391.67107418638
887.3417610137127	115604.37090585023
53372.22798174812	176583.4161692606
146596.28316716326	64328.53012494128
81429.7076832776	174603.5026928008
160269.2733713742	52994.05083812129
113908.4367702203	70793.15824122785
191256.03173314323	48398.26749666683
142593.53910359586	91334.88220329337
145135.1145219798	29401.09387084222
144827.12372499274	69309.54004952278
111652.46717994924	68696.83343275284
147151.2536496723	94842.26456714336
173685.74332347346	27791.297768592674
162091.48326984415	71646.84571702637
52866.42597927506	168885.624879092
50006.46891137628	123829.29831768399
79453.54818186512	178527.86968734753
103917.62754271674	79857.46676445773
171250.44374233086	16009.124228707218
64329.8694190355	131442.14439828557
56827.28613388788	188171.86349918006
47253.77871883892	155843.01976896482
81767.35826007684	137269.8965482583
74986.97462041379	119448.77824222106
27478.554983899106	126426.5276912359
48693.00039320969	120638.70553850812
24438.884983442178	183564.55904475524
114522.91280361352	136513.7761250854
146959.05289774147	110946.51422282023
29776.707360206383	139318.05508793218
136300.06870650532	49749.11448210382
53197.52435562293	130120.26657758382
153544.33802214148	85703.38570884384
123592.36833494494	56274.08554459151
164020.6985301119	29232.09067501866
37219.03352324129	189144.9617718735
68723.01566191914	100730.48950904208
139544.58620407066	93792.3899060579
151515.80316925445	88635.03991967507
44654.29809950635	173635.0600965663
32782.812690224346	179206.64603810408
107872.22402408879	150204.19853497486
183345.72460597914	81159.98489198016
86691.2656714387	164454.7815804442
70173.66506406364	132346.9410185892
103063.70164830606	78732.50620409964
125672.11879981672	71217.82969968762
169008.58507921567	63699.74547945736
181592.59376993094	27163.323028019473
128717.41533998134	91048.19649951141
8850.098809338868	149469.2143510993
50758.43095511279	162601.5899767473
26102.74450302878	136950.57947471095
161760.30099144916	40705.0689850313
35676.60455231367	129339.7393077809
160188.05153156407	95341.90219872713
36302.61923585119	126665.76984552594
60316.73030165341	167530.991398256
175915.98272277165	1621.6300295422902
199375.44684268715	13922.44287958313
133528.2413476585	35705.79136123957
45043.32145670299	146075.19753776235
207877.62941482285	20816.331946055194
99692.98282274386	137841.7845831451
127521.5914000041	111248.70079832795
161756.45596615245	32431.818496655724
25139.759030151858	154322.16113641288
102251.10817297318	106733.8694546399
166788.52609968372	43079.50554935854
101205.20700689107	99804.40814568201
161909.2036188251	49507.21652616904
171267.8977334269	56218.7148023217
12017.955301739285	149759.6746802861
158474.20231404481	37919.143127156916
64535.7979054925	174319.46430586648
129492.85501038186	25443.07304699544
75767.13981551201	104873.36674045707
123315.01608279461	127898.1700510247
75432.82090503622	137382.88244480127
139157.9963244562	104755.1452776768
146355.32278598822	9809.729655390003
