-18446.0 -19507.0 
-19468.0 -18371.0 
-19468.0 -18371.0 
-18446.0 -19507.0 
-19238.0 -18792.0 
-19071.0 -19045.0 
-19322.0 -18610.0 
-19304.0 -18648.0 
-18992.0 -19099.0 
-19242.0 -18735.0 
-19181.0 -18840.0 
-18532.0 -19468.0 
-19197.0 -18808.0 
-19022.0 -19058.0 
-18977.0 -19135.0 
-19274.0 -18681.0 
-19095.0 -18984.0 
-18614.0 -19404.0 
-19332.0 -18572.0 
-18753.0 -19298.0 
-19392.0 -18471.0 
-19289.0 -18668.0 
-19379.0 -18486.0 
-19153.0 -18903.0 
-19416.0 -18441.0 
-19161.0 -18862.0 
-18566.0 -19429.0 
-19344.0 -18566.0 
-18928.0 -19168.0 
-18683.0 -19345.0 
-19434.0 -18383.0 
-18739.0 -19333.0 
-19363.0 -18505.0 
-19403.0 -18446.0 
-18680.0 -19356.0 
-18944.0 -19153.0 
-18547.0 -19451.0 
-18614.0 -19404.0 
-19423.0 -18404.0 
-18847.0 -19239.0 
-18655.0 -19366.0 
-18718.0 -19339.0 
-18815.0 -19257.0 
-18493.0 -19469.0 
-18551.0 -19438.0 
-19267.0 -18714.0 
-19095.0 -18984.0 
-19152.0 -18917.0 
-18566.0 -19429.0 
-18890.0 -19210.0 
-19356.0 -18518.0 
-19133.0 -18942.0 
-18912.0 -19177.0 
-19071.0 -19045.0 
-18792.0 -19262.0 
-18766.0 -19296.0 
-19112.0 -18950.0 
-19005.0 -19081.0 
-19005.0 -19081.0 
-18637.0 -19388.0 
-18467.0 -19475.0 
-18944.0 -19153.0 
-18471.0 -19470.0 
-18977.0 -19135.0 
-18901.0 -19199.0 
-19197.0 -18808.0 
-18642.0 -19377.0 
-18774.0 -19283.0 
-18779.0 -19278.0 
-19354.0 -18536.0 
-18863.0 -19216.0 
-19022.0 -19058.0 
-18823.0 -19252.0 
-18852.0 -19218.0 
-19115.0 -18943.0 
-18785.0 -19263.0 
-18718.0 -19339.0 
-19354.0 -18536.0 
-19253.0 -18725.0 
-19423.0 -18404.0 
-18467.0 -19475.0 
-19103.0 -18968.0 
-19258.0 -18724.0 
-18850.0 -19233.0 
-19103.0 -18968.0 
-18493.0 -19469.0 
-18648.0 -19367.0 
-19140.0 -18931.0 
-19434.0 -18383.0 
-18901.0 -19199.0 
-19167.0 -18855.0 
-18823.0 -19252.0 
-19140.0 -18931.0 
-19167.0 -18855.0 
-18739.0 -19333.0 
-18637.0 -19388.0 
-18912.0 -19177.0 
-18890.0 -19210.0 
-18863.0 -19216.0 
-19267.0 -18714.0 
