-19422.0 -18412.0 
-19422.0 -18412.0 
-18443.0 -19510.0 
-18443.0 -19510.0 
-18626.0 -19455.0 
-18918.0 -19245.0 
-18556.0 -19465.0 
-19298.0 -18713.0 
-18504.0 -19472.0 
-18825.0 -19290.0 
-19376.0 -18527.0 
-19086.0 -19044.0 
-18765.0 -19316.0 
-18764.0 -19351.0 
-18958.0 -19172.0 
-18860.0 -19281.0 
-19413.0 -18463.0 
-18658.0 -19397.0 
-18702.0 -19394.0 
-19313.0 -18652.0 
-18554.0 -19466.0 
-19170.0 -18895.0 
-19154.0 -18925.0 
-19419.0 -18454.0 
-18728.0 -19376.0 
-18797.0 -19311.0 
-18898.0 -19248.0 
-19091.0 -18986.0 
-18728.0 -19376.0 
-19182.0 -18863.0 
-18496.0 -19487.0 
-18935.0 -19196.0 
-19218.0 -18797.0 
-18860.0 -19281.0 
-19048.0 -19072.0 
-19413.0 -18463.0 
-18938.0 -19175.0 
-18972.0 -19138.0 
-18476.0 -19493.0 
-19215.0 -18828.0 
-19205.0 -18852.0 
-18636.0 -19413.0 
-19017.0 -19081.0 
-19161.0 -18904.0 
-19123.0 -18962.0 
-18898.0 -19248.0 
-19376.0 -18527.0 
-19256.0 -18761.0 
-19274.0 -18732.0 
-19047.0 -19080.0 
-19333.0 -18592.0 
-19224.0 -18779.0 
-19313.0 -18652.0 
-18935.0 -19196.0 
-18986.0 -19129.0 
-19342.0 -18553.0 
-19090.0 -19008.0 
-19186.0 -18859.0 
-19129.0 -18949.0 
-19318.0 -18628.0 
-19105.0 -18970.0 
-19298.0 -18713.0 
-19247.0 -18771.0 
-18995.0 -19107.0 
-19209.0 -18836.0 
-19086.0 -19044.0 
-18702.0 -19394.0 
-18987.0 -19117.0 
-19135.0 -18939.0 
-19361.0 -18531.0 
-19318.0 -18628.0 
-19000.0 -19096.0 
-18461.0 -19497.0 
-19329.0 -18603.0 
-19267.0 -18749.0 
-19048.0 -19072.0 
-19337.0 -18569.0 
-18644.0 -19399.0 
-19274.0 -18732.0 
-19090.0 -19008.0 
-18807.0 -19305.0 
-18807.0 -19305.0 
-18764.0 -19351.0 
-19221.0 -18783.0 
-18972.0 -19138.0 
-18461.0 -19497.0 
-19105.0 -18970.0 
-19329.0 -18603.0 
-18642.0 -19406.0 
-19349.0 -18545.0 
-19349.0 -18545.0 
-18626.0 -19455.0 
-19135.0 -18939.0 
-19000.0 -19096.0 
-19337.0 -18569.0 
-19017.0 -19081.0 
-19267.0 -18749.0 
-18636.0 -19413.0 
-19247.0 -18771.0 
-19361.0 -18531.0 
