-19372.0 -18550.0 
-18725.0 -19286.0 
-18779.0 -19274.0 
-18831.0 -19251.0 
-19159.0 -18922.0 
-19310.0 -18650.0 
-19282.0 -18678.0 
-18952.0 -19138.0 
-19246.0 -18755.0 
-19204.0 -18812.0 
-19200.0 -18838.0 
-19315.0 -18614.0 
-19331.0 -18591.0 
-19093.0 -18982.0 
-19119.0 -18952.0 
-18765.0 -19276.0 
-19232.0 -18783.0 
-19331.0 -18591.0 
-19159.0 -18922.0 
-19267.0 -18727.0 
-19062.0 -19026.0 
-19282.0 -18678.0 
-18932.0 -19142.0 
-19171.0 -18893.0 
-18832.0 -19233.0 
-18925.0 -19159.0 
-19173.0 -18867.0 
-19271.0 -18705.0 
-19310.0 -18650.0 
-19178.0 -18866.0 
-19119.0 -18952.0 
-19200.0 -18838.0 
-19271.0 -18705.0 
-18884.0 -19192.0 
-19171.0 -18893.0 
-19248.0 -18747.0 
-19017.0 -19070.0 
-19073.0 -19001.0 
-19047.0 -19027.0 
-18908.0 -19166.0 
-19217.0 -18787.0 
-19098.0 -18971.0 
-18863.0 -19210.0 
-19076.0 -18994.0 
-19178.0 -18866.0 
-18765.0 -19276.0 
-19315.0 -18614.0 
-18866.0 -19205.0 
-19267.0 -18727.0 
-18831.0 -19251.0 
-18963.0 -19120.0 
-19033.0 -19047.0 
-19328.0 -18594.0 
-19248.0 -18747.0 
-18837.0 -19214.0 
-19045.0 -19035.0 
-18889.0 -19181.0 
-19026.0 -19057.0 
-19026.0 -19057.0 
-19033.0 -19047.0 
-18988.0 -19091.0 
-19232.0 -18783.0 
-19003.0 -19074.0 
-18993.0 -19079.0 
-19073.0 -19001.0 
-18963.0 -19120.0 
-18898.0 -19175.0 
-19109.0 -18957.0 
-19105.0 -18968.0 
-18884.0 -19192.0 
-19212.0 -18798.0 
-18908.0 -19166.0 
-19328.0 -18594.0 
-18898.0 -19175.0 
-18849.0 -19213.0 
-18981.0 -19101.0 
-19216.0 -18793.0 
-18849.0 -19213.0 
-18866.0 -19205.0 
-18994.0 -19078.0 
-19116.0 -18954.0 
-18988.0 -19091.0 
-19076.0 -18994.0 
-18925.0 -19159.0 
-18981.0 -19101.0 
-18968.0 -19113.0 
-18975.0 -19108.0 
-19045.0 -19035.0 
-19017.0 -19070.0 
-19003.0 -19074.0 
-18836.0 -19220.0 
-19212.0 -18798.0 
-19062.0 -19026.0 
-18932.0 -19142.0 
-18975.0 -19108.0 
-18889.0 -19181.0 
-18968.0 -19113.0 
-18836.0 -19220.0 
-19105.0 -18968.0 
-19109.0 -18957.0 
