-18383.0 -19510.0 
-19360.0 -18473.0 
-19360.0 -18473.0 
-19353.0 -18610.0 
-18449.0 -19493.0 
-18558.0 -19459.0 
-19119.0 -19002.0 
-18605.0 -19438.0 
-18509.0 -19485.0 
-19317.0 -18618.0 
-19093.0 -19027.0 
-18977.0 -19144.0 
-19312.0 -18693.0 
-18715.0 -19370.0 
-19234.0 -18835.0 
-18652.0 -19401.0 
-19289.0 -18753.0 
-18622.0 -19404.0 
-19259.0 -18793.0 
-18669.0 -19393.0 
-18750.0 -19319.0 
-18522.0 -19469.0 
-19315.0 -18641.0 
-19289.0 -18753.0 
-19036.0 -19104.0 
-19000.0 -19137.0 
-18613.0 -19418.0 
-19016.0 -19105.0 
-19012.0 -19128.0 
-18896.0 -19221.0 
-19243.0 -18805.0 
-19302.0 -18725.0 
-19259.0 -18793.0 
-19157.0 -18954.0 
-18912.0 -19210.0 
-18669.0 -19393.0 
-18792.0 -19309.0 
-18884.0 -19228.0 
-19190.0 -18883.0 
-19204.0 -18848.0 
-18778.0 -19318.0 
-19302.0 -18725.0 
-18839.0 -19268.0 
-19143.0 -18972.0 
-18826.0 -19287.0 
-18883.0 -19248.0 
-19143.0 -18972.0 
-19312.0 -18693.0 
-18959.0 -19164.0 
-18824.0 -19288.0 
-19086.0 -19038.0 
-19075.0 -19065.0 
-19166.0 -18913.0 
-19150.0 -18962.0 
-19058.0 -19076.0 
-18955.0 -19180.0 
-18792.0 -19309.0 
-19199.0 -18859.0 
-19068.0 -19075.0 
-19051.0 -19089.0 
-18947.0 -19181.0 
-18717.0 -19357.0 
-19167.0 -18905.0 
-19163.0 -18934.0 
-18937.0 -19189.0 
-18857.0 -19260.0 
-19315.0 -18641.0 
-19221.0 -18843.0 
-19175.0 -18895.0 
-18937.0 -19189.0 
-18715.0 -19370.0 
-18919.0 -19204.0 
-18857.0 -19260.0 
-18731.0 -19341.0 
-18959.0 -19164.0 
-18731.0 -19341.0 
-18784.0 -19316.0 
-18522.0 -19469.0 
-19163.0 -18934.0 
-18824.0 -19288.0 
-19086.0 -19038.0 
-19051.0 -19089.0 
-18919.0 -19204.0 
-18509.0 -19485.0 
-18839.0 -19268.0 
-19075.0 -19065.0 
-19190.0 -18883.0 
-19243.0 -18805.0 
-18739.0 -19332.0 
-18873.0 -19252.0 
-18739.0 -19332.0 
-19199.0 -18859.0 
-19175.0 -18895.0 
-19221.0 -18843.0 
-18873.0 -19252.0 
-18717.0 -19357.0 
-18669.0 -19393.0 
-18509.0 -19485.0 
-19075.0 -19065.0 
-19190.0 -18883.0 
