-19477.0 -18143.0 
-18586.0 -19410.0 
-19477.0 -18143.0 
-18586.0 -19410.0 
-19454.0 -18194.0 
-18735.0 -19339.0 
-19451.0 -18298.0 
-19365.0 -18566.0 
-19450.0 -18369.0 
-19304.0 -18698.0 
-19355.0 -18642.0 
-19338.0 -18692.0 
-19414.0 -18435.0 
-19401.0 -18503.0 
-19033.0 -19112.0 
-18716.0 -19341.0 
-19473.0 -18181.0 
-18804.0 -19305.0 
-18769.0 -19308.0 
-19297.0 -18735.0 
-19451.0 -18298.0 
-19351.0 -18644.0 
-18883.0 -19229.0 
-18955.0 -19149.0 
-18864.0 -19262.0 
-18822.0 -19267.0 
-19401.0 -18503.0 
-19385.0 -18553.0 
-18903.0 -19226.0 
-19035.0 -19072.0 
-19433.0 -18375.0 
-18653.0 -19359.0 
-18682.0 -19348.0 
-19258.0 -18797.0 
-19158.0 -18929.0 
-19431.0 -18408.0 
-19100.0 -19012.0 
-19262.0 -18764.0 
-19188.0 -18901.0 
-19080.0 -19052.0 
-19207.0 -18875.0 
-18805.0 -19276.0 
-19192.0 -18882.0 
-18954.0 -19170.0 
-18678.0 -19352.0 
-19129.0 -18983.0 
-18624.0 -19392.0 
-18769.0 -19308.0 
-18923.0 -19198.0 
-19179.0 -18918.0 
-19129.0 -18983.0 
-19414.0 -18435.0 
-19209.0 -18837.0 
-18941.0 -19182.0 
-19148.0 -18957.0 
-19009.0 -19122.0 
-18981.0 -19137.0 
-19087.0 -19028.0 
-19284.0 -18746.0 
-18639.0 -19362.0 
-18940.0 -19195.0 
-19372.0 -18562.0 
-19208.0 -18851.0 
-18608.0 -19401.0 
-19054.0 -19064.0 
-19259.0 -18765.0 
-19249.0 -18809.0 
-19284.0 -18746.0 
-19110.0 -19004.0 
-19110.0 -19004.0 
-19051.0 -19071.0 
-18628.0 -19378.0 
-18917.0 -19210.0 
-19385.0 -18553.0 
-18608.0 -19401.0 
-18636.0 -19377.0 
-18870.0 -19252.0 
-19009.0 -19122.0 
-19231.0 -18821.0 
-18981.0 -19137.0 
-19431.0 -18408.0 
-18822.0 -19267.0 
-18870.0 -19252.0 
-18994.0 -19131.0 
-18994.0 -19131.0 
-19147.0 -18958.0 
-19147.0 -18958.0 
-19068.0 -19055.0 
-19087.0 -19028.0 
-19158.0 -18929.0 
-19249.0 -18809.0 
-19231.0 -18821.0 
-18917.0 -19210.0 
-19338.0 -18692.0 
-19179.0 -18918.0 
-19222.0 -18826.0 
-19222.0 -18826.0 
-19068.0 -19055.0 
-18864.0 -19262.0 
-18805.0 -19276.0 
