-19298.0 -18462.0 
-19298.0 -18462.0 
-18330.0 -19495.0 
-18330.0 -19495.0 
-18406.0 -19434.0 
-18695.0 -19260.0 
-18468.0 -19431.0 
-18744.0 -19257.0 
-18598.0 -19362.0 
-19169.0 -18710.0 
-18396.0 -19453.0 
-18837.0 -19165.0 
-18499.0 -19400.0 
-18646.0 -19327.0 
-18869.0 -19130.0 
-19159.0 -18754.0 
-19123.0 -18812.0 
-19200.0 -18678.0 
-18600.0 -19340.0 
-18786.0 -19205.0 
-18821.0 -19184.0 
-19185.0 -18683.0 
-18566.0 -19378.0 
-18532.0 -19393.0 
-18841.0 -19145.0 
-18753.0 -19227.0 
-18566.0 -19378.0 
-18693.0 -19288.0 
-19270.0 -18504.0 
-19011.0 -18940.0 
-18785.0 -19219.0 
-18498.0 -19416.0 
-18369.0 -19455.0 
-18351.0 -19477.0 
-18969.0 -18987.0 
-19059.0 -18887.0 
-19046.0 -18894.0 
-19013.0 -18925.0 
-19177.0 -18706.0 
-19103.0 -18817.0 
-18532.0 -19393.0 
-19094.0 -18848.0 
-18981.0 -18974.0 
-19230.0 -18615.0 
-19029.0 -18915.0 
-18653.0 -19305.0 
-18935.0 -19046.0 
-18353.0 -19473.0 
-18814.0 -19195.0 
-18660.0 -19300.0 
-19096.0 -18827.0 
-19145.0 -18764.0 
-19139.0 -18773.0 
-18927.0 -19062.0 
-19267.0 -18532.0 
-19077.0 -18850.0 
-18748.0 -19229.0 
-19039.0 -18910.0 
-19209.0 -18629.0 
-19235.0 -18588.0 
-19062.0 -18866.0 
-19219.0 -18623.0 
-18966.0 -19004.0 
-18903.0 -19083.0 
-18880.0 -19115.0 
-18936.0 -19030.0 
-19205.0 -18647.0 
-18468.0 -19431.0 
-18984.0 -18960.0 
-19282.0 -18488.0 
-19130.0 -18788.0 
-18948.0 -19024.0 
-19256.0 -18552.0 
-19244.0 -18568.0 
-18623.0 -19332.0 
-19231.0 -18593.0 
-19070.0 -18862.0 
-18888.0 -19100.0 
-18623.0 -19332.0 
-19273.0 -18490.0 
-18921.0 -19071.0 
-18903.0 -19083.0 
-19256.0 -18552.0 
-18871.0 -19118.0 
-18680.0 -19293.0 
-18995.0 -18954.0 
-19244.0 -18568.0 
-18888.0 -19100.0 
-18948.0 -19024.0 
-19205.0 -18647.0 
-18966.0 -19004.0 
-19267.0 -18532.0 
-18995.0 -18954.0 
-19291.0 -18475.0 
-19130.0 -18788.0 
-18680.0 -19293.0 
-19159.0 -18754.0 
-19291.0 -18475.0 
-18841.0 -19145.0 
-18369.0 -19455.0 
