1.566881867936786188e+00
1.548564534404897053e+00
1.577397961249769276e+00
1.554237079415869527e+00
1.533642414784129215e+00
1.571598514371015165e+00
1.549545124463426404e+00
1.570873579918664387e+00
1.578604403508885312e+00
1.556809064118362063e+00
1.552486612756492246e+00
1.549729842714770989e+00
1.568369473153116589e+00
1.549073512274943720e+00
1.547192186446903595e+00
1.530971512993519301e+00
1.533878860198760741e+00
1.442358360598537947e+00
1.539337776401939584e+00
1.586604213262222896e+00
1.479140201071431626e+00
1.540502084270203520e+00
1.535498692981049240e+00
1.528381157348601915e+00
1.569692945064314227e+00
1.564023311541213435e+00
1.565899986475083550e+00
1.538401570669721385e+00
1.540475109641078477e+00
1.529217628807366225e+00
1.526974460593633065e+00
