-19095.0 -18586.0 
-18496.0 -19202.0 
-19095.0 -18586.0 
-19043.0 -18761.0 
-18526.0 -19172.0 
-19085.0 -18626.0 
-18586.0 -19164.0 
-18751.0 -19055.0 
-19059.0 -18706.0 
-18908.0 -18881.0 
-18851.0 -18968.0 
-18994.0 -18820.0 
-19081.0 -18682.0 
-18684.0 -19085.0 
-18675.0 -19108.0 
-18724.0 -19080.0 
-18851.0 -18968.0 
-18814.0 -19002.0 
-19000.0 -18785.0 
-18814.0 -19002.0 
-18967.0 -18824.0 
-18526.0 -19172.0 
-18615.0 -19145.0 
-18586.0 -19164.0 
-18893.0 -18912.0 
-18651.0 -19127.0 
-18805.0 -19005.0 
-18938.0 -18841.0 
-19059.0 -18706.0 
-18919.0 -18869.0 
-18774.0 -19012.0 
-19088.0 -18601.0 
-19013.0 -18767.0 
-18651.0 -19127.0 
-18864.0 -18940.0 
-18724.0 -19080.0 
-18959.0 -18836.0 
-19006.0 -18774.0 
-18753.0 -19031.0 
-18616.0 -19136.0 
-18675.0 -19108.0 
-18635.0 -19134.0 
-18934.0 -18854.0 
-19077.0 -18689.0 
-18702.0 -19083.0 
-18864.0 -18940.0 
-18702.0 -19083.0 
-18921.0 -18861.0 
-18867.0 -18930.0 
-19077.0 -18689.0 
-18615.0 -19145.0 
-18635.0 -19134.0 
-18893.0 -18912.0 
-18878.0 -18925.0 
-19088.0 -18601.0 
-19000.0 -18785.0 
-18805.0 -19005.0 
-18888.0 -18915.0 
-19012.0 -18768.0 
-18960.0 -18828.0 
-18878.0 -18925.0 
-18772.0 -19013.0 
-18765.0 -19023.0 
-18765.0 -19023.0 
-18962.0 -18826.0 
-19081.0 -18682.0 
-18934.0 -18854.0 
-18885.0 -18918.0 
-18994.0 -18820.0 
-18885.0 -18918.0 
-18763.0 -19027.0 
-18938.0 -18841.0 
-18921.0 -18861.0 
-18774.0 -19012.0 
-18772.0 -19013.0 
-18867.0 -18930.0 
-18758.0 -19029.0 
-18758.0 -19029.0 
-19013.0 -18767.0 
-18959.0 -18836.0 
-18763.0 -19027.0 
-18753.0 -19031.0 
-18616.0 -19136.0 
-19095.0 -18586.0 
-18851.0 -18968.0 
-18814.0 -19002.0 
-18651.0 -19127.0 
-18675.0 -19108.0 
-18864.0 -18940.0 
-18702.0 -19083.0 
-19077.0 -18689.0 
-18635.0 -19134.0 
-18893.0 -18912.0 
-18938.0 -18841.0 
-18851.0 -18968.0 
-18851.0 -18968.0 
-18583.0 -19161.0 
-19084.0 -18602.0 
-19084.0 -18602.0 
-18806.0 -18942.0 
