-19081.0 -18574.0 
-18258.0 -19500.0 
-18258.0 -19500.0 
-19081.0 -18574.0 
-18940.0 -18894.0 
-18531.0 -19300.0 
-18287.0 -19462.0 
-18486.0 -19305.0 
-18321.0 -19443.0 
-18954.0 -18846.0 
-18900.0 -18900.0 
-19045.0 -18645.0 
-18766.0 -19095.0 
-18872.0 -18959.0 
-18414.0 -19368.0 
-18375.0 -19398.0 
-18661.0 -19174.0 
-18287.0 -19462.0 
-18345.0 -19413.0 
-18970.0 -18825.0 
-18608.0 -19217.0 
-18822.0 -19009.0 
-18672.0 -19139.0 
-18540.0 -19274.0 
-18321.0 -19443.0 
-19055.0 -18579.0 
-19010.0 -18697.0 
-19004.0 -18730.0 
-18457.0 -19331.0 
-18638.0 -19189.0 
-18375.0 -19398.0 
-18767.0 -19072.0 
-18829.0 -18984.0 
-19049.0 -18609.0 
-18559.0 -19265.0 
-18588.0 -19248.0 
-18646.0 -19178.0 
-18708.0 -19113.0 
-19010.0 -18697.0 
-18428.0 -19355.0 
-18559.0 -19265.0 
-18622.0 -19213.0 
-18954.0 -18846.0 
-18601.0 -19239.0 
-18893.0 -18928.0 
-18984.0 -18752.0 
-18705.0 -19125.0 
-18741.0 -19099.0 
-18898.0 -18919.0 
-18850.0 -18966.0 
-18457.0 -19331.0 
-18428.0 -19355.0 
-19049.0 -18609.0 
-18467.0 -19319.0 
-19062.0 -18578.0 
-18993.0 -18744.0 
-18345.0 -19413.0 
-18970.0 -18825.0 
-18776.0 -19063.0 
-18981.0 -18793.0 
-19021.0 -18665.0 
-18893.0 -18928.0 
-18690.0 -19129.0 
-18783.0 -19040.0 
-18588.0 -19248.0 
-18838.0 -18977.0 
-18800.0 -19018.0 
-18414.0 -19368.0 
-18872.0 -18959.0 
-18685.0 -19135.0 
-18625.0 -19198.0 
-18981.0 -18793.0 
-18415.0 -19357.0 
-18808.0 -19010.0 
-18363.0 -19406.0 
-18724.0 -19107.0 
-18724.0 -19107.0 
-18982.0 -18776.0 
-18791.0 -19034.0 
-19022.0 -18655.0 
-18741.0 -19099.0 
-19021.0 -18665.0 
-18940.0 -18894.0 
-18468.0 -19309.0 
-19004.0 -18730.0 
-18363.0 -19406.0 
-18850.0 -18966.0 
-19032.0 -18653.0 
-18982.0 -18776.0 
-18540.0 -19274.0 
-18987.0 -18745.0 
-18837.0 -18983.0 
-18804.0 -19017.0 
-18601.0 -19239.0 
-18776.0 -19063.0 
-19032.0 -18653.0 
-18474.0 -19306.0 
-18661.0 -19174.0 
-18672.0 -19139.0 
-18791.0 -19034.0 
