-19072.0 -18677.0 
-18292.0 -19466.0 
-19072.0 -18677.0 
-18292.0 -19466.0 
-18365.0 -19426.0 
-18991.0 -18869.0 
-18445.0 -19378.0 
-18388.0 -19383.0 
-18627.0 -19248.0 
-18898.0 -19019.0 
-18569.0 -19315.0 
-18806.0 -19108.0 
-18669.0 -19247.0 
-18853.0 -19036.0 
-18764.0 -19169.0 
-19006.0 -18822.0 
-18722.0 -19207.0 
-19064.0 -18743.0 
-18936.0 -18920.0 
-18918.0 -18972.0 
-18914.0 -19003.0 
-18870.0 -19020.0 
-18369.0 -19393.0 
-18849.0 -19072.0 
-18934.0 -18956.0 
-19022.0 -18767.0 
-18527.0 -19328.0 
-18959.0 -18889.0 
-18800.0 -19139.0 
-18702.0 -19211.0 
-18623.0 -19264.0 
-18729.0 -19175.0 
-19006.0 -18822.0 
-18725.0 -19180.0 
-18483.0 -19335.0 
-19066.0 -18711.0 
-18684.0 -19233.0 
-19066.0 -18711.0 
-18832.0 -19090.0 
-18465.0 -19366.0 
-18991.0 -18869.0 
-18788.0 -19149.0 
-19044.0 -18753.0 
-18867.0 -19034.0 
-18598.0 -19276.0 
-19044.0 -18753.0 
-18684.0 -19233.0 
-18788.0 -19149.0 
-18764.0 -19169.0 
-19014.0 -18798.0 
-18523.0 -19330.0 
-18575.0 -19300.0 
-18959.0 -18889.0 
-19018.0 -18790.0 
-18472.0 -19351.0 
-18505.0 -19333.0 
-18445.0 -19378.0 
-18832.0 -19090.0 
-18926.0 -18967.0 
-18806.0 -19108.0 
-18472.0 -19351.0 
-18702.0 -19211.0 
-18952.0 -18900.0 
-18940.0 -18912.0 
-18505.0 -19333.0 
-18382.0 -19390.0 
-18914.0 -19003.0 
-18839.0 -19081.0 
-18927.0 -18957.0 
-18465.0 -19366.0 
-18569.0 -19315.0 
-18595.0 -19283.0 
-19022.0 -18767.0 
-18587.0 -19289.0 
-18575.0 -19300.0 
-18527.0 -19328.0 
-18669.0 -19247.0 
-19014.0 -18798.0 
-18839.0 -19081.0 
-18800.0 -19139.0 
-18623.0 -19264.0 
-18598.0 -19276.0 
-18588.0 -19284.0 
-18950.0 -18902.0 
-18483.0 -19335.0 
-18849.0 -19072.0 
-19018.0 -18790.0 
-19064.0 -18743.0 
-18587.0 -19289.0 
-18388.0 -19383.0 
-18945.0 -18907.0 
-18945.0 -18907.0 
-18729.0 -19175.0 
-18382.0 -19390.0 
-18369.0 -19393.0 
-18292.0 -19466.0 
-19044.0 -18753.0 
-18684.0 -19233.0 
-18959.0 -18889.0 
-18806.0 -19108.0 
