-19128.0 -18640.0 
-19128.0 -18640.0 
-18485.0 -19406.0 
-18485.0 -19406.0 
-18685.0 -19292.0 
-18546.0 -19329.0 
-18822.0 -19144.0 
-19093.0 -18662.0 
-19046.0 -18807.0 
-19090.0 -18744.0 
-19036.0 -18883.0 
-19007.0 -18923.0 
-18503.0 -19360.0 
-18756.0 -19214.0 
-18911.0 -19051.0 
-18596.0 -19326.0 
-18533.0 -19358.0 
-18925.0 -19035.0 
-18883.0 -19056.0 
-18990.0 -18954.0 
-18640.0 -19300.0 
-18772.0 -19176.0 
-18693.0 -19248.0 
-18640.0 -19300.0 
-18961.0 -18973.0 
-18966.0 -18955.0 
-18715.0 -19217.0 
-18793.0 -19163.0 
-18605.0 -19302.0 
-18937.0 -19018.0 
-19084.0 -18775.0 
-18953.0 -18987.0 
-19096.0 -18660.0 
-19013.0 -18905.0 
-18784.0 -19175.0 
-18876.0 -19084.0 
-18492.0 -19383.0 
-18937.0 -19018.0 
-18744.0 -19215.0 
-18851.0 -19104.0 
-18868.0 -19099.0 
-18953.0 -18987.0 
-18713.0 -19229.0 
-19073.0 -18789.0 
-18492.0 -19383.0 
-19058.0 -18794.0 
-19088.0 -18747.0 
-18793.0 -19163.0 
-19030.0 -18891.0 
-18835.0 -19125.0 
-19096.0 -18660.0 
-18876.0 -19084.0 
-18841.0 -19119.0 
-19046.0 -18807.0 
-18835.0 -19125.0 
-18990.0 -18954.0 
-19030.0 -18891.0 
-19013.0 -18905.0 
-18772.0 -19176.0 
-19036.0 -18883.0 
-19084.0 -18775.0 
-18693.0 -19248.0 
-18546.0 -19329.0 
-19073.0 -18789.0 
-18841.0 -19119.0 
-18685.0 -19292.0 
-18533.0 -19358.0 
-18851.0 -19104.0 
-18744.0 -19215.0 
-18598.0 -19324.0 
-18703.0 -19235.0 
-18698.0 -19239.0 
-19054.0 -18797.0 
-18868.0 -19099.0 
-18601.0 -19316.0 
-18883.0 -19056.0 
-19054.0 -18797.0 
-18703.0 -19235.0 
-18601.0 -19316.0 
-18604.0 -19306.0 
-18698.0 -19239.0 
-19088.0 -18747.0 
-18604.0 -19306.0 
-18966.0 -18955.0 
-19090.0 -18744.0 
-19093.0 -18662.0 
-18715.0 -19217.0 
-18605.0 -19302.0 
-19013.0 -18905.0 
-19036.0 -18883.0 
-19084.0 -18775.0 
-19073.0 -18789.0 
-18533.0 -19358.0 
-19054.0 -18797.0 
-18698.0 -19239.0 
-19088.0 -18747.0 
-18604.0 -19306.0 
-19090.0 -18744.0 
-19090.0 -18744.0 
-19073.0 -18789.0 
