-19093.0 -18662.0 
-18522.0 -19273.0 
-18522.0 -19273.0 
-19093.0 -18662.0 
-19007.0 -18877.0 
-18663.0 -19188.0 
-18970.0 -18922.0 
-18855.0 -19060.0 
-18593.0 -19224.0 
-18642.0 -19210.0 
-18979.0 -18878.0 
-19022.0 -18806.0 
-18697.0 -19171.0 
-19074.0 -18668.0 
-18798.0 -19063.0 
-18914.0 -18972.0 
-19062.0 -18714.0 
-19047.0 -18770.0 
-18791.0 -19091.0 
-19051.0 -18732.0 
-19033.0 -18780.0 
-18709.0 -19138.0 
-18860.0 -19004.0 
-18764.0 -19110.0 
-18767.0 -19097.0 
-18858.0 -19039.0 
-18924.0 -18962.0 
-18642.0 -19210.0 
-18887.0 -18983.0 
-18527.0 -19269.0 
-19062.0 -18714.0 
-18944.0 -18937.0 
-18697.0 -19171.0 
-18794.0 -19066.0 
-18535.0 -19243.0 
-18742.0 -19118.0 
-18926.0 -18947.0 
-18565.0 -19232.0 
-19022.0 -18806.0 
-19078.0 -18666.0 
-18545.0 -19233.0 
-18721.0 -19135.0 
-18887.0 -18983.0 
-18858.0 -19039.0 
-18584.0 -19226.0 
-19051.0 -18732.0 
-18944.0 -18937.0 
-18565.0 -19232.0 
-18736.0 -19123.0 
-19024.0 -18795.0 
-18721.0 -19135.0 
-18736.0 -19123.0 
-18869.0 -18993.0 
-19024.0 -18795.0 
-18875.0 -18990.0 
-18709.0 -19138.0 
-18938.0 -18940.0 
-18584.0 -19226.0 
-18535.0 -19243.0 
-18742.0 -19118.0 
-19047.0 -18770.0 
-18538.0 -19237.0 
-18938.0 -18940.0 
-18875.0 -18990.0 
-18860.0 -19004.0 
-18869.0 -18993.0 
-18527.0 -19269.0 
-18979.0 -18878.0 
-18765.0 -19102.0 
-18791.0 -19091.0 
-18926.0 -18947.0 
-18545.0 -19233.0 
-18798.0 -19063.0 
-18538.0 -19237.0 
-18794.0 -19066.0 
-18765.0 -19102.0 
-19093.0 -18662.0 
-19062.0 -18714.0 
-18697.0 -19171.0 
-18944.0 -18937.0 
-18565.0 -19232.0 
-18721.0 -19135.0 
-18736.0 -19123.0 
-19024.0 -18795.0 
-18709.0 -19138.0 
-18584.0 -19226.0 
-18938.0 -18940.0 
-18979.0 -18878.0 
-18926.0 -18947.0 
-18545.0 -19233.0 
-18765.0 -19102.0 
-18938.0 -18940.0 
-19062.0 -18714.0 
-18944.0 -18937.0 
-18944.0 -18937.0 
-18721.0 -19135.0 
-18565.0 -19232.0 
-19093.0 -18662.0 
-18765.0 -19102.0 
-18938.0 -18940.0 
