-18488.0 -19324.0 
-19202.0 -18632.0 
-18765.0 -19215.0 
-18776.0 -19182.0 
-19155.0 -18682.0 
-18642.0 -19279.0 
-18702.0 -19235.0 
-19188.0 -18653.0 
-19053.0 -18867.0 
-18711.0 -19219.0 
-19122.0 -18766.0 
-18562.0 -19306.0 
-19047.0 -18904.0 
-18812.0 -19178.0 
-19102.0 -18784.0 
-19069.0 -18863.0 
-18605.0 -19284.0 
-18950.0 -18997.0 
-18666.0 -19250.0 
-18994.0 -18958.0 
-18914.0 -19062.0 
-18854.0 -19098.0 
-18832.0 -19133.0 
-19148.0 -18718.0 
-19084.0 -18826.0 
-18523.0 -19321.0 
-18977.0 -18961.0 
-19175.0 -18670.0 
-18585.0 -19298.0 
-18847.0 -19119.0 
-19084.0 -18826.0 
-19132.0 -18752.0 
-18912.0 -19077.0 
-18947.0 -19024.0 
-19003.0 -18932.0 
-18819.0 -19158.0 
-19026.0 -18921.0 
-18967.0 -18994.0 
-18875.0 -19095.0 
-18819.0 -19158.0 
-18892.0 -19083.0 
-18544.0 -19317.0 
-18658.0 -19262.0 
-18585.0 -19298.0 
-18832.0 -19133.0 
-18976.0 -18978.0 
-19010.0 -18922.0 
-18921.0 -19044.0 
-18658.0 -19262.0 
-19175.0 -18670.0 
-18605.0 -19284.0 
-19138.0 -18747.0 
-19095.0 -18794.0 
-18523.0 -19321.0 
-19047.0 -18904.0 
-18666.0 -19250.0 
-18892.0 -19083.0 
-18544.0 -19317.0 
-19026.0 -18921.0 
-19085.0 -18806.0 
-19145.0 -18729.0 
-18847.0 -19119.0 
-18934.0 -19037.0 
-18875.0 -19095.0 
-19003.0 -18932.0 
-19069.0 -18863.0 
-19148.0 -18718.0 
-19145.0 -18729.0 
-18976.0 -18978.0 
-18940.0 -19034.0 
-18765.0 -19215.0 
-18947.0 -19024.0 
-18928.0 -19043.0 
-18710.0 -19224.0 
-18710.0 -19224.0 
-19138.0 -18747.0 
-18994.0 -18958.0 
-18967.0 -18994.0 
-18812.0 -19178.0 
-19091.0 -18797.0 
-18940.0 -19034.0 
-18854.0 -19098.0 
-18912.0 -19077.0 
-19086.0 -18803.0 
-19091.0 -18797.0 
-18921.0 -19044.0 
-19010.0 -18922.0 
-19086.0 -18803.0 
-18928.0 -19043.0 
-19085.0 -18806.0 
-19084.0 -18826.0 
-19175.0 -18670.0 
-18523.0 -19321.0 
-18666.0 -19250.0 
-19003.0 -18932.0 
-18976.0 -18978.0 
-18994.0 -18958.0 
-18940.0 -19034.0 
-19010.0 -18922.0 
-19084.0 -18826.0 
