-19082.0 -18734.0 
-18506.0 -19359.0 
-18506.0 -19359.0 
-19082.0 -18734.0 
-19043.0 -18870.0 
-18862.0 -19103.0 
-19050.0 -18795.0 
-18889.0 -19046.0 
-18939.0 -18983.0 
-18659.0 -19282.0 
-18719.0 -19246.0 
-19008.0 -18886.0 
-18634.0 -19283.0 
-18802.0 -19142.0 
-18912.0 -19022.0 
-18535.0 -19342.0 
-18889.0 -19046.0 
-18685.0 -19266.0 
-18982.0 -18940.0 
-18685.0 -19266.0 
-18993.0 -18909.0 
-18535.0 -19342.0 
-18562.0 -19319.0 
-18913.0 -18989.0 
-18562.0 -19319.0 
-18723.0 -19215.0 
-18729.0 -19206.0 
-18993.0 -18909.0 
-19008.0 -18886.0 
-18609.0 -19287.0 
-18755.0 -19197.0 
-18960.0 -18960.0 
-19053.0 -18771.0 
-18962.0 -18952.0 
-18581.0 -19307.0 
-18581.0 -19307.0 
-19059.0 -18762.0 
-19076.0 -18743.0 
-18821.0 -19131.0 
-19076.0 -18743.0 
-19059.0 -18762.0 
-18960.0 -18960.0 
-18912.0 -19022.0 
-18918.0 -18987.0 
-18719.0 -19246.0 
-18982.0 -18940.0 
-19043.0 -18870.0 
-18786.0 -19152.0 
-18842.0 -19106.0 
-18596.0 -19298.0 
-18764.0 -19183.0 
-18786.0 -19152.0 
-18832.0 -19107.0 
-18777.0 -19158.0 
-18765.0 -19171.0 
-18825.0 -19125.0 
-18596.0 -19298.0 
-18729.0 -19206.0 
-18771.0 -19167.0 
-18821.0 -19131.0 
-18827.0 -19111.0 
-18962.0 -18952.0 
-18842.0 -19106.0 
-18604.0 -19292.0 
-18723.0 -19215.0 
-18777.0 -19158.0 
-19053.0 -18771.0 
-18764.0 -19183.0 
-18756.0 -19194.0 
-18756.0 -19194.0 
-18604.0 -19292.0 
-18771.0 -19167.0 
-18755.0 -19197.0 
-18918.0 -18987.0 
-18609.0 -19287.0 
-18825.0 -19125.0 
-18828.0 -19110.0 
-18765.0 -19171.0 
-18828.0 -19110.0 
-18827.0 -19111.0 
-19082.0 -18734.0 
-18889.0 -19046.0 
-18685.0 -19266.0 
-19059.0 -18762.0 
-18777.0 -19158.0 
-19053.0 -18771.0 
-18764.0 -19183.0 
-18604.0 -19292.0 
-18771.0 -19167.0 
-18609.0 -19287.0 
-18771.0 -19167.0 
-18609.0 -19287.0 
-18777.0 -19158.0 
-18889.0 -19046.0 
-19059.0 -18762.0 
-18764.0 -19183.0 
-18771.0 -19167.0 
-19059.0 -18762.0 
-18777.0 -19158.0 
-18889.0 -19046.0 
