-18448.0 -19320.0 
-19144.0 -18585.0 
-19144.0 -18585.0 
-18448.0 -19320.0 
-18541.0 -19303.0 
-19139.0 -18668.0 
-18629.0 -19240.0 
-18771.0 -19151.0 
-18569.0 -19266.0 
-19080.0 -18743.0 
-19109.0 -18685.0 
-18698.0 -19190.0 
-19084.0 -18717.0 
-18685.0 -19229.0 
-18787.0 -19135.0 
-18733.0 -19173.0 
-18869.0 -19065.0 
-19102.0 -18700.0 
-18733.0 -19173.0 
-19050.0 -18826.0 
-18548.0 -19269.0 
-18610.0 -19250.0 
-18693.0 -19223.0 
-18836.0 -19085.0 
-18869.0 -19065.0 
-18836.0 -19085.0 
-18808.0 -19131.0 
-19027.0 -18838.0 
-18903.0 -19009.0 
-19021.0 -18864.0 
-19000.0 -18914.0 
-18914.0 -19000.0 
-19065.0 -18790.0 
-18918.0 -18973.0 
-19005.0 -18894.0 
-18811.0 -19097.0 
-18894.0 -19041.0 
-19021.0 -18864.0 
-19067.0 -18777.0 
-18610.0 -19250.0 
-19005.0 -18894.0 
-18982.0 -18926.0 
-18982.0 -18926.0 
-18894.0 -19041.0 
-18962.0 -18941.0 
-18901.0 -19031.0 
-19065.0 -18790.0 
-19067.0 -18777.0 
-18962.0 -18941.0 
-18810.0 -19107.0 
-18541.0 -19303.0 
-19139.0 -18668.0 
-18698.0 -19190.0 
-19046.0 -18827.0 
-18952.0 -18951.0 
-18685.0 -19229.0 
-18952.0 -18951.0 
-18928.0 -18972.0 
-19027.0 -18838.0 
-19000.0 -18914.0 
-18943.0 -18959.0 
-18943.0 -18959.0 
-18935.0 -18965.0 
-19046.0 -18827.0 
-18935.0 -18965.0 
-18914.0 -19000.0 
-18811.0 -19097.0 
-18901.0 -19031.0 
-18810.0 -19107.0 
-18548.0 -19269.0 
-18928.0 -18972.0 
-18808.0 -19131.0 
-18918.0 -18973.0 
-18448.0 -19320.0 
-18733.0 -19173.0 
-18836.0 -19085.0 
-18869.0 -19065.0 
-19021.0 -18864.0 
-18982.0 -18926.0 
-19139.0 -18668.0 
-18698.0 -19190.0 
-18952.0 -18951.0 
-19027.0 -18838.0 
-19000.0 -18914.0 
-18935.0 -18965.0 
-18914.0 -19000.0 
-18810.0 -19107.0 
-18901.0 -19031.0 
-18808.0 -19131.0 
-18810.0 -19107.0 
-19000.0 -18914.0 
-18935.0 -18965.0 
-18914.0 -19000.0 
-18698.0 -19190.0 
-18935.0 -18965.0 
-18982.0 -18926.0 
-18935.0 -18965.0 
-19000.0 -18914.0 
-18935.0 -18965.0 
-19000.0 -18914.0 
