-21722.0 -21869.0 
-21068.0 -22445.0 
-21722.0 -21869.0 
-21669.0 -21951.0 
-21526.0 -22170.0 
-21157.0 -22441.0 
-21638.0 -22000.0 
-21687.0 -21906.0 
-21294.0 -22378.0 
-21479.0 -22201.0 
-21562.0 -22073.0 
-21317.0 -22340.0 
-21598.0 -22063.0 
-21553.0 -22112.0 
-21455.0 -22231.0 
-21455.0 -22231.0 
-21421.0 -22268.0 
-21199.0 -22426.0 
-21352.0 -22324.0 
-21526.0 -22170.0 
-21687.0 -21906.0 
-21479.0 -22201.0 
-21254.0 -22383.0 
-21353.0 -22299.0 
-21559.0 -22111.0 
-21199.0 -22426.0 
-21157.0 -22441.0 
-21421.0 -22268.0 
-21317.0 -22340.0 
-21229.0 -22406.0 
-21368.0 -22292.0 
-21600.0 -22032.0 
-21631.0 -22007.0 
-21631.0 -22007.0 
-21397.0 -22279.0 
-21229.0 -22406.0 
-21600.0 -22032.0 
-21294.0 -22378.0 
-21599.0 -22039.0 
-21236.0 -22397.0 
-21553.0 -22112.0 
-21397.0 -22279.0 
-21254.0 -22383.0 
-21236.0 -22397.0 
-21377.0 -22280.0 
-21352.0 -22324.0 
-21372.0 -22281.0 
-21562.0 -22073.0 
-21599.0 -22039.0 
-21377.0 -22280.0 
-21372.0 -22281.0 
-21559.0 -22111.0 
-21722.0 -21869.0 
-21455.0 -22231.0 
-21526.0 -22170.0 
-21687.0 -21906.0 
-21479.0 -22201.0 
-21199.0 -22426.0 
-21157.0 -22441.0 
-21317.0 -22340.0 
-21631.0 -22007.0 
-21229.0 -22406.0 
-21600.0 -22032.0 
-21553.0 -22112.0 
-21397.0 -22279.0 
-21236.0 -22397.0 
-21562.0 -22073.0 
-21599.0 -22039.0 
-21377.0 -22280.0 
-21559.0 -22111.0 
-21722.0 -21869.0 
-21455.0 -22231.0 
-21526.0 -22170.0 
-21687.0 -21906.0 
-21479.0 -22201.0 
-21199.0 -22426.0 
-21157.0 -22441.0 
-21317.0 -22340.0 
-21631.0 -22007.0 
-21229.0 -22406.0 
-21600.0 -22032.0 
-21553.0 -22112.0 
-21397.0 -22279.0 
-21236.0 -22397.0 
-21562.0 -22073.0 
-21599.0 -22039.0 
-21377.0 -22280.0 
-21559.0 -22111.0 
-21722.0 -21869.0 
-21455.0 -22231.0 
-21687.0 -21906.0 
-21479.0 -22201.0 
-21199.0 -22426.0 
-21157.0 -22441.0 
-21317.0 -22340.0 
-21631.0 -22007.0 
-21600.0 -22032.0 
-21553.0 -22112.0 
-21236.0 -22397.0 
-21562.0 -22073.0 
