0.9318053587771769 8400.956273040129 
0.6884364214882013 7559.858616886588 
0.4444886448787073 7349.037509267098 
0.785054097722028 10354.2342236376 
0.06436987945040262 12745.594195117983 
0.9486642618725839 6425.408091850051 
0.21847586123064722 10160.405389785561 
0.8864593819400591 9934.05256633848 
0.07513238276167189 8521.974288937921 
0.49820874276535876 8974.62101813583 
0.2669275375208343 8787.671881601966 
0.7773609407209765 7717.872325963366 
0.24490753452899072 8197.069355180425 
0.7432297792456843 10067.220270957903 
0.27141645018220073 8079.116277229628 
0.9107313476205565 7221.0645924320825 
0.5182996230429407 7106.124317564218 
0.5231382543367041 7784.630201638804 
0.48705182945133396 7240.61107030875 
0.4256007398684819 5384.356368310392 
0.8537992008717166 7433.2539160588 
0.7338725080772482 7486.780088100407 
0.9949051859777402 7496.746120709138 
0.08066989793707591 8945.191665861823 
0.7023211904436131 7334.474147762726 
0.16170692386272045 9537.58496378959 
0.2810285616433411 7263.794697318723 
0.056446238116947156 7296.80347773239 
0.7473765352056957 4755.2155463118 
0.08475341297214833 10033.81051449872 
0.6646427024609557 9082.81214485452 
0.009994054978133549 10475.307269232879 
0.821546061276605 7986.771824662287 
0.23779570813647566 8955.218711813557 
0.5919379098581833 8838.591360012915 
0.9868408899546263 7139.421391082606 
0.988284081598337 7585.87286258679 
0.040010583186354975 7975.378737777379 
0.8817092951513759 9410.90865077384 
0.6607442453963428 8545.074621079199 
0.2994241579011113 8341.629990636371 
0.4703099620048192 9267.839734687408 
0.7857198572818572 8680.829141042395 
0.9084717892766868 9582.123600801913 
0.522262877077799 7915.14298148589 
0.42616643498614304 8899.144728914067 
0.8245963868851233 10879.402007041239 
0.8914580734669413 8180.800860759655 
0.04441866834551422 9082.739089452265 
0.05058875291902476 6571.644400677497 
0.7999003818967428 7139.339966931678 
0.6434433732007563 9068.545843091013 
0.20752158341375804 8303.986958925532 
0.97999246448617 9463.479399367023 
0.4373323343617137 6525.406088733642 
0.05892189758825561 6581.108492875491 
0.7350274399520855 7402.785818938755 
0.6494116243633034 8954.806682123837 
0.42501938749857704 6632.801632377966 
0.45667487785235783 10697.12509105719 
0.44805963443281194 8663.311089184677 
0.3252951524902703 9411.376948897992 
0.4624180977658072 9338.53911605014 
0.6336977576989895 10269.421930848957 
0.14915673787493366 7143.665027898811 
0.3860607774167377 7277.110713597153 
0.14449072135967123 7855.578131606441 
0.9221593080930915 6393.847029802788 
0.5291328502735815 6992.633800997156 
0.5506959928694503 8111.399472641025 
0.5189503245985786 5970.417651425752 
0.3085208466802314 7546.800082675994 
0.4146852519252966 8807.244827087085 
0.419080817305337 7526.817323189533 
0.23864879047049814 7775.315884299747 
0.1654131972612478 6094.074243098928 
0.8641084366730805 9150.111372934354 
0.35447564574801116 8173.57872931957 
0.5521887010202186 7034.24983957156 
0.7246728929625295 9043.209775062569 
0.91344446699897 6295.513304924537 
0.12287337446346991 7460.364394698519 
0.82258689316201 8246.228523359247 
0.23349008026446216 10308.772997975804 
0.7432440645060252 6931.10999984376 
0.6796796755541517 9166.051125057815 
0.999884434065704 7824.680151942804 
0.6066712813150398 7707.232273100775 
0.9269514078680409 6688.528095023487 
0.1486053889518485 8787.864828990705 
0.10245303388065763 6236.4896948825435 
0.545985600360796 6745.039036423308 
0.10826821585278823 6874.578828653422 
0.9348941182984732 6237.800677611438 
0.9162553669436048 9451.052177678528 
0.4421503912923377 7371.361327937932 
0.2970996334902538 8836.223772867237 
0.7845823774316657 6951.5859621647505 
0.3322985433359329 9054.280071914265 
0.8433760068463528 8014.972313954695 
