0.0	1.181451231640147
0.9991083908087734	0.33045308962729214
0.08440842160046089	1.171822455574751
0.8784049749362023	0.5237289304280829
0.40429163109762467	1.0392475976399131
0.04805559840427526	1.1763398741991136
0.8247535174745377	0.6000918018993597
0.38041919838727434	1.055130208373785
0.8897396580352728	0.5069017317224406
0.9159057803480781	0.465237536987368
0.5233726172628484	0.9494000764623955
0.8422033096461108	0.5812644561220975
0.541128540668665	0.9301395979336675
0.8650628348850339	0.5474778743105028
0.7873284871566675	0.6558778500212755
0.4302773717973494	1.0213746885661057
0.9880242806626438	0.3493943029549653
0.5709121124802449	0.9015588802525215
0.6346987217361032	0.835704480158632
0.269858581828076	1.1158689992964528
0.9293063339207619	0.4498637346356398
0.13672657539305907	1.162005449711435
0.9792698151534964	0.3689229691103123
0.44813191893767257	1.0068689537486424
0.6515671126599367	0.8223792966195559
0.23702543611000737	1.1304461426976267
0.7258116748290855	0.7300782312784813
0.9575334477654556	0.406313252108042
0.6997821716374533	0.7626496270355183
0.4212406508780209	1.0307469872969557
0.36714333379900815	1.0635748214826317
0.7634704157189771	0.6825461030840123
0.022570831829059893	1.1774559526411559
0.5858404085680805	0.8867926243230119
0.961966143068177	0.3922261730841315
0.7354409550079934	0.7192257245851432
0.7450161185740137	0.7074884752877952
0.9730642066168624	0.38053152516021393
0.6843396682069784	0.7804249494641791
0.903689856021055	0.4907337956199774
0.5609376048856348	0.9109384274534122
0.3532051025971017	1.0716541606496253
0.6256077559439173	0.8454178415163762
0.5527108233722133	0.9230644886538709
0.30449854718435976	1.0987098746323438
0.9048232581189918	0.48247497788773563
0.2191786040799398	1.1371320093377324
0.5106216357249447	0.9566096385631825
0.4567582538544396	1.0003170967236517
0.6157503746957116	0.8560458061379335
0.608101179404985	0.8635451795640517
0.8559684428283101	0.5554889344600239
0.48581172564930186	0.9778061280095626
0.7154878757625918	0.7430170679193538
0.8083161264989797	0.6284404832152674
0.5985513970073894	0.8741447602848595
0.1988953222857018	1.144290735004532
0.6632853992742547	0.8047627613040153
0.47111871523378474	0.9930363788667428
0.1100783553059484	1.167115443020932
0.7974488971044196	0.6384121451828711
0.9953427540536854	0.336499494768488
0.8145309779527417	0.6137970472797172
0.5016056800985255	0.9642893728278101
0.11210281336834135	1.1667373329352972
0.47375559325539784	0.9858661674119132
0.6569488320168022	0.812286621477733
0.9459800632820556	0.4188302416376781
0.33639784024633	1.0826646710038044
0.2927018620145245	1.109103605341754
0.49416165162856396	0.9706686886192354
0.18300738939684646	1.1495377354118401
0.3229335287713015	1.0896553679757561
0.17601996389933283	1.1516732742059177
0.7558772005248107	0.6979927343540782
0.7750862724842786	0.667082431780803
0.9437169383497999	0.42213689247018565
0.3418672223868068	1.0786293738235073
0.15718636421560747	1.1606452915320207
0.16295964066355625	1.1590443135043875
0.3168192068493803	1.0927747976728615
0.20830929647135127	1.1413290014666087
0.2528175234711558	1.123906185858582
0.7106480506729491	0.7496424030682112
0.5923386889382183	0.8802939818569475
0.0030103410919704587	1.1776379957107315
0.680998439005684	0.7842950066187728
0.255649947155046	1.1224635880350957
0.7042795989413858	0.7573016784152655
0.9349525760457923	0.4350640042832559
0.756925751980597	0.6913056558901901
0.7752481958803539	0.6668614047454499
0.8480810586023988	0.5681108715861655
0.29357778280663194	1.1089333265564916
0.8123365022328277	0.6177330245104125
0.6714083437317763	0.7954796005306338
0.9341743715737647	0.4361977972219449
0.6732980626313787	0.7935789410657347
0.8489763214746466	0.5664811219017009
0.7980684276639762	0.6364737615874103
