0.9871803449979398	0.4286034793892071
0.0	1.2436157762382987
0.11527912365836507	1.2188953709686285
0.00672532859737066	1.2248604773911003
0.1627132161002486	1.205639491186057
0.1290419187194168	1.2112620549186712
0.26439430891725013	1.1682853018827801
0.8917891011643458	0.5784593388554866
0.7457807224265991	0.7610829737121065
0.36127565189737243	1.1192768872782524
0.3508995531655898	1.124154469380093
0.5997522574265065	0.9356673219232206
0.9764551822313516	0.449601219971831
0.5759966219723275	0.9596597599191686
0.5031503054380448	1.0134351939614357
0.5856480130127736	0.9481246918923403
0.5590819956726488	0.9711553279198544
0.2900052204446698	1.1601419796893822
0.7296904391815716	0.7817430887257983
0.6378659986886889	0.8944255883937258
0.877290848605671	0.5920175851511155
0.5170765254859053	1.0008180464583034
0.6448483749769125	0.8779367973919229
0.6285555305297666	0.9039476484990209
0.3237190347430187	1.1346606413754894
0.4503523724977605	1.0614490396816436
0.9663942674769754	0.4569430763601904
0.6581791089828787	0.8728558248344129
0.6819511067989079	0.850457732647942
0.4207481770151977	1.0784072795856976
0.9494718241427618	0.4861750335330588
0.7894289223519181	0.7192481508730205
0.766000522731022	0.7441192788008146
0.4654121308500167	1.0475571721385792
0.8444596435627318	0.6544509278023926
0.6092996141382433	0.9218445412673864
0.5495865348956966	0.9797677683325503
0.6135357176305736	0.9125826519722204
0.22879979343633317	1.1817671722804897
0.7606321532233911	0.7562813921941677
0.5391301504189997	0.9887868249208436
0.6865313040875666	0.8338311352155997
0.7977193925993998	0.7077314900053073
0.9435169287802532	0.5013444614870171
0.4136724396866306	1.0993679875389901
0.4799864946379812	1.0335026601279613
0.9136053446667709	0.5516190867663908
0.24142210285986418	1.171477120109477
0.7253022003942753	0.7853754009401066
0.525903987059821	0.9930231251884927
0.43311980620732277	1.0707995375537855
0.30076969883438975	1.156520266964929
0.8204886809021469	0.6731410546468185
0.8017211944694319	0.6977868659932271
0.206128995621964	1.1888416641775714
0.8583352737104799	0.6195243177731855
0.9054754605943585	0.5640249355685848
0.3909197019524178	1.1030198652385759
0.7167577965529952	0.8014780139231983
0.8503333501563155	0.6355828547905191
0.1848552913232933	1.1957228024856277
0.9655764448543814	0.4778227614513419
0.8278469239568667	0.6644241191422479
0.7026788728127225	0.8204929879488538
0.41934612441761404	1.095278693318061
0.7713912899907636	0.7295138440535713
0.697064393812439	0.8308841242291518
0.6687960532289934	0.8608863776882794
0.4740930435278197	1.0456208013935238
0.7053389408410893	0.8108409653393648
0.21008099257873272	1.1876210520047845
0.1848552913232933	1.1957228024856277
0.8118969472219957	0.6904394164261001
0.7749062576152728	0.724690848120587
0.4903326044161419	1.022394259015154
0.8644042526583087	0.6145653042899523
0.9173346059180474	0.5409093716981392
0.8123000978380168	0.6813601664388111
2.2033409463216753E-4	1.2370163283529458
0.8352435467931836	0.6583542860783123
0.4404715187283912	1.064519293544963
0.3868775434828601	1.1053265232000011
0.8542105862091853	0.6348039928009748
0.9276563319895437	0.5176190228205706
0.9607812559656572	0.47977617157751873
0.31329668627522056	1.1494363006034098
0.6700150306887677	0.8564063531726928
0.9378063786229336	0.5077836762448718
0.9246223702427477	0.5287853784738767
0.23677002792904472	1.175947348944175
0.4885811743673927	1.0264058273795147
0.3236953015922279	1.1395189069368412
0.869437354643263	0.6038467618736075
0.9072057785450487	0.5630675590139474
0.7146642030203825	0.8044099131589801
0.3169122688474082	1.148414199990892
0.8743126932771814	0.6034583967752549
0.9311120435701667	0.5123139482014676
0.9215309513140714	0.5335829297550919
0.3868775434828601	1.1053265232000011
