0.4260652871593823	0.37941369294549676	0.661586180533953	0.3466947431126831	0.7009031495635892	0.38283118438473773	0.30109839430810903	0.722170934511392	0.771201054257776	0.6328360685182436	0.048070790563992105	0.49789714663750373	0.37256431583531946	0.239037025430058	0.46366091686293875	0.8183282287392444	0.7521456492563309	0.27450350707004056	0.636665055723591	0.6897284887188904
0.41106624171254935	0.42285903318485873	0.2583502560268568	0.08300630268157427	0.5564528332632381	0.7935496388212943	0.42967838035312744	0.6103684581420085	0.31985133937718313	0.776518092444424	0.2830382835519314	0.16056764951804503	0.17626953618226449	0.3947785741057531	0.7408916815189442	0.789810483057634	0.3083648302205022	0.06174618324364467	0.8015474507315606	0.2533963703439056
0.2189597930391869	0.359771206009179	0.17150320663722374	0.18344600078398277	0.05041081488366894	0.7150668879979537	0.39988946934857883	0.5351888135489109	0.2970178073740234	0.355204119652231	0.48127788468559696	0.7950916817866869	0.7966316722830583	0.16222573623635073	0.794695467844912	0.9056385856650476	0.8824652570014591	0.1424536566660093	0.08626814486990375	0.6026724795404609
0.9530169814636572	0.32210085056564663	0.8030230414066408	0.8653806797401972	0.5409066986348052	0.8517342281239094	0.5079192952677714	0.12254525717132192	0.7164134638053885	0.2317984210716314	0.8993215769545022	0.9141696434839435	0.5788384664498083	0.39153384641946964	0.605811492590145	0.5926387295671359	0.9587200107535042	0.09100600287500815	0.5399190841987093	0.4132568783823499
0.533230023832482	0.8967815838242813	0.9028619031989877	0.5328096732912146	0.44561907586969274	0.9589918786493021	0.23921980477763416	0.2906788739203562	0.5631267163084532	0.7129717349844922	0.9116709478700014	0.7776497545280743	0.4924570587158916	0.8951108444656507	0.10709612425508952	0.16516101754610368	0.4979869511713093	0.5844333391478853	0.6884644823860829	0.8202328584991639
0.8065082871341878	0.9803331257640502	0.8925457631487886	0.607539304259906	0.2910393933497404	0.9739948481734889	0.7094771867110794	0.06973324087200106	0.701288828778222	0.9652031434319176	0.19751529597827533	0.33971176444966333	0.1661209469899595	0.5079818750959715	0.9172245105921409	0.09533025010839336	0.9274840488575121	0.16675782011646756	0.4950110466635502	0.5695534026019633
0.4704622398489664	0.07356454955709646	0.5721669412513427	0.8899657075551851	0.11336237965154516	0.9906150882614362	0.358703944174216	0.7368651215685689	0.45893731361734336	0.9817619827330111	0.010744566506022402	0.43829448046960107	0.35649924474067163	0.3985181462311731	0.4204057615083252	0.8821059056590064	0.19916630806640734	0.8777324258031539	0.43819809051194414	0.8076338986306102
0.5671349535020147	0.10552432416009294	0.16087622094864373	0.3525777223234122	0.6805900542640573	0.7809776326017313	0.27509576144465264	0.186497100867704	0.8798053810341413	0.09159887798658206	0.5059724973738287	0.8112691398168255	0.8888228752029799	0.028508075200054828	0.6058313823109294	0.6284958349019716	0.0649296619925176	0.6866796085909033	0.2721175700509306	0.630065339005083
0.5698169539411211	0.36535492953105675	0.8407491294789279	0.04836640895256805	0.05833025430920291	0.7766040289045213	0.9011733253680273	0.011375673608816639	0.12963841931849351	0.8850193515433414	0.6437760786933256	0.7593731602098168	0.8694911881721971	0.49972788444086624	0.7501142705132636	0.8002150941197186	0.11056896180213716	0.2119345615466064	0.83970223190604	0.775658425221172
0.8740755081175251	0.4198650418206854	0.653566045815774	0.9920563858737005	0.780617041940366	0.07306335654339713	0.3922560086114084	0.5777320094260112	0.21819648927696544	0.4280348544055109	0.9291398472300761	0.24216364976767746	0.17557708772088132	0.7717418805820945	0.23773834556308793	0.4464160849929626	0.13974665131108954	0.1725159640257028	0.472055350056243	0.8264471807279067
0.8939433139761882	0.34548179147308455	0.05447598556336242	0.9919076469295303	0.4544702837748029	0.3686924860245868	0.2762299667104525	0.4084676464160292	0.42069337733359524	0.5105413620846557	0.5546667499215341	0.41728455766665484	0.8184755584052885	0.45970898567471197	0.12527224135825477	0.533728390114324	0.7870044902667801	0.8074742050394715	0.7862508230401644	0.32414912484944947
0.7209969528395783	0.8234256078371484	0.8922262264340909	0.9650654985644104	0.2713977723258425	0.9567417777895177	0.013172267525848325	0.1582859780907756	0.8291833155116816	0.4715350469247208	0.5512864138061845	0.6389616671337366	0.18983422005033157	0.9001279901571468	0.9357455458034553	0.40984418501864395	0.6975561498108646	0.8144588899626234	0.1843044866589434	0.49785849426133033
0.29385037746989073	0.8842783498331259	0.2289333152956079	0.4936115703496171	0.8050237157894089	0.4774034967341242	0.702560281423623	0.3050521825764244	0.7053201605739818	0.47313407531284646	0.17005669327168538	0.8704168796135783	0.6411712462076834	0.27944283102430223	0.9425802190075552	0.002108513997570949	0.6906038620171762	0.885502740382789	0.6732420208810787	0.983967302983519
0.7259338939742567	0.8665574790361359	0.4415816518821112	0.8952428039462846	0.295425942407441	0.3045455019519162	0.1846417424085135	0.3014561708248791	0.9885437575191	0.6722478827242833	0.4978931224866271	0.5038951492383339	0.27972755813969985	0.48899100490814273	0.7388071084708958	0.9671643600407421	0.16471661097445978	0.6058134807055127	0.6729230930970914	0.7960166170898184
0.1895596429277887	0.33464941226487277	0.9855916246831204	0.21276031108256233	0.9817479961642043	0.9476769339338503	0.15412160160203447	0.8979309287913146	0.12975833499153389	0.25273460136496195	0.9624638950018084	0.23223479073561093	0.5514546577882676	0.9643009492335681	0.5453123781697161	0.9563858865298661	0.6703783316716743	0.6528079018892847	0.9742248202252153	0.8336258225252516
0.8887555521361301	0.22623242949800382	0.6729369990155002	0.11187321230859393	0.8624663975765562	0.2854816447267928	0.2452623255770363	0.7597708867524441	0.8629273062913559	0.6892422445611919	0.3766417080744854	0.9239325922566091	0.7335729596840777	0.9488416712534928	0.23388645892769333	0.08522636783133841	0.868174068185432	0.5397298797595551	0.5842190222190035	0.5876863569612322
0.7789869979898788	0.7185880845066706	0.12882687871276444	0.2771417729860084	0.6709185618592912	0.527485210914808	0.6819738772176214	0.22450236719100747	0.9658471770574449	0.429697370137508	0.40711349368033334	0.039645794451055094	0.3085195023910263	0.45483466958432783	0.2163943641470213	0.33565210353424124	0.24235963123761428	0.29103668432233454	0.2827802632548472	0.18587313501565017
0.1139756543959638	0.6518609672590233	0.7863656695019484	0.6875291063552567	0.22664498034919334	0.44377511331205455	0.6403988676417376	0.30029110620411803	0.4095223473689188	0.11904743159980524	0.8947650786994963	0.16530671543601405	0.27128219424633115	0.26587745584032285	0.5981765192640226	0.5495777690284191	0.45024853085948713	0.567108140246841	0.4975462103209328	0.9308022628473034
0.8239214371528689	0.11544797808580176	0.07902406167796894	0.9440242252689895	0.09267170785699064	0.9997807761820279	0.9787585431537329	0.5098847190946394	0.8736581902952233	0.9727408844933336	0.5499554832460912	0.7762067441574497	0.7059918011416795	0.22951474205268074	0.02440473511987995	0.6734947673511752	0.9794414934766322	0.43895391635790715	0.4516341106711712	0.9155850514626107
0.20966106956271335	0.7310454794476572	0.7076316878064748	0.7879464433045077	0.5177554368248233	0.4857562686481177	0.8507343837602206	0.353452859367016	0.8385949880135483	0.5356396852753652	0.990400596573064	0.010261815474900238	0.9563047278117194	0.6222780198739897	0.7358636523576793	0.6395884288606426	0.012041255964941988	0.889551269553221	0.5061894099598345	0.08966488510095183
0.5580580367745809	0.5650875458557658	0.24941745657150427	0.49098402287843657	0.6556584851132027	0.4203950118596136	0.9334804015481285	0.42207842290471587	0.732230949605672	0.8730186965561496	0.3542150969205865	0.4565133738016639	0.3834030490093968	0.7312814997699687	0.05545337802733186	0.5668589695200053	0.9144353751034918	0.5144077688290358	0.8029144640620379	0.8873869818250499
0.6948743485542915	0.5536916017253556	0.3695296753785755	0.8524559818902644	0.7609497198963486	0.38967129395711286	0.3476800523528605	0.2502616217289626	0.7662255689461155	0.9990140057647975	0.23756445591531505	0.46885222572185703	0.19776825945265342	0.4138814190771414	0.6603020145671097	0.029758499131952942	0.9245637110646507	0.3657658171936372	0.8809651008588298	0.4499254739337958
0.6447726648763836	0.9683614858353455	0.9025932288729844	0.031035711688996992	0.08058970483189387	0.0198371696878632	0.6178994138395844	0.5558376463714069	0.9060695376533988	0.6372349296036149	0.2705669883076226	0.3958227080208616	0.8427005062928942	0.5577832320000383	2.714934733213381E-4	0.33700336635484296	0.6861192170436016	0.5771119715223315	0.8072253613569204	0.15808908213700978
0.26016831804571194	0.6320870052107967	0.22293349630841452	0.9959381887820664	0.6409312162928362	0.17754424924815093	0.10584982980945268	0.3611715534569754	0.06009157146598598	0.3207691597995673	0.39777230192287927	0.02362673691579975	0.3556900442703914	0.9102368926692426	0.6051945212220695	0.6625921195334579	0.7881210504945697	0.3771967835637453	0.4145536014558424	0.239292911444434
0.09459934526266456	0.40365695157774906	0.46559298943737015	0.6827780482000302	0.5578090378871728	0.14097836164780564	0.3938536410119272	0.46790926800310884	0.2952214371226314	0.427685104005038	0.6400793344440292	0.8554686164744598	0.21788191172373716	0.09727891832521418	0.18278049356415504	0.49055436183523116	0.003451343685853425	0.7982019659377503	0.4327955655821145	0.3057250671322359
0.7569734587232269	0.2492314548800313	0.327923991176729	0.5400154771155063	0.478439413766247	0.7077293874727467	0.8754157536655994	0.252629805554347	0.5606908240628704	0.14541514912154885	0.8020613171987415	0.03731014591251325	0.29726439424485984	0.07138131065880693	0.563900105335811	0.38228817771387535	0.11534619166203253	0.9602556145350948	0.847638266539828	0.9903740037805382
0.20549571839629777	0.10920732188955384	0.8595700383288855	0.8935485360795026	0.8898818196372906	0.19428159732760986	0.6308084074818223	0.36184056828643274	0.7739686949728527	0.8039683025289249	0.9016136746781562	0.9957524371633959	0.3978208401407527	0.04175787493355532	0.13550624821541057	0.5561900559136973	0.788665599284006	0.11846997024224815	0.05762344606286196	0.14809259404782538
0.27800927378270013	0.37495571826439	0.04336882189191593	0.04452019188019285	0.1328390029242945	0.7930836689160151	0.9900764467864146	0.08395688696065928	0.21249702622616107	0.05036117378749305	0.23475200299746413	0.04006730945027204	0.8202733300795332	0.01635924373651676	0.1289418188324587	0.21604762113639975	0.45775704837717535	0.2959834110689896	0.14142457772190453	0.4824183473717175
0.202175690208942	0.7687189159484805	0.5169298597621511	0.8813166439195229	0.5694211637544436	0.3018330164207058	0.1293699349421975	0.866274999463991	0.41930026056313663	0.3593732714623331	0.10954868750447477	0.11995077586441938	0.40347730540829796	0.9207552336125396	0.15824659244107508	0.9792450617845373	0.24730857164707742	0.6539277198360597	0.7296551457669102	0.4228216020625434
0.030854166117768256	0.9553069151232322	0.9778209486010079	0.8138794883275143	0.26818610446297886	0.32573326643963807	0.5912734318459936	0.5765974453210438	0.7196061435565141	0.5967096415662971	0.8980876331127331	0.6172798556297403	0.25574524223898976	0.8176392799853004	0.5629487601308749	0.567711111712077	0.0025416675282998735	0.6212378704376381	0.9942898732098429	0.18129539304111897
0.14082510829333417	0.873859084026504	0.8903836368318713	0.11011745275166718	0.6858301102632843	0.7750843246233089	0.21758637380960344	0.45044880591351344	0.5997793001743831	0.10212802425076717	0.7876009674204162	0.9491971993111087	0.9529840266942927	0.4731836101878494	0.6545211930538912	0.6870711761790002	0.0356434989098765	0.7330403589088217	0.9396936011349377	0.4254304591069086
0.3730461378682105	0.3435469051614781	0.02071115036262461	0.8090271645618904	0.11312406658901397	0.6018885054300558	0.02685073441649022	0.7736348304343978	0.42566206219396807	0.8762254903318635	0.5406442753220416	0.8043121706934828	0.52934101792119	0.7142588323226647	0.204971386736008	0.7508784649806637	0.7181035024666074	0.07219178101770884	0.8629345429578733	0.03986370913016013
0.055601600684893615	0.8737087474853814	0.758119936391823	0.08247712496689408	0.897589715902601	0.3471798541976864	0.7564355782115216	0.08825068219134657	0.5287767115504863	0.048252897396309447	0.3387753817923408	0.6997135498830515	0.12654194396029583	0.06924500109108878	0.6293950550354885	0.8867356479481768	0.1023014204880679	0.20885993478862985	0.24884095486299884	0.7819930810959268
0.4239611637627343	0.042638171927856905	0.20295970934159369	0.9884039847488404	0.08221954116671404	0.6667622148478082	0.8306452369128712	0.16925866951455493	0.5340034369028677	0.67822355696775	0.6826010866876729	0.6261909610377292	0.1330978658371721	0.7848509110048432	0.6496153141737822	0.3966236738638895	0.9714292232667646	0.7072039624760033	0.9039173324670157	0.29310088900679043
0.7584580235774215	0.160000475281875	0.7956739670863067	0.7612207297290642	0.055238151668986935	0.13013457060269784	0.5045040739642557	0.8169693102487129	0.12609170532929415	0.6400786772490015	0.439405550489381	0.54787557876369	0.5258618226852815	0.37968362276075474	0.10891773723878961	0.08662362859741002	0.053680401059295946	0.6160959728369819	0.2674565570296096	0.07088400096436887
0.6084882017382518	0.9455035225176474	0.9756238552149707	0.7387269520091528	0.2755269943219276	0.5108520028670313	0.725033864503468	0.7793364476458432	0.8698339869266551	0.5647791176329866	0.9598098810712712	0.9885434539368253	0.41987857691338704	0.7995676948141229	0.9683366965545999	0.4510220761124747	0.7846188506564121	0.17761371840942675	0.1867208238951379	0.5826168922259035
0.26681256057073155	0.4084856443873133	0.657472552703874	0.08216571224193536	0.14745902947550416	0.5222533079216771	0.0745525266826309	0.5543113568968118	0.7104926686882899	0.10077947695902945	0.8845827378514481	0.09439663022675937	0.3121117377922862	0.5933396386785428	0.7098966344757527	0.5192753745192098	0.5374176977689057	0.8558403429059106	0.3214349699568716	0.3160177546688244
0.5733619792497645	0.34938097852948	0.21394652715296103	0.747606556708713	0.4777966634009987	0.41498550632423603	0.6272123341090534	0.2871352323688161	0.4601498512326846	0.9272200180964623	0.614083865170988	0.7793646131253653	0.5533637983570561	0.5536971650648652	0.7478483130889617	0.755992553745876	0.16038733501541413	0.5874418216333718	0.034628505792788755	0.1756169683945661
0.3707828096498519	0.6490973773346385	0.3398488502912873	0.17736805393046873	0.007823726809810583	0.053700993233702254	0.09167075459122742	0.8038912087915013	0.16266273789908103	0.034773821379605274	0.5117402659847214	0.18747472709915103	0.6251168512024833	0.15753917954239582	0.6249421556875638	0.1630366535301414	0.1986190895906501	0.4289687456473238	0.6794120430446885	0.643888845772377
0.8696913539403028	0.9630434973349141	0.9013713807703382	0.08175872942708184	0.28066882950817884	0.10389664950143129	0.5697309053519317	0.5882802489835159	0.6871590796634233	0.24683116743571487	0.16244588475775434	0.14411292728633185	0.5135931682640286	0.7333835799609165	0.015063106466501774	0.3686233828132073	0.31058028173748764	0.39984633115819035	0.7166702635747333	0.5729972105065506
0.8689759032034073	0.09543860521853986	0.9899800662679115	0.08575940691703599	0.12200180464152888	0.3782680467302153	0.8444369076079372	0.03143637128310306	0.5952482964027674	0.9592628630461247	0.6498572346339844	0.9871180428739473	0.6902144857679474	0.7483383128453815	0.10131050613842896	0.3076407722927993	0.5689914663960334	0.645095143593488	0.4722426068344463	0.5050830099903489
0.43063791484785696	0.5057083770566649	0.22432642060150254	0.33302278790812634	0.8258140492466669	0.29170164110140895	0.9411385213821474	0.1216008847057185	0.5012490876989477	0.8844949122295429	0.8339571262511566	0.24729057282968847	0.8571090123062646	0.05580340649205773	0.14130186457025573	0.9882172797522963	0.03560963431158526	0.29972106776279595	0.31123970690950487	0.18096912503113216
0.13516073298710296	0.22008707331251176	0.7231691719006742	0.7628150407114346	0.5261510080113012	0.9201006213733314	0.6960545558555005	0.49992120066781964	0.054389077947539666	0.8465275689293265	0.7052204761241423	0.11244408869484313	0.6307145936890579	0.703963745461083	0.0764557118343675	0.3142235966387733	0.8173127682086626	0.681076540922243	0.9669157894309189	0.41576598473798476
0.3184476986848809	0.06880664067080589	0.9641337970478839	0.26169469966619807	0.4930084703769658	0.6849808921094629	0.4221224886979441	0.7546482763320737	0.3879010012398231	0.13298023104677092	0.2914002537786071	0.1934117851745758	0.1846781497360377	0.7117263029410856	0.8823163869904074	0.8992902707771816	0.5361000424182245	0.03091016242367839	0.040752077507466566	0.29523235073474186
0.9516311174618639	0.8622323030436547	0.6184591419373607	0.6636104967496975	0.2781125109184345	0.32312168392363405	0.24786339521415968	0.2879067687767186	0.20268072502178347	0.6644756703614791	0.6638249576269641	0.5678197624364086	0.11364641837752476	0.008140328661480734	0.8310309646171853	0.6145383711309698	0.5059102005621404	0.24227585730686163	0.4812732046145083	0.24254576934216354
0.3917079550808512	0.7614177432918926	0.45665528083157947	0.9238283526312153	0.9366355808507906	0.6225502698019711	0.024906757472847207	0.22109381820891383	0.7367601834544162	0.45342835905552237	0.5320003522385286	0.35978158799695015	0.2229559116380947	0.4825860487930723	0.1078321935642963	0.795457392303476	0.27672626557893665	0.01940493983890912	0.5343507454563821	0.3112298775596747
0.7176151958178264	0.034166315568951555	0.13390498511275617	0.6931905162825043	0.5855328609201818	0.9598870778551387	0.03926377339317477	0.03812103642095277	0.7042095521236794	0.4401757479217213	0.6763504404083092	0.08774764572446392	0.6400318852518739	0.5378759415049063	0.1738870255545456	0.6103011900402675	0.9472708642886581	0.854812048267345	0.1251255925652155	0.06094510860480162
0.9707565968171147	0.23159744873744026	0.015450154059805987	0.31246509932043565	0.3942659845104458	0.18782252192394033	0.7484466564098999	0.9214131725891671	0.5308256344879029	0.5054540353591596	0.13822470126097097	0.827101838908679	0.12096302126882064	0.21222402932438067	0.353218910948185	0.6759209443802067	0.9421088791452816	0.12794271667187518	0.3020308576490218	0.8215264856517034
0.4026222129221494	0.7176737757363548	0.839218401230732	0.20433984313372944	0.8379724212967969	0.8318761491015088	0.11352903240115197	0.4766238671376489	0.05179057455753833	0.48390972609700156	0.31920984008576025	0.10748243890086295	0.6065901613611211	0.5929657558896413	0.4101124472156997	0.9877469992801018	0.7992529907425917	0.2636194548023493	0.7453108708045899	0.17864972044866056
0.123161013804439	0.9225757114378383	0.7344631453495024	0.7244146540466242	0.41649171636347093	0.9871779777888303	0.4638728731217804	0.10029224749149646	0.1134927204480013	0.2960064320172019	0.3739981859603265	0.32903353753714926	0.9673301920586065	0.6253591536679122	0.8379491988412053	0.6431358681350255	0.3869113077796478	0.9285396872835292	0.16661191465998493	0.6603193062608659
0.19725966650576565	0.9409340247094141	0.2896544392809297	0.16367131922170752	0.9502275899956719	0.4721569368562527	0.4765534210142388	0.3635933388517769	0.2446668649480176	0.7109937059126048	0.15446946879150525	0.5533456769675176	0.4250200317438353	0.8708118179533529	0.7489104081328596	0.6599187037963482	0.2315908541467968	0.7770965699848712	0.5628530220610672	0.7379782281865471
0.7516880167026201	0.8522987345651997	0.0977103076376824	0.38691384517692917	0.9590285076016098	0.9384789465437473	0.49312663514476573	0.28457376421110336	0.443983884441182	0.15554047747815924	0.6321377845721922	0.9646672960023733	0.3189068408059552	0.9387617982630401	0.9527182345345023	0.2981352071044695	0.5339298893247253	0.15473670964917807	0.7464409607587611	0.26988965562973943
0.5665121143964554	0.5838779032085588	0.534246235803228	0.04219582939663591	0.7670377006763732	0.5178212629816084	0.3994450909565441	0.671641644348224	0.40992650145972176	0.025466486978666825	0.20875565984413846	0.6201091700206965	0.19985154448407372	0.2892581920552898	0.002285609447428505	0.3042968423604967	0.029356440500145076	0.33920214038141605	0.7367073300874342	0.5000411923997237
0.7716746989843735	0.5519265858859521	0.1026708014263068	0.7326052330275395	0.760638318256395	0.6118309872980797	0.7170425260032056	0.5893609606078379	0.6271184041217357	0.9204368804235739	0.9136301979464836	0.33045400694832183	0.19069299948502783	0.9681903900063695	0.3386601742163663	0.33753102345140207	0.9002220774422669	0.0746340714914332	0.2044507913476401	0.01022524122837365
0.48427190990252933	0.7919090702650797	0.5579915609872387	0.0994908346056439	0.8721253125621798	0.40718810771735536	0.11332745035224545	0.2550587653296552	0.3635155186231669	0.9496139328214166	0.6832227075373533	0.6879521031596423	0.8241529705242673	0.8875293569205019	0.6703668486853073	0.4834275488774966	0.24250924066313284	0.31929860581062675	0.5627610025558599	0.8737279386951081
0.7331682366980924	0.46938800247682233	0.3846174679538963	0.3212921112378372	0.5714509719991857	0.565039088252934	0.13301499873448464	0.355184506342211	0.1860578317803896	0.6072111197501736	0.6492837787878678	0.37899461041607574	0.8491839420875638	0.9402859668003204	0.649885382828655	0.5033969881715807	0.6511370779023246	0.7974084534712703	0.08051508493994664	0.43275295853846407
0.7496369197741595	0.29173224434268386	0.7669386464816769	0.3458655333114119	0.3563439483065479	0.16988800862432862	0.07765223718400238	0.0068671857529920555	0.8167750872336602	0.9775399013579708	0.9507607758276799	0.014014828142245306	0.9937147147234288	0.3995855825855559	0.03743370137129731	0.051655739946537826	0.6573583531692633	0.07646952205872659	0.7325307726226902	0.026668373927283606
0.05939185712644546	0.21332677417766865	0.9313443859836376	0.4510665682729187	0.6582297418129054	0.44562255689967145	0.989296534438926	0.7430344396700401	0.9045396769687446	0.9567206512335015	0.7020670986618979	0.2222202396142161	0.013593330093052747	0.6580685664038063	0.8802691321789029	0.7797209226526817	0.9708148280454371	0.5939761729393558	0.9484589856830979	0.6844488161489876
0.24204776524523763	0.8745005818547439	0.7029654422400264	0.5619911472761109	0.7264344504849547	0.8240019827731963	0.5010995307277077	0.7402917666083161	0.3771268529414553	0.7885046059041994	0.15223116685824012	0.9189598031991202	0.11398160376946975	0.04312936989459826	0.5581759187717671	0.14285644826928	0.4263555787215926	0.2172562724429591	0.3886568375027486	0.5836529065570731
0.8929096227684735	0.690503785431792	0.1190603414085144	0.3093887141580193	0.5018695808828575	0.09765975082812683	0.37394982018199496	0.8056459679987332	0.7936040082143109	0.384068545322363	0.06924917693312482	0.3623312930353829	0.0479743595399893	0.3865582205317676	0.45423968658559477	0.94611565375263	0.7059582993550071	0.16756059259496014	0.30718520689595685	0.8443312236161429
0.2935981527980319	0.3633414088022743	0.6796256962638757	0.8512729450514741	0.7015152366286892	0.3404970849265967	0.5885733721224037	0.9322149510540432	0.8803324334814557	0.9654874312153691	0.021992861478447367	0.6187058821476664	0.3926957469574691	0.9068373966741391	0.3769778374018893	0.7332731744550337	0.6661132297446986	0.33511267088508667	0.16977922026477443	0.2997220594066232
0.8117016077954409	0.7295320850596244	0.47647890675391	0.2599869880964035	0.8152472991627024	0.19978318749397872	0.9489516441388772	0.9607552077453785	0.6401998542499124	0.36374635577025904	0.2597088598353834	0.09912902160312986	0.43998600982616043	0.7046527188492391	0.6638278265924239	0.9531635180644319	0.11779750086094787	0.12907504941485204	0.10611318105964307	0.15315508107927633
0.26437928816478873	0.012010217370793108	0.014788145267211283	0.3359974856255312	0.7961265093576261	0.1450497687722624	0.05172897288419809	0.3188876518017961	0.5516089203894143	0.7369075610453868	0.7323322620608428	0.3771379686800054	0.7469621839386528	0.2805581158295256	0.990360687754692	0.7873524095479146	0.7660552909791434	0.047331798404766756	0.005339194416420723	0.34776848048059994
0.26536166494900704	0.6508178884800254	0.02204436334229265	0.8727100337944119	0.2867733315621892	0.7489938661023784	0.5262931177533786	0.1339233593287077	0.8858653572924826	0.0815975652276878	0.03916251830464246	0.8570607315876905	0.9164839143114586	0.5409453867140909	0.0036874476845796256	0.04240183334353176	0.11070398358006028	0.11650502560949327	0.879698504619475	0.1286112225028374
0.23992102092478207	0.1410115481151436	0.0735213479367195	0.5410495438169998	0.3240104291678719	0.08518303266053173	0.0541234473281178	0.8824195235670196	0.18116444996475534	0.8049041818761417	0.8089376310563987	0.8083154004478101	0.4385866654475761	0.5740600716787239	0.42628058376234534	0.1931217440893862	0.7464645009047073	0.6336164245662215	0.031195701473612614	0.16599840735192462
0.24568787871037046	0.08896987949681645	0.02008288527700397	0.037490031090831266	0.6328099906337844	0.11160117972863548	0.9437661216727832	0.7751247297805925	0.030346736849394595	0.8298294520957483	0.7806151907311523	0.34861893648437403	0.7159983288384292	0.824256175533738	0.6399349436908245	0.10146928328053795	0.025384998972783568	0.025188371678514176	0.4507793696248119	0.5856685202900493
0.43039613388065534	0.5949839104161525	0.4000158398010242	0.28138431921407947	0.193511956452059	0.30111243373799434	0.030160221807889243	0.5912267372611975	0.33606702031206104	0.3450449189130481	0.6301630868052774	0.7310074056968601	0.1499547162675059	0.43347535968843653	0.37030853788901374	0.4373927568522027	0.19070347174991653	0.8455932867372251	0.6376089529758674	0.8049002927724971
0.288117776502143	0.688813808436507	0.3824082201259924	0.4907529073798844	0.7299862891492245	0.6290232504691692	0.9160332168070033	0.5824594858014434	0.5070211892837067	0.6572368441776155	0.5525627023358533	0.5772567994252532	0.4479957666120685	0.8782388936111546	0.26506411939593577	0.35292990244740985	0.0940912846804578	0.8806052373934493	0.2162667783394019	0.14720161851299685
0.7502015088469639	0.29913964961689066	0.9261205756180173	0.04789812149355066	0.6784146049952045	0.9833903389072859	0.9938342074225909	0.9935327472522877	0.951708791435514	0.6485143563049568	0.9909990489989258	0.9099454828830498	0.017328178878539546	0.9284701987565325	0.28180890306148376	0.4007762808823857	0.2911827419176962	0.5604363166537385	0.38300313369981764	0.22056664417113603
0.42867351782870255	0.8019768035551126	0.8684485802552857	0.6795175728302223	0.3320269070876669	0.9750218311607185	0.6700684017889631	0.5664997360163098	0.10883890767958293	0.27560205974206053	0.11362955879428394	0.5934435155835734	0.2900386231598747	0.3810821092750988	0.5795528071475933	0.45065026973758404	0.726361919154806	0.9893536483981898	0.8950299548654934	0.5802500746928703
0.11900792719721742	0.5598543350135566	0.08755812301032462	0.19797733030912468	0.6656302819501707	0.880809007585872	0.1348876062921729	0.07277897365478736	0.6245896898135654	0.2634708315480251	0.36034839585612133	0.412693072056702	0.7229581016766518	0.8326123019073295	0.7041944376167095	0.6021591549004853	0.3027122812310753	0.2820079449014269	0.7957223351087964	0.08087508449021985
0.6015763724203955	0.9403437407262601	0.6370388477609888	0.5762012538490642	0.3986047825056094	0.536298722893117	0.9608616163332374	0.4562936234842605	0.3904914109996538	0.9849670503947696	0.01938999629537741	0.7402703325608708	0.32370312356605024	0.7822172639091333	0.4165303355870622	0.46442082833783593	0.06686153165325948	0.6268171996400662	0.5295830144010533	0.6489030441274886
0.5927444395020556	0.2624796553092624	0.2915037688518417	0.7961813393430033	0.5354529714079841	0.5108555934409854	0.844191831225495	0.2726682167760668	0.1243922587103845	0.27084672344843874	0.26048770385401854	0.192403745232001	0.022962406375399036	0.023925558556853632	0.5725464840133679	0.9461276111626574	0.8472660618384836	0.927656125276671	0.8225256742544023	0.2187984314405177
0.2735649366967562	0.8510136473876143	0.09075726828042874	0.08225143722359396	0.5448843043792639	0.8614943310766702	0.7268349102590574	0.6415739408891333	0.8716375476664617	0.9595093217927425	0.5765330803552191	0.36397948710429906	0.3433902411023021	0.5919299251232543	0.19926323682645164	0.1284153788102409	0.32210943567322303	0.23872952059276775	0.14314095805140647	0.3801479445632234
0.9594689023841492	0.3081977660887666	0.599141400149825	0.1686686770464284	0.2986661652082573	0.26383834734740697	0.8831258959297767	0.5561598998511034	0.32144331013593064	0.6425681859055158	0.981557966169453	0.5188102219288729	0.977367978188466	0.37245519010319417	0.7774213069832985	0.880412337130796	0.3459770197855645	0.5380751178187824	0.8596131823373714	0.5861745552130152
0.5464969193717151	0.5806949858972034	0.7852616462337813	0.12182435915148249	0.8241666363487106	0.9992289655207373	0.1993913330419671	0.746256796121728	0.8187986069492922	0.8410948712638378	0.7914587389926935	0.28074225613716464	0.10301129019526312	0.3315859619082686	0.37859369845443624	0.8303968700695608	0.49603367156923306	0.5683177471240747	0.2380380288748437	0.8155347908200685
0.7582338749856667	0.5930990974703136	0.8517611295739035	0.2395962523511127	0.8038697523566987	0.19293472035996584	0.08655429915025081	0.8550050778691499	0.5443114617278377	0.8387296019610708	0.2772204590763938	0.13902296360164512	0.5569871226755454	0.6219055231849868	0.13717996903673013	0.14739099714246273	0.24737209591249154	0.981437148905574	0.15130319036701623	0.6036913755914123
0.46320265044101216	0.9255398596882031	0.39289288404565414	0.20055267998479298	0.09260405384361015	0.49451907261349404	0.6240647342403459	0.08148434025101148	0.5256856756412738	0.8971044689927798	0.4971422578318464	0.07774922792429506	0.6050838396512268	0.28608361717135944	0.9748999928670433	0.5032804621424478	0.47863666644894276	0.23554818592957882	0.6541133519137882	0.14535228063752248
0.8955796209960829	0.6378902612611566	0.369623672049316	0.5640451586090753	0.6836705515222341	0.36316626217810755	0.6665313550591745	0.2755848890405528	0.27755694401051134	0.19582919908962337	0.42844836847182444	0.5399995220977015	0.2068964128135461	0.9535137096552185	0.4601129994172164	0.5236375679272329	0.2544375018751788	0.015333527327426877	0.3184107697570454	0.5079882975819024
0.0700617995207451	0.5725382544105345	0.33194347396593615	0.4447826972372574	0.8094464719099705	0.15095208374211988	0.17189666105061474	0.11473221039166659	0.6558641602300006	0.3154094299276785	0.2746205075301822	0.7962116980361879	0.11640147754517016	0.24120077975532472	0.14238246723212344	0.24285928440755566	0.08521317209014667	0.24747818882135242	0.512442882728251	0.6123130238156607
0.5084372412449928	0.2819676436757259	0.6013134314021117	0.14488683797039437	0.9762331545982001	0.5986921326323978	0.5715557560594462	0.17295828745672603	0.8181942681816342	0.63382700743354	0.4088091334379984	0.6484680186933905	0.5418884483580826	0.39460562559194723	0.5901234725405708	0.09898948429042831	0.10066272236091756	0.6860761061600019	0.2856331123708944	0.09640995088477622
0.10413095337177292	0.788226895206281	0.17415653152408572	0.28529059207384844	0.7238485534755476	0.7901404004478226	0.8464351838038244	0.7600028711064855	0.9865080242445371	0.9898230734003447	0.6943509281565535	0.6531235879199485	0.8022857313397846	0.5404665133902359	0.08088055177061981	0.758572011389333	0.7465905912833141	0.44203128150265636	0.21794478849490861	0.8782415660587033
0.984136026707732	0.5319563196360237	0.22701723343723135	0.7347434314251717	0.38740590527728	0.23667751949828886	0.5077238158673162	0.8118838521199031	0.7955363490344243	0.532952358503128	0.5967570708454352	0.4373027233970519	0.5583702965477879	0.2404565600934816	0.8751146527276816	0.2921946392346392	0.3018869755142035	0.025769443031091743	0.05658045200150463	0.09041217103714216
0.556851577477742	0.7412909397685555	0.9051345212398867	0.3017954947492091	0.4947786294434928	0.9812925725009607	0.48558808980416357	0.21291353306798677	0.5080360319504312	0.39981637307389895	0.7759417632018245	0.6285610327215698	0.012862179608105873	0.4051638075027503	0.9394296505841537	0.231659898531127	0.41398851967482597	0.5230453367970275	0.09969959679825946	0.6445104101842294
0.5440633680871194	0.4899598857169155	0.6063411755096714	0.5591794272026416	0.9269380229361516	0.3312769728608749	0.9869519001885997	0.8220845429384479	0.8989829742443328	0.09074848716213468	0.5168559848083982	0.0016734164147369501	0.03680688499344509	0.24282636653739675	0.19454959995024268	0.5722491886203234	0.8449107379322336	0.9073504598488664	0.048524944051686725	0.0837477273573829
0.08921483837269317	0.39479813405365116	0.23983713823792197	0.19080960684118253	0.33864568561599795	0.5401550368953969	0.6651178755747491	0.9688263060814298	0.5563446144706796	0.9445658478031616	0.22322819118381154	0.9935901096334828	0.5873032274948755	0.163454553881887	0.2230800143823377	0.14664278515604423	0.6575750284722547	0.5682348086261869	0.6968908228219911	0.5755579046315311
0.5930781149042682	0.7447135454293157	0.5104122218391308	0.24746227512879426	0.9573606467111843	0.1957980462278176	0.8703102869876506	0.6258764327498372	0.7015158383675694	0.04357396684718218	0.7150093718839269	0.3579660827032781	0.21489799884986538	0.5317391756039627	0.7872947968683616	0.606942227132547	0.47717060328306804	0.5988746599675812	0.1379440114293612	0.972274999221276
0.45746568410494726	0.46014032672175575	0.6348722860762822	0.02587434407868061	0.7950997489791769	0.1025467484582323	0.6006566099093466	0.2799720073657931	0.6142885376529088	0.5836091430480889	0.7503897569173885	0.4067937957089245	0.30085166182773415	0.870327519000501	0.26418777366910207	0.7411975333119487	0.754242698021618	0.10704504059866404	0.18162631288866593	0.4023763446091979
0.47784331604676056	0.9987145099256014	0.8504531889161359	0.4193351481292664	0.8854373353334488	0.3034768949389902	0.2974391833771749	0.8227078378691604	0.557410688465789	0.8097410714537864	0.2467394326534641	0.3820581245845578	0.20459077960979233	0.33893926923846285	0.02704223397961436	0.09238928379636424	0.5988443718404998	0.15007123545087253	0.08592113012141456	0.8666910391176619
0.21446037752307523	0.6728317897115238	0.9744097240530774	0.3027350026424732	0.716534094351826	0.7381800370176541	0.541542487095749	0.39244813749249075	0.3454157620436574	0.5240116134975865	0.005552115004117897	0.9430930604036665	0.402014064619472	0.7754434330159836	0.559109630160575	0.722815112570745	0.9403416097539754	0.4055944315858384	0.39724978156781243	0.6324283780915245
0.0735532046427475	0.4373497879030286	0.8377995942077474	0.4219446978205418	0.6075532756143958	0.2869391395790041	0.9225021277699169	0.38979159965342436	0.4904669188864412	0.9285685172049702	0.6788284711594069	0.029086829329342145	0.7567906542994128	0.8566307294106422	0.6440296275548784	0.06581040614113298	0.5069574355024721	0.33229217682761725	0.9177634325948884	0.11574072462970264
0.6852653893430691	0.8110348859933926	0.9692367844294332	0.015731456933409493	0.8996605208126119	0.8286172589806556	0.3553810937568057	0.3476930560189504	0.9148442393738595	0.36745223185361486	0.21449116258843226	0.09474208068441736	0.6117987526792347	0.13369983018195541	0.6608320709565061	0.6828352875394557	0.46119320318234314	0.5563264619617749	0.514621149014628	0.09569046165490303
0.18823254982474613	0.9142891656302797	0.4664948339522563	0.05736129180540728	0.40327338836948046	0.9079262294711571	0.04391822108238297	0.7046516345774197	0.5642398246610641	0.22253780997409545	0.9731700868161559	0.42431469590826576	0.797949943853067	0.8259531723771778	0.8619071555917382	0.042938035269800445	0.5994569415103551	0.9217439588455438	0.981827842017567	0.07043198798862826
0.4667248780835568	0.5546533597896993	0.3757483009656871	0.6992917683197295	0.6088313735083044	0.6267494161952002	0.18903010299025225	0.3785030678622857	0.9263847517661167	0.30918342602992743	0.9458514187755236	0.20400823805498935	0.19093028213171392	0.5255278828811544	0.7574724013271539	0.09033664127253493	0.33255712287827777	0.7480389131390235	0.06572399981863286	0.07332546805737217
0.8350258534876086	0.4875846016001477	0.9920141262447186	0.1109557774740193	0.7047793271685185	0.08242938429339897	0.08722858627356611	0.4307960971582946	0.9446147726103986	0.9176305443553349	0.6260695566288523	0.1727384515820244	0.6948580957099137	0.41972260576379994	0.570319343947282	0.23723264356067142	0.9927264228882702	0.15619684371069542	0.4658450610886772	0.9091919011362308
0.2905261048670593	0.5994670518786203	0.7212328358528779	0.9537033174030534	0.4507644629884311	0.3716129794022188	0.9418551143364067	0.6070451366643265	0.28282506002637386	0.5867011847132654	0.3370784447770969	0.7714159869450112	0.6380420026752586	0.320983322524241	0.03019730673860599	0.5070730744520766	0.13692202497292894	0.9115024197055575	0.510280797625296	0.7472440062610316
0.5826729591482949	0.9579356534390817	0.44401853212081355	0.26227148258870725	0.7220737354866611	0.8403510838085612	0.5649053099995165	0.4001500204843277	0.17090733474826925	0.46220807724946167	0.27853767374948035	0.5538934644825764	0.7647283759086001	0.4512492968867007	0.8138154701365614	0.6293157134114065	0.4734569300088699	0.17944139042413232	0.049763172528006216	0.9891835438632046
0.7805793904544285	0.9207445688354018	0.7650451556301554	0.37018164662403785	0.3027737450115353	0.20453171677332616	0.6004188447635995	0.4152575530292236	0.24899645299473772	0.20198223563109918	0.4909198027485864	0.7326931325449529	0.11464308144973478	0.9682656041521269	0.11657915941891772	0.8845621471921788	0.06307610664906604	0.8216717547679379	0.1284461690898301	0.21454812591305206
0.7056639669517067	0.6629004138615505	0.07184406812475286	0.36819829370480917	0.7080566412486851	0.8078173826601599	0.7346599014492484	0.7989074196933256	0.7156942154930647	0.3741360626912812	0.7041672454054545	0.11186301639366036	0.8084729126273619	0.323118549620943	0.7837912902021055	0.07945589084051452	0.4254278954139482	0.6250079948554011	0.637109932276306	0.6531827063152963
0.9939663309015819	0.259432006606629	0.08922709572684073	0.5224355839545257	0.5990810709255484	0.042533107382902724	0.19271359606498994	0.29592229010910676	0.8839229648139054	0.9723904219878912	0.5618132834024383	0.28133574421612484	0.8631840969335868	0.29272891265743417	0.7345412588947928	0.6026447896598952	0.5368266117342181	0.6723272425503352	0.40675840068518787	0.7890904814473779
