-18673.0 -19249.0 
-19244.0 -18452.0 
-18673.0 -19249.0 
-19244.0 -18452.0 
-19238.0 -18556.0 
-19145.0 -18797.0 
-19148.0 -18726.0 
-19214.0 -18623.0 
-18998.0 -18999.0 
-19051.0 -18892.0 
-19238.0 -18556.0 
-19100.0 -18800.0 
-19082.0 -18876.0 
-18873.0 -19085.0 
-18931.0 -19065.0 
-19203.0 -18646.0 
-18905.0 -19079.0 
-19008.0 -18949.0 
-19214.0 -18623.0 
-19203.0 -18646.0 
-18947.0 -19016.0 
-18799.0 -19160.0 
-18760.0 -19202.0 
-18964.0 -19009.0 
-19096.0 -18810.0 
-19094.0 -18846.0 
-18778.0 -19181.0 
-19035.0 -18921.0 
-19172.0 -18687.0 
-18778.0 -19181.0 
-18736.0 -19209.0 
-18823.0 -19153.0 
-18867.0 -19110.0 
-19083.0 -18847.0 
-19172.0 -18687.0 
-18999.0 -18968.0 
-18691.0 -19226.0 
-18905.0 -19079.0 
-18835.0 -19141.0 
-19008.0 -18949.0 
-18853.0 -19113.0 
-19148.0 -18726.0 
-18942.0 -19034.0 
-18843.0 -19117.0 
-19170.0 -18692.0 
-19035.0 -18921.0 
-18799.0 -19160.0 
-18736.0 -19209.0 
-19170.0 -18692.0 
-18964.0 -19009.0 
-18942.0 -19034.0 
-19041.0 -18910.0 
-18760.0 -19202.0 
-18715.0 -19221.0 
-18931.0 -19065.0 
-18691.0 -19226.0 
-18715.0 -19221.0 
-18823.0 -19153.0 
-18835.0 -19141.0 
-19043.0 -18899.0 
-18705.0 -19222.0 
-18999.0 -18968.0 
-18705.0 -19222.0 
-19082.0 -18876.0 
-18843.0 -19117.0 
-18873.0 -19085.0 
-18998.0 -18999.0 
-18867.0 -19110.0 
-19043.0 -18899.0 
-19100.0 -18800.0 
-19145.0 -18797.0 
-19094.0 -18846.0 
-19083.0 -18847.0 
-19238.0 -18556.0 
-18778.0 -19181.0 
-19172.0 -18687.0 
-19008.0 -18949.0 
-19148.0 -18726.0 
-19035.0 -18921.0 
-18736.0 -19209.0 
-19170.0 -18692.0 
-18942.0 -19034.0 
-18760.0 -19202.0 
-18931.0 -19065.0 
-18823.0 -19153.0 
-18999.0 -18968.0 
-18873.0 -19085.0 
-19100.0 -18800.0 
-18760.0 -19202.0 
-19170.0 -18692.0 
-19172.0 -18687.0 
-19035.0 -18921.0 
-18999.0 -18968.0 
-19170.0 -18692.0 
-18778.0 -19181.0 
-19170.0 -18692.0 
-19238.0 -18556.0 
-19238.0 -18556.0 
-18873.0 -19085.0 
-18736.0 -19209.0 
