-19099.0 -18613.0 
-19099.0 -18613.0 
-18505.0 -19390.0 
-19058.0 -18810.0 
-18994.0 -18933.0 
-19070.0 -18669.0 
-18807.0 -19176.0 
-19016.0 -18892.0 
-18950.0 -18995.0 
-19058.0 -18810.0 
-19016.0 -18892.0 
-19090.0 -18660.0 
-18707.0 -19264.0 
-18718.0 -19226.0 
-18830.0 -19100.0 
-18828.0 -19141.0 
-18914.0 -19001.0 
-18950.0 -18995.0 
-18676.0 -19265.0 
-18645.0 -19308.0 
-18882.0 -19065.0 
-18606.0 -19312.0 
-18668.0 -19286.0 
-18769.0 -19191.0 
-18892.0 -19038.0 
-18641.0 -19310.0 
-18856.0 -19070.0 
-18911.0 -19035.0 
-18913.0 -19019.0 
-18828.0 -19141.0 
-18734.0 -19206.0 
-18759.0 -19192.0 
-18722.0 -19208.0 
-18511.0 -19371.0 
-18851.0 -19083.0 
-18668.0 -19286.0 
-18522.0 -19362.0 
-18559.0 -19343.0 
-18734.0 -19206.0 
-18599.0 -19322.0 
-18769.0 -19191.0 
-18559.0 -19343.0 
-18846.0 -19090.0 
-18759.0 -19192.0 
-18884.0 -19050.0 
-18573.0 -19332.0 
-19070.0 -18669.0 
-18539.0 -19357.0 
-18584.0 -19329.0 
-18584.0 -19329.0 
-18573.0 -19332.0 
-18546.0 -19355.0 
-18522.0 -19362.0 
-18546.0 -19355.0 
-18511.0 -19371.0 
-18846.0 -19090.0 
-18599.0 -19322.0 
-18707.0 -19264.0 
-18884.0 -19050.0 
-18539.0 -19357.0 
-18856.0 -19070.0 
-18676.0 -19265.0 
-18606.0 -19312.0 
-18914.0 -19001.0 
-18641.0 -19310.0 
-18722.0 -19208.0 
-18911.0 -19035.0 
-19016.0 -18892.0 
-18828.0 -19141.0 
-18668.0 -19286.0 
-18734.0 -19206.0 
-18759.0 -19192.0 
-19070.0 -18669.0 
-18573.0 -19332.0 
-18546.0 -19355.0 
-18511.0 -19371.0 
-18707.0 -19264.0 
-18539.0 -19357.0 
-18641.0 -19310.0 
-18573.0 -19332.0 
-18641.0 -19310.0 
-18546.0 -19355.0 
-18539.0 -19357.0 
-18828.0 -19141.0 
-18641.0 -19310.0 
-18546.0 -19355.0 
-18828.0 -19141.0 
-18668.0 -19286.0 
-18759.0 -19192.0 
-18511.0 -19371.0 
-18546.0 -19355.0 
-18641.0 -19310.0 
-19070.0 -18669.0 
-18734.0 -19206.0 
-18668.0 -19286.0 
-18668.0 -19286.0 
-18511.0 -19371.0 
-18546.0 -19355.0 
-19070.0 -18669.0 
-18511.0 -19371.0 
