-19153.0 -18589.0 
-18377.0 -19414.0 
-18377.0 -19414.0 
-19153.0 -18589.0 
-19126.0 -18634.0 
-18529.0 -19354.0 
-18442.0 -19355.0 
-19118.0 -18746.0 
-18407.0 -19395.0 
-19054.0 -18849.0 
-18900.0 -19067.0 
-19010.0 -18923.0 
-18918.0 -19042.0 
-18983.0 -18960.0 
-19057.0 -18809.0 
-19088.0 -18796.0 
-19126.0 -18634.0 
-18548.0 -19322.0 
-19023.0 -18862.0 
-18647.0 -19249.0 
-18844.0 -19092.0 
-18983.0 -18960.0 
-18687.0 -19244.0 
-19014.0 -18883.0 
-18793.0 -19151.0 
-19115.0 -18759.0 
-18587.0 -19311.0 
-19010.0 -18923.0 
-18726.0 -19213.0 
-19115.0 -18759.0 
-18700.0 -19225.0 
-18773.0 -19158.0 
-18606.0 -19294.0 
-18875.0 -19082.0 
-18757.0 -19193.0 
-19088.0 -18796.0 
-18963.0 -18975.0 
-18417.0 -19369.0 
-18771.0 -19176.0 
-18696.0 -19243.0 
-18843.0 -19107.0 
-18794.0 -19138.0 
-18608.0 -19276.0 
-18707.0 -19215.0 
-18567.0 -19321.0 
-18757.0 -19193.0 
-18614.0 -19272.0 
-18819.0 -19129.0 
-18738.0 -19207.0 
-18832.0 -19112.0 
-18963.0 -18975.0 
-18738.0 -19207.0 
-18952.0 -18989.0 
-18919.0 -19024.0 
-18941.0 -18994.0 
-18425.0 -19364.0 
-19072.0 -18803.0 
-19072.0 -18803.0 
-18936.0 -19010.0 
-18831.0 -19121.0 
-18875.0 -19082.0 
-18886.0 -19077.0 
-19118.0 -18746.0 
-18529.0 -19354.0 
-18548.0 -19322.0 
-18642.0 -19255.0 
-18821.0 -19123.0 
-18925.0 -19015.0 
-19017.0 -18879.0 
-18886.0 -19077.0 
-18805.0 -19133.0 
-19023.0 -18862.0 
-18606.0 -19294.0 
-18771.0 -19176.0 
-18567.0 -19321.0 
-18584.0 -19312.0 
-18425.0 -19364.0 
-18952.0 -18989.0 
-18642.0 -19255.0 
-19054.0 -18849.0 
-18628.0 -19266.0 
-18805.0 -19133.0 
-18417.0 -19369.0 
-18687.0 -19244.0 
-18628.0 -19266.0 
-18938.0 -19006.0 
-18625.0 -19267.0 
-18584.0 -19312.0 
-18925.0 -19015.0 
-18844.0 -19092.0 
-19017.0 -18879.0 
-18647.0 -19249.0 
-18919.0 -19024.0 
-18707.0 -19215.0 
-19057.0 -18809.0 
-18773.0 -19158.0 
-19014.0 -18883.0 
-18625.0 -19267.0 
-18941.0 -18994.0 
-18938.0 -19006.0 
