1.0 0.17251203782953567 0.7000419428827055 0.7002682825939783 0.6997054986472045 0.6998657441178107 0.7008155945886005 0.6995692894918527 0.6999317335868154 0.7008817190337404 0.6999456281977593 0.7003877523938405 0.7000937545748841 0.6986117891675874 0.7001014951541756 0.7067559596042898 0.7002358944856232 0.6979144287999922 0.6996930575529947 0.7001100084340064 0.7007891885911711 0.7006144192488643 0.6999669963242376 0.6997971464392853 0.7003300929650589 
0.0 0.9999983156035506 0.7000406944554664 0.7000322429146276 0.6996987658908149 0.699803943231418 0.7000665157364097 0.6995152731216697 0.6999200938675225 0.7009091543984649 0.7000323769433205 0.7003364809648628 0.6995978534118084 0.6982540418880164 0.6995197471072918 0.6989258917222055 0.6990148625942623 0.7000327807711823 0.6994533573942234 0.6999731182656103 0.7007369720138041 0.7006221380858431 0.701056071909343 0.6998960700698678 0.6883204571778073 
0.0 9.135228503994026E-8 0.7000595224009696 0.7002645747143422 0.7000150673602247 0.6998646547587009 0.7007451028308288 0.6969870199506298 0.6999315476752986 0.7008753716363498 0.7008704681648776 0.7003663156637263 0.6997143607371163 0.6987288956972764 0.7001793140332503 0.6989619920723288 0.7014001489476039 0.7007146908327362 0.7032851333006354 0.700184785479997 0.700816477730475 0.7007282206840734 0.7006658638458189 0.7003004775853531 0.7002433351154709 
1.0 9.157990675282782E-6 0.7000573439543929 0.7002377397252637 0.7000624131735026 0.6998615785874197 0.7005513383613376 0.699573405487032 0.6999268995201081 0.7005554508687328 0.7004671350506019 0.7003546867393374 0.6996016854668978 0.6988494347774117 0.6996800425981705 0.6989210221357061 0.6997408532821249 0.7000392947755354 0.6998470181398221 0.6999717240904504 0.7007348713108927 0.7005956491262356 0.6999262284455078 0.6998924442249207 0.7002324346559777 
1.0 0.9999924876900383 0.7000420389077493 0.7002574560991598 0.6997083250587606 0.6998651070390973 0.7005534619956973 0.6995107100061062 0.699931752638439 0.70087505909087 0.7000637365468957 0.7003878134540285 0.6997163471388005 0.6985830111415285 0.6997408880187123 0.6988916997161634 0.7000867671983668 0.7000288105287148 0.6996132607069557 0.7000749189516207 0.7007346921050879 0.7006119390057062 0.6999767133804244 0.6999335587852188 0.7003179000463846 
0.43603465912482775 0.7298589620665682 0.7000240715885364 0.7002708069675333 0.7000464183186881 0.699808394826917 0.7005541701000741 0.6995933032055178 0.6999376248119022 0.700918313359126 0.7000568509314814 0.7004869431684584 0.6997915397696242 0.6985031402835072 0.6997036246427297 0.6989390243980089 0.7002667982076098 0.7001497071633171 0.7000919314906127 0.7001339500862174 0.700640025388048 0.7011888018379286 0.7004346780140538 0.6997884259737064 0.7002052798647713 
0.17415086987702663 0.8950826304392205 0.700042573141323 0.7002604188465258 0.70004901793625 0.6998593102514546 0.7005639767434785 0.6999612914192787 0.6999330787752343 0.7009184510026834 0.700133608672836 0.7003857732448939 0.6999109577027071 0.6986038651738468 0.6997180603455073 0.6990480931310054 0.7002910078498302 0.7007160495464112 0.700149894361802 0.7000934672922887 0.7007338022776791 0.7006933565716369 0.7010279682770366 0.7002969676497988 0.7002176365825725 
0.11381553536965378 0.48153829124244346 0.6999882751367942 0.7002365976931694 0.6999865712603548 0.6998600808274446 0.700042403632835 0.6995096225631395 0.6999242145646248 0.7009015497839644 0.7000776348532465 0.700384957244909 0.7000970976747073 0.698553732809608 0.6997087623049627 0.6989849631390874 0.7002699774612832 0.7000022070581907 0.6996466481095874 0.7001107336763134 0.7004840563391531 0.7007150323203142 0.7004265382025512 0.6999047932947021 0.7003353317438673 
0.4352832863136313 0.3171677995759673 0.7000272512346449 0.7002446368492161 0.6996706711963213 0.6998041797459051 0.7006250140511199 0.6995909438946092 0.6999260599472236 0.7008930209014334 0.7000612119180226 0.700353637186755 0.6997338959539412 0.6986647207066096 0.6996873897878325 0.6989255198287315 0.7002628555422848 0.7003695290785329 0.6997469039985103 0.7001442946431888 0.7007807255258717 0.7007091695961504 0.7008651509870397 0.700276832494958 0.7001861946216402 
0.22207329921667845 0.39942123721512374 0.7000425393251491 0.7002394112162019 0.6996664701093603 0.699783681337387 0.700609216986531 0.699634150366399 0.6999326242438306 0.7005523126113306 0.7000661163844448 0.7003389386236737 0.6997172071708386 0.6986129060758577 0.699504250835125 0.6991032562332106 0.7002419738048539 0.7003582913670542 0.7000857190092353 0.7000499236028423 0.7004942179577137 0.7005935215779513 0.6998512484174981 0.6998840513614858 0.699996040212188 
0.7053618109324797 0.4360012496773627 0.7000422378509862 0.7002390069081148 0.7000886006138766 0.699867744510342 0.7005590698794685 0.6995850511328233 0.6999374601848938 0.7008703855700543 0.7000652553142648 0.7003884127227274 0.6998983382917777 0.6986327192000847 0.7001163418986464 0.6989259357047655 0.7003028337447967 0.7006841193078615 0.6996840245968099 0.7000744947943469 0.700736065522764 0.7008914658020328 0.7004379231879013 0.7002409226520153 0.7001705769801988 
0.2899677731044311 0.8619676920711429 0.7000381239575143 0.7002635995083327 0.7000758200175198 0.6998011447124918 0.7005644275461298 0.6995679378967579 0.6999406832896009 0.7008867368913047 0.700137057104086 0.7002909718042296 0.6995685704600021 0.6986062584562588 0.7001314021958353 0.6990475806819567 0.7002343808552602 0.7000968409825477 0.7000795765073534 0.7001477164796737 0.7055641651498734 0.7005926738488063 0.7003442481434521 0.6998081517767015 0.7002047366212195 
0.5913663862371069 0.6566262228849424 0.6999860300465925 0.7002406596899455 0.6996799472064941 0.6998007952648798 0.7005548651865704 0.6995167421931733 0.6999276486419175 0.7008750368975315 0.7000728465465687 0.7003866468877447 0.6997251402719653 0.6985868790140672 0.6997062351476955 0.6989003243565182 0.7002686470905498 0.7004166972027691 0.699686362795346 0.7000405445532881 0.7003396612038654 0.7006934811879882 0.7003086618778842 0.6998825076158849 0.7003038203033534 
0.8073285730378488 0.41791370788267984 0.7000444580557941 0.7002349755675169 0.7000909728817254 0.6998020783099909 0.6999703035190399 0.6995457243166388 0.6998660329714631 0.70094636918174 0.7000725283743756 0.7002887712405379 0.6993095740771945 0.700808050101764 0.7000441179952315 0.6989182769023844 0.7001807463112659 0.7000479400593598 0.7001407119216473 0.7000489724945682 0.700904878353665 0.7005833415609883 0.7009912412158429 0.6998619189138906 0.7002152469530869 
0.13115343928596473 0.830007598513884 0.7000733391220345 0.7002593165888688 0.7000672155246896 0.6998576899425534 0.700631205589628 0.6995152838648551 0.6999403036662446 0.7009815812468841 0.7002895830353827 0.7003829345140852 0.6997255996652209 0.6988290801410572 0.6997074614707193 0.6989192849978935 0.7001774607473726 0.6999900305193396 0.7017962495415528 0.7001391470462222 0.7007872207306246 0.7006229153655067 0.7003984882448224 0.7002624742066628 0.70022713609844 
0.06646548585006956 0.09056527323962771 0.7000416936151216 0.7002396666325111 0.7000527390783332 0.6998434044536704 0.7000616164044055 0.6995107158174273 0.6999385623862757 0.7009365376843633 0.7001422291141856 0.7003796992472088 0.6996976188311042 0.6985460564021146 0.7000519091897234 0.6979788144355543 0.7002683982829304 0.7007221131167711 0.700127692347545 0.7001594737595186 0.7008059308639563 0.7005859858211182 0.7004778676132342 0.700268759019788 0.7000970294454415 
0.4965736807062341 0.6486169825778669 0.7000410362226603 0.7002576481312868 0.7000583978798597 0.6998001664881988 0.700594854534822 0.6996320723716066 0.6999406450210679 0.7008781579730674 0.7003365722456005 0.7003873275887916 0.7000968748365022 0.6986166238284389 0.7001123771119685 0.6991087998722528 0.7002687361747539 0.7003340742741955 0.700078645357312 0.7001490804770617 0.7008354897153681 0.7010626132553466 0.7008644253107889 0.7021554620090789 0.7003984689005113 
0.23823951952331568 0.9049631792707087 0.700026012092857 0.7002354427749318 0.6999865712603548 0.6998600808274446 0.700005816377005 0.6995139561934086 0.6999084651222176 0.7011609738502306 0.7001643648773209 0.7003675954289788 0.7000970976747073 0.6985533454740321 0.6997599595079724 0.6989849910788297 0.7001815008858702 0.7003645588178811 0.6996979534901575 0.7000606357736701 0.7004859872356419 0.7006949008429159 0.7004385344472285 0.7004311848936079 0.700090136705287 
0.46018795776858723 0.40175443511946074 0.6999870781610051 0.7002401625269271 0.6996668370808607 0.699861385199864 0.7000902463885778 0.6995078004708352 0.699932816342824 0.7009119042855987 0.7000681531516092 0.7003778960136787 0.6998851862299229 0.698543793162314 0.6997147589641716 0.699110200337852 0.6997450006716244 0.7004485323747136 0.7000885019139259 0.6999480616212324 0.7007806177690736 0.7005993904859628 0.6999673699002569 0.7001414158648822 0.7002166385760383 
0.202649424540989 0.6005327898551317 0.7000251545240687 0.7002371836119723 0.6996758268992239 0.6996156426051838 0.6991976613812783 0.6995655035103012 0.6999228286026731 0.7008862549565505 0.7000596274509066 0.7002285181815017 0.6995683391589217 0.6985976267546581 0.699665226769209 0.6990473406651045 0.7001800073710472 0.7000435731319069 0.699589025333992 0.700051796387523 0.7005305120497242 0.7005834048720566 0.699875113967918 0.6998081461697222 0.700204818021837 
0.5599729725878665 0.900996466512309 0.7000236189747403 0.7002363055285159 0.7000011410211823 0.6998031499910805 0.699987724417444 0.6997250150468385 0.6998617270397837 0.7008762857096833 0.7000311507992157 0.7003710805991087 0.6993313264527858 0.698534484386505 0.6995032502145705 0.6981399972327605 0.7002656741981823 0.7003759029678911 0.6996606360979158 0.7000855662554617 0.7003210650318255 0.7005834174742477 0.7003201774020066 0.6998502758553745 0.7002138016965183 
0.7053618109324797 0.08383903818893368 0.7000422378509862 0.7002390069081148 0.7000886006138766 0.6998684206284447 0.6999672730273603 0.699508874016877 0.6999374601848938 0.7008702502366209 0.7000647723838157 0.7003884127227274 0.6996198116120435 0.6986327192000847 0.7001163418986464 0.6989239394633078 0.700273132169483 0.7000983572356885 0.6996933845864733 0.6999842964799005 0.700736065522764 0.7005481317815286 0.7003866568259096 0.7002409226520153 0.7001660831815596 
0.3811211974114197 0.675410054812063 0.7000278224965663 0.7002576071785859 0.6996667436528832 0.6998026929598614 0.7006112653869435 0.6996376257580422 0.699932816342824 0.7008703514059972 0.6999945922690036 0.7002941122576158 0.6998667897869658 0.6986128289678432 0.6997149402064309 0.6991050396319527 0.7001753877201711 0.7006913626011698 0.7000955890335856 0.7000378993626295 0.7007829900318143 0.7006992250945115 0.7004068704315124 0.7001503920529214 0.7003336749156702 
0.0225047488251085 0.3138933730932977 0.6999877236363621 0.7002459288162501 0.699667336042587 0.6997896968892815 0.7005636312346541 0.6995286681882671 0.6999381060139155 0.7009119821409502 0.7000632229406456 0.7003767982199338 0.6999014911922198 0.6985449453544242 0.6997058474617858 0.69892658607929 0.6997290339855257 0.7003164568163831 0.6996074830355901 0.6999528659253468 0.7003218881415584 0.7007073041181232 0.6999766726911425 0.700275628790035 0.700016439245384 
0.0466585100958779 0.8209620438397348 0.7000750798520933 0.7002578882277745 0.7000240981203489 0.6998015734182066 0.7005607117923709 0.6995662972280365 0.6999326785156512 0.7009069494524142 0.7004611958942489 0.7003086500454908 0.6997190423643834 0.6988807148327995 0.6997269904327847 0.7059419688462295 0.7002324339296817 0.70005846682 0.6997812760922668 0.7000126215526673 0.7056639535869429 0.7005787131554794 0.700422532601467 0.7001583417047539 0.7001735710601528 
0.38993778706030846 0.02134567807056105 0.700027315892571 0.700245319906015 0.6997196592279298 0.6997781836783347 0.7000600235842286 0.6995060996770793 0.6999301964717434 0.7004873115419454 0.6999985255380775 0.7003578400778373 0.6997247221795905 0.698186690036063 0.6996987112120624 0.6988532161978962 0.7001783443601748 0.700129331536857 0.6996294909089513 0.7000298524416334 0.7005621458335887 0.6918426435486111 0.7008644253107889 0.6998915340416122 0.7001095953599301 
0.3716845785435467 0.9967216485165558 0.700042590472711 0.7002600138140883 0.6996667436528832 0.6998033383204838 0.7006112653869435 0.6996376257580422 0.6999371043877811 0.7008702502366209 0.7000690952037575 0.700376935545121 0.6998736267975854 0.6986333320123056 0.6997103210071751 0.6991050396319527 0.7002894653802968 0.7006913626011698 0.7000955890335856 0.7000384464062345 0.7010831163669904 0.7006992077720104 0.7004068704315124 0.7002495255326618 0.7003336749156702 
0.8953280587028508 0.41276787080766725 0.6999877236363621 0.7002459254410519 0.699667336042587 0.6997896968892815 0.7005935854849562 0.6995912739243272 0.6999381060139155 0.7009119821409502 0.7000693328137655 0.7003863983094575 0.7000965428786973 0.6985449453544242 0.6997373944399619 0.6992737767319677 0.6997395397634705 0.7007260625554569 0.6996927740038456 0.6999481392037658 0.7003540923703608 0.70070751651705 0.7008693869076624 0.7002756301543223 0.7005914327657354 
0.5965012040909589 0.6036851476718686 0.7000227400626076 0.7002394660264264 0.7049853601512964 0.6998019286449879 0.7005414298929535 0.6995115764847939 0.699931213586167 0.7008988967289417 0.7000637196638845 0.7004946395746124 0.6995467481004499 0.6986188087028756 0.6997135544623089 0.6988905950647595 0.7002908262994718 0.7003691574971985 0.7017309352168115 0.699983313111546 0.7007361439824684 0.7012074111873656 0.7004327716444448 0.6998973417231675 0.7001302349732826 
0.26582832476791035 0.30964509119933764 0.7000265691840503 0.7002448743676246 0.6996884207097517 0.6998016432656048 0.7005609216723631 0.6995641130730771 0.6999321601021206 0.7008929608927994 0.7004932627364204 0.7002851370350268 0.6997237224056827 0.6986647207066096 0.6996806167803928 0.6989264619669453 0.7002991392707595 0.7000362705836508 0.6998060833743378 0.7001465940882062 0.7007819816726462 0.7005836630147037 0.7003732456473919 0.700276832494958 0.7001837089727929 
0.35293753589451954 0.979474755904688 0.7000390727386323 0.7002583454052398 0.7001074673684761 0.6998291442159204 0.7015965974916819 0.6995767676535604 0.6999390559926172 0.7009456803505613 0.700074125568267 0.6981703327448394 0.6999736917085182 0.6988381181121208 0.6996684036784894 0.6990478830297979 0.6997266320762145 0.7000776072705582 0.7018170467070021 0.6999646562019396 0.7008158943023085 0.700578639523126 0.6999074334062464 0.7002888041395268 0.700806793329006 
0.27172338024936155 0.23745626227761515 0.6999866538735801 0.7002397948766862 0.7000185326697506 0.6998651219962146 0.7000876822340254 0.6995761497222174 0.6999238052406627 0.7009279804987778 0.7004607757149683 0.7003770672800013 0.6995943842705589 0.6985977465828869 0.6997107327286173 0.6990454630882685 0.6974125694002539 0.7004400246536183 0.7001243257100441 0.7001111435780791 0.7005319761151253 0.7005993562961828 0.6999613515127302 0.6998579204805021 0.7001356348214282 
0.4168932970527064 0.817365437437582 0.7000426430064332 0.7000357756283225 0.6996748761185045 0.6997766094228056 0.7001190223357903 0.6996336053366006 0.6999346476899307 0.7005397541480597 0.7000758488287055 0.7002904813602385 0.6995949672592444 0.6985929223428322 0.6996723528896196 0.6989128672695386 0.7003028940598766 0.7000360143936667 0.7000736374596594 0.6999716949391073 0.7007795022307387 0.7006261711171511 0.6999590266522403 0.699798476969999 0.7001492259627922 
0.004304223842270371 0.05593776499097325 0.70003812409739 0.7002459639029179 0.7000634656196166 0.6998590789851812 0.7005648483317461 0.6995694948945034 0.6999330966517663 0.7008867738599219 0.7002903323147383 0.7003902690385961 0.6995684354605027 0.6988386070787639 0.6997243990316615 0.6990487570511748 0.70023563711246 0.7001088501617999 0.7017440289670032 0.6999702199738553 0.7004638531060002 0.7006221212289518 0.7003442341857207 0.6998120054817412 0.7001974731774371 
0.31565508846402013 0.8951949174961936 0.7000436096033555 0.7002583549951362 0.7000996656987974 0.699807485456909 0.7005602630508431 0.6995663253742935 0.6999390629318822 0.70094636918174 0.7000729954690414 0.7008961888191029 0.6997238237640395 0.700612382489541 0.6996945131914635 0.6990419786547144 0.6997266520225651 0.7000479400593598 0.7001384511818346 0.7001500424678049 0.7008932365224987 0.7005791168326677 0.6999687422413244 0.700288514856921 0.7002299065553298 
0.456112497879657 0.317777787132714 0.7000265691840503 0.7002448743676246 0.699675496369515 0.6998042778671938 0.7006250140511199 0.6996307626116917 0.7002001431187109 0.7008929608927994 0.7004932627364204 0.7002904738313401 0.6997333265253352 0.6986647207066096 0.6996873897878325 0.6989264619669453 0.7002991392707595 0.7003695290785329 0.6997858232797955 0.7001465940882062 0.7007779478165203 0.7007091695961504 0.7003732456473919 0.700276832494958 0.7001862301700675 
0.29431865828812764 0.6264559596501844 0.7000401348632775 0.7002409257091713 0.6996754794845975 0.6997945702776687 0.7000774024259494 0.6995081254886159 0.6999304185051322 0.7008807238261191 0.7000350318049697 0.7002940128041959 0.6993172397570918 0.6986621129754257 0.6996855755489698 0.6988397189884744 0.7001806763485257 0.7004487239005929 0.7000525661077982 0.7000378445098988 0.70078070842656 0.7003847836314533 0.6999035771234143 0.7002842222003643 0.7001728289639755 
0.3329566202183095 0.054961899800965476 0.6999806014154586 0.7002353423300218 0.6996714396945648 0.6998000845367486 0.7000117881684124 0.699633841123203 0.699915257661089 0.7008812258551039 0.7000627655095696 0.7003589300231217 0.699568337119634 0.6986129463931091 0.6997048937906853 0.6989334718626907 0.7002981637711775 0.7000616531759742 0.7001298920897205 0.6999703131834871 0.7003053040941442 0.7005747035431161 0.700309617477202 0.699865949322967 0.6990451198069247 
0.38387707650145314 0.03481680058907549 0.700027315892571 0.7002576370762827 0.699718751665821 0.6997766045019066 0.7000601826234207 0.6995079167467088 0.6999346329556256 0.7004819318038137 0.7000087860671028 0.7003577309466565 0.6997247221795905 0.6981874637704547 0.6996991093396063 0.6988531568723818 0.7001783443601748 0.700129331536857 0.6998540031432474 0.7000379293285555 0.7005621458335887 0.7005824495512387 0.7008644253107889 0.6998915340416122 0.7001125082588012 
0.24739189223780306 0.626497909654939 0.7000248994430001 0.7002585738388054 0.7000461483849604 0.6998039408692648 0.7005622267519362 0.6996319116196301 0.6999399980442542 0.7008776926673852 0.7000761295305156 0.700495692832217 0.6997889586008802 0.698619125095317 0.7000823801129854 0.7028051571706977 0.7002670359517997 0.7006555200774212 0.7000820318177708 0.700141427960893 0.7008295411201411 0.7012130645501506 0.7004341801847912 0.7002295479604842 0.7001879481840504 
0.14715996936421477 0.23745626227761515 0.6999866538735801 0.7002397948766862 0.6999937472678556 0.6998651219962146 0.7000876822340254 0.6995726609222125 0.6999236814855064 0.7009152329488877 0.7004648538858401 0.7003765590161688 0.6995708929860669 0.6985984267314874 0.699703955555331 0.6990505729460331 0.6974125694002539 0.7003500242832743 0.7001069972181043 0.7001132098862077 0.7005319761151253 0.7005832675886687 0.699961314260933 0.6997960395819139 0.7001336144259079 
0.5078940582292882 0.15758617215649467 0.6999866881656864 0.7002606230480911 0.6995488516027869 0.6998007261880145 0.6999569076390691 0.700056988134179 0.6999397694386742 0.700877276845919 0.7000692666955521 0.7003906884802599 0.699338050871206 0.6986318389028031 0.7000871577362451 0.6989383094587788 0.7002800172918133 0.7007051747422258 0.6997027937028666 0.7001491221248489 0.7003502714899331 0.7006116840296553 0.7003068029237342 0.7002674176946551 0.7003807798078664 
0.16163394499325126 0.6127688839164132 0.7000409950017411 0.700239650911727 0.7000055473950639 0.6998481905681567 0.700566181695885 0.699576295833162 0.6999329341313268 0.7008796007145649 0.7000690081042782 0.7003675414694384 0.6997096280545715 0.6986604618882847 0.6996850829777344 0.6989206660155554 0.7002133841949243 0.7004440441780379 0.7000514687808186 0.7000886248461629 0.7007807519386908 0.7005791144351385 0.6999384514053041 0.7002691481127715 0.7003967398581085 
0.143577979717028 0.4315170508362027 0.6999890471249257 0.7002358059175422 0.6995886623945433 0.6997848576475674 0.7000059275663997 0.6995107580370769 0.6999074756193846 0.7005666139756395 0.7000727434411596 0.7003620787086272 0.6995715899947291 0.6985426919326257 0.6997039867055338 0.6989207821128316 0.7001776286814246 0.7003477902665814 0.6996931961609668 0.6999695972875577 0.7001159393933178 0.7005836367432166 0.6998865874633827 0.6997998437036722 0.7000880129651047 
0.5281532786030894 0.41791370788267984 0.7000444580557941 0.7002350744455998 0.7000909728817254 0.6998020159345917 0.6999703035190399 0.6995457243166388 0.6998631555369701 0.7005424499817247 0.7000661871019025 0.7002887712405379 0.6993095740771945 0.698860520055208 0.6996721450965806 0.6989182769023844 0.7001856007287327 0.7000479400593598 0.7001419352768097 0.7000140457342783 0.700904878353665 0.7005833415609883 0.6999685829814837 0.6998619189138906 0.7002152469530869 
0.639852264332435 0.4005938738309289 0.6999876665186515 0.700235459251221 0.6996152154138222 0.6998214955954507 0.7024279051927621 0.6995737854941356 0.6999300194449247 0.7008973292240772 0.7000662027002322 0.7003625869724598 0.6998984474089833 0.6986980476470375 0.6997135403105206 0.6989391271953078 0.7002732820459959 0.7003679969990575 0.6996850040161325 0.7001874497425673 0.7008286485528027 0.7012146124964874 0.7003470861998193 0.7001159396802468 0.7003274785301543 
0.018184301552160553 0.9999989859189033 0.7000416869435677 0.7002401885233546 0.6999867585540477 0.6998033454350635 0.7000617013157684 0.6995684780472361 0.6999371808005032 0.7009077402112477 0.7000329589005757 0.7003796376955794 0.699688798529434 0.6986337975156087 0.6995158017466945 0.699102260027008 0.7001363690556354 0.7007347436531658 0.7000710737830417 0.7000023235736327 0.6974509505910355 0.7005858154113123 0.7010628950020055 0.7002526694940925 0.6985930294372804 
0.7647968104319528 0.6819177961106764 0.7000421393559794 0.7002599087366641 0.6999890976636642 0.6998598611503085 0.7005608820202803 0.6995770889117615 0.6999406756276565 0.7008307505061293 0.7003486967707461 0.7003872357509985 0.7000959051742458 0.6988357451476851 0.7001120065389183 0.699081344535534 0.7003167799156718 0.7003522101723996 0.6996465886310312 0.7001463184721397 0.7005679488788207 0.7005950783036273 0.7009068711883605 0.7002688351010006 0.7003995399060281 
0.3259831241289175 0.35819573807791893 0.7000231656072652 0.7000322429146276 0.6996984817723392 0.6998014251399765 0.6999916991968468 0.6995158570198742 0.6999194973259295 0.700875562489432 0.700063783896074 0.7003579155627904 0.6995905821813578 0.6986088159678359 0.6995111891417125 0.6989258917222055 0.6990148625942623 0.700036365111313 0.7001608698134854 0.6999731226103904 0.7007315200951104 0.7006193517982474 0.699665662945416 0.6998938034499372 0.6997119233519103 
0.536408945388837 0.4168518276324742 0.7000421121870147 0.7002390050922487 0.699675496369515 0.69980374641534 0.7005798257190452 0.6996341849465825 0.6999376496403613 0.7008700044860433 0.7000733597220881 0.7003898131473513 0.699735039313275 0.6986132832849138 0.7001175838110975 0.6991696933527438 0.6987080126553846 0.7006863029402246 0.7000742714128758 0.7000829134211485 0.7007773490092135 0.7007122730906653 0.700457068913808 0.7002679453789735 0.7001858423641434 
0.5962550612337827 0.9154467919516367 0.7000285827490529 0.7002365677033274 0.7049618787116904 0.6998562635790601 0.7005414298929535 0.6995115764847939 0.6999235956222312 0.7009006563269237 0.7000780520853471 0.7004946395746124 0.7000845650036792 0.6986253691677359 0.6997565826594687 0.6989879582448857 0.700283265914494 0.7003645861858165 0.6996453467572951 0.699983313111546 0.7005791793552459 0.7012063803692709 0.700847658799795 0.6837395166805678 0.7001689900311894 
0.04054460197339799 0.35819573807791893 0.7000238867380172 0.7000236387242971 0.6997097242517331 0.6998013772376087 0.6999956469342821 0.6995158570198742 0.6999192509658245 0.700875562489432 0.700063783896074 0.7003579155627904 0.6995870848995691 0.6986088159678359 0.6995132338209371 0.6989075512767142 0.6990148625942623 0.6999905213255433 0.7001608698134854 0.6999689742864381 0.7007327216573878 0.7006192113191193 0.699665662945416 0.6998938034499372 0.6984675833180815 
0.028131575622037785 0.4641125677938062 0.700038084739577 0.7002593893810333 0.6999979049805238 0.6998038580943512 0.6999429702074538 0.6995774243361977 0.699925289634577 0.7008690743174489 0.7000337181518246 0.7003347371583938 0.699606446761953 0.6982773001127875 0.6994815178290987 0.7028218594105026 0.699824891070903 0.7006794803626771 0.7000419243276231 0.700135366365137 0.7005913591142565 0.7006256957204167 0.6998509145686683 0.6998849613999629 0.7002027533271934 
0.186679017307719 0.13155302051780343 0.7000521861671989 0.7002354916702798 0.7000075420429299 0.6998594909885518 0.6999726921299461 0.6995072241781425 0.6999359558833983 0.7008797126590823 0.7000506807455907 0.7003663077507676 0.6999052237913481 0.6986224753772434 0.7001069192937278 0.698962011677687 0.6989371751067602 0.7003774913027447 0.6965109676074516 0.7001606958912914 0.7006434570818784 0.7006269292976857 0.700431964830839 0.700276068975969 0.7004323493308113 
0.5152103747672961 0.3784862069796179 0.7000422378509862 0.7002390455798326 0.6996848666552549 0.6998011263178788 0.7005744509359139 0.6995850511328233 0.6999254878119763 0.7008690611085672 0.7000651190729625 0.7003869664074962 0.6999091842956888 0.6984506505240519 0.6994811676200611 0.6988895482013976 0.6998274238932868 0.7006825441297792 0.6996840245968099 0.7000756948060216 0.7007587108227014 0.7006283011511764 0.6998550504600716 0.7002409226520153 0.6999440952004806 
0.5793132558807572 0.16392826257075763 0.700051657823976 0.700261016854257 0.7000803912704878 0.6998036250065556 0.7005960987414027 0.7000402920876065 0.6999296464394393 0.7008762970529115 0.7000627622555813 0.7003708731179882 0.6995746506546634 0.6986313456101566 0.6996953866407518 0.6989366624071152 0.7002795255728873 0.7007080132293091 0.6997026411724516 0.7000855345817795 0.7003026825809779 0.7005748785196113 0.7003078414397812 0.6998499492081592 0.7001971082940475 
0.4533571293531423 0.6264559596501844 0.7000401649379935 0.7002408324849854 0.6996754794845975 0.6997946700924454 0.7000774024259494 0.6995073502090472 0.699930461095507 0.7008807238261191 0.7000340072052147 0.7003558604735238 0.6993376829048131 0.6986621129754257 0.6996850369331569 0.698834599784536 0.7001806763485257 0.7004487239005929 0.7000525661077982 0.7000408813473737 0.70078070842656 0.7003847836314533 0.6999035771234143 0.7002842222003643 0.7001728289639755 
0.5370157910300066 0.8245179730760435 0.7000757754902539 0.700249950253678 0.6996687825204299 0.6998051936734719 0.7006168208143768 0.6996336053366006 0.6999346476899307 0.7005405383997128 0.7000661207602621 0.7002904813602385 0.700416598257911 0.6988568610235673 0.6996738734829295 0.7062122473528822 0.7003028940598766 0.7003502139732029 0.7016959006559709 0.700012585874923 0.7057807226619741 0.7006806146201981 0.6999590266522403 0.699798476969999 0.7001746030795523 
0.08018381142673875 0.4168518276324742 0.6999882958072918 0.7002390050922487 0.6996671384363162 0.6998042778671938 0.7005798257190452 0.6995161740446609 0.6999376268920593 0.700871709364194 0.7000735766059217 0.7003898131473513 0.6997333265253352 0.6985443787595285 0.7001175838110975 0.6989257347040516 0.698723995838363 0.7006863029402246 0.6997858232797955 0.7000811544359452 0.7007773490092135 0.7007075494546792 0.7000221189365958 0.700267826051325 0.7000146076403212 
0.09468036071804342 0.5820590522687795 0.700042249359673 0.7002601647822749 0.7000485169600862 0.699858419282337 0.7005730113743125 0.6999675974347845 0.6999329668566392 0.7008835807081064 0.7001354099589485 0.7003762800502331 0.6999083363414214 0.6986088754013442 0.7000226997273069 0.6989209955728748 0.7003158176121553 0.700353365885704 0.6998229350379134 0.7001797107716304 0.7001192260529316 0.7006258518970936 0.7004430189508143 0.7002766879989564 0.7003145898331523 
0.26536041757684226 0.14999395017797995 0.6999872979867205 0.7000350501414914 0.69969854030499 0.6998015660291566 0.700042403632835 0.6995159109929171 0.6999239301376616 0.7008825521465075 0.700060342455451 0.7003605475394038 0.6995867614029062 0.6986040035011271 0.69968039030817 0.6988873359488343 0.7002355863447833 0.7000267722158394 0.6996891395018289 0.699971575536832 0.7004938261669826 0.7006211377932905 0.699856715815031 0.699799546099899 0.6997046621369974 
0.4149808193906207 0.4352968483378037 0.7000386136553324 0.7002703389982888 0.7000606839357003 0.6998071899554454 0.7001321096564322 0.6993809447426794 0.6999386429085956 0.7005713044711573 0.7003611111957292 0.7003887362502624 0.6997332681438942 0.6986008396099943 0.6997074879827142 0.6989135237770515 0.7001795620223281 0.7005633344590169 0.701613909533556 0.7000384509254731 0.70045443542122 0.7007062710302676 0.6999272220237154 0.6998879478435485 0.7000897232205889 
0.3946294421254464 0.9998955821761156 0.7000529490971356 0.7002401123088882 0.7000075420429299 0.6998600508880968 0.700032691243743 0.6995137262273647 0.6999359558833983 0.7008797126590823 0.7001608102362223 0.7003675814338429 0.6999052237913481 0.6986224753772434 0.7001069192937278 0.698962011677687 0.7002169329546967 0.7003774913027447 0.7000559586833038 0.7001600176573671 0.7007566690450836 0.7006269292976857 0.700431964830839 0.700276068975969 0.7004323493308113 
0.4981182101704883 0.6352305857526186 0.7000411538789539 0.7002690151799812 0.7000518820940062 0.6998482859714821 0.7000678954232841 0.6995560664165329 0.6999416114700895 0.7008689953475181 0.7000729950643996 0.7003797889504135 0.6997246526643978 0.6988361914794583 0.6996382537225716 0.699044892920194 0.700273295538032 0.7007221151739608 0.700076253923172 0.7001583235918843 0.7007370004166434 0.7005797005888946 0.7008419837577283 0.6998792960419209 0.700206929130909 
0.6802429530383305 0.5905659995754149 0.7000732305570216 0.7002606654557378 0.7000673421716965 0.6998011437855247 0.7005590779093752 0.6999503841964847 0.6999328287023947 0.7009834132128479 0.7002792865298841 0.7003883547038864 0.6999022612486494 0.6987062811584659 0.6996765987806051 0.6989078880087645 0.6997238770748913 0.7003537849506649 0.7018652631157298 0.7001853567489191 0.7008208469462044 0.7006256494820494 0.6998801619719964 0.7002523927019443 0.6985873205413503 
0.8538409792181743 0.9151297302310197 0.7000286119235692 0.7002461757137498 0.6999865712603548 0.6998540827693314 0.700042403632835 0.6997256228096191 0.6999237247997122 0.7011609738502306 0.7000776428659605 0.7003849747061366 0.7000970976747073 0.6985532398132901 0.6997570976501486 0.6989849631390874 0.7002702169778883 0.7003760987278193 0.6996970719822115 0.7001101960345925 0.7005791306167284 0.7007117652010478 0.7008482578294221 0.7004309358168609 0.7003353317438673 
0.6083751386276626 0.10255182666922524 0.7000232382194798 0.7002355339106475 0.6996720205517647 0.6997850476246212 0.6999729545287893 0.6995048537648137 0.6999328157641395 0.7008686468294196 0.7000638364813467 0.7003371135556761 0.6999083332689106 0.6985017670117029 0.6995080013124172 0.6989300404185518 0.7002910685979694 0.7003738874108996 0.6996865768666451 0.7000518625165052 0.7004842013799573 0.7010692494099386 0.6998562284875337 0.7001194573796569 0.6993191861161114 
0.3329566202183095 0.5823652165954118 0.6999806014154586 0.7002606967471677 0.6996714396945648 0.6998000845367486 0.7005408933300903 0.699633841123203 0.699915257661089 0.7009858586157796 0.7000627655095696 0.7003890143770655 0.6998992815876603 0.6986129463931091 0.6997048937906853 0.6989337171123549 0.7003152489022622 0.7003431147851134 0.7018509532693621 0.6999703131834871 0.7008773105580314 0.7005747035431161 0.7003096786861971 0.7002673869168856 0.6990425995702305 
0.39156130540934925 0.18444541753138383 0.7000272923556123 0.7002575733793325 0.6997695582066124 0.6998444803115614 0.7006361787997677 0.699565490350111 0.6999359664011013 0.7008818342094768 0.6999983833897735 0.7003848378459089 0.699727642262642 0.6986113666658719 0.7000954377249685 0.6988621911821318 0.7001785032974336 0.7003701407841704 0.6997089230871956 0.7000331582068602 0.7005681245209997 0.6924609429803447 0.7008698844062605 0.7001338448195794 0.7000561625447845 
0.08868397091917758 0.0898734753062981 0.7000415689179041 0.7002347607694015 0.6996800256042104 0.699804020201234 0.6999735874638549 0.699575970058219 0.6999343530065492 0.7005657527305851 0.7003539327203605 0.7003874476477144 0.7001031513851892 0.6988641125101519 0.7001217958731722 0.6990866453625133 0.6987343266971622 0.7003525176615387 0.6996087366888083 0.6999724418503392 0.7007128138053832 0.7005987839713361 0.7004430178784486 0.7002766076182927 0.6993588725844175 
0.43603465912482775 0.38230332086951774 0.7000240715885364 0.7002708069675333 0.7000464183186881 0.6998072383411043 0.7005529565467389 0.6995933032055178 0.6999376248119022 0.7009115205061405 0.7000622994361342 0.7003792401871087 0.699700286390678 0.6985031402835072 0.699708722591539 0.6989390243980089 0.7002667982076098 0.7001497071633171 0.7000653406013992 0.7001339500862174 0.700640025388048 0.7007099611035101 0.7004346780140538 0.6997884259737064 0.7002052798647713 
0.24509967185328407 0.08071805035318946 0.7000217775014378 0.7002353035710204 0.6995826312928944 0.6947742898036586 0.6999726921299461 0.699507098599563 0.6999407037232984 0.700879743625335 0.6999935481288256 0.7002893037605025 0.6996293071851263 0.6986041795033782 0.700124860123203 0.6989237500563265 0.7002738339364688 0.7000975333598326 0.6996247732270248 0.6999817279999849 0.7004551590029346 0.7005476331719158 0.7003515699775867 0.699892598093008 0.7002228274681226 
0.34375612993030535 0.6819177961106764 0.7000421393559794 0.7002599087366641 0.6996668408364362 0.6997937782076302 0.7005608820202803 0.6995779425876891 0.6999406756276565 0.7008307505061293 0.7003486967707461 0.7003546567829774 0.6993850140068166 0.6985247951662252 0.699639689075854 0.6988406333349311 0.7003167799156718 0.7003522101723996 0.6996535082882348 0.7001334176820323 0.7005679488788207 0.7005770347809382 0.7009068711883605 0.7002688351010006 0.7003995399060281 
0.2899677731044311 0.9158347235598554 0.7000381239575143 0.7002635995083327 0.7000758200175198 0.6998582017946086 0.7005641205844593 0.6995679378967579 0.6999406832896009 0.700899729460476 0.7001341946697024 0.7002909718042296 0.6995685704600021 0.6986257847934083 0.7001314021958353 0.6990475806819567 0.7002343808552602 0.7003612776066748 0.7000862031890357 0.7001477164796737 0.7055641651498734 0.7012144009063704 0.7003442481434521 0.6998081517767015 0.7002068619505293 
0.1925611542618122 0.3999880411783616 0.7000253920709332 0.7002353091512138 0.6999798824248915 0.6998219525986749 0.6999778447462337 0.6995453028390042 0.6998631689423642 0.7008771728798143 0.7000570264263997 0.7002892277786056 0.6993364766040717 0.698577578099587 0.6995093659695446 0.6989191404834016 0.700133154033989 0.7003729549560015 0.6996991011569509 0.7000516672092671 0.7005914974977058 0.7005787780351467 0.6998957271147875 0.6998450098018019 0.7000575818824618 
0.3693554510223256 0.9712807744512066 0.7000425919099715 0.7002600138140883 0.7000142985162678 0.6998033383204838 0.7006112653869435 0.6996376257580422 0.6999370623551545 0.7008702502366209 0.7000690952037575 0.700376935545121 0.6998736267975854 0.6986333320123056 0.6997103210071751 0.6991021123170724 0.7002894653802968 0.7006913626011698 0.7000955890335856 0.7000384464062345 0.7010831163669904 0.7006992077720104 0.7004068704315124 0.7002495255326618 0.7003336749156702 
0.6657988898047896 0.4193473870306173 0.6999890491327349 0.7002459254410519 0.699667336042587 0.6997896968892815 0.7000250515798626 0.6995294795516172 0.6999381060139155 0.7009119821409502 0.7000632229406456 0.7002893075216987 0.6993584701715749 0.6985453535183491 0.6997373944399619 0.6989261612418631 0.699742383724313 0.7003220240747885 0.6996927740038456 0.6999401281040349 0.700314512869578 0.7005905114566279 0.6999766726911425 0.7002756301543223 0.7000163488497588 
0.35293753589451954 0.9510350646443785 0.7000390727386323 0.7002583454052398 0.7001074673684761 0.6998291442159204 0.7015965974916819 0.6995767676535604 0.6999390559926172 0.7009495956549598 0.700074125568267 0.7003040075343433 0.6999730709978478 0.6988392529475205 0.7001562023631844 0.6990478830297979 0.6997266320762145 0.7000776072705582 0.7018170467070021 0.6999646562019396 0.7008158943023085 0.700578639523126 0.7003466099756375 0.7002920103226714 0.700806793329006 
0.23307872944036245 0.08676938982775051 0.7000217775014378 0.7002353035710204 0.6996081281407482 0.6997868806582279 0.6999726921299461 0.6995072241781425 0.6999407037232984 0.700879743625335 0.700072974641141 0.7002893037605025 0.6996293071851263 0.698592755079473 0.700124860123203 0.6989237500563265 0.7002738339364688 0.7000974660173148 0.7000741449054415 0.699980972100506 0.7004594281895127 0.7005474903319284 0.70082328516291 0.7002430303031678 0.7004323493308113 
0.6962406134133649 0.8311519590922396 0.7000745422283355 0.7002590701737227 0.7000886006138766 0.6998684206284447 0.700579529395641 0.6995850511328233 0.699937418021813 0.7009067653560916 0.7004672505750756 0.7004889487603055 0.7001569568992027 0.6988523736320691 0.7001066348894546 0.7062719003587387 0.7002988267347222 0.7006841193078615 0.6996840245968099 0.7000744947943469 0.7057031525419112 0.7006900087694322 0.7004288492323975 0.7053391132166796 0.7001705503093693 
0.40667565179995424 0.42411214379260737 0.7000437251753613 0.700235870269574 0.70004947850237 0.6998065669587062 0.7005988039423381 0.6995727378941129 0.6999376034474214 0.7008677033354852 0.7001416863368416 0.7003828962384504 0.6995536820500685 0.6986208222094162 0.6997115472227453 0.6990518128199734 0.700291038590556 0.7006768954679531 0.6996866386997178 0.7000898197911084 0.700815752712458 0.7006213427517759 0.7009946595342268 0.6998902835357917 0.7003370958735203 
0.12192252824206447 0.23299827374646132 0.699986653886131 0.7002365534267201 0.6999502551332208 0.6997854623269845 0.7005542274743178 0.6995114987964242 0.6999087731181862 0.7009011012550344 0.7000714139364184 0.7004935546120343 0.6995469141819185 0.6985837335641322 0.6997041829893013 0.698880817290091 0.7000847682252522 0.6999944889022333 0.6996407201310876 0.699983313111546 0.7005728535036444 0.7012074111873656 0.7004346780140538 0.6998973417231675 0.700134367921993 
0.6802429530383305 0.06328588644852512 0.7000732305570216 0.7002353110385918 0.7000673421716965 0.6998011437855247 0.7000299727476973 0.6999503841964847 0.6999328287023947 0.7008787804521721 0.7002792865298841 0.7003582703499427 0.699571316780623 0.6987062811584659 0.6996765987806051 0.6989076427591003 0.6997067919438065 0.7000723233415258 0.7001442019360883 0.7001853567489191 0.7002488404823172 0.7006256494820494 0.6998801007630013 0.6998509551080256 0.6985898407780444 
0.1933819944028492 0.0033083178321240136 0.7000253920709332 0.7002353091512138 0.6999798824248915 0.6998219525986749 0.6999808993015604 0.6995086670860076 0.6998631689423642 0.7008771728798143 0.7000570264263997 0.7002769179764627 0.6993244889558031 0.698577578099587 0.6994638377380418 0.6989191404834016 0.700133154033989 0.700380293057805 0.6997040614236953 0.7000516672092671 0.7005914974977058 0.6925997590241334 0.699894644137539 0.6998483294468689 0.7000575907760607 
0.23307872944036245 0.41883616650904876 0.7000217775014378 0.7002353035710204 0.6996081281407482 0.6997868806582279 0.7005849484982267 0.6995834012940888 0.6999407037232984 0.700879743625335 0.7000734575715902 0.7002893037605025 0.6999147784390037 0.698592755079473 0.700124860123203 0.698925746297784 0.7003011039187556 0.7006832280894877 0.7000647849157781 0.7000711704149526 0.7004594281895127 0.7006892024964314 0.7008654775693979 0.7002430303031678 0.7004368164586211 
0.29392480198545884 0.9620174667285222 0.7000425851054374 0.7002450254930516 0.6996690847065192 0.6998026929598614 0.7000731738045437 0.6996368441387169 0.699932816342824 0.7008702502366209 0.7000702817751842 0.7002941122576158 0.6997291209631341 0.6986103595941152 0.6997115532004438 0.6989437472963925 0.7002974600704674 0.7003395554604773 0.6996106971839707 0.7000378993626295 0.7008020664133724 0.6918799473679297 0.7004068704315124 0.7001379646679284 0.7001750784234512 
0.6657988898047896 0.41276787080766725 0.6999877236363621 0.7002459254410519 0.699667336042587 0.6997896968892815 0.7005935854849562 0.6995286681882671 0.6999381060139155 0.7009119821409502 0.7000632229406456 0.7003767982199338 0.6999014911922198 0.6985449453544242 0.6997373944399619 0.6989287080534736 0.6997290339855257 0.7003220240747885 0.6996927740038456 0.6999481392037658 0.700314512869578 0.70070751651705 0.6999766726911425 0.7002756301543223 0.700016439245384 
0.7747758420389603 0.5771781975350152 0.7000756351092025 0.7002693080652407 0.7000894504423464 0.6998014628511524 0.7006649797053579 0.6999770929921011 0.6999390953127106 0.7009800500602067 0.7002779411762321 0.7004920918007566 0.6999965603342522 0.7005450885936503 0.7000954932142511 0.6990369939308794 0.700178140916614 0.7003529760160141 0.7019371805365593 0.7001788224190459 0.7009118763877409 0.7006251606027623 0.7010223015039038 0.7002758420024948 0.7000152145727626 
0.10545339260033512 0.4168518276324742 0.7000265691840503 0.7002390050922487 0.699675496369515 0.6998042778671938 0.7005798257190452 0.6995164724961127 0.6999376268920593 0.7008700044860433 0.7000735766059217 0.7003898131473513 0.6997333265253352 0.6986134935847144 0.7001175838110975 0.6989257347040516 0.6987080126553846 0.7006863029402246 0.6997858232797955 0.7000811544359452 0.7007773490092135 0.7007130343646526 0.7004313782806912 0.7002679453789735 0.7001858423641434 
0.24695741399521226 0.055965611493522804 0.7000217775014378 0.7002353035710204 0.6995799963901399 0.6946727968565786 0.6999726921299461 0.6995072241781425 0.6999134864451056 0.7008797347884064 0.7021411055408213 0.7002893037605025 0.6996293071851263 0.6986041795033782 0.6997280108555746 0.6989239863676103 0.7002735306366439 0.7000974660173148 0.7000734661389469 0.6999817279999849 0.7004594281895127 0.7005473934562404 0.7003212154562795 0.6998634585256746 0.7004323493308113 
0.13115343928596473 0.655152896219075 0.7000733391220345 0.7002593165888688 0.7000672155246896 0.6998589730779465 0.7005847583569673 0.6995132563383535 0.6999400751055976 0.7009815812468841 0.7002873425878408 0.7003829345140852 0.6997255996652209 0.698837738311614 0.6997074614707193 0.6989192849978935 0.7001774607473726 0.6999900305193396 0.7017979293882317 0.7001391470462222 0.7007872207306246 0.7006229153655067 0.7003883527342529 0.7002782255106462 0.7002206694111934 
0.3020785161749704 0.20423346911531448 0.6999843686923406 0.700244560750492 0.7000462361254401 0.699861211829687 0.700024483240196 0.6995608276021168 0.6999329415716561 0.7008765166817125 0.7000762400422951 0.7002868849759992 0.6999002370736785 0.6985829023794127 0.6999984999254931 0.6991118455209755 0.7000697265933944 0.7006143591135326 0.6997200566904088 0.7000436356500096 0.7004575610931193 0.700633470878657 0.7004353445173358 0.7004230414196797 0.7008347028215546 
0.8438335822434443 0.9049631792707087 0.7000286463260336 0.7002461757137498 0.6999865712603548 0.6998600808274446 0.700042403632835 0.699565504135636 0.6999242145646248 0.7011609738502306 0.7000776348532465 0.700384957244909 0.7000970976747073 0.698553732809608 0.6997570976501486 0.6989849631390874 0.7002699774612832 0.700364548668391 0.6996981883556778 0.7001107336763134 0.7004840563391531 0.7007150323203142 0.7008482578294221 0.7004309358168609 0.7003353317438673 
0.6993309615401083 0.8239872105574068 0.7000745422283355 0.7002590701737227 0.7000886006138766 0.6998707653241625 0.7005825909925908 0.6995850001469867 0.6999371499823137 0.7009067653560916 0.7004672505750756 0.7004976958505866 0.7001498872936155 0.698852261581895 0.700123171534188 0.7064234872691714 0.7002988267347222 0.7006841193078615 0.6996840245968099 0.7000728040805869 0.7057031525419112 0.7007014619541923 0.7004288492323975 0.705398900009406 0.7001705503093693 
0.5962550612337827 0.4888935654769998 0.7000229206730939 0.7002365677033274 0.6996776662583518 0.6997985559752745 0.7000111813815244 0.6995115764847939 0.6999094463586308 0.7008771855855567 0.6999951616254606 0.7003835160644099 0.6995473212794571 0.6985870582621455 0.6997135544623089 0.6990763231627308 0.7002833126677416 0.7003645861858165 0.6996440728001178 0.6999760330787622 0.7005727801046839 0.7010766722561872 0.7004346780140538 0.6998799929050504 0.7001464348593838 
0.11420126691710313 0.5980310399710307 0.700025136072618 0.7002388877150649 0.6999971408474852 0.6998594340469538 0.6999171449785498 0.6993795360151429 0.6997859942551939 0.7005819351116445 0.700077642449785 0.7002936386212234 0.69959018709133 0.6985027093704009 0.6996860184261322 0.6989157329376777 0.7001074141212643 0.7003568541894604 0.6997108547562564 0.700064428272213 0.7004532396398955 0.7006953442970221 0.7004432364699443 0.6998783344549789 0.700084914412363 
0.5682226057102105 0.44836554210744933 0.700039969230872 0.7002395767985843 0.6996825724843309 0.6997772726838941 0.7000184421270811 0.6995146506374404 0.699936367393081 0.7004901996436537 0.7000602356056453 0.7002943030022165 0.6997317085371475 0.6986367405959739 0.7001539353971823 0.6988947718249141 0.70012017200474 0.7001039531905435 0.6996079353394518 0.7001465853532076 0.700455349007839 0.7005773081195384 0.7003579139657286 0.6998921422117146 0.7002226488253639 
0.3400738422399029 0.8648145066631541 0.7000438581015775 0.7002445159480959 0.7000625489246629 0.6998004754829401 0.700551708552647 0.6995776414571435 0.6999335124913222 0.7023533951642849 0.700065216895124 0.70048878881458 0.6998216667560141 0.6986335696163937 0.700112280268171 0.6989338550496741 0.700308455856801 0.7000017783713582 0.7000772292874327 0.7001489120539143 0.7007894870642587 0.7012282719507328 0.7004379321267509 0.7002409553105426 0.7001701667785427 
0.2644160393385512 0.8951949174961936 0.7000444580557941 0.7002583549951362 0.7000996656987974 0.6998016023004748 0.7005602630508431 0.6995662646012097 0.6999390629318822 0.70094636918174 0.7000729954690414 0.7008940452596898 0.6997238237640395 0.7006613060056401 0.6996806335509972 0.6990454056419634 0.6997266520225651 0.7000479400593598 0.7001407119216473 0.7001500424678049 0.7009030063503281 0.7005791168326677 0.6998561757847138 0.700288514856921 0.7002191526540613 
0.04285957871750411 0.10157098021816002 0.7000387954843381 0.7002355327175754 0.7000329494786347 0.6997850157595346 0.6999726921299461 0.699508009558753 0.6999328150108381 0.7008692248491356 0.7000690918257436 0.7003643025748173 0.6998878211386687 0.6985005059600922 0.7001349414194451 0.6991038596972179 0.6989024458509794 0.7003738867850514 0.6976310687112894 0.7001606958912914 0.700783859872143 0.7005990837066504 0.6999234478127542 0.700276068975969 0.6993348726878645 
