3.9442826965744336E-17 0.6737481020125871 0.6997342471680448 0.6997679655238381 0.6998636619556701 0.699570445268053 0.7003690398035588 0.7003195974427017 0.70077479523938 0.6990023162314107 0.6995212747066539 0.7005274223734562 0.7003891310563123 0.699486997356521 0.7002674204090897 0.6997842588723528 0.6997876108862876 0.6996681992807344 0.700607726323962 0.6999639853584414 0.6998918953543911 0.7004317042960208 0.7008645550221267 0.7001819046397904 0.7004733535438548 
0.9999999877070626 0.9999999999995108 0.6997325146788046 0.69976640994498 0.6997001977614541 0.699570625079923 0.699362084903483 0.7003479683723146 0.7007825710104643 0.699009851815895 0.6994786593318664 0.700479502147232 0.7004530743096121 0.6995798192140172 0.6998612920054308 0.7000757959291065 0.6997976710659988 0.6995404312230995 0.7007451342910055 0.6999433118261006 0.6998893627577496 0.7002996479192192 0.7003162449459692 0.7008033530075196 0.7003295262959509 
0.99853923600061 0.0 0.6204535577264713 0.6997490864871782 0.6999317400041232 0.6994272033719827 0.6993824228874356 0.6952232158190318 0.701148058592147 0.6990679261427343 0.6994756819596951 0.7002101190321843 0.590793902086271 0.700471830009146 0.6997143902751258 0.7005547421176316 0.7739620345796462 0.7005560270051548 0.683249234178021 0.6994163696896871 0.6998852422880958 0.6680089780839551 0.7008634414598885 0.6994981734340844 0.6966896510385221 
8.847196417895997E-4 0.9999999999999291 0.6300667942159546 0.6997676949108311 0.7005372673805358 0.6995680621966596 0.5673616838883069 0.7005590138797312 0.6529825602418727 0.6989486530083221 0.6995436254219745 0.6207002270733533 0.7005724802136518 0.7004866113534373 0.6997869695430442 0.7000098887173611 0.6998036587327706 0.6995950566414684 0.6994380618400746 0.6825627213698231 0.699935125553338 0.7010973922433965 0.7003314694281318 0.70016813093404 0.8499311992712585 
3.9442826965744336E-17 0.0016846739842559244 0.7000392508058956 0.6997681380713318 0.654453281657866 0.6995565888983096 0.6992209195630602 0.7556422872809501 0.8121120323402488 0.6989374409975125 0.6995363653988733 0.7005225514751727 0.7006956196517284 0.7004866009281805 0.7002644211452784 0.7629924289220248 0.6922599994459411 0.6999552697253013 0.7006469119134076 0.7806069783957762 0.6923869533305862 0.7010144896352654 0.7008621785294677 0.7001627627146702 0.8421826788424733 
0.999999998325482 0.9951181079048913 0.6997256281252334 0.7820891042682906 0.6999294727351622 0.6995809241681147 0.6884629270613698 0.7299715648186149 0.7011386709218821 0.6989490778481738 0.6994791755286305 0.7005976759500079 0.7157039369196397 0.7007055371979423 0.6998416042484058 0.7000106509456712 0.7000626556147288 0.7012065322123975 0.6995200112240609 0.6995640217148433 0.6998887662206219 0.7014606778695565 0.7002659889400354 0.7002980233309499 0.7004838047810225 
0.0014292008005766799 0.9999999999999291 0.6343629547980917 0.6997691488381043 0.8099556141402868 0.6995704651913144 0.5648381689866744 0.7077018769550307 0.6863400422481328 0.6990024612739012 0.6996605301966198 0.6206624157202373 0.7007018224237889 0.7004848053598736 0.7002644274506076 0.7000098887173611 0.700210609095023 0.6999225078977807 0.6994517165911631 0.6825801409512469 0.6999344184967836 0.7011989004983393 0.7210320288843107 0.70016813093404 0.8499311992712585 
8.071653726144084E-6 0.0 0.7014069969031586 0.6997681247657348 0.6932820815182736 0.6974371211104652 0.7005036531396283 0.7002216193630202 0.7008503884213267 0.6987628183744636 0.6995470182663723 0.7005196596347701 0.7316620774243898 0.7005157418846365 0.6999007338556105 0.7002865242646545 0.7006496987079593 0.6996683691015463 0.7004919196509273 0.7002500259057997 0.6999702434859589 0.7011913366232833 0.7008699776364948 0.7001159280094413 0.7005876328316577 
3.9442826965744336E-17 0.9968917587704903 0.7420901189433953 0.6997681380713318 0.6999306389820819 0.6995705137184562 0.7004559243282189 0.7905399492604027 0.8066882154062827 0.6990039388339602 0.6996588494502101 0.7005230846906921 0.7006956196517284 0.7006169035025522 0.6997034153058332 0.7629924289220248 0.7000368256794456 0.6999552697253013 0.7004644697149022 0.7000499115452824 0.6995420277627202 0.7010870617302667 0.7008571391067802 0.7001383330754374 0.693017471936189 
0.9919767366105026 0.0 0.7009117431187019 0.6997754860145764 0.6999625671240011 0.6995159162509681 0.7004469233120911 0.7002255784748048 0.7012252492999226 0.6996159416051203 0.699719507121866 0.7006794702337109 0.7296314607595912 0.7005446736483514 0.6997180154367705 0.7105565858939056 0.7000506910620653 0.6999099541301551 0.7006622784866088 0.700698947872592 0.6999710960361287 0.7012280749601991 0.7010643323128297 0.70077966673773 0.7004904812374925 
8.660005798637817E-9 0.9999999999992021 0.66943830233351 0.6997663363292156 0.6997635822129811 0.6995575873788014 0.6951255992148628 0.7569351479251616 0.7007442694374522 0.699003670089758 0.6994904582796013 0.7004936951587488 0.7007676398502629 0.7004786303785155 0.6998174739665463 0.6997118656838202 0.6997940196437545 0.6996361984955289 0.7006332686785649 0.6999062294476558 0.7000530640382908 0.699159544277334 0.7015793670197462 0.700407213260332 0.7005350475526809 
3.6962559530232175E-7 0.999999999999501 0.6374670720377401 0.6997303369973911 0.6909128632598031 0.6995593802767037 0.6992755303683017 0.7002996952052936 0.7005283282093524 0.6990016043046395 0.6994575601848161 0.7004612515788945 0.699366621261536 0.700467632600987 0.6996997456398196 0.7001113690477774 0.7000562537439471 0.6995366197911222 0.7006048229245962 0.6999538812968323 0.6937965638680162 0.7011989004983393 0.6905857800521812 0.6997474156293373 0.7001563507203113 
0.999999998325482 0.125852974473034 0.6997256281252334 0.699768050898573 0.6997693180187027 0.6995809241681147 0.7003587289789803 0.7147025272186296 0.7007757512806955 0.6989490778481738 0.6994791755286305 0.7004818270059384 0.7157039369196397 0.7007055371979423 0.69821555470531 0.7000106509456712 0.7000626556147288 0.6997305933124625 0.6995200112240609 0.6995640217148433 0.6998887662206219 0.7014606778695565 0.7002659889400354 0.7002980233309499 0.7004838047810225 
8.660005798637817E-9 0.009867535431139385 0.66943830233351 0.6997663363292156 0.6997635822129811 0.6995160208513037 0.6951255992148628 0.7569351479251616 0.7007460827419121 0.699003670089758 0.6994904582796013 0.7004861271238572 0.7007676398502629 0.7004786303785155 0.6997186522222634 0.6996935456972458 0.6997940196437545 0.6996361984955289 0.7006348803876894 0.6999062294476558 0.6999694016491672 0.6991635141257994 0.7010664346144528 0.6999969827054052 0.7005012762727569 
1.4623133115953223E-5 0.0031738959098421837 0.6997400407970334 0.6997723680023069 0.7004813370789511 0.6974060485195284 0.7017489478079787 0.7003147824264048 0.7007830322420503 0.6991466202422152 0.6994905408323928 0.7005499091011386 0.7006940315561972 0.7007530047066537 0.7003184993750032 0.7004114066774211 0.7007235334733336 0.6921359983354908 0.7006835548890259 0.6999046315656956 0.6940279212467443 0.6992430400392101 0.70079761447785 0.7001795223365015 0.6978444786182841 
8.660005798637817E-9 0.9996308736425881 0.66943830233351 0.6997663363292156 0.7010891524614384 0.6995714022983822 0.7007766118710447 0.7573554346345392 0.700762945412402 0.6990029722479641 0.6994904582796013 0.7005309130662546 0.6993666179316822 0.7004935867855181 0.6995602452761421 0.699539833414421 0.6997940196437545 0.6996510483753258 0.7006062588236608 0.6999062294476558 0.6938404131601537 0.699159544277334 0.7015793670197462 0.6998979787028259 0.7001508334487392 
0.6160727495510168 0.0 0.6997294563232803 0.6997633892697444 0.6998875889947079 0.6995159162509681 0.7004466040299893 0.7002255784748048 0.7008095433170008 0.6991497287463059 0.6995480725610577 0.7006609617331424 0.7296314607595912 0.7005446736483514 0.6997072856088077 0.7001296679734793 0.6997733580617387 0.6997032112561168 0.7006622784866088 0.6999903425474663 0.699969946822324 0.7011342607398997 0.7010643323128297 0.6999974501423969 0.7005000344659025 
1.6209192042718895E-4 4.559215999527549E-5 0.6997428605592482 0.699741532322812 0.6512691597910208 0.6995567951008449 0.6992482966574396 0.7002065276268563 0.690793594016415 0.6989396154818401 0.6995474603960642 0.7005359559562493 0.699274579604805 0.700483136982265 0.6996746757346824 0.6995364037948534 0.6923516036734797 0.6994632775085781 0.700486082307942 0.7007077843095547 0.6999472878130203 0.7010132265037987 0.7008621373379664 0.7002890924541656 0.8421334156734482 
5.780831252208919E-4 0.0 0.699839754459838 0.6997592790780789 0.6343759224693803 0.6995434304650668 0.6993083385825752 0.7026205967349674 0.7008294754922856 0.6989412719703828 0.6995442716382568 0.7004858911471853 0.7005685162467906 0.7006166168045308 0.6996906803813665 0.7001447545591509 0.7000509238887214 0.6997503255020893 0.7004138631538052 0.6999877793619514 0.8377174995926093 0.7012180239160519 0.7008707399904979 0.6996896031398069 0.7004287130851464 
0.038153358199313314 0.8024092398496085 0.6997242368564672 0.699768112257497 0.6998314283792584 0.6995681840694703 0.7003376069758629 0.7003039132361559 0.7008377432149686 0.6989856660242342 0.6995452895036394 0.7004821648434701 0.7007628181597046 0.7006208918196432 0.6998797129658331 0.6999185872893514 0.7000361780102692 0.699647259121835 0.700326823988156 0.6995335436668992 0.6999455494176281 0.7011004121621075 0.7001479121202442 0.7001846048164811 0.7001364196996269 
0.999999998325482 0.9889068584683471 0.6997232943411105 0.6997664667832256 0.699689787651688 0.6995808321493943 0.700357915235402 0.7004222206454473 0.7011489768383393 0.6990263618286401 0.6994770921253537 0.7004806824958442 0.7006265956508874 0.7007094463456643 0.6998831240434609 0.700029244411016 0.7002093875661434 0.7011525923199468 0.7006924743508042 0.6995679616626512 0.6998890694827267 0.7019237446913338 0.7003290539257161 0.700289390000273 0.7003152047677877 
8.071653726144084E-6 2.0323627558921364E-4 0.6997142751449613 0.6997681189767457 0.6932820815182736 0.6974703680341053 0.7003335190446026 0.7002216193630202 0.7008503884213267 0.6987703574800816 0.6995418610280589 0.7005196596347701 0.7316620774243898 0.7005157418846365 0.6999007338556105 0.7002943539847774 0.7000725691057252 0.6996683691015463 0.7004064988271633 0.7002500259057997 0.699947230404969 0.7010974038204772 0.7008699776364948 0.7001171901198954 0.7001319507773066 
0.6879818417759697 0.6780012041622365 0.7000358443005343 0.6997732316449837 0.6997031073935401 0.6995596365074096 0.6993590007008045 0.7003605664501913 0.7007776566919531 0.6989389478775857 0.6995061897781976 0.7004980626181297 0.7004684248611158 0.7006870337337053 0.699708019579736 0.69998728835534 0.7002141154164833 0.6995873412076387 0.7006701443559484 0.6999573779594421 0.6998687255453236 0.7009552087798815 0.7008947157290789 0.6997745573517972 0.7001447500007325 
0.05366629602629819 0.5778159033906842 0.7007169999030738 0.6997716874084067 0.6998888661435286 0.6995697652381688 0.7003891322015917 0.7003208405150343 0.7013699852312855 0.6990035698242207 0.6995436884716142 0.7004859471355918 0.7007590373187148 0.7007549197811999 0.7002863104269933 0.6999910198653662 0.7006773570845287 0.7013195512166486 0.7006336383134626 0.6999237708727661 0.7000259034842554 0.7011086439354537 0.7010667418497379 0.7004038473345942 0.7005393339636395 
0.36905449821973085 0.015368749253445946 0.70004545285937 0.6997787086932709 0.6996979229222327 0.6995604439319288 0.6993473970062466 0.7002241767634364 0.7005228963373455 0.6989657001876 0.6994362490287681 0.700500204551622 0.7007663110483057 0.6882452672667441 0.6996840197497078 0.7000023834655085 0.7000791841859633 0.6988428900755036 0.7006687300571328 0.699896872419097 0.6999444051100787 0.7010945562467392 0.701076666201729 0.6997793564503266 0.7001520327292835 
0.4252946258769478 0.6620372574271656 0.7000476298077399 0.6997725266753835 0.6999595415796289 0.6995802564075424 0.7003476295450297 0.7003606510657573 0.7007822398203535 0.698969147383696 0.6997063491666512 0.7005382860916342 0.700574676330988 0.700686966654392 0.6998765619385041 0.7001403991888983 0.7000283956361391 0.6998948589960837 0.7005397712362083 0.6999863546976343 0.6999459443076627 0.7011614807724006 0.701310889397249 0.7001935914218141 0.7002276058919659 
0.1667339283209101 0.2922648412014266 0.6997250706338959 0.6997669110680643 0.6997533630155601 0.6994738719823954 0.6993156850336928 0.7003046771816703 0.7007769756682017 0.6990006344292763 0.6994771693214208 0.700513362455898 0.7003811162200381 0.6994790068517411 0.6957753909216652 0.699793082968495 0.7000088170551755 0.6996731913317705 0.6988212555403037 0.6994423471598716 0.6998672317127838 0.7004733137689159 0.7008572140290416 0.6996896449010779 0.7001975114302325 
0.4445513790791568 0.7653869221651469 0.6998781122755261 0.6997679378876356 0.6999396217890123 0.7018466573477158 0.7003693179600767 0.700347823236891 0.7008482460885747 0.6992192217851603 0.6996653961682862 0.7004758082232609 0.7005847750276047 0.700613376449204 0.6998599564256839 0.700129521225251 0.7000301744452546 0.6995843861147131 0.7004618611956328 0.6994224548839334 0.6999425973671792 0.7012238180477067 0.7014947515292075 0.6999825661328579 0.7005073566304805 
0.08257445661846496 0.8848949054805197 0.6997316792367136 0.6997683795764316 0.6997067812210734 0.6995609155525758 0.699493404838189 0.7003182754590305 0.7005799094193093 0.6989376694182358 0.6995403708464495 0.7005461443301009 0.7007396729728353 0.7006134409074904 0.699731999785078 0.7001414193595286 0.7001188345142296 0.6996667799321299 0.7004744914717929 0.7000275471353437 0.6998890530162445 0.7004288653054928 0.7005568021694397 0.7002153500731175 0.6922208925592968 
0.24207804594644466 0.6803458374590722 0.6997276266745565 0.6997671523774555 0.6997831142321705 0.6995523437965403 0.6993877216786163 0.7003207858548038 0.7008275775940684 0.6989644537605064 0.6996555347875343 0.7004943911525108 0.7004658227589478 0.6992992227804568 0.7002271424878391 0.7000150648440921 0.7005411277169348 0.6999381889137261 0.7006750323977191 0.6999767888449796 0.6999462705093846 0.699116787864639 0.7011510023419985 0.7001448802155136 0.7003682290757913 
0.3214342537991954 0.2922648412014266 0.7000495456388663 0.6997724571092289 0.6999287622386466 0.6994738719823954 0.7003587360923715 0.7003674616668945 0.7007843275536682 0.6992192203063807 0.6995212036193232 0.7005151195303619 0.7004441748241981 0.6994790068517411 0.6996958616937367 0.699793082968495 0.7006644800323615 0.6995791992003838 0.7005389692860934 0.6994510745896494 0.6999658574801081 0.7011585196708441 0.7002089164855664 0.6997631527256857 0.7001882591341002 
0.2673568990732968 0.5052528958247228 0.6992810677726176 0.6997683347112609 0.6997833654109971 0.6994065117202086 0.6993702552004781 0.7003210490588078 0.7007637450379539 0.699167939150712 0.6994785163119402 0.7003098338065662 0.7003880831433668 0.7005462889011583 0.6999995925908173 0.7001695309745265 0.7000737638003822 0.6994374828938061 0.7005050837347202 0.6994254088580911 0.6998898185021559 0.7004825536020314 0.7008282375310809 0.6996566369522489 0.7004732052247294 
0.14601761342542316 0.5063774619066828 0.6997312701539814 0.6997663725535374 0.6998312636295277 0.6995595625324887 0.6994327153554194 0.700318143547998 0.7008253556484499 0.6992217946445515 0.6996653317061774 0.6942645161480917 0.7005769512704464 0.7006269602701692 0.6996925857797591 0.7001275993109636 0.6998437633341916 0.6996057689872942 0.7006317477874812 0.7014267868369397 0.6999857895799162 0.7010941850600001 0.7008692284763551 0.6997560944969117 0.7005918830722376 
0.33615962266798044 0.4331671775724718 0.6997316792367136 0.6997676206740917 0.6997006307637631 0.6995707979687502 0.6994859117265599 0.7003621814160396 0.7007612731278069 0.6989673027442248 0.6995111311706358 0.7005385456052917 0.7005818981546279 0.6994870642422055 0.6997885062120147 0.6994554157412105 0.6998468154405205 0.6997146349984626 0.7004554524238806 0.7000548541071046 0.6999332396200724 0.7004800258708417 0.7008677542288577 0.6998749109113084 0.7001917388110043 
0.999855298608908 5.224289656592237E-16 0.7008887305991669 0.6997879295879068 0.7004340267719337 0.699604196170842 0.7004447310979071 0.7003192931383496 0.7012225067556975 0.6996626540104225 0.6997145563858959 0.7006817842537356 0.6851105807711636 0.7006205421405248 0.6998860682162127 0.7104256387722118 0.704455791230953 0.6865180342290196 0.7006341347147409 0.7006929461821375 0.6998917207914942 0.698842302780893 0.7011289728520945 0.7007843106066044 0.6992816507271776 
7.865678931241527E-7 0.9935202667473961 0.6997627817157779 0.699906292911647 0.6997791978900109 0.699571165694506 0.7026532358410713 0.7003689115275156 0.7011408561240716 0.6991708727300807 0.699711670225936 0.7006774470881185 0.6993594306880468 0.7006706223719869 0.7003125358112009 0.7006597568068635 0.7006409396019098 0.6991597381494579 0.7006596453598356 0.6822802137163927 0.700062482035152 0.7012129321885314 0.701133019198642 0.7001632282035937 0.7008210051277876 
0.8567413537627458 0.7492918027585901 0.7000659728027109 0.6997677411696902 0.699901845668631 0.6994898624878342 0.7003692597448692 0.7003201250469793 0.7007808814950663 0.6991765714696841 0.6996572874935043 0.7005142333981685 0.700390080249777 0.7006136995792669 0.6998656609913223 0.6997629673848748 0.7000922397336985 0.6996682764948152 0.7004315472147759 0.6999639853584414 0.6998883797743652 0.7004628494966741 0.7008766080447913 0.7004882448255002 0.7004705899722774 
0.19764561883586823 0.11844621478309897 0.6997191084877853 0.6997662847740518 0.6997835926349806 0.6995522666724142 0.6992992010040378 0.7003089734091719 0.7007827368393512 0.6989421904535199 0.6995544258340781 0.7004948928893459 0.7004725681202756 0.6992578487319361 0.7000766819726976 0.6994494877457407 0.7005429964869773 0.6996731591977687 0.7005378703616597 0.6994525230804176 0.6999461857180082 0.6991076551523435 0.7008593693712577 0.6996694913316752 0.7003755260657909 
0.4597837467515753 0.9591255300217627 0.6998748266626126 0.7031003655360368 0.6999008729362459 0.7019616613721602 0.7003690096961294 0.7003644398395248 0.7007811531567069 0.6992215851862084 0.6996727170895131 0.7005272870637124 0.700771804969462 0.700613344496185 0.7002725464609311 0.7004666929094561 0.7006677810521138 0.6996831795019836 0.7006040590182652 0.7008010645544648 0.6999631495043965 0.7009823881519468 0.7014947515292075 0.7002284590991041 0.7004733451879688 
0.019180751561022946 0.9314037494383873 0.6997423802637921 0.6997425804815119 0.6999383562757664 0.6995567961085425 0.6992932051510742 0.7003036782400278 0.7007725522060537 0.6989389519649701 0.6994767323496666 0.7004847017585166 0.6992960587937731 0.7002719192223201 0.6996777273565499 0.699546449130173 0.7000961549786775 0.6994659807208686 0.7003905101834385 0.6994391683358446 0.6999453933218893 0.7004743885179134 0.7008960577897339 0.7001979241913976 0.7001258958683916 
0.064879512817683 0.7087221121769568 0.6997412965347389 0.6997887857608837 0.6997725894324363 0.6995368712897917 0.6993128458443121 0.7001808614666434 0.7007665162442351 0.6989426994483537 0.6994776237477451 0.70048270860327 0.7003890332181776 0.7004335688833844 0.6996912147608432 0.7002058636012545 0.7000834984983387 0.6995891601733647 0.7005105990146064 0.6999761686799066 0.6998708002426792 0.7005049123205136 0.7011319449105092 0.6996290077391878 0.7001817415965975 
0.34757637533851976 0.756972074221441 0.7000677214811132 0.6997677733003308 0.6999346009137515 0.6995708592045036 0.6993088831725809 0.7003687818779419 0.7008214771124129 0.6991581748845679 0.6995507457765454 0.700705848972815 0.700295344885494 0.7006924243381508 0.6997248269449602 0.7001271087794183 0.7000754303653073 0.6996910573895261 0.7005243561152805 0.6999664661533871 0.6998886794547757 0.7009896752194777 0.6838853828958383 0.7001891681605282 0.7001200572512333 
0.7510898687071399 0.7573893371701627 0.6997221732657145 0.6997695237566927 0.6998380655656631 0.6995729156697782 0.7003142286087447 0.7003548507720091 0.7011944520072799 0.6991694975354766 0.6996700790544853 0.7004959256037696 0.7005778995278521 0.7005031779389156 0.6996690424921153 0.7001672858764659 0.7001403712175025 0.7010588360776515 0.7005040490894215 0.7002292874311945 0.6999619944273164 0.7001905814958987 0.7014316802988074 0.7002295478168775 0.7001327603021703 
0.7797636988512817 0.8615529465422991 0.699796002443755 0.6997681604318329 0.6998915901989023 0.6995765811091019 0.6995216279555431 0.7003551602475409 0.7011766637150015 0.6992199518081044 0.6996724479021593 0.7006800682071797 0.7007713548907247 0.700656155609403 0.6997307960103623 0.7001811272621158 0.7007163162312138 0.6986136875373997 0.7006710730921725 0.7002324252372045 0.6999612424706727 0.7002431353295753 0.7014610204733059 0.7002325715075723 0.7007353172839319 
0.005653794535743996 4.0963292425083564E-4 0.6996477258218887 0.6997710211823579 0.6997672247385477 0.6995701670030904 0.7003066756394019 0.7003210340062471 0.700782139255796 0.6989730964397193 0.7044218596514008 0.7005983233188208 0.7005796279314127 0.7006177925919862 0.7003038708405045 0.7001201029709787 0.7002607977220048 0.6997278033428781 0.700771621578818 0.700216837686121 0.6999457609895322 0.7011653514913418 0.7001298866990121 0.7004069684204494 0.700533758976879 
0.5313966124293908 0.7135685983050177 0.7000479254306605 0.6997389999377805 0.6999591776692864 0.6995856502853711 0.7003578858131405 0.7003606695022275 0.7007821994001944 0.6992197798940163 0.6996619187763412 0.700477653082235 0.7004525655125747 0.7005073243390467 0.6998558934529436 0.700140353072326 0.700029891910496 0.6998970565882606 0.7005255734393468 0.7007653552613626 0.6999554886791527 0.7011683998972412 0.700336920749413 0.6996872823315714 0.7003296207526507 
1.740432199774114E-8 0.009867535431139385 0.701408331127996 0.6997663363292156 0.690946517439201 0.699515287240148 0.6951255992148628 0.6955054347388883 0.7005297682434256 0.699001541142061 0.6994571119687256 0.700462220742034 0.699364928621811 0.7004678314421576 0.6997186522222634 0.6996935456972458 0.6997940196437545 0.6995385079725749 0.7006060398747894 0.6999062294476558 0.6937053088692934 0.6991635141257994 0.6905371827408521 0.6997499877405006 0.7001497468583971 
0.16436367103852037 0.12021319954902504 0.7000449571105538 0.6997887857608837 0.6999441494932149 0.6995610582738948 0.6994945959609521 0.7003171013029553 0.7011512976692679 0.6989417053233336 0.6994765704082144 0.7004839272853577 0.7004539328471129 0.7004719333675009 0.6956162744751383 0.700467702741013 0.7000833626890561 0.6996767828134135 0.699990057283187 0.6994428468377935 0.699883297570536 0.7004732332025282 0.7011324463269984 0.6996884941842645 0.7001876018503274 
0.2673568990732968 0.3971326625124171 0.6992810677726176 0.6997676907921717 0.6997853826640957 0.6995917341948751 0.6993702552004781 0.7003210490588078 0.7007637450379539 0.699168034070156 0.6994759548459434 0.7003080511659208 0.7003880831433668 0.7005462889011583 0.6999995925908173 0.7001667359105458 0.700073038270386 0.6994374828938061 0.7003781396970453 0.6994254088580911 0.6998898185021559 0.7004852717305393 0.7008659107265882 0.6996649068025244 0.7004732052247294 
0.4653593480051756 0.8655639523830447 0.6997194082354337 0.6997661413263808 0.6998262563250752 0.699570535682117 0.7003838103999132 0.7003137899955494 0.7007468129210611 0.6989298450873217 0.6995339533122731 0.7005471575795181 0.7004893489275942 0.7004480015058412 0.6995714098238941 0.7004584082341765 0.7000328945114807 0.6995710301008963 0.7006181572978818 0.699563145331573 0.6999326558683309 0.7004740698767825 0.7008650463569243 0.7001742928592029 0.7001886596024577 
0.21484391675434633 0.3079309659733285 0.6997223510012969 0.6996165592442037 0.6998381753243182 0.6995721357143434 0.6993456721743803 0.7003179805713359 0.7011797818733021 0.6992217946445515 0.6996688668613474 0.6943629525960726 0.7004563922407385 0.7006568413279802 0.6996700515856497 0.7001629793507077 0.7001376469509347 0.7010786418028407 0.7005100803411838 0.700757672116766 0.6999546282079829 0.701094169307992 0.7008838981404449 0.7001940170651842 0.7005943772872958 
7.865678931241527E-7 0.9897870153148379 0.6992973985623449 0.6969257700882292 0.6996784741751398 0.699571165694506 0.7026532358410713 0.7003683647495699 0.7011408561240716 0.699159244071919 0.699710481592695 0.7006774470881185 0.6993594306880468 0.7006706223719869 0.7003118919586748 0.7003270643368006 0.7006409396019098 0.6991597381494579 0.7006565342809303 0.6998751990717754 0.700062482035152 0.7012097802002931 0.7011174677902601 0.7001632282035937 0.7008131147404578 
0.6160032829199211 0.34273765566687125 0.7000253318113747 0.6997684681036532 0.6998522476699804 0.6995636371820098 0.6994142738059546 0.7003553812196797 0.7007813180272268 0.699210828564063 0.6996575946757249 0.700656773069025 0.7007788774075512 0.700601637155451 0.6998875842453365 0.7001600540479338 0.7001121827460016 0.7010820842272028 0.7003944005047303 0.6999906303765119 0.6999454673313064 0.7012210947778097 0.7005524663921116 0.7001996160821512 0.7005196765366628 
0.024064953047631378 0.9999999999999449 0.6986678977505137 0.6997680368438683 0.6998570561994256 0.6993952385616706 0.7011649926023137 0.7003157505639662 0.7007792783739352 0.6990058092924427 0.6996689738244712 0.7004980855376333 0.7003863366787744 0.7005200118690332 0.6865656819679888 0.7000040860214678 0.70021406616046 0.6995837935783839 0.7007205566323473 0.6999036861628809 0.6999333537774118 0.7009526195245667 0.7008404519214166 0.69967322210165 0.700482666857339 
0.6850161577447178 0.9314037494383873 0.7000199333273912 0.699770045967044 0.6999383562757664 0.6995610927885199 0.7003349923269474 0.7003036782400278 0.7007725522060537 0.6989808450649225 0.6994768330704375 0.7004847017585166 0.7004500139597244 0.7002719192223201 0.6998814382064725 0.7004659226485304 0.7000961549786775 0.6996390635476752 0.7003908464362549 0.6994391683358446 0.6999454333822398 0.7004611909670623 0.7008960577897339 0.7001980516683505 0.7001258958683916 
0.3551901404209332 0.9831584259176833 0.6997091204431474 0.6997728690553663 0.7000732659518261 0.6995667629924982 0.6995115038796935 0.7003531026466802 0.700814822578771 0.6991680321994141 0.6995405797006381 0.7004982439227706 0.700474410949919 0.7006849568018028 0.6997155311632901 0.7001277649246368 0.7000753485046789 0.7000171869433005 0.7006286294390277 0.6999586129735477 0.6999424053537605 0.7011978224737302 0.7012114285826043 0.700194385424964 0.7003604260617763 
0.08734805306363996 0.026586320469941138 0.6996781219043208 0.6997887857608837 0.6997736168279649 0.6995615169544516 0.6992921480097626 0.7003180926767458 0.7005730371961041 0.6989426173918081 0.6994464554570441 0.7004879669197331 0.700479201916288 0.7004705419256663 0.6996825377424256 0.7006613353596962 0.7000834984983387 0.6996681030068258 0.7005086282142149 0.7007326678620251 0.6998878136480084 0.7004285588076395 0.7008706510211541 0.7002983467691268 0.7001816965333978 
0.5414679280451163 0.802758324502536 0.6993041332566243 0.6997725794641152 0.6999336808069667 0.6995698664778706 0.7003581458323909 0.7003655450808922 0.700789046113233 0.6992215741241532 0.6996730861384314 0.7005151100178593 0.6993570848680374 0.7006170709935127 0.7001832673843095 0.7004618899104285 0.70066746155022 0.6996505572549647 0.7005327170638651 0.6998731257690229 0.6999642033148065 0.701168055847389 0.7008564804548362 0.6997579362984633 0.695076499404019 
0.2800541282844288 0.09798482698882105 0.7000029120828183 0.6997676141784748 0.6998588146217568 0.699567521136562 0.699522615007318 0.70030596361828 0.7011311326895973 0.6991820955137091 0.699534013080997 0.7004770736499315 0.7004728995633805 0.7006696393265247 0.6998123641701263 0.7004657741568285 0.7000710167872874 0.6996192295079917 0.7007412168732738 0.7008628415669401 0.6999462699104994 0.7004845635431257 0.7008812987654973 0.7001753320737655 0.7001907169039379 
0.10241241337269878 0.026846376294993923 0.6996701211971921 0.6997669804406316 0.6997731638651142 0.6995615805447041 0.6992900621656502 0.7003180926767458 0.700539205975446 0.6989422146264205 0.6994464554570441 0.7004813155405912 0.7005835339801814 0.6994730286006732 0.6981633954135417 0.6989398008796063 0.7000834984983387 0.6996018883676072 0.6980534525774187 0.69959205556806 0.6998878001837594 0.7011286647994944 0.7008706503651738 0.7002290487340375 0.7001809222922127 
0.28824449469396096 0.856834890385135 0.6997904402554852 0.6997676474290633 0.6999330085696079 0.699570434617129 0.7004818025460512 0.7011352866478517 0.7007715522659619 0.6990031700393633 0.6996640611496242 0.7005155983374587 0.7005870333697833 0.700619438510878 0.7000091468571353 0.7001697599525529 0.7007427689770164 0.6996150296088957 0.7005701010988625 0.700740389400265 0.711872640601547 0.7004112454106685 0.7008650204501468 0.7001960667049479 0.7004734180813619 
0.23023960393542353 0.07647405136297247 0.699728486423864 0.6997671332815472 0.6997831142321705 0.6995511293631328 0.6993093980050475 0.7003223754750705 0.7008275775940684 0.6989741771512891 0.6996560119136732 0.7004877716127107 0.7002949527237576 0.6992992227804568 0.6997003391236962 0.6999884008754265 0.7000540530031709 0.6994936609246996 0.7005174790597468 0.6995723318727233 0.6999462705093846 0.6991050671539443 0.7008023042690009 0.700147749585327 0.7001209338599925 
0.07932239982188088 0.3659653196844655 0.7000358443005343 0.6997732316449837 0.6997031073935401 0.699393426983743 0.699335305759717 0.7003605664501913 0.7007639347355586 0.6989389478775857 0.6994810400534679 0.7004980626181297 0.7003941158541442 0.7007113576870309 0.6997129319555507 0.6999844080800812 0.7002141154164833 0.6995873412076387 0.7005306028739949 0.6999573779594421 0.6998711431417207 0.7009552087798815 0.7008279368517336 0.6996833026586123 0.7001447500007325 
0.437245572090631 0.2725178110557745 0.6997279885025187 0.6997669043002883 0.6998636619556701 0.6994791332270952 0.6993337775270078 0.7003039162797025 0.700777076759 0.6990023162314107 0.6994784248514424 0.7005134590349158 0.7003844879272488 0.6994581594611502 0.6957448312370251 0.6997842588723528 0.7000275685253345 0.6996740813382879 0.6986975709859655 0.6994279248775908 0.6998918953543911 0.7004301058968272 0.7008574098139971 0.6996470194005816 0.7004736084884031 
0.569417823553366 0.3163608276384231 0.6997298907762493 0.6997634142474173 0.699822128677858 0.6995595567842892 0.6993141324670958 0.7003264817676584 0.7008276387493496 0.6991526627745863 0.6996603474726422 0.7005365974492577 0.7005539830213016 0.7062960221095941 0.6997336274849888 0.7001337491502295 0.7000539520297583 0.6996598610736428 0.7005176975407077 0.700676644343043 0.6999462714547713 0.701102974106437 0.7008697916877216 0.7001908599984398 0.700487901823121 
0.6839929019009203 0.9914836471662313 0.6997926699144779 0.6997676845186572 0.6999362447743098 0.6995767668653454 0.7012125033169777 0.7003054791976763 0.7011498190579948 0.6991694975354766 0.6996630410667035 0.7005216311424554 0.7005680821446151 0.7006892045036709 0.6997686907952749 0.700557998359339 0.7007246204211628 0.7011130647424261 0.7044366929156096 0.7002252493339488 0.6999458619325941 0.7011893173815427 0.7014564308417247 0.700196419212254 0.680943580796821 
0.20174190980358458 0.5862862207506372 0.6997805985233234 0.6997677733003308 0.6998317291090175 0.6995708592045036 0.6993088831725809 0.7003656106660627 0.7008214771124129 0.6991581748845679 0.6995507457765454 0.700705848972815 0.700295344885494 0.7005159324507877 0.6997248269449602 0.7001271087794183 0.7000532783643991 0.6996904774859287 0.7005252844583015 0.6995718413684131 0.6998866591737138 0.7009896752194777 0.7008929487309222 0.6997426859697242 0.7001200572512333 
0.7256251715710564 0.393177411590838 0.6997264058081015 0.6997676958459 0.6996976091681668 0.6995709518031096 0.7003024285752179 0.7003551426338466 0.7011944520072799 0.6990054136634563 0.6996721619810308 0.7006799525439883 0.7005741511657947 0.6995114951292968 0.6997866182111513 0.7001646217562935 0.6997901906534058 0.6995849576834333 0.7006710730921725 0.6999388804046142 0.6999630912002874 0.7009040192340412 0.7014564308417247 0.7002427327538714 0.7004469410239488 
0.143932757968813 0.38706139423083163 0.6997312295594048 0.6997663725535374 0.6998298148476878 0.6995716917769099 0.6994492825282074 0.7003177281029531 0.7008097050202295 0.6992217946445515 0.6996653317061774 0.6942122805465111 0.7005666117383104 0.7006190861222875 0.6996661568058468 0.7001276961043271 0.6997696849297903 0.6996057689872942 0.7006317477874812 0.7014267868369397 0.6999857895799162 0.7010930618394371 0.7008631729898146 0.6997826691555715 0.7004925429337829 
0.437245572090631 0.6732889311143604 0.7000638208019416 0.6997679655238381 0.6998636619556701 0.6995800815036505 0.7003691397583438 0.7003603372791598 0.7007826126655852 0.6990023162314107 0.6996988144412934 0.7005274223734562 0.7005716322865192 0.700703555532586 0.70026707799843 0.6997842588723528 0.7000275685253345 0.6998967882806142 0.7006078701033895 0.6999639853584414 0.6998918953543911 0.7004317042960208 0.7008645550221267 0.7001939400337599 0.7004736084884031 
0.6604133773486397 0.9744798695233383 0.7000283686601534 0.6997887857608837 0.6999478683832937 0.6995615169544516 0.6992921480097626 0.7003180926767458 0.7007662749861236 0.6989426173918081 0.6994777353482827 0.7004878278527771 0.700479201916288 0.7004705419256663 0.6998870363633547 0.7006613353596962 0.7000834984983387 0.6996681030068258 0.7005086282142149 0.7007506815870895 0.6998878136480084 0.7004598611538093 0.7008706510211541 0.7002985825363457 0.7001816965333978 
3.9442826965744336E-17 0.5325019014738884 0.6997342471680448 0.6997679655238381 0.6998656638082648 0.699570445268053 0.6993104200346403 0.7003195974427017 0.7007923138969733 0.6990023162314107 0.6995180085700595 0.7005274223734562 0.7009563749470026 0.699486997356521 0.7002674204090897 0.6997842588723528 0.6829324741052578 0.6991822401268168 0.700607726323962 0.6999639853584414 0.6998918953543911 0.7004267688647211 0.7008645550221267 0.7001819046397904 0.7004733535438548 
0.4203103302817891 0.999999999999501 0.6374670720377401 0.7030682082751505 0.6909128632598031 0.6995593802767037 0.6992755303683017 0.7002996952052936 0.7005283282093524 0.6992224381138585 0.6996668540247808 0.7005274651566024 0.7007720756670425 0.700467632600987 0.7002494509267927 0.700465858483007 0.7006640537477798 0.6995366197911222 0.7006048229245962 0.6999538812968323 0.6937965638680162 0.7011992958825483 0.7017764515371417 0.7002092292977199 0.7004678428456018 
0.02963631981123143 0.15411351667767687 0.6997195334541891 0.6997709632147847 0.6998886383539 0.6995351297924888 0.699351230035108 0.7003039132361559 0.7007564564746559 0.6990058394801634 0.6995541952921815 0.7004854250857317 0.7003772181823689 0.7007449540015429 0.6991168609562993 0.7002473484273445 0.7005203989541323 0.6996692828495615 0.7003493448360905 0.6995773106664096 0.6999334881642163 0.7011967754284607 0.7001472601009318 0.6996509880855918 0.7001785778390883 
0.6566560487646345 0.0 0.6998398661996065 0.6997756996878595 0.6999625671240011 0.6995910401415765 0.7004526884457972 0.7003196784116593 0.7008291177947292 0.6991677379660246 0.6995480725610577 0.7006609617331424 0.7293208150785232 0.7005446736483514 0.7000035824836917 0.7001684613508702 0.7000506910620653 0.6997028368066898 0.7006622784866088 0.6999903425474663 0.6999728835034177 0.7012280749601991 0.7010643323128297 0.6999882928579318 0.7005000344659025 
0.5313966124293908 0.30742938531551023 0.7000479254306605 0.6997389999377805 0.6999340048331454 0.6995856502853711 0.7003581458323909 0.7003482472799839 0.70077731254456 0.6992174980255791 0.6996619187763412 0.700477653082235 0.7004525655125747 0.7005073243390467 0.6998558934529436 0.7001303698426625 0.7000298549433609 0.6993742302056443 0.6962406514725311 0.7007584953239954 0.6999556119462832 0.7011683998972412 0.700336920749413 0.6996872823315714 0.695076499404019 
0.3465299251153304 0.6741661072892873 0.7000660763122022 0.6997677249551567 0.6998681077498804 0.6995666463329445 0.7025116794448747 0.7003688561404533 0.7008127506047346 0.6990113832964404 0.699535363367764 0.7004990981407383 0.7004674046833621 0.7006923102516592 0.6998641041802506 0.6997869699191395 0.7000295552221533 0.6996680018171021 0.7004230144697531 0.699957422516784 0.6998888177821058 0.7002763013232438 0.700864609179407 0.7001867283131993 0.7004706971267097 
0.06315683294966243 0.1663104718844719 0.6997194796429916 0.6997391357608876 0.6997029719876795 0.6995335062285396 0.6993448639741875 0.7001765587854468 0.7007602952716119 0.6989392067882979 0.6995544258340781 0.7004957564168763 0.7003814859432408 0.7005312423797743 0.6995649797471272 0.700231704015638 0.6998473027387316 0.6996731591977687 0.700453620572515 0.6995634054378385 0.6999333478074393 0.7004842091840626 0.7008562160696655 0.6996485726900745 0.7001916086399786 
0.10952239212798137 0.9897870153148379 0.6992973985623449 0.6997667433776302 0.6998270043215271 0.6995716893937715 0.7026302263690246 0.7003686492307962 0.7011408561240716 0.699159244071919 0.6997104227689416 0.7006774470881185 0.7005171647211125 0.7006706223719869 0.7003118919586748 0.7003279170751958 0.7006409840376866 0.6991597381494579 0.7006565342809303 0.6998751990717754 0.6975868146542251 0.7012097802002931 0.7011174677902601 0.7001958553168238 0.7008044832333384 
0.304649924955093 0.2922648412014266 0.6997250706338959 0.6997669110680643 0.699756188990879 0.6994738719823954 0.6993270549401326 0.7003046771816703 0.7007812723930192 0.6990006344292763 0.6995205133460102 0.7005134872974873 0.7003794310343096 0.6994790068517411 0.6996967590016279 0.699793082968495 0.700009557912177 0.6995795886746348 0.6988212555403037 0.6994504831392877 0.699866274381645 0.7004839085824448 0.7002405969643756 0.6997631513459357 0.7001975114302325 
0.12425829984402642 0.2922648412014266 0.6997250706338959 0.6997669110680643 0.6997108943957983 0.697435594321054 0.6993156850336928 0.7003046771816703 0.7007771892888222 0.6990006344292763 0.6994774795782083 0.7005117335739982 0.7003811162200381 0.6994790068517411 0.6958724475045677 0.699793082968495 0.699961187947714 0.6996731913317705 0.6988212555403037 0.6994423471598716 0.6998672317127838 0.7004733137689159 0.7008572140290416 0.6996929902492689 0.6978361115747094 
0.111980805288183 0.04308609204984004 0.6996696865715586 0.699770045967044 0.6997641047204376 0.6995610927885199 0.7003349923269474 0.7003036782400278 0.7005793144160342 0.6989808450649225 0.6994455531791989 0.7004848408254727 0.7004500139597244 0.7002719192223201 0.6996769395855436 0.7004659226485304 0.7000961549786775 0.6996390635476752 0.7003908464362549 0.6994211546107804 0.6999454333822398 0.7004298886208924 0.7008960577897339 0.7001978159011315 0.7001258958683916 
0.6362390904818793 0.12021319954902504 0.7000493579837566 0.6997883653892448 0.6999441494932149 0.6995702894177376 0.6994945959609521 0.700318280633377 0.7011313744852646 0.6989813146310281 0.6995383709527674 0.7004839272853577 0.7004539328471129 0.700742100387913 0.6956162744751383 0.7005477218761836 0.7001188749247945 0.7010731697119553 0.699990057283187 0.6999966178456078 0.699883297570536 0.7004732332025282 0.7011324463269984 0.7002468912864208 0.700390501375157 
0.12254996072253882 0.1378342718302652 0.6997320380873712 0.6997664556311184 0.6997696014264673 0.699567985956311 0.6995322896159435 0.700298778037675 0.7007781690035844 0.6989390349578768 0.6994800634924361 0.7004813229491588 0.7005835323467672 0.6994693023487863 0.6981014419871893 0.6989075911730972 0.700054488001938 0.6996025857660355 0.6980551656493684 0.6995386676867315 0.6998888449655395 0.7011206380613014 0.7003245548458408 0.7002290824203569 0.7002044901217521 
0.2897362489037727 0.2955691255966031 0.6997224855307715 0.6997677411696902 0.6999343623005486 0.6995703320881108 0.7025116794448747 0.7003688561404533 0.7010959383028883 0.6989998350536489 0.6996635934376785 0.700513550629425 0.7003833178151342 0.6994876161843941 0.6998641041802506 0.6997842770874666 0.7000092737499962 0.6996680803894768 0.6988532251356052 0.6995715202789781 0.6998883797743652 0.7004628494966741 0.7008708688168115 0.7004882448255002 0.7004705899722774 
0.6094417749204037 0.8510276431960013 0.699731263574784 0.6997674740689773 0.6999289355919606 0.6995609264241325 0.7003144697278955 0.7003222329332263 0.700834588551173 0.6991717290162867 0.6996071820169513 0.7005491294144904 0.7007814705981908 0.7006273088108328 0.7003092184097026 0.6994529088568905 0.6998439266849342 0.6999164890204884 0.7006269815525328 0.6994474879164659 0.6999531501732514 0.7011291550097944 0.7008788422027951 0.7002048790653975 0.7006340502972604 
0.6362390904818793 0.14284444608292904 0.7000493579837566 0.6997883653892448 0.6999441494932149 0.6993900676361964 0.6994945959609521 0.7003179760511047 0.700759045703387 0.6989813146310281 0.699480240705547 0.7004839272853577 0.7004539328471129 0.700742100387913 0.695579104553683 0.6999846584415145 0.7001222170032666 0.6995894799818329 0.699990057283187 0.6999576194814903 0.699883297570536 0.7004713631385648 0.7011324463269984 0.7002468912864208 0.700390501375157 
0.6565936812933888 0.10853095121247407 0.699839884947248 0.6997751182075229 0.6999633780298603 0.6995605968431681 0.6993034393659645 0.7003264334832227 0.7008292660234073 0.6991608759367115 0.6996040970577688 0.7005476933004078 0.7005662908269635 0.7001644292093433 0.700047017388946 0.7001306610154929 0.7000657698317401 0.6998807086733863 0.7005079376871778 0.7001980346856639 0.6999530954675365 0.7012253085360788 0.7008697916877216 0.7001953285021691 0.7004895005366147 
0.9218426062703973 5.224289656592237E-16 0.6997646489550873 0.6997686378931837 0.6998022385821399 0.699604196170842 0.7004447310979071 0.7003192931383496 0.7012225067556975 0.6996626540104225 0.6996568811273052 0.7006817842537356 0.6851105807711636 0.7006205421405248 0.6998858948125837 0.7005192626896617 0.700539171554931 0.6862119070878183 0.7006341781290207 0.7000524289687948 0.6998876685489781 0.6988419811440726 0.7011289728520945 0.7001376791452607 0.6992729732055931 
0.5411558316954992 0.30742938531551023 0.7000541332615776 0.6997389999377805 0.6999340048331454 0.6995856502853711 0.7003581458323909 0.7003482472799839 0.7008294316217897 0.6992150716622512 0.6996620933193155 0.700477653082235 0.7004526058658983 0.7005112086166159 0.6998609241982983 0.7001327202872144 0.7005037776849082 0.6996158658716879 0.6962406514725311 0.7007176356991651 0.699955901824557 0.7011683998972412 0.700336920749413 0.6996872823315714 0.695076499404019 
0.3551901404209332 0.6773522425639553 0.6997091204431474 0.6997728690553663 0.6999743108431644 0.6995669274849231 0.6995125884998304 0.7003531026466802 0.700822777624145 0.6991680321994141 0.6995422254912392 0.7004982439227706 0.7004674541209096 0.7006896700689901 0.6997156138688232 0.7001277649246368 0.700074494699944 0.7000109788477697 0.7006286294390277 0.6999586129735477 0.6999424053537605 0.7009780996569734 0.7012114285826043 0.7001888103511062 0.7003624575824364 
0.41567711108956823 0.014146485942573062 0.6984750715535626 0.6997990078447461 0.6909128632598031 0.6995593802767037 0.6992956522725023 0.7002996952052936 0.7005283282093524 0.6992212405127419 0.6996668540247808 0.7005274651566024 0.7007720756670425 0.7004672308351099 0.7002494509267927 0.7005816496288979 0.7000287146256926 0.6995366197911222 0.7006037306170791 0.6999538812968323 0.6938072742068819 0.7011989717150523 0.7033696628592271 0.7002092292977199 0.7004674470224556 
0.599996993127829 0.33565945202546543 0.7000253318113747 0.6997683998361993 0.6998522476699804 0.6995658704158803 0.6994142738059546 0.7003538153177111 0.7007813180272268 0.699210828564063 0.6996575946757249 0.700545178233759 0.7007788774075512 0.700601637155451 0.6998909633789846 0.7001600540479338 0.7001067115412974 0.7010820842272028 0.7003944005047303 0.6998909664120523 0.6999454673313064 0.7012210947778097 0.7005524663921116 0.7001978901952249 0.7001203999875659 
0.34674642605303085 0.7492918027585901 0.7000660763122022 0.6997677411696902 0.6999350340812034 0.6995668680285395 0.7025116794448747 0.7003688561404533 0.7008127506047346 0.6991761783173283 0.699535363367764 0.7004993244146624 0.7004674046833621 0.7006923102516592 0.6998641041802506 0.6997869699191395 0.7000754432840643 0.6996680018171021 0.7004322868721269 0.699957422516784 0.6998886805384162 0.7131980927179619 0.7008708688168115 0.7001867283131993 0.7004705899722774 
0.14382050309301606 0.8024092398496085 0.6997315248515611 0.6997709632147847 0.6998315193099541 0.6995681840694703 0.7003384120890208 0.7003187903131493 0.7008377476180075 0.6992377674359891 0.6995452792142215 0.7004848765327378 0.7007586361215555 0.7006575327902078 0.6998781085237268 0.700167181044558 0.7005203989541323 0.6996990418516594 0.7003286441093313 0.7015089027071272 0.6999851344036309 0.7011003753859006 0.7008606313193886 0.7001856507311393 0.7006095217415007 
0.8997757349141371 0.7459875175836059 0.7000686614153264 0.6997669110680643 0.6997533630155601 0.6994738719823954 0.6993156850336928 0.7003046771816703 0.700781259936719 0.6991769776929556 0.6995548955621936 0.7006825425898872 0.7004768998850235 0.7006837009190061 0.6996967590016279 0.6997930647533813 0.7000917830388776 0.6996731127593958 0.7004003172768254 0.6999818967134952 0.6998672317127838 0.7004839085824448 0.7008572140290416 0.6997633131089128 0.7001975114302325 
0.4559055338221762 0.6792472028925305 0.6998796879196986 0.6996066672674959 0.6997037469702444 0.6995596365074096 0.6993831311047335 0.700360620754684 0.7007776746552271 0.6989391534270887 0.6995065843925873 0.7004939552649775 0.7004682512930679 0.7006836499724046 0.6997007841324457 0.6999356628588769 0.7002141154164833 0.6995797889620832 0.7006016400786312 0.6999573779594421 0.6998687255453236 0.7004966247818688 0.7008580596191338 0.6997745573517972 0.7001431576265508 
0.6681732427177073 0.1378342718302652 0.6997320380873712 0.6997664556311184 0.6997696014264673 0.699567985956311 0.6995322896159435 0.7003260078476692 0.7008305153957138 0.6991619071596233 0.6994800634924361 0.7005504382634956 0.7005835323467672 0.7001534714604307 0.6981014419871893 0.6989075911730972 0.7000663435333494 0.6996025857660355 0.6980551656493684 0.6995386676867315 0.6999520753529693 0.6949310453430255 0.7003245548458408 0.7002290824203569 0.7002044901217521 
0.561369312940399 0.8510276431960013 0.699731263574784 0.6997745425189745 0.6999289355919606 0.6995609264241325 0.7003323403651134 0.7003267119203539 0.7008346608636606 0.6991717290162867 0.6996072375940706 0.700549145498034 0.7007814705981908 0.7006046787179909 0.7003092184097026 0.700099208266184 0.6998439266849342 0.6999167994242154 0.7006269815525328 0.7001677248136045 0.6999531501732514 0.7012315726148033 0.7008788422027951 0.7002048790653975 0.7006340502972604 
0.29248201460991025 0.28853543038756513 0.7014716025883552 0.6997677411696902 0.6999343623005486 0.6995702722804601 0.7024143845652491 0.7003688561404533 0.7010959383028883 0.6990015419618412 0.6996635934376785 0.7005133859848531 0.7003833178151342 0.7004937915250646 0.6998641041802506 0.6997842770874666 0.700015676986303 0.6996657709836397 0.6988532251356052 0.6995715202789781 0.6998883797743652 0.7004628494966741 0.7008708688168115 0.7004882448255002 0.7004663770332923 
