-19103.0 -18726.0 
-18543.0 -19304.0 
-19103.0 -18726.0 
-18543.0 -19304.0 
-19083.0 -18802.0 
-18578.0 -19294.0 
-18604.0 -19289.0 
-19024.0 -18959.0 
-19062.0 -18839.0 
-19029.0 -18859.0 
-18954.0 -19016.0 
-19025.0 -18918.0 
-18966.0 -18980.0 
-18656.0 -19245.0 
-19083.0 -18802.0 
-18750.0 -19205.0 
-18642.0 -19269.0 
-18975.0 -18978.0 
-18927.0 -19042.0 
-19025.0 -18918.0 
-18996.0 -18962.0 
-18908.0 -19057.0 
-18927.0 -19042.0 
-18720.0 -19207.0 
-18707.0 -19238.0 
-18908.0 -19057.0 
-19062.0 -18839.0 
-18954.0 -19016.0 
-18689.0 -19242.0 
-18634.0 -19276.0 
-18807.0 -19153.0 
-18756.0 -19180.0 
-19034.0 -18856.0 
-18763.0 -19179.0 
-18841.0 -19111.0 
-18830.0 -19133.0 
-18885.0 -19081.0 
-18885.0 -19081.0 
-18996.0 -18962.0 
-18830.0 -19133.0 
-18718.0 -19217.0 
-18806.0 -19164.0 
-19034.0 -18856.0 
-18833.0 -19130.0 
-18689.0 -19242.0 
-18718.0 -19217.0 
-18634.0 -19276.0 
-18841.0 -19111.0 
-18807.0 -19153.0 
-18777.0 -19171.0 
-18656.0 -19245.0 
-18777.0 -19171.0 
-18852.0 -19098.0 
-18707.0 -19238.0 
-18867.0 -19092.0 
-18869.0 -19088.0 
-18852.0 -19098.0 
-18856.0 -19095.0 
-18874.0 -19084.0 
-18795.0 -19167.0 
-18788.0 -19168.0 
-18884.0 -19082.0 
-18833.0 -19130.0 
-18788.0 -19168.0 
-18795.0 -19167.0 
-18750.0 -19205.0 
-18756.0 -19180.0 
-18874.0 -19084.0 
-18856.0 -19095.0 
-19029.0 -18859.0 
-18867.0 -19092.0 
-18720.0 -19207.0 
-18806.0 -19164.0 
-18884.0 -19082.0 
-18954.0 -19016.0 
-18996.0 -18962.0 
-18830.0 -19133.0 
-18689.0 -19242.0 
-18634.0 -19276.0 
-18807.0 -19153.0 
-18777.0 -19171.0 
-18833.0 -19130.0 
-18788.0 -19168.0 
-18750.0 -19205.0 
-18874.0 -19084.0 
-18867.0 -19092.0 
-18720.0 -19207.0 
-18884.0 -19082.0 
-18874.0 -19084.0 
-18788.0 -19168.0 
-18777.0 -19171.0 
-18833.0 -19130.0 
-18788.0 -19168.0 
-18777.0 -19171.0 
-18777.0 -19171.0 
-18777.0 -19171.0 
-18788.0 -19168.0 
-18777.0 -19171.0 
-18750.0 -19205.0 
-18788.0 -19168.0 
