-18378.0 -19356.0 
-18378.0 -19356.0 
-19138.0 -18497.0 
-19082.0 -18555.0 
-19074.0 -18687.0 
-18827.0 -19041.0 
-19052.0 -18749.0 
-18885.0 -18973.0 
-18861.0 -19009.0 
-19064.0 -18693.0 
-19082.0 -18555.0 
-18934.0 -18894.0 
-18422.0 -19320.0 
-18964.0 -18838.0 
-18873.0 -18975.0 
-18672.0 -19193.0 
-18989.0 -18834.0 
-18955.0 -18874.0 
-19011.0 -18761.0 
-18905.0 -18932.0 
-18494.0 -19298.0 
-18916.0 -18896.0 
-18905.0 -18932.0 
-18711.0 -19124.0 
-18744.0 -19122.0 
-18697.0 -19165.0 
-18861.0 -19009.0 
-18997.0 -18774.0 
-18603.0 -19227.0 
-18672.0 -19193.0 
-18700.0 -19140.0 
-18572.0 -19238.0 
-18452.0 -19313.0 
-18641.0 -19206.0 
-18763.0 -19070.0 
-18641.0 -19206.0 
-18797.0 -19062.0 
-18530.0 -19271.0 
-18996.0 -18801.0 
-18996.0 -18801.0 
-18397.0 -19348.0 
-18550.0 -19270.0 
-18751.0 -19088.0 
-18697.0 -19165.0 
-18471.0 -19300.0 
-18955.0 -18874.0 
-18797.0 -19062.0 
-19011.0 -18761.0 
-18611.0 -19218.0 
-18620.0 -19207.0 
-19052.0 -18749.0 
-18512.0 -19289.0 
-18407.0 -19328.0 
-18751.0 -19088.0 
-18566.0 -19258.0 
-18587.0 -19233.0 
-18779.0 -19069.0 
-18587.0 -19233.0 
-18452.0 -19313.0 
-18745.0 -19106.0 
-18519.0 -19284.0 
-19064.0 -18693.0 
-18700.0 -19140.0 
-18745.0 -19106.0 
-18466.0 -19310.0 
-18519.0 -19284.0 
-18612.0 -19210.0 
-18512.0 -19289.0 
-18562.0 -19261.0 
-18403.0 -19336.0 
-19074.0 -18687.0 
-18397.0 -19348.0 
-18403.0 -19336.0 
-18550.0 -19270.0 
-18763.0 -19070.0 
-18916.0 -18896.0 
-18711.0 -19124.0 
-18964.0 -18838.0 
-18997.0 -18774.0 
-18789.0 -19064.0 
-18562.0 -19261.0 
-18530.0 -19271.0 
-18789.0 -19064.0 
-18407.0 -19328.0 
-18467.0 -19308.0 
-18779.0 -19069.0 
-18989.0 -18834.0 
-18572.0 -19238.0 
-18620.0 -19207.0 
-18566.0 -19258.0 
-18470.0 -19302.0 
-18470.0 -19302.0 
-18466.0 -19310.0 
-18612.0 -19210.0 
-18744.0 -19122.0 
-18397.0 -19348.0 
-18763.0 -19070.0 
-18997.0 -18774.0 
-18562.0 -19261.0 
-18566.0 -19258.0 
