-19047.0 -18850.0 
-18391.0 -19437.0 
-18391.0 -19437.0 
-19047.0 -18850.0 
-18524.0 -19420.0 
-18905.0 -19088.0 
-18924.0 -19067.0 
-18607.0 -19358.0 
-18444.0 -19422.0 
-19006.0 -18870.0 
-18978.0 -18966.0 
-18540.0 -19381.0 
-18664.0 -19318.0 
-18623.0 -19326.0 
-18710.0 -19289.0 
-18666.0 -19291.0 
-19000.0 -18916.0 
-18880.0 -19131.0 
-18584.0 -19379.0 
-18946.0 -18999.0 
-19000.0 -18916.0 
-18978.0 -18966.0 
-18936.0 -19027.0 
-18429.0 -19435.0 
-18880.0 -19131.0 
-18857.0 -19155.0 
-18946.0 -18999.0 
-18936.0 -19027.0 
-18714.0 -19260.0 
-18723.0 -19250.0 
-18815.0 -19165.0 
-19006.0 -18870.0 
-18857.0 -19155.0 
-18777.0 -19208.0 
-18794.0 -19196.0 
-18836.0 -19158.0 
-18584.0 -19379.0 
-18623.0 -19326.0 
-18835.0 -19162.0 
-18776.0 -19216.0 
-18740.0 -19249.0 
-18761.0 -19224.0 
-18540.0 -19381.0 
-18810.0 -19175.0 
-18794.0 -19196.0 
-18429.0 -19435.0 
-18444.0 -19422.0 
-18755.0 -19227.0 
-18714.0 -19260.0 
-18761.0 -19224.0 
-18777.0 -19208.0 
-18752.0 -19237.0 
-18803.0 -19179.0 
-18752.0 -19237.0 
-18798.0 -19188.0 
-18749.0 -19245.0 
-18776.0 -19216.0 
-18810.0 -19175.0 
-18798.0 -19188.0 
-18815.0 -19165.0 
-18740.0 -19249.0 
-18747.0 -19246.0 
-18800.0 -19184.0 
-18800.0 -19184.0 
-18803.0 -19179.0 
-18755.0 -19227.0 
-18710.0 -19289.0 
-18747.0 -19246.0 
-18835.0 -19162.0 
-18836.0 -19158.0 
-18666.0 -19291.0 
-18749.0 -19245.0 
-19000.0 -18916.0 
-18936.0 -19027.0 
-18857.0 -19155.0 
-18584.0 -19379.0 
-18623.0 -19326.0 
-18540.0 -19381.0 
-18777.0 -19208.0 
-18752.0 -19237.0 
-18776.0 -19216.0 
-18810.0 -19175.0 
-18798.0 -19188.0 
-18815.0 -19165.0 
-18755.0 -19227.0 
-18710.0 -19289.0 
-18835.0 -19162.0 
-18836.0 -19158.0 
-18749.0 -19245.0 
-18836.0 -19158.0 
-18857.0 -19155.0 
-19000.0 -18916.0 
-18835.0 -19162.0 
-18710.0 -19289.0 
-18936.0 -19027.0 
-18776.0 -19216.0 
-18815.0 -19165.0 
-18584.0 -19379.0 
-18623.0 -19326.0 
-18777.0 -19208.0 
