-20398.0 -22028.0 
-21475.0 -21015.0 
-20398.0 -22028.0 
-21475.0 -21015.0 
-20544.0 -21977.0 
-20456.0 -21985.0 
-20797.0 -21848.0 
-21137.0 -21538.0 
-20422.0 -22008.0 
-20740.0 -21851.0 
-21414.0 -21127.0 
-21124.0 -21557.0 
-21180.0 -21482.0 
-21282.0 -21300.0 
-20718.0 -21889.0 
-21253.0 -21377.0 
-21305.0 -21290.0 
-21443.0 -21067.0 
-21426.0 -21084.0 
-21054.0 -21617.0 
-21148.0 -21501.0 
-21352.0 -21188.0 
-21212.0 -21431.0 
-20632.0 -21915.0 
-21181.0 -21456.0 
-20565.0 -21930.0 
-21348.0 -21218.0 
-21150.0 -21493.0 
-20963.0 -21689.0 
-20834.0 -21797.0 
-21361.0 -21175.0 
-21280.0 -21332.0 
-20827.0 -21815.0 
-21454.0 -21027.0 
-21386.0 -21154.0 
-21099.0 -21570.0 
-20898.0 -21754.0 
-21057.0 -21598.0 
-21074.0 -21575.0 
-20991.0 -21684.0 
-20653.0 -21903.0 
-20952.0 -21696.0 
-21312.0 -21268.0 
-20948.0 -21716.0 
-20590.0 -21929.0 
-20684.0 -21895.0 
-20827.0 -21815.0 
-21073.0 -21593.0 
-20932.0 -21718.0 
-21414.0 -21127.0 
-20561.0 -21952.0 
-21263.0 -21355.0 
-21384.0 -21170.0 
-20590.0 -21929.0 
-20882.0 -21768.0 
-21347.0 -21233.0 
-21325.0 -21249.0 
-21007.0 -21672.0 
-20684.0 -21895.0 
-20439.0 -21989.0 
-21034.0 -21634.0 
-20882.0 -21768.0 
-20632.0 -21915.0 
-20857.0 -21795.0 
-20924.0 -21732.0 
-20738.0 -21870.0 
-21025.0 -21650.0 
-21263.0 -21355.0 
-21460.0 -21016.0 
-21321.0 -21264.0 
-20797.0 -21848.0 
-21233.0 -21387.0 
-21025.0 -21650.0 
-21437.0 -21070.0 
-21386.0 -21154.0 
-20561.0 -21952.0 
-21096.0 -21573.0 
-20653.0 -21903.0 
-21195.0 -21445.0 
-20993.0 -21676.0 
-21195.0 -21445.0 
-20861.0 -21789.0 
-21034.0 -21634.0 
-20728.0 -21873.0 
-21280.0 -21332.0 
-20911.0 -21753.0 
-20861.0 -21789.0 
-21218.0 -21415.0 
-20456.0 -21985.0 
-20544.0 -21977.0 
-20921.0 -21741.0 
-21227.0 -21399.0 
-21218.0 -21415.0 
-20918.0 -21748.0 
-21454.0 -21027.0 
-21007.0 -21672.0 
-21227.0 -21399.0 
-20439.0 -21989.0 
-21325.0 -21249.0 
-21347.0 -21233.0 
