-18919.0 -18767.0 
-18244.0 -19409.0 
-18919.0 -18767.0 
-18244.0 -19409.0 
-18915.0 -18882.0 
-18428.0 -19373.0 
-18323.0 -19374.0 
-18514.0 -19293.0 
-18441.0 -19349.0 
-18548.0 -19275.0 
-18486.0 -19326.0 
-18293.0 -19402.0 
-18850.0 -18955.0 
-18882.0 -18938.0 
-18781.0 -19069.0 
-18486.0 -19326.0 
-18565.0 -19262.0 
-18888.0 -18918.0 
-18745.0 -19105.0 
-18707.0 -19137.0 
-18798.0 -19032.0 
-18888.0 -18918.0 
-18745.0 -19105.0 
-18781.0 -19069.0 
-18824.0 -19003.0 
-18915.0 -18882.0 
-18734.0 -19126.0 
-18719.0 -19133.0 
-18844.0 -18975.0 
-18624.0 -19200.0 
-18300.0 -19396.0 
-18793.0 -19052.0 
-18669.0 -19181.0 
-18591.0 -19227.0 
-18430.0 -19354.0 
-18315.0 -19389.0 
-18828.0 -18989.0 
-18693.0 -19152.0 
-18584.0 -19243.0 
-18572.0 -19250.0 
-18882.0 -18938.0 
-18850.0 -18955.0 
-18786.0 -19053.0 
-18655.0 -19186.0 
-18655.0 -19186.0 
-18611.0 -19217.0 
-18817.0 -19019.0 
-18844.0 -18975.0 
-18811.0 -19026.0 
-18606.0 -19222.0 
-18674.0 -19164.0 
-18637.0 -19195.0 
-18828.0 -18989.0 
-18611.0 -19217.0 
-18739.0 -19115.0 
-18676.0 -19155.0 
-18637.0 -19195.0 
-18679.0 -19153.0 
-18739.0 -19115.0 
-18315.0 -19389.0 
-18693.0 -19152.0 
-18674.0 -19164.0 
-18293.0 -19402.0 
-18584.0 -19243.0 
-18817.0 -19019.0 
-18572.0 -19250.0 
-18811.0 -19026.0 
-18591.0 -19227.0 
-18669.0 -19181.0 
-18606.0 -19222.0 
-18630.0 -19196.0 
-18323.0 -19374.0 
-18629.0 -19199.0 
-18430.0 -19354.0 
-18786.0 -19053.0 
-18679.0 -19153.0 
-18629.0 -19199.0 
-18630.0 -19196.0 
-18244.0 -19409.0 
-18745.0 -19105.0 
-18828.0 -18989.0 
-18611.0 -19217.0 
-18637.0 -19195.0 
-18315.0 -19389.0 
-18693.0 -19152.0 
-18674.0 -19164.0 
-18584.0 -19243.0 
-18811.0 -19026.0 
-18669.0 -19181.0 
-18323.0 -19374.0 
-18679.0 -19153.0 
-18315.0 -19389.0 
-18828.0 -18989.0 
-18244.0 -19409.0 
-18637.0 -19195.0 
-18323.0 -19374.0 
-18637.0 -19195.0 
-18637.0 -19195.0 
-18637.0 -19195.0 
-18315.0 -19389.0 
