-18356.0 -19208.0 
-19051.0 -18485.0 
-18515.0 -19194.0 
-18969.0 -18863.0 
-19050.0 -18622.0 
-19026.0 -18710.0 
-18801.0 -19052.0 
-18703.0 -19145.0 
-18660.0 -19164.0 
-18997.0 -18789.0 
-19018.0 -18720.0 
-18806.0 -19003.0 
-19047.0 -18641.0 
-18766.0 -19066.0 
-18921.0 -18893.0 
-18723.0 -19117.0 
-18984.0 -18814.0 
-18515.0 -19194.0 
-18766.0 -19066.0 
-18839.0 -18992.0 
-19047.0 -18641.0 
-18706.0 -19122.0 
-18589.0 -19175.0 
-18724.0 -19087.0 
-18913.0 -18912.0 
-18855.0 -18985.0 
-18986.0 -18793.0 
-18881.0 -18941.0 
-18554.0 -19182.0 
-18984.0 -18814.0 
-18864.0 -18963.0 
-18732.0 -19086.0 
-18549.0 -19183.0 
-18589.0 -19175.0 
-18830.0 -19002.0 
-18616.0 -19171.0 
-18616.0 -19171.0 
-18645.0 -19166.0 
-19018.0 -18720.0 
-18921.0 -18893.0 
-18732.0 -19086.0 
-18920.0 -18897.0 
-18878.0 -18953.0 
-18997.0 -18789.0 
-18890.0 -18921.0 
-18885.0 -18922.0 
-18645.0 -19166.0 
-19050.0 -18622.0 
-18864.0 -18963.0 
-18855.0 -18985.0 
-18913.0 -18912.0 
-18549.0 -19183.0 
-18890.0 -18921.0 
-18878.0 -18953.0 
-18554.0 -19182.0 
-18830.0 -19002.0 
-18706.0 -19122.0 
-18806.0 -19003.0 
-18885.0 -18922.0 
-18766.0 -19066.0 
-19047.0 -18641.0 
-18616.0 -19171.0 
-18921.0 -18893.0 
-18732.0 -19086.0 
-18997.0 -18789.0 
-18864.0 -18963.0 
-18890.0 -18921.0 
-18878.0 -18953.0 
-18830.0 -19002.0 
-18706.0 -19122.0 
-18806.0 -19003.0 
-18766.0 -19066.0 
-18732.0 -19086.0 
-18732.0 -19086.0 
-19047.0 -18641.0 
-18878.0 -18953.0 
-18830.0 -19002.0 
-18890.0 -18921.0 
-19047.0 -18641.0 
-19047.0 -18641.0 
-18890.0 -18921.0 
-18732.0 -19086.0 
-18864.0 -18963.0 
-19047.0 -18641.0 
-18732.0 -19086.0 
-19047.0 -18641.0 
-19047.0 -18641.0 
-19047.0 -18641.0 
-18830.0 -19002.0 
-19047.0 -18641.0 
-19047.0 -18641.0 
-18830.0 -19002.0 
-18864.0 -18963.0 
-19047.0 -18641.0 
-19047.0 -18641.0 
-18732.0 -19086.0 
-19047.0 -18641.0 
-18766.0 -19066.0 
-19047.0 -18641.0 
-19047.0 -18641.0 
