-19042.0 -18644.0 
-18062.0 -19369.0 
-18062.0 -19369.0 
-19042.0 -18644.0 
-18200.0 -19343.0 
-18374.0 -19320.0 
-18095.0 -19353.0 
-18970.0 -18847.0 
-18820.0 -19026.0 
-18823.0 -18997.0 
-18708.0 -19136.0 
-19029.0 -18689.0 
-18438.0 -19280.0 
-18971.0 -18790.0 
-18398.0 -19291.0 
-18456.0 -19248.0 
-18879.0 -18927.0 
-18980.0 -18781.0 
-18992.0 -18756.0 
-18917.0 -18853.0 
-18846.0 -18947.0 
-18440.0 -19258.0 
-18831.0 -18963.0 
-18487.0 -19235.0 
-19000.0 -18716.0 
-18374.0 -19320.0 
-18898.0 -18888.0 
-19002.0 -18699.0 
-18777.0 -19035.0 
-18612.0 -19173.0 
-18735.0 -19084.0 
-18582.0 -19181.0 
-18748.0 -19060.0 
-18992.0 -18756.0 
-18674.0 -19148.0 
-18726.0 -19111.0 
-18674.0 -19148.0 
-18398.0 -19291.0 
-18763.0 -19054.0 
-18503.0 -19214.0 
-18561.0 -19190.0 
-18509.0 -19198.0 
-18650.0 -19153.0 
-18911.0 -18862.0 
-18503.0 -19214.0 
-18722.0 -19114.0 
-18487.0 -19235.0 
-18859.0 -18937.0 
-18741.0 -19080.0 
-18879.0 -18927.0 
-18768.0 -19037.0 
-18582.0 -19181.0 
-19000.0 -18716.0 
-18899.0 -18884.0 
-18629.0 -19162.0 
-18831.0 -18963.0 
-18612.0 -19173.0 
-18536.0 -19194.0 
-19029.0 -18689.0 
-18859.0 -18937.0 
-18561.0 -19190.0 
-18644.0 -19161.0 
-18898.0 -18888.0 
-18777.0 -19035.0 
-18536.0 -19194.0 
-18629.0 -19162.0 
-18722.0 -19114.0 
-18899.0 -18884.0 
-18523.0 -19196.0 
-18916.0 -18861.0 
-18523.0 -19196.0 
-19002.0 -18699.0 
-18748.0 -19060.0 
-18735.0 -19084.0 
-18911.0 -18862.0 
-18971.0 -18790.0 
-18763.0 -19054.0 
-18726.0 -19111.0 
-18650.0 -19153.0 
-18741.0 -19080.0 
-18970.0 -18847.0 
-18917.0 -18853.0 
-18509.0 -19198.0 
-18768.0 -19037.0 
-18644.0 -19161.0 
-18916.0 -18861.0 
-19042.0 -18644.0 
-18503.0 -19214.0 
-18859.0 -18937.0 
-18561.0 -19190.0 
-18748.0 -19060.0 
-18726.0 -19111.0 
-18970.0 -18847.0 
-18561.0 -19190.0 
-18503.0 -19214.0 
-19042.0 -18644.0 
-18859.0 -18937.0 
-19042.0 -18644.0 
-18503.0 -19214.0 
-18503.0 -19214.0 
