-18611.0 -19262.0 
-19002.0 -18807.0 
-18611.0 -19262.0 
-18673.0 -19211.0 
-18987.0 -18916.0 
-18737.0 -19205.0 
-18749.0 -19176.0 
-18657.0 -19253.0 
-18998.0 -18836.0 
-18957.0 -18979.0 
-18797.0 -19174.0 
-18966.0 -18941.0 
-18928.0 -19010.0 
-18842.0 -19104.0 
-18810.0 -19134.0 
-18928.0 -19010.0 
-18862.0 -19094.0 
-18870.0 -19088.0 
-18809.0 -19167.0 
-18903.0 -19029.0 
-18998.0 -18836.0 
-18957.0 -18979.0 
-18874.0 -19060.0 
-18903.0 -19029.0 
-18885.0 -19042.0 
-18987.0 -18916.0 
-18829.0 -19112.0 
-18966.0 -18941.0 
-18829.0 -19112.0 
-18657.0 -19253.0 
-18885.0 -19042.0 
-18673.0 -19211.0 
-18810.0 -19134.0 
-18874.0 -19060.0 
-18737.0 -19205.0 
-18797.0 -19174.0 
-18809.0 -19167.0 
-18928.0 -19010.0 
-18957.0 -18979.0 
-18829.0 -19112.0 
-18657.0 -19253.0 
-18885.0 -19042.0 
-18797.0 -19174.0 
-18809.0 -19167.0 
-18885.0 -19042.0 
-18809.0 -19167.0 
-18885.0 -19042.0 
-18885.0 -19042.0 
-18829.0 -19112.0 
-18928.0 -19010.0 
-18885.0 -19042.0 
-18885.0 -19042.0 
-18885.0 -19042.0 
-18885.0 -19042.0 
-18928.0 -19010.0 
-18885.0 -19042.0 
-18885.0 -19042.0 
-18885.0 -19042.0 
-18885.0 -19042.0 
-18885.0 -19042.0 
-18885.0 -19042.0 
-18885.0 -19042.0 
-18885.0 -19042.0 
-18885.0 -19042.0 
-18885.0 -19042.0 
-18885.0 -19042.0 
-18885.0 -19042.0 
-18885.0 -19042.0 
-18885.0 -19042.0 
-18885.0 -19042.0 
-18829.0 -19112.0 
-18885.0 -19042.0 
-18885.0 -19042.0 
-18885.0 -19042.0 
-18885.0 -19042.0 
-18829.0 -19112.0 
-18885.0 -19042.0 
-18885.0 -19042.0 
-18885.0 -19042.0 
-18885.0 -19042.0 
-18885.0 -19042.0 
-18928.0 -19010.0 
-18885.0 -19042.0 
-18885.0 -19042.0 
-18885.0 -19042.0 
-18885.0 -19042.0 
-18885.0 -19042.0 
-18885.0 -19042.0 
-18885.0 -19042.0 
-18885.0 -19042.0 
-18957.0 -18979.0 
-18885.0 -19042.0 
-18885.0 -19042.0 
-18885.0 -19042.0 
-18885.0 -19042.0 
-18885.0 -19042.0 
-18885.0 -19042.0 
-18885.0 -19042.0 
-18885.0 -19042.0 
-18885.0 -19042.0 
