-18559.0 -19260.0 
-19295.0 -18330.0 
-18559.0 -19260.0 
-19295.0 -18330.0 
-19261.0 -18511.0 
-18641.0 -19259.0 
-18704.0 -19243.0 
-19157.0 -18703.0 
-19009.0 -18926.0 
-19186.0 -18673.0 
-18950.0 -18998.0 
-19278.0 -18435.0 
-18815.0 -19104.0 
-19069.0 -18833.0 
-18865.0 -19085.0 
-18737.0 -19185.0 
-18641.0 -19259.0 
-18706.0 -19203.0 
-18874.0 -19067.0 
-18884.0 -19030.0 
-18967.0 -18932.0 
-18914.0 -19028.0 
-18784.0 -19155.0 
-19187.0 -18615.0 
-18918.0 -19001.0 
-19290.0 -18400.0 
-19032.0 -18850.0 
-19278.0 -18435.0 
-18748.0 -19175.0 
-19072.0 -18797.0 
-18953.0 -18947.0 
-19135.0 -18707.0 
-19197.0 -18610.0 
-18802.0 -19129.0 
-19212.0 -18597.0 
-19225.0 -18569.0 
-19015.0 -18881.0 
-19294.0 -18356.0 
-19021.0 -18861.0 
-18784.0 -19155.0 
-19236.0 -18528.0 
-18802.0 -19129.0 
-19225.0 -18569.0 
-19290.0 -18400.0 
-19086.0 -18790.0 
-18815.0 -19104.0 
-19124.0 -18745.0 
-18748.0 -19175.0 
-19113.0 -18761.0 
-19186.0 -18673.0 
-19235.0 -18539.0 
-19294.0 -18356.0 
-19032.0 -18850.0 
-18865.0 -19085.0 
-19212.0 -18597.0 
-19132.0 -18724.0 
-19124.0 -18745.0 
-19092.0 -18784.0 
-19132.0 -18724.0 
-19235.0 -18539.0 
-19110.0 -18780.0 
-19107.0 -18783.0 
-19069.0 -18833.0 
-18706.0 -19203.0 
-19113.0 -18761.0 
-18704.0 -19243.0 
-19236.0 -18528.0 
-18955.0 -18942.0 
-18961.0 -18940.0 
-19016.0 -18875.0 
-18884.0 -19030.0 
-19009.0 -18926.0 
-19015.0 -18881.0 
-19016.0 -18875.0 
-19072.0 -18797.0 
-18961.0 -18940.0 
-18953.0 -18947.0 
-19092.0 -18784.0 
-18918.0 -19001.0 
-18950.0 -18998.0 
-19110.0 -18780.0 
-19187.0 -18615.0 
-19107.0 -18783.0 
-19295.0 -18330.0 
-19278.0 -18435.0 
-18802.0 -19129.0 
-19225.0 -18569.0 
-18748.0 -19175.0 
-19212.0 -18597.0 
-19124.0 -18745.0 
-18706.0 -19203.0 
-18704.0 -19243.0 
-19009.0 -18926.0 
-18961.0 -18940.0 
-19092.0 -18784.0 
-19092.0 -18784.0 
-19278.0 -18435.0 
-19278.0 -18435.0 
-19225.0 -18569.0 
-19278.0 -18435.0 
