-18482.0 -19331.0 
-18482.0 -19331.0 
-19085.0 -18670.0 
-19085.0 -18670.0 
-19042.0 -18849.0 
-18909.0 -19069.0 
-19044.0 -18767.0 
-18593.0 -19296.0 
-18981.0 -18970.0 
-18868.0 -19082.0 
-18922.0 -19000.0 
-18921.0 -19035.0 
-18792.0 -19164.0 
-18802.0 -19134.0 
-18868.0 -19082.0 
-18771.0 -19183.0 
-18949.0 -18973.0 
-18991.0 -18938.0 
-18736.0 -19194.0 
-19081.0 -18707.0 
-18817.0 -19133.0 
-18560.0 -19299.0 
-18524.0 -19305.0 
-18496.0 -19327.0 
-19010.0 -18899.0 
-18921.0 -19035.0 
-18496.0 -19327.0 
-18524.0 -19305.0 
-18617.0 -19275.0 
-19016.0 -18872.0 
-18937.0 -18993.0 
-18839.0 -19104.0 
-18998.0 -18923.0 
-18703.0 -19198.0 
-18662.0 -19252.0 
-18728.0 -19195.0 
-18998.0 -18923.0 
-18538.0 -19301.0 
-19016.0 -18872.0 
-19084.0 -18694.0 
-18560.0 -19299.0 
-18617.0 -19275.0 
-19012.0 -18877.0 
-19010.0 -18899.0 
-18991.0 -18938.0 
-18839.0 -19104.0 
-19042.0 -18849.0 
-18682.0 -19238.0 
-18830.0 -19111.0 
-18792.0 -19164.0 
-18662.0 -19252.0 
-18776.0 -19177.0 
-18699.0 -19217.0 
-19059.0 -18757.0 
-19062.0 -18734.0 
-19061.0 -18752.0 
-18736.0 -19194.0 
-19069.0 -18716.0 
-18937.0 -18993.0 
-18776.0 -19177.0 
-18830.0 -19111.0 
-18948.0 -18976.0 
-18653.0 -19261.0 
-19064.0 -18722.0 
-18630.0 -19266.0 
-18645.0 -19262.0 
-18538.0 -19301.0 
-18699.0 -19217.0 
-18701.0 -19202.0 
-18693.0 -19232.0 
-18622.0 -19267.0 
-18771.0 -19183.0 
-18817.0 -19133.0 
-18682.0 -19238.0 
-18948.0 -18976.0 
-19069.0 -18716.0 
-19084.0 -18694.0 
-18981.0 -18970.0 
-19062.0 -18734.0 
-18645.0 -19262.0 
-18630.0 -19266.0 
-18832.0 -19107.0 
-19059.0 -18757.0 
-19044.0 -18767.0 
-18802.0 -19134.0 
-18728.0 -19195.0 
-18683.0 -19235.0 
-18653.0 -19261.0 
-18691.0 -19234.0 
-18836.0 -19105.0 
-18693.0 -19232.0 
-19064.0 -18722.0 
-18922.0 -19000.0 
-19012.0 -18877.0 
-18622.0 -19267.0 
-18701.0 -19202.0 
-19061.0 -18752.0 
-18703.0 -19198.0 
-18691.0 -19234.0 
-18683.0 -19235.0 
