-19214.0 -18498.0 
-18065.0 -19433.0 
-18208.0 -19394.0 
-18597.0 -19263.0 
-19002.0 -18880.0 
-18949.0 -18913.0 
-18449.0 -19315.0 
-18295.0 -19380.0 
-18394.0 -19361.0 
-18945.0 -18961.0 
-18208.0 -19394.0 
-19121.0 -18656.0 
-19081.0 -18695.0 
-19079.0 -18758.0 
-18443.0 -19352.0 
-18898.0 -18985.0 
-18516.0 -19310.0 
-18997.0 -18910.0 
-19143.0 -18637.0 
-19061.0 -18775.0 
-19058.0 -18827.0 
-18394.0 -19361.0 
-18660.0 -19222.0 
-19166.0 -18547.0 
-18678.0 -19205.0 
-18266.0 -19390.0 
-19105.0 -18691.0 
-19153.0 -18586.0 
-19040.0 -18844.0 
-19166.0 -18547.0 
-19155.0 -18558.0 
-19040.0 -18844.0 
-18295.0 -19380.0 
-18745.0 -19141.0 
-18879.0 -19021.0 
-18898.0 -18985.0 
-18777.0 -19111.0 
-18879.0 -19021.0 
-19153.0 -18586.0 
-18873.0 -19043.0 
-18566.0 -19286.0 
-18633.0 -19235.0 
-18633.0 -19235.0 
-18532.0 -19294.0 
-18824.0 -19065.0 
-18857.0 -19048.0 
-18780.0 -19094.0 
-18750.0 -19121.0 
-18718.0 -19142.0 
-18815.0 -19087.0 
-18709.0 -19167.0 
-18857.0 -19048.0 
-18566.0 -19286.0 
-18266.0 -19390.0 
-18945.0 -18961.0 
-19143.0 -18637.0 
-18691.0 -19190.0 
-18694.0 -19179.0 
-18552.0 -19290.0 
-18820.0 -19070.0 
-18824.0 -19065.0 
-18639.0 -19232.0 
-18706.0 -19177.0 
-19058.0 -18827.0 
-19061.0 -18775.0 
-18764.0 -19119.0 
-18798.0 -19089.0 
-19079.0 -18758.0 
-18516.0 -19310.0 
-18691.0 -19190.0 
-19105.0 -18691.0 
-18532.0 -19294.0 
-18798.0 -19089.0 
-18552.0 -19290.0 
-18639.0 -19232.0 
-18443.0 -19352.0 
-18716.0 -19155.0 
-18764.0 -19119.0 
-18873.0 -19043.0 
-18449.0 -19315.0 
-18717.0 -19151.0 
-18716.0 -19155.0 
-18820.0 -19070.0 
-18780.0 -19094.0 
-18997.0 -18910.0 
-18815.0 -19087.0 
-18750.0 -19121.0 
-19081.0 -18695.0 
-18745.0 -19141.0 
-18717.0 -19151.0 
-18706.0 -19177.0 
-18694.0 -19179.0 
-18718.0 -19142.0 
-19153.0 -18586.0 
-18691.0 -19190.0 
-19105.0 -18691.0 
-18639.0 -19232.0 
-18764.0 -19119.0 
-18997.0 -18910.0 
-18815.0 -19087.0 
