-18537.0 -19336.0 
-19244.0 -18476.0 
-19240.0 -18532.0 
-19163.0 -18703.0 
-19211.0 -18632.0 
-18896.0 -19066.0 
-18871.0 -19100.0 
-19211.0 -18632.0 
-18700.0 -19235.0 
-18907.0 -19018.0 
-18550.0 -19299.0 
-18983.0 -18952.0 
-18714.0 -19194.0 
-19062.0 -18905.0 
-19161.0 -18731.0 
-18980.0 -18976.0 
-18939.0 -18989.0 
-19078.0 -18866.0 
-18808.0 -19151.0 
-18925.0 -19014.0 
-19080.0 -18818.0 
-19103.0 -18797.0 
-19018.0 -18938.0 
-18567.0 -19288.0 
-18815.0 -19116.0 
-18656.0 -19248.0 
-18832.0 -19109.0 
-19031.0 -18922.0 
-18627.0 -19250.0 
-19121.0 -18740.0 
-18656.0 -19248.0 
-18619.0 -19268.0 
-18745.0 -19185.0 
-19078.0 -18866.0 
-19062.0 -18905.0 
-18784.0 -19163.0 
-18784.0 -19163.0 
-19081.0 -18810.0 
-19107.0 -18765.0 
-19031.0 -18922.0 
-18596.0 -19286.0 
-18700.0 -19235.0 
-19018.0 -18938.0 
-18832.0 -19109.0 
-18596.0 -19286.0 
-18619.0 -19268.0 
-18714.0 -19194.0 
-18765.0 -19170.0 
-18586.0 -19287.0 
-18749.0 -19177.0 
-18938.0 -18993.0 
-19107.0 -18765.0 
-18808.0 -19151.0 
-18938.0 -18993.0 
-19103.0 -18797.0 
-19121.0 -18740.0 
-19109.0 -18749.0 
-18980.0 -18976.0 
-18761.0 -19171.0 
-18815.0 -19116.0 
-19081.0 -18810.0 
-18745.0 -19185.0 
-18586.0 -19287.0 
-18765.0 -19170.0 
-18627.0 -19250.0 
-19161.0 -18731.0 
-18761.0 -19171.0 
-18749.0 -19177.0 
-19110.0 -18744.0 
-19114.0 -18743.0 
-19114.0 -18743.0 
-19109.0 -18749.0 
-19110.0 -18744.0 
-18656.0 -19248.0 
-19031.0 -18922.0 
-19018.0 -18938.0 
-18832.0 -19109.0 
-18619.0 -19268.0 
-18714.0 -19194.0 
-18938.0 -18993.0 
-19103.0 -18797.0 
-18815.0 -19116.0 
-18745.0 -19185.0 
-19161.0 -18731.0 
-18749.0 -19177.0 
-19114.0 -18743.0 
-19110.0 -18744.0 
-18656.0 -19248.0 
-18714.0 -19194.0 
-18749.0 -19177.0 
-18745.0 -19185.0 
-18749.0 -19177.0 
-18749.0 -19177.0 
-18745.0 -19185.0 
-18714.0 -19194.0 
-19114.0 -18743.0 
-19114.0 -18743.0 
-18714.0 -19194.0 
-18656.0 -19248.0 
-18656.0 -19248.0 
