-19127.0 -18651.0 
-18642.0 -19279.0 
-19127.0 -18651.0 
-18642.0 -19279.0 
-19048.0 -18849.0 
-18919.0 -19037.0 
-19099.0 -18718.0 
-18865.0 -19104.0 
-19015.0 -18884.0 
-18891.0 -19082.0 
-19070.0 -18776.0 
-18952.0 -19000.0 
-19084.0 -18770.0 
-18675.0 -19267.0 
-19064.0 -18819.0 
-18984.0 -18945.0 
-18891.0 -19082.0 
-19108.0 -18688.0 
-18815.0 -19160.0 
-18841.0 -19108.0 
-18753.0 -19209.0 
-18675.0 -19267.0 
-18753.0 -19209.0 
-18776.0 -19184.0 
-19108.0 -18688.0 
-18776.0 -19184.0 
-18794.0 -19164.0 
-18994.0 -18901.0 
-18936.0 -19023.0 
-18706.0 -19242.0 
-18706.0 -19242.0 
-18817.0 -19133.0 
-18733.0 -19232.0 
-19064.0 -18819.0 
-19014.0 -18894.0 
-18936.0 -19023.0 
-18986.0 -18921.0 
-18733.0 -19232.0 
-18957.0 -18980.0 
-18957.0 -18980.0 
-18794.0 -19164.0 
-18829.0 -19131.0 
-19084.0 -18770.0 
-18720.0 -19239.0 
-18837.0 -19121.0 
-18986.0 -18921.0 
-18720.0 -19239.0 
-18994.0 -18901.0 
-18837.0 -19121.0 
-18829.0 -19131.0 
-19014.0 -18894.0 
-18815.0 -19160.0 
-18817.0 -19133.0 
-18642.0 -19279.0 
-18753.0 -19209.0 
-19108.0 -18688.0 
-18776.0 -19184.0 
-19064.0 -18819.0 
-18936.0 -19023.0 
-18733.0 -19232.0 
-18957.0 -18980.0 
-19084.0 -18770.0 
-18720.0 -19239.0 
-19014.0 -18894.0 
-18815.0 -19160.0 
-18957.0 -18980.0 
-18957.0 -18980.0 
-18776.0 -19184.0 
-18957.0 -18980.0 
-19108.0 -18688.0 
-19108.0 -18688.0 
-18733.0 -19232.0 
-18753.0 -19209.0 
-19014.0 -18894.0 
-18957.0 -18980.0 
-19108.0 -18688.0 
-19014.0 -18894.0 
-19014.0 -18894.0 
-18733.0 -19232.0 
-18815.0 -19160.0 
-18936.0 -19023.0 
-19108.0 -18688.0 
-18957.0 -18980.0 
-18733.0 -19232.0 
-18753.0 -19209.0 
-19014.0 -18894.0 
-19108.0 -18688.0 
-18753.0 -19209.0 
-18642.0 -19279.0 
-19108.0 -18688.0 
-19108.0 -18688.0 
-18952.0 -19000.0 
-19023.0 -18855.0 
-18675.0 -19267.0 
-18967.0 -18975.0 
-18984.0 -18945.0 
-19076.0 -18608.0 
-18560.0 -19240.0 
-18955.0 -18829.0 
-18684.0 -19171.0 
