-19461.0 -18828.0 
-18502.0 -19694.0 
-18502.0 -19694.0 
-19461.0 -18828.0 
-18618.0 -19675.0 
-18798.0 -19551.0 
-19148.0 -19279.0 
-19123.0 -19301.0 
-19355.0 -19013.0 
-19371.0 -18998.0 
-18891.0 -19492.0 
-18876.0 -19509.0 
-18621.0 -19635.0 
-19377.0 -18966.0 
-19223.0 -19193.0 
-18832.0 -19516.0 
-19404.0 -18944.0 
-18681.0 -19622.0 
-19291.0 -19081.0 
-19161.0 -19251.0 
-18935.0 -19436.0 
-19198.0 -19219.0 
-19215.0 -19212.0 
-19426.0 -18904.0 
-19090.0 -19305.0 
-19240.0 -19186.0 
-19428.0 -18899.0 
-19289.0 -19114.0 
-19180.0 -19242.0 
-18819.0 -19524.0 
-18915.0 -19449.0 
-18906.0 -19472.0 
-19444.0 -18852.0 
-19078.0 -19316.0 
-19282.0 -19125.0 
-19242.0 -19169.0 
-19342.0 -19039.0 
-18766.0 -19563.0 
-19027.0 -19371.0 
-18999.0 -19376.0 
-19437.0 -18873.0 
-18681.0 -19622.0 
-18653.0 -19627.0 
-18711.0 -19601.0 
-18916.0 -19444.0 
-19444.0 -18852.0 
-19021.0 -19373.0 
-18991.0 -19379.0 
-18766.0 -19563.0 
-18719.0 -19580.0 
-19074.0 -19334.0 
-19437.0 -18873.0 
-19069.0 -19337.0 
-19038.0 -19355.0 
-19262.0 -19145.0 
-18718.0 -19597.0 
-18906.0 -19472.0 
-19262.0 -19145.0 
-19052.0 -19343.0 
-18711.0 -19601.0 
-19397.0 -18945.0 
-18819.0 -19524.0 
-18988.0 -19396.0 
-18967.0 -19412.0 
-18942.0 -19423.0 
-19377.0 -18966.0 
-19242.0 -19169.0 
-19180.0 -19242.0 
-18747.0 -19568.0 
-18642.0 -19633.0 
-19426.0 -18904.0 
-19320.0 -19058.0 
-19267.0 -19135.0 
-18977.0 -19401.0 
-18747.0 -19568.0 
-19305.0 -19067.0 
-19200.0 -19216.0 
-18727.0 -19576.0 
-19038.0 -19355.0 
-19085.0 -19308.0 
-18618.0 -19675.0 
-18633.0 -19634.0 
-19404.0 -18944.0 
-19161.0 -19251.0 
-19342.0 -19039.0 
-18876.0 -19509.0 
-18969.0 -19402.0 
-19332.0 -19048.0 
-19320.0 -19058.0 
-18957.0 -19418.0 
-19397.0 -18945.0 
-19332.0 -19048.0 
-18832.0 -19516.0 
-19052.0 -19343.0 
-19284.0 -19115.0 
-19305.0 -19067.0 
-18727.0 -19576.0 
-18653.0 -19627.0 
-19267.0 -19135.0 
-19297.0 -19076.0 
