-18059.0 -19612.0 
-19109.0 -18770.0 
-18059.0 -19612.0 
-19109.0 -18770.0 
-18510.0 -19405.0 
-18264.0 -19538.0 
-18896.0 -19063.0 
-18645.0 -19294.0 
-18203.0 -19543.0 
-18983.0 -18925.0 
-19047.0 -18858.0 
-18709.0 -19252.0 
-18653.0 -19263.0 
-19061.0 -18822.0 
-18552.0 -19360.0 
-18807.0 -19137.0 
-18433.0 -19409.0 
-18956.0 -18976.0 
-18160.0 -19552.0 
-18715.0 -19222.0 
-18552.0 -19360.0 
-18970.0 -18941.0 
-18904.0 -19028.0 
-18761.0 -19186.0 
-18846.0 -19080.0 
-18101.0 -19574.0 
-18956.0 -18976.0 
-19061.0 -18822.0 
-19020.0 -18886.0 
-18266.0 -19511.0 
-18934.0 -19010.0 
-18783.0 -19152.0 
-18324.0 -19493.0 
-18732.0 -19194.0 
-19086.0 -18788.0 
-18203.0 -19543.0 
-19047.0 -18858.0 
-18999.0 -18903.0 
-19020.0 -18886.0 
-18080.0 -19594.0 
-18815.0 -19105.0 
-18510.0 -19405.0 
-18432.0 -19432.0 
-18730.0 -19218.0 
-18429.0 -19442.0 
-18867.0 -19068.0 
-18824.0 -19081.0 
-18080.0 -19594.0 
-18795.0 -19143.0 
-18469.0 -19408.0 
-18286.0 -19503.0 
-18589.0 -19306.0 
-18469.0 -19408.0 
-18821.0 -19095.0 
-18596.0 -19299.0 
-18999.0 -18903.0 
-18685.0 -19255.0 
-18336.0 -19482.0 
-18133.0 -19572.0 
-18685.0 -19255.0 
-19102.0 -18780.0 
-18783.0 -19152.0 
-18934.0 -19010.0 
-18973.0 -18940.0 
-18587.0 -19324.0 
-18160.0 -19552.0 
-18404.0 -19445.0 
-18565.0 -19344.0 
-18362.0 -19465.0 
-18280.0 -19506.0 
-18577.0 -19338.0 
-18617.0 -19298.0 
-18139.0 -19570.0 
-18921.0 -19019.0 
-18344.0 -19481.0 
-19086.0 -18788.0 
-18867.0 -19068.0 
-18362.0 -19465.0 
-18617.0 -19298.0 
-19095.0 -18786.0 
-18373.0 -19458.0 
-18761.0 -19186.0 
-18744.0 -19188.0 
-18390.0 -19452.0 
-18324.0 -19493.0 
-18921.0 -19019.0 
-18139.0 -19570.0 
-18101.0 -19574.0 
-18402.0 -19446.0 
-18565.0 -19344.0 
-18815.0 -19105.0 
-18390.0 -19452.0 
-18587.0 -19324.0 
-18344.0 -19481.0 
-18904.0 -19028.0 
-18373.0 -19458.0 
-18286.0 -19503.0 
-18653.0 -19263.0 
-18577.0 -19338.0 
-18744.0 -19188.0 
