9.731425466788287E-13	1.0012264807941742
1.0020062575780404	4.781995369087121E-10
0.7579747033511999	0.654387165204433
0.581911430446786	0.8150098552087727
1.0006706839017216	0.03569883340756623
0.17252035279568853	0.9863965738881771
0.5578132704583368	0.831430654181788
0.7398445396180083	0.6747013023156239
0.13000606710193252	0.9928318859135828
0.6608788843098976	0.7518876672874851
0.8381785845772155	0.5477821726207073
0.3940082442177158	0.9235359959317216
0.9608125727812864	0.2819862593398231
0.775427757281148	0.6336180133662037
0.31086266575409555	0.9519110683764768
0.9662450964799199	0.2616843596230741
0.9727071788509958	0.23863346138325123
0.8203919126409869	0.5741329095389055
0.9527682675040896	0.3082405912658528
0.6774224436796684	0.737193392870264
0.09713293444633884	0.9965710259170832
0.9221088674677976	0.39006898422898784
0.9988845560706937	0.06979614556987652
0.5199310406417073	0.8556160189235846
0.9931786377174097	0.12620088812526797
0.9966436363594603	0.09723872906640087
0.21784508357516766	0.9773834184358138
0.7279016788128602	0.6875787545306841
0.33561738306592576	0.9435886725553488
0.6154872912195376	0.7898137536791687
0.8988749116223632	0.441521112237588
0.8869316177674856	0.46441995922126156
0.7904077752445641	0.6146224046012877
0.48440950096465524	0.876393900639652
0.5433340884711494	0.8411734219626537
0.03376167030183652	1.0006650403460624
0.23387186860585482	0.9736525089000932
0.9394093284031191	0.34690937717226217
0.9098175728395379	0.41770906921327045
0.845160186634658	0.5367908093392989
0.866312248206137	0.5022081914027925
0.5005389023923266	0.8672490723979743
0.9121783287669661	0.4130606761987759
0.9335725576769826	0.3621897999536834
0.6983185813109603	0.7190278684856527
0.7166164954936141	0.6992013377355468
0.6885462659942594	0.7267865052126938
0.29378610565641056	0.9571230095609989
0.8026413767596302	0.5986602357573578
0.9863038347815491	0.17192088114115497
0.36121463846451957	0.9339253014903595
0.9821542786995109	0.19425275500925862
0.7084779961772105	0.7073968593254599
0.1946546181607418	0.9822431904983858
0.5310191115452274	0.8488251940535607
0.06310036486891332	0.9992590767126095
0.42442725801016656	0.9069172546109413
0.43796947050464397	0.9005322670992154
1.0011758759412994	0.0023130965356585316
0.0695845521826347	0.9988305705597099
0.11749692953453925	0.9943815356070579
0.9895573380341103	0.15261370335702312
0.46550016391154275	0.8862505649227763
0.3461421033133815	0.9396251112400498
0.8537892503263766	0.5228748657273005
0.4497587606723075	0.8947654626853184
0.020845886679702687	1.0009972426642457
0.7831091114250736	0.6238863900762835
0.9448468128544768	0.331446614950796
0.8584922332111528	0.515132734343963
0.2744291114552733	0.9630557210573039
0.8070451271723632	0.5925453189837903
0.8733999876028016	0.4895376089937741
0.8174691789175205	0.5810251264948139
0.9481022474241473	0.3221370359253078
0.6287988631818244	0.7792549023891546
0.6020912157418009	0.7999798199511369
0.9914487170102881	0.14066070893345292
0.9979305123584699	0.08258990888094374
0.40453033857581194	0.9157843007938923
0.9773300259334234	0.21727415175558218
0.41215327374383526	0.9123244328071004
0.2551547996916431	0.9681011595179639
0.6020912157418009	0.7999798199511369
0.8945909609441677	0.4497789104754957
0.6330835222094451	0.776830972933448
0.2518108485157506	0.9691909727289395
0.6443641245967269	0.766672451792707
0.9838697846759107	0.1855446478014679
0.18768087634732117	0.9852178148594051
0.8733999876028016	0.4895376089937741
0.6443641245967269	0.766672451792707
0.9771686976295947	0.21803555185608392
0.36121463846451957	0.9339253014903595
0.28085668337744985	0.9609410597507693
0.49439737284819	0.8704901120492617
0.46081656862302167	0.8887975025263813
0.8891972421331527	0.46007440470057603
0.9282373751957463	0.37523268807918103
0.9273584113224281	0.37728778907049415
