7.352459453851310041e-04
7.199213528622208820e-04
4.876311883382242283e-04
6.050625846870372453e-04
7.653861879086363033e-04
3.822479176723471298e-04
9.258816799537996798e-04
6.693825340160030170e-04
5.379217909042551893e-04
6.514426517469658730e-04
3.088468328766584190e-04
7.870770701392206707e-04
4.420708775102994239e-04
9.271604200275176564e-04
5.114914056761701595e-04
5.222914389866669272e-04
8.835147786449775538e-04
4.439186036528846376e-04
4.203964782590581886e-04
4.051663604197711121e-04
4.463239263153669567e-04
6.678864810041585092e-04
3.668897586478326689e-04
4.367759438060590002e-04
3.511592808046097385e-04
4.561148571979031308e-04
4.510531541121664211e-04
4.958077694809008909e-04
7.323073204019884359e-04
6.263302678159204029e-04
4.861293809295488843e-04
