-18489.0 -19211.0 
-18489.0 -19211.0 
-19157.0 -18586.0 
-18868.0 -18994.0 
-19148.0 -18657.0 
-18809.0 -19009.0 
-18550.0 -19194.0 
-19017.0 -18838.0 
-18969.0 -18858.0 
-18494.0 -19197.0 
-18741.0 -19083.0 
-19113.0 -18693.0 
-18878.0 -18945.0 
-18620.0 -19149.0 
-18887.0 -18923.0 
-19040.0 -18792.0 
-18761.0 -19041.0 
-18644.0 -19122.0 
-18695.0 -19092.0 
-19148.0 -18657.0 
-19043.0 -18760.0 
-19113.0 -18693.0 
-19093.0 -18701.0 
-18664.0 -19121.0 
-18620.0 -19149.0 
-18969.0 -18858.0 
-18682.0 -19094.0 
-18584.0 -19169.0 
-18666.0 -19101.0 
-19078.0 -18742.0 
-18550.0 -19194.0 
-18584.0 -19169.0 
-19092.0 -18722.0 
-18803.0 -19027.0 
-18786.0 -19034.0 
-19017.0 -18838.0 
-18594.0 -19165.0 
-18925.0 -18884.0 
-19062.0 -18746.0 
-18594.0 -19165.0 
-18945.0 -18883.0 
-18759.0 -19055.0 
-18950.0 -18877.0 
-18950.0 -18877.0 
-18644.0 -19122.0 
-18786.0 -19034.0 
-19026.0 -18818.0 
-18881.0 -18943.0 
-18748.0 -19071.0 
-18748.0 -19071.0 
-19055.0 -18757.0 
-18901.0 -18904.0 
-18695.0 -19092.0 
-19092.0 -18722.0 
-18900.0 -18912.0 
-18759.0 -19055.0 
-19037.0 -18802.0 
-19026.0 -18818.0 
-19078.0 -18742.0 
-19029.0 -18809.0 
-18916.0 -18901.0 
-18741.0 -19083.0 
-18923.0 -18893.0 
-18803.0 -19027.0 
-18900.0 -18912.0 
-18878.0 -18945.0 
-18492.0 -19202.0 
-19062.0 -18746.0 
-19037.0 -18802.0 
-19029.0 -18809.0 
-19055.0 -18757.0 
-19093.0 -18701.0 
-18666.0 -19101.0 
-18923.0 -18893.0 
-18918.0 -18899.0 
-18492.0 -19202.0 
-18881.0 -18943.0 
-18918.0 -18899.0 
-19043.0 -18760.0 
-18945.0 -18883.0 
-18916.0 -18901.0 
-18494.0 -19197.0 
-18901.0 -18904.0 
-18664.0 -19121.0 
-18925.0 -18884.0 
-18584.0 -19169.0 
-19017.0 -18838.0 
-18950.0 -18877.0 
-18786.0 -19034.0 
-18748.0 -19071.0 
-18803.0 -19027.0 
-18900.0 -18912.0 
-18878.0 -18945.0 
-18945.0 -18883.0 
-18916.0 -18901.0 
-18664.0 -19121.0 
-18748.0 -19071.0 
-18916.0 -18901.0 
-18786.0 -19034.0 
-18786.0 -19034.0 
