-18473.0 -19284.0 
-18967.0 -18749.0 
-18967.0 -18749.0 
-18473.0 -19284.0 
-18586.0 -19264.0 
-18921.0 -18959.0 
-18929.0 -18858.0 
-18871.0 -19003.0 
-18515.0 -19265.0 
-18620.0 -19209.0 
-18940.0 -18777.0 
-18929.0 -18858.0 
-18939.0 -18793.0 
-18718.0 -19161.0 
-18680.0 -19181.0 
-18643.0 -19208.0 
-18886.0 -18970.0 
-18726.0 -19134.0 
-18515.0 -19265.0 
-18686.0 -19167.0 
-18842.0 -19035.0 
-18792.0 -19059.0 
-18643.0 -19208.0 
-18842.0 -19035.0 
-18620.0 -19209.0 
-18744.0 -19123.0 
-18764.0 -19111.0 
-18744.0 -19123.0 
-18680.0 -19181.0 
-18779.0 -19086.0 
-18827.0 -19051.0 
-18779.0 -19086.0 
-18776.0 -19101.0 
-18939.0 -18793.0 
-18808.0 -19052.0 
-18764.0 -19111.0 
-18883.0 -18982.0 
-18883.0 -18982.0 
-18805.0 -19058.0 
-18726.0 -19134.0 
-18833.0 -19042.0 
-18683.0 -19169.0 
-18792.0 -19059.0 
-18718.0 -19161.0 
-18886.0 -18970.0 
-18833.0 -19042.0 
-18776.0 -19101.0 
-18827.0 -19051.0 
-18683.0 -19169.0 
-18805.0 -19058.0 
-18808.0 -19052.0 
-18473.0 -19284.0 
-18967.0 -18749.0 
-18929.0 -18858.0 
-18515.0 -19265.0 
-18643.0 -19208.0 
-18842.0 -19035.0 
-18744.0 -19123.0 
-18680.0 -19181.0 
-18779.0 -19086.0 
-18764.0 -19111.0 
-18883.0 -18982.0 
-18792.0 -19059.0 
-18718.0 -19161.0 
-18886.0 -18970.0 
-18827.0 -19051.0 
-18683.0 -19169.0 
-18808.0 -19052.0 
-18805.0 -19058.0 
-18764.0 -19111.0 
-18886.0 -18970.0 
-18683.0 -19169.0 
-18779.0 -19086.0 
-18779.0 -19086.0 
-18744.0 -19123.0 
-18779.0 -19086.0 
-18883.0 -18982.0 
-18842.0 -19035.0 
-18683.0 -19169.0 
-18842.0 -19035.0 
-18842.0 -19035.0 
-18764.0 -19111.0 
-18764.0 -19111.0 
-18764.0 -19111.0 
-18680.0 -19181.0 
-18883.0 -18982.0 
-18683.0 -19169.0 
-18764.0 -19111.0 
-18764.0 -19111.0 
-18842.0 -19035.0 
-18779.0 -19086.0 
-18764.0 -19111.0 
-18764.0 -19111.0 
-18808.0 -19052.0 
-18764.0 -19111.0 
-18764.0 -19111.0 
-18764.0 -19111.0 
-18842.0 -19035.0 
-18842.0 -19035.0 
-18883.0 -18982.0 
