-18093.0 -19463.0 
-19116.0 -18542.0 
-19116.0 -18542.0 
-19086.0 -18617.0 
-18195.0 -19409.0 
-19026.0 -18767.0 
-18275.0 -19403.0 
-18543.0 -19311.0 
-18150.0 -19434.0 
-18381.0 -19388.0 
-18443.0 -19344.0 
-18150.0 -19434.0 
-18843.0 -19058.0 
-18952.0 -18896.0 
-19035.0 -18713.0 
-19112.0 -18557.0 
-18816.0 -19092.0 
-18310.0 -19397.0 
-18572.0 -19265.0 
-18370.0 -19393.0 
-18625.0 -19249.0 
-18968.0 -18848.0 
-18670.0 -19207.0 
-18843.0 -19058.0 
-18417.0 -19364.0 
-18502.0 -19321.0 
-18707.0 -19184.0 
-18455.0 -19322.0 
-18739.0 -19140.0 
-18868.0 -19014.0 
-18417.0 -19364.0 
-18933.0 -18928.0 
-19055.0 -18705.0 
-18195.0 -19409.0 
-18952.0 -18896.0 
-18873.0 -19003.0 
-19076.0 -18660.0 
-18881.0 -18962.0 
-19060.0 -18675.0 
-18744.0 -19112.0 
-18988.0 -18826.0 
-18563.0 -19298.0 
-19112.0 -18557.0 
-18993.0 -18795.0 
-19078.0 -18631.0 
-18502.0 -19321.0 
-18275.0 -19403.0 
-19005.0 -18769.0 
-18916.0 -18935.0 
-18656.0 -19231.0 
-18670.0 -19207.0 
-18310.0 -19397.0 
-18784.0 -19098.0 
-18868.0 -19014.0 
-18625.0 -19249.0 
-18708.0 -19165.0 
-18816.0 -19092.0 
-19073.0 -18671.0 
-18564.0 -19277.0 
-18979.0 -18842.0 
-18723.0 -19143.0 
-18933.0 -18928.0 
-18707.0 -19184.0 
-18643.0 -19238.0 
-18572.0 -19265.0 
-18883.0 -18954.0 
-18643.0 -19238.0 
-18451.0 -19325.0 
-19083.0 -18628.0 
-19003.0 -18783.0 
-18995.0 -18794.0 
-18988.0 -18826.0 
-18968.0 -18848.0 
-18656.0 -19231.0 
-18906.0 -18940.0 
-18893.0 -18950.0 
-18777.0 -19108.0 
-18873.0 -19003.0 
-18721.0 -19149.0 
-18721.0 -19149.0 
-18708.0 -19165.0 
-18906.0 -18940.0 
-18778.0 -19103.0 
-18893.0 -18950.0 
-18881.0 -18962.0 
-18979.0 -18842.0 
-18370.0 -19393.0 
-19046.0 -18709.0 
-18563.0 -19298.0 
-18764.0 -19109.0 
-18564.0 -19277.0 
-19003.0 -18783.0 
-19046.0 -18709.0 
-19035.0 -18713.0 
-18784.0 -19098.0 
-18753.0 -19111.0 
-18764.0 -19109.0 
-18451.0 -19325.0 
-18753.0 -19111.0 
-19060.0 -18675.0 
