-18380.0 -18716.0 
-17778.0 -19192.0 
-18257.0 -18851.0 
-18011.0 -19028.0 
-18054.0 -19024.0 
-17778.0 -19192.0 
-18127.0 -19000.0 
-18127.0 -19000.0 
-18127.0 -19000.0 
-18127.0 -19000.0 
-18329.0 -18796.0 
-18103.0 -19010.0 
-18011.0 -19028.0 
-18329.0 -18796.0 
-18127.0 -19000.0 
-18127.0 -19000.0 
-18177.0 -18915.0 
-18193.0 -18891.0 
-18173.0 -18971.0 
-17995.0 -19125.0 
-18131.0 -18989.0 
-18127.0 -19000.0 
-18306.0 -18820.0 
-17995.0 -19125.0 
-18333.0 -18790.0 
-18127.0 -19000.0 
-18127.0 -19000.0 
-18131.0 -18989.0 
-18131.0 -18989.0 
-18131.0 -18989.0 
-18426.0 -18512.0 
-18131.0 -18989.0 
-18131.0 -18989.0 
-18349.0 -18598.0 
-18241.0 -18831.0 
-18208.0 -18846.0 
-17699.0 -19177.0 
-17699.0 -19177.0 
-17699.0 -19177.0 
-17699.0 -19177.0 
-17763.0 -19142.0 
-17699.0 -19177.0 
-18037.0 -19009.0 
-18037.0 -19009.0 
-18010.0 -19022.0 
-18177.0 -18912.0 
-18178.0 -18870.0 
-18133.0 -18961.0 
-18141.0 -18921.0 
-18141.0 -18921.0 
-18141.0 -18921.0 
-18141.0 -18921.0 
-18141.0 -18921.0 
-18281.0 -18805.0 
-17815.0 -19105.0 
-17946.0 -19099.0 
-18330.0 -18696.0 
-18075.0 -19000.0 
-18109.0 -18994.0 
-18395.0 -18489.0 
-18240.0 -18826.0 
-18183.0 -18841.0 
-18183.0 -18841.0 
-17660.0 -19140.0 
-17969.0 -19020.0 
-17969.0 -19020.0 
-18171.0 -18909.0 
-18174.0 -18903.0 
-18175.0 -18872.0 
-18175.0 -18872.0 
-18132.0 -18939.0 
-18113.0 -18952.0 
-18126.0 -18946.0 
-18280.0 -18747.0 
-18281.0 -18708.0 
-18246.0 -18800.0 
-18265.0 -18778.0 
-18251.0 -18790.0 
-18265.0 -18778.0 
-17695.0 -19096.0 
-17816.0 -19095.0 
-17855.0 -19091.0 
-17893.0 -19075.0 
-17908.0 -19064.0 
-17934.0 -19048.0 
-17695.0 -19096.0 
-17939.0 -19045.0 
-17939.0 -19045.0 
-18323.0 -18527.0 
-18323.0 -18527.0 
-18313.0 -18575.0 
-18295.0 -18690.0 
-18295.0 -18690.0 
-18017.0 -18985.0 
-18047.0 -18965.0 
-18082.0 -18964.0 
-18039.0 -18979.0 
-18093.0 -18955.0 
-18030.0 -18984.0 
-18090.0 -18961.0 
