-18478.0 -18520.0 
-18478.0 -18520.0 
-18574.0 -18393.0 
-18527.0 -18458.0 
-18527.0 -18458.0 
-18440.0 -18584.0 
-18543.0 -18422.0 
-18666.0 -18220.0 
-18678.0 -18191.0 
-18516.0 -18497.0 
-18419.0 -18618.0 
-18415.0 -18672.0 
-18415.0 -18672.0 
-18415.0 -18672.0 
-18239.0 -18878.0 
-18339.0 -18683.0 
-18281.0 -18786.0 
-18339.0 -18683.0 
-18321.0 -18723.0 
-18321.0 -18723.0 
-18589.0 -18372.0 
-18589.0 -18372.0 
-18589.0 -18372.0 
-18597.0 -18320.0 
-18521.0 -18445.0 
-18421.0 -18544.0 
-18421.0 -18544.0 
-18424.0 -18536.0 
-18439.0 -18507.0 
-18439.0 -18507.0 
-18528.0 -18382.0 
-18537.0 -18376.0 
-18526.0 -18394.0 
-18634.0 -18162.0 
-18641.0 -18153.0 
-18490.0 -18468.0 
-18446.0 -18493.0 
-18402.0 -18571.0 
-18364.0 -18661.0 
-18364.0 -18661.0 
-18364.0 -18661.0 
-18364.0 -18661.0 
-18364.0 -18661.0 
-18364.0 -18661.0 
-18368.0 -18658.0 
-18364.0 -18661.0 
-18171.0 -18847.0 
-18241.0 -18785.0 
-18267.0 -18771.0 
-18293.0 -18712.0 
-18293.0 -18712.0 
-18301.0 -18704.0 
-18582.0 -18246.0 
-18582.0 -18246.0 
-18587.0 -18218.0 
-18574.0 -18308.0 
-18593.0 -18167.0 
-18574.0 -18308.0 
-18593.0 -18167.0 
-18422.0 -18512.0 
-18529.0 -18321.0 
-18512.0 -18356.0 
-18524.0 -18325.0 
-18613.0 -18156.0 
-18613.0 -18156.0 
-18466.0 -18467.0 
-18489.0 -18438.0 
-18439.0 -18493.0 
-18378.0 -18555.0 
-18400.0 -18536.0 
-18367.0 -18599.0 
-18332.0 -18660.0 
-18356.0 -18648.0 
-17967.0 -18831.0 
-18038.0 -18822.0 
-18017.0 -18828.0 
-18153.0 -18815.0 
-18233.0 -18740.0 
-18271.0 -18687.0 
-18277.0 -18686.0 
-18301.0 -18683.0 
-18539.0 -18279.0 
-18539.0 -18279.0 
-18539.0 -18279.0 
-18539.0 -18279.0 
-18539.0 -18279.0 
-18539.0 -18279.0 
-18551.0 -18227.0 
-18551.0 -18227.0 
-18551.0 -18227.0 
-18551.0 -18227.0 
-18551.0 -18227.0 
-18551.0 -18227.0 
-18551.0 -18227.0 
-18551.0 -18227.0 
-18551.0 -18227.0 
-18551.0 -18227.0 
-18551.0 -18227.0 
-18587.0 -18065.0 
-18152.0 -18797.0 
