-17970.0 -18827.0 
-18306.0 -18748.0 
-18306.0 -18748.0 
-18306.0 -18748.0 
-18277.0 -18770.0 
-18306.0 -18748.0 
-18277.0 -18770.0 
-18416.0 -18693.0 
-18416.0 -18693.0 
-18416.0 -18693.0 
-18534.0 -18612.0 
-18345.0 -18730.0 
-18309.0 -18747.0 
-18155.0 -18783.0 
-18061.0 -18813.0 
-18534.0 -18612.0 
-18155.0 -18783.0 
-18542.0 -18598.0 
-18491.0 -18676.0 
-18525.0 -18656.0 
-18155.0 -18783.0 
-18155.0 -18783.0 
-18581.0 -18501.0 
-18155.0 -18783.0 
-18247.0 -18774.0 
-18155.0 -18783.0 
-18294.0 -18768.0 
-18294.0 -18768.0 
-18294.0 -18768.0 
-18351.0 -18686.0 
-18351.0 -18686.0 
-18351.0 -18686.0 
-18351.0 -18686.0 
-18351.0 -18686.0 
-18351.0 -18686.0 
-18351.0 -18686.0 
-18321.0 -18729.0 
-18321.0 -18729.0 
-18343.0 -18710.0 
-17849.0 -18796.0 
-18527.0 -18594.0 
-18467.0 -18666.0 
-18353.0 -18675.0 
-18353.0 -18675.0 
-18422.0 -18669.0 
-18513.0 -18650.0 
-18513.0 -18650.0 
-18513.0 -18650.0 
-18513.0 -18650.0 
-18513.0 -18650.0 
-18513.0 -18650.0 
-18484.0 -18652.0 
-18514.0 -18632.0 
-18513.0 -18650.0 
-18513.0 -18650.0 
-18513.0 -18650.0 
-18513.0 -18650.0 
-18513.0 -18650.0 
-18513.0 -18650.0 
-18176.0 -18769.0 
-18142.0 -18777.0 
-18126.0 -18781.0 
-18126.0 -18781.0 
-18346.0 -18676.0 
-18281.0 -18726.0 
-18281.0 -18726.0 
-18281.0 -18726.0 
-18329.0 -18706.0 
-17823.0 -18787.0 
-18519.0 -18570.0 
-18515.0 -18581.0 
-18443.0 -18664.0 
-18484.0 -18636.0 
-18158.0 -18747.0 
-18158.0 -18747.0 
-18158.0 -18747.0 
-18158.0 -18747.0 
-18158.0 -18747.0 
-18158.0 -18747.0 
-18158.0 -18747.0 
-18158.0 -18747.0 
-18158.0 -18747.0 
-18104.0 -18771.0 
-18238.0 -18719.0 
-18238.0 -18719.0 
-18238.0 -18719.0 
-18238.0 -18719.0 
-18238.0 -18719.0 
-18272.0 -18710.0 
-18281.0 -18706.0 
-18311.0 -18703.0 
-18506.0 -18577.0 
-18438.0 -18663.0 
-18470.0 -18605.0 
-18443.0 -18634.0 
-18445.0 -18613.0 
-18146.0 -18734.0 
-18044.0 -18752.0 
-18062.0 -18742.0 
-18300.0 -18700.0 
