-17791.0 -18866.0 
-18625.0 -18577.0 
-18549.0 -18620.0 
-18587.0 -18606.0 
-18486.0 -18648.0 
-18429.0 -18723.0 
-18298.0 -18817.0 
-18435.0 -18656.0 
-18298.0 -18817.0 
-18406.0 -18757.0 
-18315.0 -18786.0 
-18315.0 -18786.0 
-18184.0 -18865.0 
-18297.0 -18855.0 
-18184.0 -18865.0 
-18184.0 -18865.0 
-18184.0 -18865.0 
-18297.0 -18855.0 
-18297.0 -18855.0 
-18297.0 -18855.0 
-18297.0 -18855.0 
-18598.0 -18435.0 
-18596.0 -18453.0 
-18532.0 -18619.0 
-18567.0 -18582.0 
-18585.0 -18485.0 
-18567.0 -18582.0 
-18472.0 -18623.0 
-18438.0 -18648.0 
-18467.0 -18624.0 
-18467.0 -18624.0 
-18467.0 -18624.0 
-18467.0 -18624.0 
-18415.0 -18702.0 
-18415.0 -18702.0 
-18415.0 -18702.0 
-18435.0 -18649.0 
-18341.0 -18739.0 
-18369.0 -18712.0 
-18358.0 -18719.0 
-18313.0 -18767.0 
-18304.0 -18776.0 
-18224.0 -18826.0 
-18224.0 -18826.0 
-18224.0 -18826.0 
-18206.0 -18828.0 
-18206.0 -18828.0 
-18206.0 -18828.0 
-18206.0 -18828.0 
-18185.0 -18838.0 
-18206.0 -18828.0 
-18206.0 -18828.0 
-18275.0 -18815.0 
-18279.0 -18803.0 
-18279.0 -18803.0 
-18284.0 -18778.0 
-18206.0 -18828.0 
-18101.0 -18853.0 
-18206.0 -18828.0 
-18495.0 -18609.0 
-18511.0 -18604.0 
-18481.0 -18613.0 
-18481.0 -18613.0 
-18577.0 -18453.0 
-18577.0 -18453.0 
-18531.0 -18562.0 
-18468.0 -18621.0 
-18468.0 -18621.0 
-18468.0 -18621.0 
-18436.0 -18647.0 
-18436.0 -18647.0 
-18410.0 -18685.0 
-18387.0 -18693.0 
-18414.0 -18682.0 
-18335.0 -18737.0 
-18367.0 -18705.0 
-18367.0 -18705.0 
-18367.0 -18705.0 
-18306.0 -18740.0 
-18303.0 -18747.0 
-18291.0 -18776.0 
-18269.0 -18782.0 
-18235.0 -18795.0 
-18235.0 -18795.0 
-17991.0 -18843.0 
-17991.0 -18843.0 
-18191.0 -18825.0 
-18483.0 -18575.0 
-18564.0 -18448.0 
-18564.0 -18448.0 
-18518.0 -18507.0 
-18430.0 -18627.0 
-18322.0 -18737.0 
-18365.0 -18702.0 
-18288.0 -18776.0 
-18152.0 -18805.0 
-18156.0 -18799.0 
-18064.0 -18822.0 
-18064.0 -18822.0 
-18237.0 -18772.0 
