3.120218931104020940e-04
3.358209928167898463e-04
4.768829861837782817e-04
4.071968013340303500e-04
3.843751384054474272e-04
6.087656811603256706e-04
4.765317557859025934e-04
4.812701535487020786e-04
4.902956917087886298e-04
7.085820739987073623e-04
3.577923362710639515e-04
5.153662197138111217e-04
4.432116860196433231e-04
7.595376912371091258e-04
4.460445868837057369e-04
4.503100308884418592e-04
5.427860043849609987e-04
7.308771080763361858e-04
6.160459214544096972e-04
4.317268721241469408e-04
4.277773212691635693e-04
5.753096081962768464e-04
3.285684802946982753e-04
4.056892241915517009e-04
5.010790003277748941e-04
5.297780185892689677e-04
4.789707078532587587e-04
3.864214154949860923e-04
3.404895193515083312e-04
4.204396136280672946e-04
4.890461923990993987e-04
