-18268.0 -19428.0 
-19140.0 -18607.0 
-18268.0 -19428.0 
-19140.0 -18607.0 
-19124.0 -18666.0 
-19031.0 -18808.0 
-18540.0 -19299.0 
-19026.0 -18877.0 
-18524.0 -19325.0 
-18616.0 -19295.0 
-18456.0 -19343.0 
-18379.0 -19376.0 
-18942.0 -18986.0 
-18884.0 -19074.0 
-18379.0 -19376.0 
-18435.0 -19353.0 
-19062.0 -18798.0 
-18675.0 -19250.0 
-18892.0 -19006.0 
-18817.0 -19127.0 
-19097.0 -18696.0 
-18327.0 -19386.0 
-18948.0 -18937.0 
-18839.0 -19082.0 
-18786.0 -19172.0 
-18824.0 -19092.0 
-18890.0 -19048.0 
-18793.0 -19147.0 
-19095.0 -18728.0 
-18701.0 -19210.0 
-18297.0 -19392.0 
-18435.0 -19353.0 
-19079.0 -18740.0 
-18295.0 -19407.0 
-18327.0 -19386.0 
-18456.0 -19343.0 
-19073.0 -18766.0 
-19073.0 -18766.0 
-18634.0 -19264.0 
-18750.0 -19191.0 
-18979.0 -18912.0 
-18732.0 -19197.0 
-18921.0 -18991.0 
-18692.0 -19225.0 
-18982.0 -18888.0 
-18524.0 -19325.0 
-18617.0 -19279.0 
-18911.0 -19005.0 
-19097.0 -18696.0 
-18758.0 -19186.0 
-18692.0 -19225.0 
-18656.0 -19251.0 
-18732.0 -19197.0 
-18634.0 -19264.0 
-19002.0 -18878.0 
-18890.0 -19048.0 
-18817.0 -19127.0 
-18793.0 -19147.0 
-18295.0 -19407.0 
-18839.0 -19082.0 
-18656.0 -19251.0 
-18758.0 -19186.0 
-18701.0 -19210.0 
-18786.0 -19172.0 
-19062.0 -18798.0 
-18540.0 -19299.0 
-19079.0 -18740.0 
-18824.0 -19092.0 
-18967.0 -18922.0 
-18617.0 -19279.0 
-18965.0 -18927.0 
-19031.0 -18808.0 
-18921.0 -18991.0 
-19095.0 -18728.0 
-18884.0 -19074.0 
-18954.0 -18934.0 
-18979.0 -18912.0 
-18954.0 -18934.0 
-18992.0 -18887.0 
-18967.0 -18922.0 
-18942.0 -18986.0 
-18911.0 -19005.0 
-18996.0 -18884.0 
-18965.0 -18927.0 
-18996.0 -18884.0 
-18948.0 -18937.0 
-18297.0 -19392.0 
-19002.0 -18878.0 
-19026.0 -18877.0 
-18616.0 -19295.0 
-18992.0 -18887.0 
-18982.0 -18888.0 
-18892.0 -19006.0 
-19140.0 -18607.0 
-18268.0 -19428.0 
-18379.0 -19376.0 
-18435.0 -19353.0 
-18327.0 -19386.0 
-18456.0 -19343.0 
-18732.0 -19197.0 
