3.678281468691264877e-02
3.575084339871859029e-02
3.423438949614380361e-02
7.000939126288223402e-02
2.076802907818835892e-02
6.520914832506324865e-02
5.605550450464426987e-02
9.081369616998455352e-02
3.203781096817397145e-02
5.070838087584356862e-02
7.635863164808630310e-02
7.036512552106925777e-02
4.718863681460975373e-02
4.299095303282250008e-02
4.304398042354168341e-02
5.861552466698177755e-02
2.093733885133358674e-02
7.817927153982712207e-02
3.969679744375613495e-02
3.034319223326286188e-02
5.265290650132640332e-02
3.572151815019987409e-02
8.368836913249641518e-02
2.027645786165013439e-02
2.040777632667881841e-02
1.653670673428415949e-01
8.620890506419988386e-02
8.773549329061480773e-02
6.879176592945032698e-02
9.511343934824184609e-02
1.127562088575183863e-01
