-18704.0 -20145.0 
-19812.0 -19118.0 
-19812.0 -19118.0 
-18704.0 -20145.0 
-19689.0 -19418.0 
-18930.0 -20086.0 
-18980.0 -20065.0 
-19748.0 -19313.0 
-19641.0 -19423.0 
-19750.0 -19238.0 
-19706.0 -19329.0 
-19249.0 -19899.0 
-19192.0 -19910.0 
-19640.0 -19486.0 
-18741.0 -20131.0 
-19482.0 -19704.0 
-19520.0 -19642.0 
-19582.0 -19509.0 
-19132.0 -19958.0 
-19089.0 -19989.0 
-18863.0 -20098.0 
-19448.0 -19735.0 
-19784.0 -19166.0 
-19120.0 -19988.0 
-19536.0 -19602.0 
-19784.0 -19166.0 
-19775.0 -19199.0 
-19711.0 -19318.0 
-19453.0 -19708.0 
-19556.0 -19582.0 
-19190.0 -19939.0 
-18875.0 -20097.0 
-19325.0 -19854.0 
-19578.0 -19543.0 
-19775.0 -19199.0 
-19490.0 -19671.0 
-18815.0 -20104.0 
-19391.0 -19760.0 
-19259.0 -19865.0 
-19504.0 -19643.0 
-19003.0 -20040.0 
-18763.0 -20126.0 
-19750.0 -19238.0 
-19413.0 -19750.0 
-18763.0 -20126.0 
-19078.0 -20014.0 
-19610.0 -19504.0 
-19270.0 -19861.0 
-19337.0 -19832.0 
-18799.0 -20105.0 
-19490.0 -19671.0 
-19536.0 -19602.0 
-18799.0 -20105.0 
-19065.0 -20022.0 
-19376.0 -19789.0 
-19352.0 -19826.0 
-19578.0 -19543.0 
-19560.0 -19571.0 
-19293.0 -19860.0 
-19408.0 -19757.0 
-19165.0 -19945.0 
-19037.0 -20030.0 
-19560.0 -19571.0 
-19154.0 -19952.0 
-19003.0 -20040.0 
-19293.0 -19860.0 
-19706.0 -19329.0 
-19625.0 -19493.0 
-19376.0 -19789.0 
-19371.0 -19799.0 
-19357.0 -19818.0 
-19371.0 -19799.0 
-18875.0 -20097.0 
-19037.0 -20030.0 
-19022.0 -20034.0 
-19357.0 -19818.0 
-19625.0 -19493.0 
-18815.0 -20104.0 
-19689.0 -19418.0 
-19249.0 -19899.0 
-19065.0 -20022.0 
-19022.0 -20034.0 
-19448.0 -19735.0 
-19413.0 -19750.0 
-19610.0 -19504.0 
-19078.0 -20014.0 
-19325.0 -19854.0 
-19337.0 -19832.0 
-19391.0 -19760.0 
-19154.0 -19952.0 
-19165.0 -19945.0 
-19504.0 -19643.0 
-19259.0 -19865.0 
-19192.0 -19910.0 
-19120.0 -19988.0 
-19453.0 -19708.0 
-19640.0 -19486.0 
-19190.0 -19939.0 
-19748.0 -19313.0 
-19641.0 -19423.0 
