-18871.0 -20096.0 
-19792.0 -19169.0 
-19792.0 -19169.0 
-18871.0 -20096.0 
-18956.0 -20081.0 
-19471.0 -19722.0 
-19079.0 -20032.0 
-19016.0 -20039.0 
-19540.0 -19642.0 
-19330.0 -19857.0 
-19502.0 -19651.0 
-19578.0 -19544.0 
-19278.0 -19862.0 
-19112.0 -19979.0 
-19667.0 -19407.0 
-19497.0 -19671.0 
-19667.0 -19407.0 
-19104.0 -20008.0 
-19678.0 -19372.0 
-19011.0 -20047.0 
-19333.0 -19831.0 
-18966.0 -20074.0 
-19612.0 -19517.0 
-19763.0 -19201.0 
-19643.0 -19451.0 
-19552.0 -19599.0 
-19497.0 -19671.0 
-19751.0 -19244.0 
-19557.0 -19580.0 
-19702.0 -19342.0 
-19643.0 -19451.0 
-19432.0 -19737.0 
-19471.0 -19722.0 
-19637.0 -19470.0 
-19397.0 -19774.0 
-19771.0 -19182.0 
-19615.0 -19500.0 
-19226.0 -19907.0 
-19349.0 -19823.0 
-18966.0 -20074.0 
-19180.0 -19932.0 
-19723.0 -19288.0 
-19575.0 -19548.0 
-19637.0 -19470.0 
-19165.0 -19958.0 
-19709.0 -19292.0 
-19684.0 -19370.0 
-19708.0 -19308.0 
-19748.0 -19259.0 
-19240.0 -19883.0 
-19615.0 -19500.0 
-19079.0 -20032.0 
-19432.0 -19737.0 
-19104.0 -20008.0 
-19011.0 -20047.0 
-19763.0 -19201.0 
-19552.0 -19599.0 
-19739.0 -19266.0 
-19415.0 -19739.0 
-19369.0 -19790.0 
-19360.0 -19802.0 
-19612.0 -19517.0 
-19692.0 -19351.0 
-19566.0 -19568.0 
-19130.0 -19971.0 
-19751.0 -19244.0 
-19200.0 -19923.0 
-19129.0 -19974.0 
-19148.0 -19966.0 
-18956.0 -20081.0 
-19166.0 -19949.0 
-19228.0 -19894.0 
-19409.0 -19744.0 
-19174.0 -19942.0 
-19376.0 -19788.0 
-19739.0 -19266.0 
-19235.0 -19892.0 
-19360.0 -19802.0 
-19397.0 -19774.0 
-19406.0 -19754.0 
-19148.0 -19966.0 
-19252.0 -19876.0 
-19212.0 -19917.0 
-19265.0 -19872.0 
-19708.0 -19308.0 
-19540.0 -19642.0 
-19200.0 -19923.0 
-19566.0 -19568.0 
-19771.0 -19182.0 
-19376.0 -19788.0 
-19723.0 -19288.0 
-19212.0 -19917.0 
-19349.0 -19823.0 
-19406.0 -19754.0 
-19278.0 -19862.0 
-19253.0 -19874.0 
-19692.0 -19351.0 
-19175.0 -19934.0 
-19265.0 -19872.0 
-19702.0 -19342.0 
