4.234764519738128639e-03
4.214012918520526618e-03
3.122866611697412958e-03
4.169966423962723212e-03
3.766825146969498758e-03
5.358775655181139894e-03
4.839639405398671844e-03
4.898633014784737998e-03
4.377769613258496173e-03
4.600367156835909015e-03
4.651532716893428190e-03
4.103590061119039359e-03
5.042562741411040633e-03
3.899379752508112373e-03
4.782006947560596063e-03
5.094448035709769028e-03
3.468489773137886992e-03
5.987426888620301160e-03
5.152040674352457647e-03
4.630652978240898734e-03
4.266898565276540725e-03
4.417344728614685211e-03
4.405810391410863378e-03
4.121733958509571881e-03
4.109921667195311039e-03
4.467412933478938711e-03
3.878850161297280313e-03
5.612432604920461476e-03
5.371316254774994615e-03
4.326194144444171254e-03
4.389889779057692606e-03
