-19546.0 -20640.0 
-20166.0 -19989.0 
-19546.0 -20640.0 
-20166.0 -19989.0 
-19656.0 -20587.0 
-20140.0 -20063.0 
-19723.0 -20567.0 
-19607.0 -20618.0 
-20128.0 -20071.0 
-20036.0 -20262.0 
-19771.0 -20518.0 
-19607.0 -20618.0 
-20122.0 -20117.0 
-20101.0 -20150.0 
-19847.0 -20470.0 
-20054.0 -20227.0 
-20088.0 -20187.0 
-20036.0 -20262.0 
-20014.0 -20284.0 
-19638.0 -20612.0 
-19741.0 -20553.0 
-19805.0 -20506.0 
-20114.0 -20141.0 
-19771.0 -20518.0 
-19862.0 -20442.0 
-19996.0 -20293.0 
-20140.0 -20063.0 
-19930.0 -20368.0 
-19723.0 -20567.0 
-19656.0 -20587.0 
-19741.0 -20553.0 
-20054.0 -20227.0 
-20014.0 -20284.0 
-20061.0 -20213.0 
-19886.0 -20420.0 
-19976.0 -20335.0 
-20122.0 -20117.0 
-20088.0 -20187.0 
-19984.0 -20315.0 
-19953.0 -20343.0 
-19871.0 -20439.0 
-19948.0 -20366.0 
-19886.0 -20420.0 
-19993.0 -20310.0 
-19790.0 -20512.0 
-19897.0 -20409.0 
-19910.0 -20408.0 
-19830.0 -20471.0 
-19912.0 -20397.0 
-19807.0 -20484.0 
-20077.0 -20209.0 
-20101.0 -20150.0 
-20083.0 -20203.0 
-19642.0 -20605.0 
-19790.0 -20512.0 
-19642.0 -20605.0 
-19812.0 -20477.0 
-19830.0 -20471.0 
-19871.0 -20439.0 
-19862.0 -20442.0 
-19966.0 -20336.0 
-20114.0 -20141.0 
-19928.0 -20384.0 
-19847.0 -20470.0 
-19737.0 -20555.0 
-19737.0 -20555.0 
-19949.0 -20358.0 
-19919.0 -20394.0 
-19966.0 -20336.0 
-20128.0 -20071.0 
-19984.0 -20315.0 
-19897.0 -20409.0 
-19949.0 -20358.0 
-19996.0 -20293.0 
-19919.0 -20394.0 
-20061.0 -20213.0 
-20083.0 -20203.0 
-19953.0 -20343.0 
-19927.0 -20386.0 
-20077.0 -20209.0 
-19638.0 -20612.0 
-19808.0 -20478.0 
-19812.0 -20477.0 
-19976.0 -20335.0 
-19927.0 -20386.0 
-19993.0 -20310.0 
-19805.0 -20506.0 
-19807.0 -20484.0 
-19928.0 -20384.0 
-19930.0 -20368.0 
-19910.0 -20408.0 
-19948.0 -20366.0 
-19808.0 -20478.0 
-20166.0 -19989.0 
-19546.0 -20640.0 
-19607.0 -20618.0 
-20036.0 -20262.0 
-19771.0 -20518.0 
-20140.0 -20063.0 
-19723.0 -20567.0 
