0.748823847993937	3.175017371669216
0.8312320765029806	2.6922467733431668
0.06982117399964471	4.588747425530596
0.13904008774047127	4.173236655863652
0.8381489537930347	2.824826654522749
0.2967246668103495	3.660015083724122
0.801270914138329	2.9167120245718143
0.14016685416986563	3.953207452411742
0.9441924426484897	2.911319906517482
0.08071033703588892	4.398282342501508
0.20733621786604972	4.029920674881199
0.9821249016443793	2.6229434080892444
0.5118268625363761	3.250472534312819
0.8438180902695968	2.7063941117492045
0.022237906399700025	4.4447547729644405
0.16774091283479453	3.714684747285526
0.4266929800742365	3.453667415527935
0.914630836913306	2.7785450285078808
0.5976809753005901	3.094459490323372
0.45978998306149166	3.5182176976094115
0.6366133204236648	3.118247093068539
0.06772883061826673	4.149963315025371
0.6364427121051454	3.056697118615708
0.702336868060987	3.0116228075323503
0.8419906251169286	2.851156678467099
0.9655341766546292	2.708995501909792
0.06646420542551246	4.373496075518865
0.8344030230136162	2.7865536211527173
0.11228815360331612	4.347804380472355
0.4974073592851447	3.3687221622519323
0.1692956928662378	4.023855099253754
0.8748863747804251	2.761898575346261
0.10135822741275546	4.2322148900677306
0.91863247616932	2.5234790817867028
0.5229117919074088	3.3676049923768407
0.14065130412614746	3.782137138508336
0.2623078179359274	3.7465488553299298
0.06496859537918298	4.157872291439972
0.6439972745422987	3.0313081101466204
0.4868599394033034	3.4012639307009276
0.8954415586753501	2.6639310485530254
0.9021223586700803	2.819900443252788
0.6175944606511103	3.16651365860071
0.15954336735938568	3.965538380140505
0.8871525809872057	2.899162735050943
0.4747090867644541	3.1795111924643433
0.2969032916738952	3.667540607521341
0.8760647578587589	2.8746749712493083
0.25140245782339554	4.001744862601829
0.09233165852306568	4.227856814133549
0.16668838801208385	4.09020957551533
0.5172354597443101	3.2599392831285954
0.5059016121610128	3.393333921598226
0.5031698283574894	3.2280732128921645
0.6125852461489364	3.2765448064487
0.2693517017059268	3.622672365991123
0.32719339352541454	3.4144907380322693
0.7737323239790115	2.8143436287073405
0.04228556756530011	4.4858065478880755
0.07166239012702436	4.3720848820534135
0.6370284396144834	3.330410858482628
0.7423084691563102	3.1743498328874624
0.7354851701786049	2.8496419413129908
0.8881665574031788	2.835699279040845
0.9978815211656565	2.7044899104924607
0.17944870997728168	4.053032219563105
0.5517935688715102	3.3440856725677865
0.5736848080321142	3.1180049866612776
0.7687325558549829	3.1167214127460205
0.3661096087072504	3.6290785105618153
0.7506782197338663	3.07825069664609
0.8057962583621536	3.023599137655931
0.9736419821534421	2.7073624602018307
0.9802454913970781	2.6306328900649714
0.14566526374998523	3.9652862752627493
0.8808449116838438	2.753134906882402
0.4860067099284152	3.4074888379165107
0.4486144409075501	3.6579629192475602
0.10388116206296927	4.288401960534284
0.5323921483487548	3.2127699508534833
0.16389890026761	4.074933241911068
0.918794978852988	2.710642478150519
0.6474325810948018	3.051342419231318
0.5357518503122911	3.380708928655074
0.11749638291145947	4.239925893912904
0.30302640186749774	3.680194954324726
0.7213706914628193	3.0066093999436587
0.1881369460499992	3.8789904202456724
0.37129695435521193	3.6624520210465463
0.6496971615427599	3.1787607256384205
0.3362747491579854	3.375400487309358
0.6372695301499913	3.0620637730600175
0.13758563684150293	4.012520135052695
0.49081232780148565	3.1595326969369673
0.20991968840089736	3.8701355690673114
0.5465861633855075	3.2501922234737366
0.3173550373198256	3.524072764688254
0.620267508312904	3.188537782977304
0.5070707793932357	3.1400069112505666
0.21019874678905326	3.966786867983365
