2.387062395467667020e-01
1.484348996104741837e-02
6.946501896381764851e-01
1.414703603122670073e-01
5.811118788083383807e-02
8.530754568188171350e-01
1.630795649673575931e-01
8.792784856511552949e-01
8.999762017986254747e-01
3.997234378400407739e-02
1.449197660057384984e-01
7.887829506202850283e-01
7.939579842285997280e-02
1.662404103924146614e-01
7.832401749506491262e-01
1.122284278861150758e-01
7.712975455241525280e-01
7.570646852513256420e-01
8.181270459814175000e-01
6.832633525679351894e-02
7.219888209408596991e-01
7.439235192784215966e-01
3.384043141656402354e-02
6.792225375214261396e-01
1.293329160305354275e-01
1.507618161744850582e-01
1.606210325476760681e-01
1.109052339552217895e-02
1.411965576162661218e-01
2.853908664781297858e-02
4.333024510042737809e-02
