9.166750931200823E-17	1.4970440354856718
1.4963647187798788	0.0
0.8241063039011638	1.2489676563361962
0.7836431853557442	1.2747413948905952
1.3019308402367535	0.7376249735536599
0.9724776517670292	1.1372597868564307
1.4722999433127366	0.26712072406002496
0.855121417009111	1.2279667295926773
0.5719570430541598	1.3827360860174582
1.1944374120712986	0.9013310646211092
1.479380245012488	0.22494018054636264
1.138959037652812	0.9704751841103102
1.3462115518288478	0.6532892494186684
1.4184110953735767	0.47668098203851605
1.4457034358168541	0.3861802216745509
0.0937591048131931	1.4934229011792388
0.2951663763932602	1.4669540929270306
1.3295936888091393	0.6865720584406725
1.218693805255466	0.8682770082716228
1.318846186162535	0.7069984036549444
0.49736069064244126	1.41257494274489
1.4525408338195598	0.3596356941355019
0.1880700673245709	1.4863418290956927
1.0423509945176377	1.0735888582989777
0.3415173014332778	1.4568894309421916
1.1154734731682552	0.9974050446200279
0.14098219556567987	1.4897339921547084
0.5982589170783063	1.3715721400703875
0.06429179692658517	1.4949973097320464
0.9996709000643351	1.1134360792255642
1.2701853187901868	0.791141524996508
0.4206488025880068	1.436041258187147
1.357962283903872	0.6285169335544311
1.4649960824576278	0.3048502952636935
1.4345161124741372	0.42571306420587773
1.4609975417796066	0.3237327243479657
1.4305708782780882	0.4388163156805495
0.02508570570693962	1.4961594489280694
1.4842467520367324	0.18995666650121731
0.7333672787964379	1.304381912442907
1.4002045230612938	0.5278588097735212
0.27398678276138594	1.4711073446317835
1.0249330102610106	1.0902530135312762
0.2303631803327058	1.4785801683820456
0.4450342388961343	1.4286238581874657
0.3565067590656138	1.4532641069409562
0.8786618286722758	1.2111885182016655
1.1041170998276806	1.0099850787237143
1.2571566871439794	0.8116284227266974
1.487094481111023	0.16637923746145866
0.5394202850706091	1.4032289294625548
1.2466027496101217	0.8276779860752312
1.3738861207007416	0.5928756581231518
1.387946427336613	0.5592494777364647
1.064053979630353	1.052089248826811
0.9200731384049461	1.1801194368200745
1.4909734994123243	0.12676865248255983
0.9449254837854547	1.1602298296741058
1.3682443086145155	0.6057840744038754
0.5367660646964576	1.4040055475065885
1.1804541726661866	0.9196200335109953
0.24051628633161815	1.4769321568261984
0.9487547697769785	1.1571467410530272
0.16180533926084417	1.487595996733793
1.4955167796450366	0.04938867726822728
0.7634426127324971	1.2869891816809425
1.0102664557275247	1.1037982943400322
1.2844784773769096	0.7676703699836644
1.409631196385237	0.5020100953887437
1.385214551028122	0.567749288976805
1.155454246199729	0.9507837646465866
0.7532048472583404	1.2929653143808444
1.2351384331853876	0.8446886317485429
0.6245243327953713	1.3598583869759098
0.6549796501459957	1.3453951844725005
1.1721380415379357	0.9302203812886779
1.0690271610159832	1.0470617477747146
0.900152753824544	1.1953745548917207
0.6781530566527215	1.3339366053956772
1.4899902368377176	0.13799128077722145
1.4937208904240173	0.0893974397602626
0.7113380613273095	1.3164781269573012
0.3903029304465706	1.4445531625111383
1.493855304809674	0.08623389530121102
0.6846941003049947	1.330513538824561
0.7053200575532281	1.3197191088557447
1.2277186711487669	0.8555071390318384
0.3903029304465706	1.4445531625111383
0.4738422050656129	1.419340685020118
1.4955107770098832	0.04957180549455955
0.4673750324567541	1.4215291654131692
0.6233594982104788	1.3604097568846487
1.284228933562109	0.7680274976644368
1.0866459239010793	1.0287365135042155
0.8902923239419643	1.2027343886894937
1.1618343199216417	0.9457943571853149
1.086041872433345	1.0293712471411367
1.4060183083966524	0.512083268925981
0.9155467298017189	1.1835907705522772
0.6551188549744569	1.3453271081027625
