-19982.0 -19893.0 
-19982.0 -19893.0 
-19629.0 -20123.0 
-19629.0 -20123.0 
-19970.0 -20002.0 
-19722.0 -20109.0 
-19874.0 -20070.0 
-19844.0 -20077.0 
-19734.0 -20103.0 
-19970.0 -20002.0 
-19912.0 -20048.0 
-19912.0 -20048.0 
-19881.0 -20054.0 
-20001.0 -19839.0 
-19830.0 -20101.0 
-19963.0 -19994.0 
-19897.0 -20040.0 
-19897.0 -20040.0 
-19906.0 -20016.0 
-19906.0 -20016.0 
-19997.0 -19754.0 
-19767.0 -20100.0 
-19822.0 -20093.0 
-19822.0 -20093.0 
-19963.0 -19825.0 
-19963.0 -19825.0 
-19960.0 -19911.0 
-19932.0 -19986.0 
-19932.0 -19986.0 
-19932.0 -19986.0 
-19828.0 -20035.0 
-19881.0 -20028.0 
-19890.0 -20021.0 
-19881.0 -20028.0 
-19906.0 -19992.0 
-19905.0 -20004.0 
-19899.0 -20011.0 
-19899.0 -20011.0 
-19899.0 -20011.0 
-19899.0 -20011.0 
-19899.0 -20011.0 
-19899.0 -20011.0 
-19899.0 -20011.0 
-19899.0 -20011.0 
-19899.0 -20011.0 
-19899.0 -20011.0 
-19899.0 -20011.0 
-19899.0 -20011.0 
-19899.0 -20011.0 
-19899.0 -20011.0 
-19899.0 -20011.0 
-19899.0 -20011.0 
-19899.0 -20011.0 
-19899.0 -20011.0 
-19899.0 -20011.0 
-19899.0 -20011.0 
-19899.0 -20011.0 
-19899.0 -20011.0 
-19899.0 -20011.0 
-19899.0 -20011.0 
-19899.0 -20011.0 
-19899.0 -20011.0 
-19899.0 -20011.0 
-19899.0 -20011.0 
-19899.0 -20011.0 
-19899.0 -20011.0 
-19899.0 -20011.0 
-19899.0 -20011.0 
-19899.0 -20011.0 
-19899.0 -20011.0 
-19899.0 -20011.0 
-19899.0 -20011.0 
-19899.0 -20011.0 
-19899.0 -20011.0 
-19899.0 -20011.0 
-19899.0 -20011.0 
-19899.0 -20011.0 
-19899.0 -20011.0 
-19899.0 -20011.0 
-19899.0 -20011.0 
-19899.0 -20011.0 
-19899.0 -20011.0 
-19899.0 -20011.0 
-19899.0 -20011.0 
-19899.0 -20011.0 
-19899.0 -20011.0 
-19899.0 -20011.0 
-19899.0 -20011.0 
-19899.0 -20011.0 
-19899.0 -20011.0 
-19899.0 -20011.0 
-19899.0 -20011.0 
-19899.0 -20011.0 
-19803.0 -20055.0 
-19803.0 -20055.0 
-19803.0 -20055.0 
-19803.0 -20055.0 
-19803.0 -20055.0 
-19803.0 -20055.0 
-19803.0 -20055.0 
