-18384.0 -19412.0 
-19108.0 -18759.0 
-19108.0 -18759.0 
-18384.0 -19412.0 
-18738.0 -19195.0 
-18706.0 -19215.0 
-18440.0 -19362.0 
-18492.0 -19344.0 
-18581.0 -19305.0 
-19046.0 -18880.0 
-19075.0 -18825.0 
-19101.0 -18774.0 
-18802.0 -19137.0 
-19011.0 -18897.0 
-18756.0 -19175.0 
-18539.0 -19308.0 
-19060.0 -18842.0 
-18411.0 -19389.0 
-18794.0 -19154.0 
-18411.0 -19389.0 
-18881.0 -19072.0 
-18591.0 -19273.0 
-18440.0 -19362.0 
-18803.0 -19105.0 
-18887.0 -19070.0 
-18538.0 -19324.0 
-19075.0 -18825.0 
-18981.0 -18921.0 
-19101.0 -18774.0 
-18998.0 -18920.0 
-18948.0 -18980.0 
-18756.0 -19175.0 
-18906.0 -19023.0 
-18901.0 -19047.0 
-18509.0 -19330.0 
-18848.0 -19081.0 
-18969.0 -18975.0 
-19046.0 -18880.0 
-19060.0 -18842.0 
-18691.0 -19230.0 
-19011.0 -18897.0 
-18794.0 -19154.0 
-18932.0 -18999.0 
-18978.0 -18945.0 
-18901.0 -19047.0 
-18932.0 -18999.0 
-18675.0 -19231.0 
-18833.0 -19097.0 
-18811.0 -19101.0 
-18920.0 -19022.0 
-18660.0 -19244.0 
-18655.0 -19253.0 
-18613.0 -19262.0 
-18605.0 -19270.0 
-18840.0 -19084.0 
-18509.0 -19330.0 
-18948.0 -18980.0 
-18922.0 -19012.0 
-18494.0 -19339.0 
-18660.0 -19244.0 
-18970.0 -18962.0 
-18627.0 -19259.0 
-18642.0 -19256.0 
-18848.0 -19081.0 
-18627.0 -19259.0 
-18974.0 -18950.0 
-18922.0 -19012.0 
-18642.0 -19256.0 
-18691.0 -19230.0 
-18675.0 -19231.0 
-18970.0 -18962.0 
-18998.0 -18920.0 
-18581.0 -19305.0 
-18591.0 -19273.0 
-18811.0 -19101.0 
-18494.0 -19339.0 
-18836.0 -19090.0 
-18605.0 -19270.0 
-18613.0 -19262.0 
-18836.0 -19090.0 
-18974.0 -18950.0 
-18978.0 -18945.0 
-18655.0 -19253.0 
-18538.0 -19324.0 
-18833.0 -19097.0 
-18969.0 -18975.0 
-18906.0 -19023.0 
-18539.0 -19308.0 
-18981.0 -18921.0 
-18920.0 -19022.0 
-18440.0 -19362.0 
-18948.0 -18980.0 
-18922.0 -19012.0 
-18691.0 -19230.0 
-18998.0 -18920.0 
-18613.0 -19262.0 
-18974.0 -18950.0 
-18833.0 -19097.0 
-18833.0 -19097.0 
-18922.0 -19012.0 
