-19167.0 -18660.0 
-18472.0 -19422.0 
-18472.0 -19422.0 
-18647.0 -19349.0 
-19139.0 -18712.0 
-19139.0 -18712.0 
-18621.0 -19360.0 
-18702.0 -19279.0 
-18575.0 -19375.0 
-18667.0 -19339.0 
-18692.0 -19306.0 
-18505.0 -19397.0 
-18729.0 -19254.0 
-19127.0 -18748.0 
-18966.0 -19022.0 
-18830.0 -19175.0 
-19100.0 -18795.0 
-18758.0 -19253.0 
-18692.0 -19306.0 
-18785.0 -19203.0 
-18621.0 -19360.0 
-19113.0 -18773.0 
-18873.0 -19127.0 
-19023.0 -18934.0 
-18505.0 -19397.0 
-18799.0 -19200.0 
-18910.0 -19081.0 
-18967.0 -18991.0 
-19048.0 -18878.0 
-18575.0 -19375.0 
-18779.0 -19240.0 
-18718.0 -19274.0 
-18667.0 -19339.0 
-19079.0 -18797.0 
-18853.0 -19135.0 
-18551.0 -19388.0 
-19053.0 -18853.0 
-19026.0 -18906.0 
-18893.0 -19104.0 
-19127.0 -18748.0 
-18846.0 -19150.0 
-18846.0 -19150.0 
-18802.0 -19181.0 
-18883.0 -19106.0 
-18530.0 -19391.0 
-18554.0 -19381.0 
-18955.0 -19025.0 
-18530.0 -19391.0 
-19036.0 -18880.0 
-18931.0 -19053.0 
-19076.0 -18806.0 
-18915.0 -19055.0 
-18910.0 -19081.0 
-19065.0 -18830.0 
-18941.0 -19042.0 
-19053.0 -18853.0 
-18782.0 -19225.0 
-18999.0 -18952.0 
-18994.0 -18967.0 
-18758.0 -19253.0 
-18913.0 -19060.0 
-18810.0 -19180.0 
-18830.0 -19175.0 
-19063.0 -18833.0 
-19115.0 -18768.0 
-18933.0 -19047.0 
-19032.0 -18889.0 
-19076.0 -18806.0 
-18893.0 -19104.0 
-18941.0 -19042.0 
-19026.0 -18906.0 
-19010.0 -18945.0 
-19008.0 -18950.0 
-18873.0 -19127.0 
-18955.0 -19025.0 
-18782.0 -19225.0 
-19115.0 -18768.0 
-18974.0 -18983.0 
-18718.0 -19274.0 
-18977.0 -18970.0 
-18779.0 -19240.0 
-18975.0 -18975.0 
-19100.0 -18795.0 
-18971.0 -18988.0 
-18853.0 -19135.0 
-19032.0 -18889.0 
-19065.0 -18830.0 
-19023.0 -18934.0 
-19063.0 -18833.0 
-18810.0 -19180.0 
-19010.0 -18945.0 
-18729.0 -19254.0 
-18883.0 -19106.0 
-18985.0 -18969.0 
-18985.0 -18969.0 
-18554.0 -19381.0 
-18913.0 -19060.0 
-19048.0 -18878.0 
-18994.0 -18967.0 
-18999.0 -18952.0 
