-18546.0 -19358.0 
-19054.0 -18749.0 
-19054.0 -18749.0 
-18546.0 -19358.0 
-19031.0 -18836.0 
-18748.0 -19233.0 
-18950.0 -18939.0 
-18979.0 -18935.0 
-18560.0 -19348.0 
-18981.0 -18884.0 
-18948.0 -18991.0 
-18750.0 -19199.0 
-18779.0 -19198.0 
-19031.0 -18836.0 
-18862.0 -19083.0 
-18932.0 -19012.0 
-18781.0 -19165.0 
-18676.0 -19270.0 
-18707.0 -19265.0 
-18590.0 -19333.0 
-18889.0 -19069.0 
-18719.0 -19253.0 
-18932.0 -19012.0 
-18649.0 -19297.0 
-19008.0 -18873.0 
-18655.0 -19282.0 
-18905.0 -19038.0 
-19008.0 -18873.0 
-18719.0 -19253.0 
-19002.0 -18882.0 
-18622.0 -19300.0 
-18842.0 -19107.0 
-18826.0 -19123.0 
-18676.0 -19270.0 
-18822.0 -19149.0 
-18597.0 -19303.0 
-18905.0 -19038.0 
-18825.0 -19147.0 
-18809.0 -19157.0 
-18848.0 -19091.0 
-18948.0 -18991.0 
-18896.0 -19054.0 
-18595.0 -19320.0 
-18889.0 -19069.0 
-18652.0 -19285.0 
-18795.0 -19162.0 
-18590.0 -19333.0 
-18622.0 -19300.0 
-18809.0 -19157.0 
-18842.0 -19107.0 
-18607.0 -19301.0 
-18795.0 -19162.0 
-18828.0 -19120.0 
-18707.0 -19265.0 
-18903.0 -19047.0 
-18595.0 -19320.0 
-18828.0 -19120.0 
-18896.0 -19054.0 
-18607.0 -19301.0 
-18855.0 -19087.0 
-18855.0 -19087.0 
-18848.0 -19091.0 
-18903.0 -19047.0 
-19002.0 -18882.0 
-18649.0 -19297.0 
-18979.0 -18935.0 
-18950.0 -18939.0 
-18781.0 -19165.0 
-18597.0 -19303.0 
-18981.0 -18884.0 
-18779.0 -19198.0 
-18750.0 -19199.0 
-18825.0 -19147.0 
-19031.0 -18836.0 
-19008.0 -18873.0 
-18676.0 -19270.0 
-18905.0 -19038.0 
-18622.0 -19300.0 
-18842.0 -19107.0 
-18795.0 -19162.0 
-18896.0 -19054.0 
-18607.0 -19301.0 
-18855.0 -19087.0 
-18848.0 -19091.0 
-18979.0 -18935.0 
-18950.0 -18939.0 
-18597.0 -19303.0 
-18981.0 -18884.0 
-18779.0 -19198.0 
-18597.0 -19303.0 
-18950.0 -18939.0 
-18855.0 -19087.0 
-18950.0 -18939.0 
-18848.0 -19091.0 
-18842.0 -19107.0 
-18607.0 -19301.0 
-18950.0 -18939.0 
-18896.0 -19054.0 
-18950.0 -18939.0 
-18676.0 -19270.0 
