-18393.0 -19393.0 
-19115.0 -18633.0 
-18393.0 -19393.0 
-19115.0 -18633.0 
-18589.0 -19336.0 
-19043.0 -18863.0 
-18531.0 -19341.0 
-18963.0 -18971.0 
-19105.0 -18676.0 
-18928.0 -19042.0 
-19077.0 -18682.0 
-18829.0 -19140.0 
-18664.0 -19310.0 
-18929.0 -19015.0 
-18802.0 -19166.0 
-18991.0 -18905.0 
-19062.0 -18797.0 
-18972.0 -18933.0 
-19052.0 -18816.0 
-18508.0 -19362.0 
-18467.0 -19370.0 
-18628.0 -19320.0 
-18963.0 -18971.0 
-19070.0 -18748.0 
-18628.0 -19320.0 
-19000.0 -18901.0 
-18887.0 -19053.0 
-18673.0 -19258.0 
-19043.0 -18863.0 
-19000.0 -18901.0 
-18867.0 -19080.0 
-18854.0 -19111.0 
-18433.0 -19384.0 
-18929.0 -19015.0 
-18783.0 -19192.0 
-18724.0 -19232.0 
-18725.0 -19215.0 
-19072.0 -18720.0 
-18972.0 -18933.0 
-19070.0 -18748.0 
-18719.0 -19249.0 
-19072.0 -18720.0 
-18467.0 -19370.0 
-18530.0 -19350.0 
-18747.0 -19205.0 
-18768.0 -19202.0 
-18867.0 -19080.0 
-18702.0 -19250.0 
-18833.0 -19116.0 
-18508.0 -19362.0 
-18809.0 -19157.0 
-18783.0 -19192.0 
-18669.0 -19282.0 
-19052.0 -18816.0 
-19062.0 -18797.0 
-18444.0 -19381.0 
-18747.0 -19205.0 
-18702.0 -19250.0 
-18809.0 -19157.0 
-18444.0 -19381.0 
-18881.0 -19062.0 
-18433.0 -19384.0 
-18670.0 -19276.0 
-18768.0 -19202.0 
-18840.0 -19113.0 
-18881.0 -19062.0 
-19105.0 -18676.0 
-18854.0 -19111.0 
-18884.0 -19059.0 
-18664.0 -19310.0 
-18887.0 -19053.0 
-18530.0 -19350.0 
-18928.0 -19042.0 
-18669.0 -19282.0 
-19077.0 -18682.0 
-18673.0 -19258.0 
-18725.0 -19215.0 
-18840.0 -19113.0 
-18670.0 -19276.0 
-18833.0 -19116.0 
-18719.0 -19249.0 
-18963.0 -18971.0 
-18628.0 -19320.0 
-18929.0 -19015.0 
-18508.0 -19362.0 
-18444.0 -19381.0 
-18433.0 -19384.0 
-18768.0 -19202.0 
-19105.0 -18676.0 
-18854.0 -19111.0 
-19077.0 -18682.0 
-18673.0 -19258.0 
-18670.0 -19276.0 
-18833.0 -19116.0 
-18508.0 -19362.0 
-18508.0 -19362.0 
-18670.0 -19276.0 
-18673.0 -19258.0 
-18508.0 -19362.0 
-18673.0 -19258.0 
