115552.88742764284 137936.7547772505 
146342.72102749252 69527.60023978598 
111665.577559512 94668.87034276972 
135713.64755279152 16115.499367270913 
133873.32723198642 64542.07090897133 
155891.78689717874 82728.0711860594 
153703.92053537912 118666.66850454024 
115355.20932632075 91161.46222500583 
20149.38182453008 152147.31736820424 
182034.83318834205 1528.2996807737395 
81001.89208239313 122703.39888144245 
4646.082525554492 152016.07146389928 
59098.47069941901 169118.3367888868 
125858.73319962822 78930.15415344013 
75328.67596814885 146270.38721272198 
175344.09507963483 100570.63811683106 
20443.419035470437 141926.39085556965 
155415.43394870104 121285.65471364468 
162858.2411253972 27660.89756086197 
116575.09348083365 80256.84692685335 
26342.7749951253 143452.2167878199 
25541.94737932459 174539.66230600458 
99473.64819424071 125474.47633352295 
171614.96442353164 82682.988855383 
15141.427851329248 162407.70519265122 
148380.85644959542 82902.87406999254 
143103.77441807181 32516.28924812467 
138151.1065966404 120836.22357144137 
16117.262886160735 160255.61806229444 
143006.75832957553 96202.69750061198 
170172.95526376806 3561.738454206708 
63522.83053680912 126421.8763588356 
25135.133515694164 167002.98021958017 
139704.12880189353 94005.04190660277 
185758.17577676196 12241.636649623879 
165778.06755929542 1195.7832849637634 
161373.93131149965 57123.08449163406 
17897.541194022884 174422.04052862225 
107219.01596140924 124341.18682375213 
40118.16394212854 171721.1879062666 
40169.590907797145 166133.12326865733 
132326.90175271375 14027.84448017834 
77381.74197907763 103155.6855711914 
127964.12443970225 102732.96586118739 
82787.58462747846 171801.12113966874 
133922.97158397653 100552.97301013225 
13910.058359664805 179549.72843227081 
40443.96787570272 157110.48584616822 
129776.3742291774 128712.01138325926 
53166.591178699695 140834.65881549998 
16996.541461400688 124200.29866278528 
33011.302693486934 173931.1246450627 
77019.34327355222 115541.47848769678 
168662.11005193333 65021.5927586267 
24763.50728983511 176031.306366518 
134844.68489787186 101489.56775761266 
173381.03830537765 47436.8025424362 
184510.79762488336 29478.7165909325 
135787.6004628656 77037.37910040685 
137450.65714314923 105204.10657039807 
175976.99573006696 9530.496374280656 
142723.50346687704 53849.24102458839 
82242.83318803713 137729.08646032657 
29388.84847768738 148155.88812970338 
36829.872217644195 186241.55918427667 
160535.27530714357 83961.66495453623 
61776.347690849274 119707.45377758936 
117941.925704014 98815.11801608361 
167026.3698773413 18047.701915665722 
132901.9997271199 71071.85790763973 
166482.06852105242 82033.83257927236 
146823.30090187595 77773.5270871659 
21096.643010061936 127746.2672736477 
86611.61325310779 133257.4838233194 
131947.69347593517 44126.52347041161 
44244.8715399094 116447.6633256858 
79177.12166973093 128696.42137471594 
126189.78481109418 119813.60737654136 
140952.5888686079 79422.42365316857 
63000.440070265824 148082.09341536355 
130968.35898592122 95865.40317926387 
45868.04084271089 161771.4652228074 
90111.30536125353 105912.53906094769 
80123.62416396289 151444.02013011833 
33688.59259607344 127395.43878750986 
180414.8433003534 42354.890814647326 
93612.28176027164 100339.84249590857 
115394.19310660614 111457.0125621482 
144978.58959873006 12749.795149046193 
81938.7907166522 142158.74870380192 
102168.3488469569 121274.55728453619 
140162.0149188566 82550.42085825655 
66773.80211639182 119222.19900824183 
75304.66517294169 118173.13700600842 
7282.141643527962 149749.5583982901 
12889.037487795413 140486.95665010082 
159078.9602755282 108394.41555902125 
118636.14466906688 112955.35207043079 
139590.7870859323 125102.43977920712 
7981.200049437851 183188.96601916596 
