-18345.0 -19405.0 
-18345.0 -19405.0 
-19215.0 -18528.0 
-19149.0 -18734.0 
-19209.0 -18593.0 
-19173.0 -18629.0 
-19025.0 -18890.0 
-18582.0 -19264.0 
-18709.0 -19150.0 
-19156.0 -18686.0 
-18399.0 -19361.0 
-19156.0 -18686.0 
-18445.0 -19340.0 
-18974.0 -18926.0 
-18611.0 -19225.0 
-18445.0 -19340.0 
-19035.0 -18853.0 
-19111.0 -18743.0 
-18555.0 -19279.0 
-18375.0 -19379.0 
-18990.0 -18924.0 
-18375.0 -19379.0 
-18640.0 -19205.0 
-18747.0 -19144.0 
-18811.0 -19095.0 
-18957.0 -18953.0 
-18845.0 -19052.0 
-18891.0 -19028.0 
-18399.0 -19361.0 
-19025.0 -18890.0 
-19189.0 -18606.0 
-19051.0 -18839.0 
-18477.0 -19324.0 
-18873.0 -19042.0 
-18589.0 -19244.0 
-18519.0 -19288.0 
-19082.0 -18772.0 
-19173.0 -18629.0 
-19066.0 -18812.0 
-19107.0 -18756.0 
-18990.0 -18924.0 
-18478.0 -19314.0 
-18555.0 -19279.0 
-19066.0 -18812.0 
-18782.0 -19102.0 
-18909.0 -18980.0 
-18897.0 -19000.0 
-18903.0 -18982.0 
-19075.0 -18787.0 
-18694.0 -19178.0 
-18624.0 -19223.0 
-18655.0 -19190.0 
-18649.0 -19200.0 
-18505.0 -19295.0 
-19189.0 -18606.0 
-19051.0 -18839.0 
-18873.0 -19042.0 
-18765.0 -19119.0 
-18918.0 -18963.0 
-18690.0 -19182.0 
-18589.0 -19244.0 
-18842.0 -19057.0 
-18765.0 -19119.0 
-19035.0 -18853.0 
-19075.0 -18787.0 
-18897.0 -19000.0 
-18668.0 -19189.0 
-18957.0 -18953.0 
-19082.0 -18772.0 
-18937.0 -18959.0 
-18519.0 -19288.0 
-18753.0 -19135.0 
-18842.0 -19057.0 
-18822.0 -19076.0 
-18709.0 -19150.0 
-18506.0 -19293.0 
-18753.0 -19135.0 
-18668.0 -19189.0 
-18891.0 -19028.0 
-19107.0 -18756.0 
-18505.0 -19295.0 
-18822.0 -19076.0 
-18478.0 -19314.0 
-18694.0 -19178.0 
-19209.0 -18593.0 
-18821.0 -19077.0 
-18624.0 -19223.0 
-18776.0 -19107.0 
-18811.0 -19095.0 
-18477.0 -19324.0 
-18776.0 -19107.0 
-18937.0 -18959.0 
-18782.0 -19102.0 
-19111.0 -18743.0 
-18928.0 -18961.0 
-18747.0 -19144.0 
-18821.0 -19077.0 
-18928.0 -18961.0 
-18918.0 -18963.0 
-18690.0 -19182.0 
