-18599.0 -19254.0 
-19233.0 -18454.0 
-19233.0 -18454.0 
-18902.0 -19004.0 
-19056.0 -18811.0 
-18664.0 -19215.0 
-19146.0 -18647.0 
-18906.0 -18950.0 
-19006.0 -18833.0 
-18727.0 -19100.0 
-19003.0 -18859.0 
-18695.0 -19159.0 
-18695.0 -19159.0 
-19043.0 -18828.0 
-18632.0 -19237.0 
-18795.0 -19092.0 
-18867.0 -19038.0 
-18867.0 -19038.0 
-18926.0 -18933.0 
-18664.0 -19215.0 
-19066.0 -18760.0 
-18773.0 -19095.0 
-18969.0 -18892.0 
-18961.0 -18924.0 
-18632.0 -19237.0 
-19192.0 -18585.0 
-19221.0 -18483.0 
-18808.0 -19076.0 
-18837.0 -19072.0 
-19221.0 -18483.0 
-19197.0 -18552.0 
-19203.0 -18523.0 
-18844.0 -19056.0 
-19171.0 -18623.0 
-19113.0 -18704.0 
-19203.0 -18523.0 
-18706.0 -19129.0 
-19129.0 -18672.0 
-19003.0 -18859.0 
-19075.0 -18741.0 
-19173.0 -18611.0 
-18969.0 -18892.0 
-18926.0 -18933.0 
-19093.0 -18711.0 
-18773.0 -19095.0 
-19192.0 -18585.0 
-19074.0 -18757.0 
-19125.0 -18686.0 
-19173.0 -18611.0 
-18705.0 -19133.0 
-19134.0 -18660.0 
-18844.0 -19056.0 
-19171.0 -18623.0 
-18967.0 -18909.0 
-19125.0 -18686.0 
-19199.0 -18543.0 
-19113.0 -18704.0 
-18906.0 -18950.0 
-19043.0 -18828.0 
-18808.0 -19076.0 
-19134.0 -18660.0 
-19080.0 -18728.0 
-18718.0 -19112.0 
-18718.0 -19112.0 
-18967.0 -18909.0 
-18705.0 -19133.0 
-18961.0 -18924.0 
-19066.0 -18760.0 
-19090.0 -18719.0 
-19199.0 -18543.0 
-18722.0 -19102.0 
-18837.0 -19072.0 
-19085.0 -18725.0 
-19093.0 -18711.0 
-19090.0 -18719.0 
-19085.0 -18725.0 
-19080.0 -18728.0 
-19006.0 -18833.0 
-18719.0 -19109.0 
-18719.0 -19109.0 
-18722.0 -19102.0 
-18664.0 -19215.0 
-18632.0 -19237.0 
-19221.0 -18483.0 
-19203.0 -18523.0 
-19003.0 -18859.0 
-18926.0 -18933.0 
-19173.0 -18611.0 
-18808.0 -19076.0 
-18961.0 -18924.0 
-19066.0 -18760.0 
-18837.0 -19072.0 
-19093.0 -18711.0 
-19090.0 -18719.0 
-18719.0 -19109.0 
-18722.0 -19102.0 
-19090.0 -18719.0 
-19093.0 -18711.0 
-18722.0 -19102.0 
-19173.0 -18611.0 
