-19149.0 -18656.0 
-18509.0 -19197.0 
-19149.0 -18656.0 
-19065.0 -18708.0 
-18628.0 -19120.0 
-18625.0 -19157.0 
-18718.0 -19109.0 
-18764.0 -19077.0 
-18580.0 -19164.0 
-19121.0 -18687.0 
-18770.0 -19047.0 
-19059.0 -18754.0 
-18531.0 -19186.0 
-18580.0 -19164.0 
-18673.0 -19118.0 
-19043.0 -18782.0 
-18838.0 -19021.0 
-19034.0 -18805.0 
-19051.0 -18774.0 
-19026.0 -18841.0 
-18531.0 -19186.0 
-18673.0 -19118.0 
-19087.0 -18700.0 
-19121.0 -18687.0 
-18798.0 -19046.0 
-18820.0 -19036.0 
-18923.0 -18933.0 
-18943.0 -18912.0 
-18943.0 -18912.0 
-18993.0 -18865.0 
-19087.0 -18700.0 
-18728.0 -19082.0 
-19015.0 -18855.0 
-18845.0 -18992.0 
-18923.0 -18933.0 
-18957.0 -18896.0 
-19032.0 -18815.0 
-18727.0 -19083.0 
-18820.0 -19036.0 
-19059.0 -18754.0 
-18913.0 -18949.0 
-18888.0 -18974.0 
-18957.0 -18896.0 
-18838.0 -19021.0 
-18798.0 -19046.0 
-18869.0 -18978.0 
-18858.0 -18981.0 
-18896.0 -18966.0 
-18983.0 -18878.0 
-18971.0 -18885.0 
-18718.0 -19109.0 
-19032.0 -18815.0 
-19002.0 -18862.0 
-18983.0 -18878.0 
-19002.0 -18862.0 
-18913.0 -18949.0 
-18869.0 -18978.0 
-18971.0 -18885.0 
-18901.0 -18955.0 
-18858.0 -18981.0 
-18896.0 -18966.0 
-19021.0 -18847.0 
-18978.0 -18884.0 
-18847.0 -18990.0 
-19021.0 -18847.0 
-18888.0 -18974.0 
-18847.0 -18990.0 
-18764.0 -19077.0 
-18625.0 -19157.0 
-18903.0 -18954.0 
-18727.0 -19083.0 
-18845.0 -18992.0 
-18903.0 -18954.0 
-18770.0 -19047.0 
-18728.0 -19082.0 
-18978.0 -18884.0 
-18901.0 -18955.0 
-18628.0 -19120.0 
-18531.0 -19186.0 
-18673.0 -19118.0 
-18923.0 -18933.0 
-18957.0 -18896.0 
-18798.0 -19046.0 
-19032.0 -18815.0 
-19002.0 -18862.0 
-18869.0 -18978.0 
-18858.0 -18981.0 
-18896.0 -18966.0 
-18770.0 -19047.0 
-18978.0 -18884.0 
-19032.0 -18815.0 
-18858.0 -18981.0 
-18858.0 -18981.0 
-18896.0 -18966.0 
-18531.0 -19186.0 
-18896.0 -18966.0 
-19032.0 -18815.0 
-18896.0 -18966.0 
-18978.0 -18884.0 
-18923.0 -18933.0 
