-18194.0 -19439.0 
-18194.0 -19439.0 
-19217.0 -18438.0 
-19113.0 -18703.0 
-18782.0 -19133.0 
-19041.0 -18870.0 
-19204.0 -18475.0 
-18597.0 -19264.0 
-19058.0 -18780.0 
-18417.0 -19372.0 
-18308.0 -19411.0 
-18360.0 -19376.0 
-18219.0 -19438.0 
-18818.0 -19094.0 
-18818.0 -19094.0 
-19114.0 -18635.0 
-19085.0 -18756.0 
-18510.0 -19321.0 
-18947.0 -18971.0 
-18858.0 -19054.0 
-19154.0 -18618.0 
-19168.0 -18533.0 
-18558.0 -19307.0 
-18452.0 -19329.0 
-18885.0 -19041.0 
-19156.0 -18563.0 
-18690.0 -19198.0 
-18647.0 -19225.0 
-18515.0 -19308.0 
-18954.0 -18926.0 
-18858.0 -19054.0 
-19185.0 -18510.0 
-18219.0 -19438.0 
-18632.0 -19241.0 
-18737.0 -19144.0 
-18906.0 -19007.0 
-18360.0 -19376.0 
-19085.0 -18756.0 
-18315.0 -19409.0 
-18446.0 -19333.0 
-18707.0 -19150.0 
-19185.0 -18510.0 
-18922.0 -18996.0 
-18575.0 -19288.0 
-18575.0 -19288.0 
-18990.0 -18913.0 
-18737.0 -19144.0 
-18315.0 -19409.0 
-19002.0 -18879.0 
-18632.0 -19241.0 
-18664.0 -19217.0 
-18922.0 -18996.0 
-18308.0 -19411.0 
-18885.0 -19041.0 
-18664.0 -19217.0 
-18417.0 -19372.0 
-18446.0 -19333.0 
-18702.0 -19167.0 
-18947.0 -18971.0 
-18906.0 -19007.0 
-18690.0 -19198.0 
-19067.0 -18775.0 
-18963.0 -18925.0 
-19021.0 -18872.0 
-18991.0 -18899.0 
-18702.0 -19167.0 
-19151.0 -18623.0 
-19067.0 -18775.0 
-18703.0 -19154.0 
-19058.0 -18780.0 
-18991.0 -18899.0 
-19160.0 -18550.0 
-19160.0 -18550.0 
-18963.0 -18925.0 
-19021.0 -18872.0 
-19137.0 -18624.0 
-19002.0 -18879.0 
-18558.0 -19307.0 
-19120.0 -18630.0 
-19132.0 -18629.0 
-19156.0 -18563.0 
-18452.0 -19329.0 
-18990.0 -18913.0 
-18510.0 -19321.0 
-18954.0 -18926.0 
-19120.0 -18630.0 
-19114.0 -18635.0 
-19132.0 -18629.0 
-19137.0 -18624.0 
-18515.0 -19308.0 
-18360.0 -19376.0 
-19185.0 -18510.0 
-18575.0 -19288.0 
-18417.0 -19372.0 
-18947.0 -18971.0 
-18702.0 -19167.0 
-18963.0 -18925.0 
-19156.0 -18563.0 
-18417.0 -19372.0 
-19156.0 -18563.0 
