-18381.0 -19363.0 
-19233.0 -18479.0 
-19233.0 -18479.0 
-18381.0 -19363.0 
-18498.0 -19328.0 
-19187.0 -18666.0 
-18416.0 -19333.0 
-19203.0 -18499.0 
-19001.0 -18916.0 
-19202.0 -18576.0 
-19202.0 -18576.0 
-19024.0 -18871.0 
-18953.0 -18924.0 
-18415.0 -19356.0 
-18818.0 -19083.0 
-18723.0 -19170.0 
-18557.0 -19265.0 
-19068.0 -18826.0 
-19086.0 -18797.0 
-18550.0 -19296.0 
-18843.0 -19066.0 
-18526.0 -19302.0 
-19005.0 -18885.0 
-19128.0 -18707.0 
-19090.0 -18759.0 
-19041.0 -18834.0 
-19187.0 -18666.0 
-18613.0 -19238.0 
-19144.0 -18697.0 
-18812.0 -19100.0 
-18636.0 -19236.0 
-18853.0 -19045.0 
-18923.0 -18993.0 
-18608.0 -19253.0 
-18650.0 -19219.0 
-18690.0 -19195.0 
-18938.0 -18945.0 
-18690.0 -19195.0 
-18890.0 -19016.0 
-18652.0 -19215.0 
-18526.0 -19302.0 
-18584.0 -19260.0 
-19037.0 -18841.0 
-19100.0 -18732.0 
-19086.0 -18797.0 
-19109.0 -18712.0 
-18884.0 -19030.0 
-19144.0 -18697.0 
-18911.0 -19003.0 
-19090.0 -18759.0 
-18728.0 -19141.0 
-18932.0 -18968.0 
-18723.0 -19170.0 
-18584.0 -19260.0 
-18949.0 -18936.0 
-19068.0 -18826.0 
-19143.0 -18698.0 
-18665.0 -19199.0 
-18788.0 -19107.0 
-18753.0 -19123.0 
-19217.0 -18492.0 
-18911.0 -19003.0 
-19100.0 -18732.0 
-18750.0 -19130.0 
-18765.0 -19120.0 
-18738.0 -19132.0 
-18866.0 -19040.0 
-18866.0 -19040.0 
-18777.0 -19108.0 
-18925.0 -18977.0 
-19217.0 -18492.0 
-19037.0 -18841.0 
-18939.0 -18939.0 
-18730.0 -19133.0 
-18890.0 -19016.0 
-18678.0 -19197.0 
-18788.0 -19107.0 
-19005.0 -18885.0 
-19106.0 -18717.0 
-18844.0 -19058.0 
-18636.0 -19236.0 
-19231.0 -18481.0 
-18884.0 -19030.0 
-18675.0 -19198.0 
-18765.0 -19120.0 
-18932.0 -18968.0 
-18665.0 -19199.0 
-18844.0 -19058.0 
-18777.0 -19108.0 
-18550.0 -19296.0 
-18812.0 -19100.0 
-18728.0 -19141.0 
-19231.0 -18481.0 
-18557.0 -19265.0 
-18608.0 -19253.0 
-19106.0 -18717.0 
-18925.0 -18977.0 
-18416.0 -19333.0 
-19202.0 -18576.0 
-18777.0 -19108.0 
