-19298.0 -18555.0 
-18466.0 -19548.0 
-19298.0 -18555.0 
-18466.0 -19548.0 
-19202.0 -18881.0 
-18683.0 -19458.0 
-19125.0 -19039.0 
-18621.0 -19462.0 
-18882.0 -19316.0 
-19142.0 -18996.0 
-18546.0 -19520.0 
-18499.0 -19526.0 
-19228.0 -18821.0 
-18831.0 -19338.0 
-19044.0 -19128.0 
-18903.0 -19260.0 
-19149.0 -18933.0 
-18993.0 -19183.0 
-18938.0 -19254.0 
-19228.0 -18821.0 
-19240.0 -18694.0 
-19082.0 -19053.0 
-19166.0 -18923.0 
-18730.0 -19416.0 
-18808.0 -19370.0 
-19289.0 -18586.0 
-19079.0 -19085.0 
-19142.0 -18996.0 
-19071.0 -19104.0 
-19273.0 -18630.0 
-19289.0 -18586.0 
-19166.0 -18923.0 
-19273.0 -18630.0 
-18966.0 -19188.0 
-18890.0 -19286.0 
-18548.0 -19504.0 
-19232.0 -18746.0 
-18568.0 -19494.0 
-18599.0 -19484.0 
-19230.0 -18783.0 
-18808.0 -19370.0 
-19230.0 -18783.0 
-18954.0 -19202.0 
-19004.0 -19168.0 
-18765.0 -19396.0 
-19263.0 -18687.0 
-19019.0 -19131.0 
-18890.0 -19286.0 
-18704.0 -19420.0 
-19125.0 -19039.0 
-18830.0 -19346.0 
-18567.0 -19500.0 
-19071.0 -19104.0 
-19269.0 -18662.0 
-18782.0 -19384.0 
-18941.0 -19231.0 
-19035.0 -19129.0 
-18741.0 -19398.0 
-19238.0 -18719.0 
-18882.0 -19316.0 
-18479.0 -19542.0 
-18736.0 -19402.0 
-19152.0 -18930.0 
-18499.0 -19526.0 
-18479.0 -19542.0 
-19016.0 -19142.0 
-19232.0 -18746.0 
-19238.0 -18719.0 
-18685.0 -19440.0 
-19004.0 -19168.0 
-18943.0 -19227.0 
-18954.0 -19202.0 
-18693.0 -19424.0 
-18690.0 -19437.0 
-18599.0 -19484.0 
-19016.0 -19142.0 
-18830.0 -19346.0 
-19081.0 -19062.0 
-18831.0 -19338.0 
-18903.0 -19260.0 
-18612.0 -19478.0 
-19268.0 -18676.0 
-18966.0 -19188.0 
-19269.0 -18662.0 
-18782.0 -19384.0 
-18765.0 -19396.0 
-18778.0 -19386.0 
-18943.0 -19227.0 
-18704.0 -19420.0 
-19082.0 -19053.0 
-18778.0 -19386.0 
-18616.0 -19472.0 
-19263.0 -18687.0 
-19268.0 -18676.0 
-18616.0 -19472.0 
-19081.0 -19062.0 
-19149.0 -18933.0 
-18568.0 -19494.0 
-18612.0 -19478.0 
-18938.0 -19254.0 
