-20736.0 -20725.0 
-20538.0 -21099.0 
-20636.0 -21007.0 
-20326.0 -21174.0 
-20707.0 -20773.0 
-20637.0 -20910.0 
-20696.0 -20807.0 
-20696.0 -20807.0 
-20696.0 -20807.0 
-20547.0 -21079.0 
-20702.0 -20783.0 
-20696.0 -20807.0 
-20702.0 -20783.0 
-20671.0 -20867.0 
-20601.0 -21051.0 
-20671.0 -20867.0 
-20671.0 -20867.0 
-20365.0 -21124.0 
-20671.0 -20867.0 
-20365.0 -21124.0 
-20327.0 -21155.0 
-20362.0 -21142.0 
-20631.0 -20941.0 
-20605.0 -20969.0 
-20605.0 -20969.0 
-20605.0 -20969.0 
-20372.0 -21076.0 
-20394.0 -21074.0 
-20434.0 -21071.0 
-20394.0 -21074.0 
-20477.0 -21068.0 
-20680.0 -20789.0 
-20552.0 -21050.0 
-20580.0 -21029.0 
-20667.0 -20805.0 
-20667.0 -20805.0 
-20667.0 -20805.0 
-20667.0 -20805.0 
-20655.0 -20806.0 
-20667.0 -20805.0 
-20667.0 -20805.0 
-20348.0 -21090.0 
-20351.0 -21079.0 
-20296.0 -21096.0 
-20622.0 -20927.0 
-20597.0 -20961.0 
-20597.0 -20961.0 
-20603.0 -20944.0 
-20356.0 -21074.0 
-20370.0 -21054.0 
-20678.0 -20684.0 
-20475.0 -21040.0 
-20475.0 -21040.0 
-20566.0 -21027.0 
-20573.0 -20997.0 
-20573.0 -20997.0 
-20573.0 -20997.0 
-20573.0 -20997.0 
-20573.0 -20997.0 
-20573.0 -20997.0 
-20573.0 -20997.0 
-20573.0 -20997.0 
-20573.0 -20997.0 
-20573.0 -20997.0 
-20571.0 -20998.0 
-20571.0 -20998.0 
-20571.0 -20998.0 
-20566.0 -21027.0 
-20580.0 -20971.0 
-20580.0 -20971.0 
-20580.0 -20971.0 
-20663.0 -20742.0 
-20661.0 -20784.0 
-20638.0 -20803.0 
-20638.0 -20803.0 
-20638.0 -20803.0 
-20638.0 -20803.0 
-20320.0 -21088.0 
-20621.0 -20888.0 
-20611.0 -20919.0 
-20369.0 -21051.0 
-20330.0 -21054.0 
-20348.0 -21053.0 
-20417.0 -21040.0 
-20486.0 -21016.0 
-20540.0 -21013.0 
-20553.0 -20998.0 
-20553.0 -20998.0 
-20445.0 -21026.0 
-20571.0 -20936.0 
-20658.0 -20695.0 
-20653.0 -20771.0 
-20657.0 -20722.0 
-20630.0 -20801.0 
-20637.0 -20782.0 
-20319.0 -21072.0 
-20319.0 -21072.0 
-20319.0 -21072.0 
-20657.0 -20297.0 
-20306.0 -21072.0 
