-19310.0 -18297.0 
-18282.0 -19418.0 
-19310.0 -18297.0 
-18282.0 -19418.0 
-19216.0 -18630.0 
-19222.0 -18539.0 
-18357.0 -19394.0 
-19240.0 -18470.0 
-19292.0 -18378.0 
-18878.0 -19027.0 
-18741.0 -19145.0 
-18953.0 -18938.0 
-18531.0 -19288.0 
-19238.0 -18528.0 
-18380.0 -19369.0 
-18424.0 -19366.0 
-19090.0 -18767.0 
-19178.0 -18632.0 
-19031.0 -18833.0 
-19264.0 -18431.0 
-18503.0 -19290.0 
-18842.0 -19031.0 
-18451.0 -19343.0 
-18696.0 -19164.0 
-18784.0 -19098.0 
-18540.0 -19257.0 
-19266.0 -18381.0 
-18760.0 -19117.0 
-19301.0 -18331.0 
-19161.0 -18689.0 
-18990.0 -18893.0 
-18798.0 -19089.0 
-18612.0 -19242.0 
-19115.0 -18721.0 
-19112.0 -18746.0 
-18673.0 -19199.0 
-18363.0 -19372.0 
-18927.0 -18946.0 
-18581.0 -19252.0 
-19018.0 -18861.0 
-19049.0 -18827.0 
-18962.0 -18903.0 
-19000.0 -18867.0 
-18765.0 -19114.0 
-19096.0 -18752.0 
-18960.0 -18906.0 
-18556.0 -19255.0 
-19301.0 -18331.0 
-18808.0 -19069.0 
-18492.0 -19310.0 
-19173.0 -18652.0 
-19064.0 -18786.0 
-18914.0 -18981.0 
-19258.0 -18438.0 
-18471.0 -19331.0 
-18696.0 -19164.0 
-18885.0 -19000.0 
-19254.0 -18460.0 
-18654.0 -19207.0 
-18720.0 -19150.0 
-19161.0 -18689.0 
-18922.0 -18960.0 
-19143.0 -18712.0 
-18454.0 -19336.0 
-19051.0 -18808.0 
-19173.0 -18652.0 
-18492.0 -19310.0 
-18829.0 -19049.0 
-18424.0 -19366.0 
-18831.0 -19039.0 
-19269.0 -18379.0 
-18720.0 -19150.0 
-18808.0 -19069.0 
-18628.0 -19221.0 
-18896.0 -18989.0 
-18357.0 -19394.0 
-18578.0 -19254.0 
-19064.0 -18786.0 
-18659.0 -19201.0 
-19234.0 -18536.0 
-18471.0 -19331.0 
-18612.0 -19242.0 
-18673.0 -19199.0 
-18637.0 -19214.0 
-18628.0 -19221.0 
-19143.0 -18712.0 
-19133.0 -18715.0 
-18829.0 -19049.0 
-18990.0 -18893.0 
-19018.0 -18861.0 
-18896.0 -18989.0 
-19054.0 -18799.0 
-18924.0 -18956.0 
-18885.0 -19000.0 
-19133.0 -18715.0 
-19000.0 -18867.0 
-18637.0 -19214.0 
-18914.0 -18981.0 
-19054.0 -18799.0 
-19254.0 -18460.0 
