6.361763156256742234e-03
2.476132634281559054e-04
9.513585793452791284e-04
3.496348211346230264e-03
4.080670223271081615e-02
3.417895747350895019e-02
1.695558622061850082e-02
8.633228439954317504e-03
2.117608056366748065e-03
8.455911944083158637e-04
6.172676188121727385e-04
1.998909354873533786e-02
2.169304488120569942e-03
5.616989826022752118e-03
1.548272019139497295e-02
9.678551287202531370e-03
2.820770987829266524e-04
1.642486396283244577e-03
1.005165052851117935e-03
5.243417239829712296e-04
1.010631653719445792e-02
1.607865240889753619e-02
1.300283190063580493e-03
2.679379041736579866e-03
1.130919464274903613e-02
1.197409932846894669e-02
7.749255826231040215e-03
5.041563941069475592e-03
9.798277317973001430e-03
1.170872370580212929e-02
4.837065411193938042e-03
