3.684413291723205586e-02
1.576254552254406985e-02
7.226322003167137860e-03
2.196202602911740461e-03
5.443217717517589982e-02
1.420756876660929646e-01
1.465184542383179446e-02
5.386710240638194896e-02
1.343743627594277262e-02
1.074534751196187972e-02
5.818668700021972090e-02
9.894551077144183096e-03
2.377211557887730364e-02
2.609835835591039349e-02
6.774279694134248408e-02
1.414450457689357329e-02
7.168471976271780476e-03
1.175780644353350418e-01
8.393939580124365474e-02
2.842883493268354590e-03
5.612839948280632513e-02
6.324974535719400659e-02
3.153533100084684321e-02
6.068632451306609291e-03
6.802737154525494287e-04
9.868367674401776462e-04
1.905084090999225764e-03
7.470185825613810671e-02
1.446398303516739084e-03
1.416657328701898325e-02
6.939174910718554079e-02
