-19173.0 -18465.0 
-18485.0 -19323.0 
-19173.0 -18465.0 
-18485.0 -19323.0 
-19121.0 -18725.0 
-19143.0 -18617.0 
-18813.0 -19135.0 
-18633.0 -19265.0 
-18738.0 -19176.0 
-18830.0 -19079.0 
-19160.0 -18532.0 
-18710.0 -19200.0 
-19022.0 -18856.0 
-19160.0 -18532.0 
-18769.0 -19165.0 
-19010.0 -18903.0 
-18773.0 -19149.0 
-18922.0 -19002.0 
-18664.0 -19227.0 
-18587.0 -19270.0 
-19151.0 -18591.0 
-18560.0 -19275.0 
-18526.0 -19317.0 
-18644.0 -19233.0 
-19034.0 -18827.0 
-19055.0 -18818.0 
-18664.0 -19227.0 
-19094.0 -18758.0 
-18977.0 -18934.0 
-18848.0 -19076.0 
-18858.0 -19052.0 
-18928.0 -18972.0 
-18533.0 -19300.0 
-18870.0 -19036.0 
-18898.0 -19030.0 
-19071.0 -18782.0 
-18940.0 -18953.0 
-18560.0 -19275.0 
-18587.0 -19270.0 
-18923.0 -18977.0 
-19098.0 -18729.0 
-19077.0 -18766.0 
-19010.0 -18903.0 
-18813.0 -19135.0 
-19014.0 -18878.0 
-18712.0 -19178.0 
-18977.0 -18934.0 
-19151.0 -18591.0 
-18957.0 -18951.0 
-19143.0 -18617.0 
-19058.0 -18789.0 
-19149.0 -18613.0 
-19099.0 -18727.0 
-18906.0 -19021.0 
-18906.0 -19021.0 
-18975.0 -18940.0 
-18710.0 -19200.0 
-18533.0 -19300.0 
-19014.0 -18878.0 
-18957.0 -18951.0 
-18830.0 -19079.0 
-19034.0 -18827.0 
-18711.0 -19180.0 
-18644.0 -19233.0 
-18773.0 -19149.0 
-18633.0 -19265.0 
-19059.0 -18786.0 
-18531.0 -19311.0 
-18940.0 -18953.0 
-18898.0 -19030.0 
-19077.0 -18766.0 
-18848.0 -19076.0 
-18867.0 -19045.0 
-18975.0 -18940.0 
-19094.0 -18758.0 
-19055.0 -18818.0 
-18526.0 -19317.0 
-18863.0 -19049.0 
-18870.0 -19036.0 
-18531.0 -19311.0 
-18863.0 -19049.0 
-18867.0 -19045.0 
-19058.0 -18789.0 
-19149.0 -18613.0 
-19059.0 -18786.0 
-18712.0 -19178.0 
-19099.0 -18727.0 
-18711.0 -19180.0 
-18485.0 -19323.0 
-18664.0 -19227.0 
-18813.0 -19135.0 
-19151.0 -18591.0 
-18830.0 -19079.0 
-18644.0 -19233.0 
-19149.0 -18613.0 
-18664.0 -19227.0 
-18664.0 -19227.0 
-19149.0 -18613.0 
-19151.0 -18591.0 
-19149.0 -18613.0 
