-18239.0 -19396.0 
-18239.0 -19396.0 
-19193.0 -18552.0 
-19193.0 -18552.0 
-18389.0 -19358.0 
-18372.0 -19385.0 
-19140.0 -18665.0 
-18479.0 -19356.0 
-18486.0 -19322.0 
-19049.0 -18828.0 
-18283.0 -19394.0 
-19097.0 -18764.0 
-19159.0 -18578.0 
-18671.0 -19267.0 
-19153.0 -18622.0 
-18537.0 -19317.0 
-18709.0 -19211.0 
-18689.0 -19249.0 
-19069.0 -18774.0 
-18707.0 -19243.0 
-19143.0 -18627.0 
-19101.0 -18718.0 
-19125.0 -18698.0 
-18877.0 -19068.0 
-18626.0 -19289.0 
-18636.0 -19271.0 
-19039.0 -18859.0 
-18979.0 -18936.0 
-18885.0 -19039.0 
-18266.0 -19395.0 
-18482.0 -19354.0 
-19042.0 -18830.0 
-18957.0 -18971.0 
-18832.0 -19125.0 
-18967.0 -18945.0 
-18586.0 -19298.0 
-18899.0 -19033.0 
-19071.0 -18771.0 
-18568.0 -19299.0 
-18537.0 -19317.0 
-18934.0 -18999.0 
-19159.0 -18578.0 
-18942.0 -18981.0 
-18741.0 -19181.0 
-18981.0 -18915.0 
-18795.0 -19140.0 
-18568.0 -19299.0 
-18918.0 -19013.0 
-19107.0 -18707.0 
-19021.0 -18865.0 
-18631.0 -19277.0 
-18989.0 -18904.0 
-18761.0 -19174.0 
-18782.0 -19154.0 
-19008.0 -18885.0 
-18812.0 -19135.0 
-18586.0 -19298.0 
-18372.0 -19385.0 
-18283.0 -19394.0 
-18838.0 -19104.0 
-19008.0 -18885.0 
-18725.0 -19203.0 
-18846.0 -19077.0 
-18812.0 -19135.0 
-18901.0 -19017.0 
-18782.0 -19154.0 
-18855.0 -19074.0 
-18841.0 -19091.0 
-19125.0 -18698.0 
-18768.0 -19165.0 
-18934.0 -18999.0 
-18989.0 -18904.0 
-19069.0 -18774.0 
-18903.0 -19014.0 
-18957.0 -18971.0 
-18844.0 -19087.0 
-18838.0 -19104.0 
-18731.0 -19194.0 
-18987.0 -18914.0 
-18731.0 -19194.0 
-18967.0 -18945.0 
-18768.0 -19165.0 
-18942.0 -18981.0 
-18389.0 -19358.0 
-18795.0 -19140.0 
-19013.0 -18876.0 
-18741.0 -19181.0 
-19013.0 -18876.0 
-18832.0 -19125.0 
-18918.0 -19013.0 
-19101.0 -18718.0 
-19107.0 -18707.0 
-18855.0 -19074.0 
-18626.0 -19289.0 
-18725.0 -19203.0 
-18761.0 -19174.0 
-18877.0 -19068.0 
-18885.0 -19039.0 
-19021.0 -18865.0 
-19039.0 -18859.0 
