-19909.0 -19767.0 
-19342.0 -20391.0 
-19342.0 -20391.0 
-19909.0 -19767.0 
-19621.0 -20210.0 
-19860.0 -19910.0 
-19559.0 -20212.0 
-19434.0 -20284.0 
-19904.0 -19808.0 
-19771.0 -20043.0 
-19522.0 -20258.0 
-19870.0 -19861.0 
-19484.0 -20272.0 
-19364.0 -20340.0 
-19815.0 -19948.0 
-19624.0 -20167.0 
-19723.0 -20050.0 
-19401.0 -20316.0 
-19484.0 -20272.0 
-19889.0 -19824.0 
-19815.0 -19948.0 
-19860.0 -19910.0 
-19649.0 -20120.0 
-19870.0 -19861.0 
-19546.0 -20228.0 
-19378.0 -20322.0 
-19546.0 -20228.0 
-19364.0 -20340.0 
-19522.0 -20258.0 
-19773.0 -20018.0 
-19415.0 -20308.0 
-19889.0 -19824.0 
-19434.0 -20284.0 
-19797.0 -19962.0 
-19670.0 -20119.0 
-19415.0 -20308.0 
-19640.0 -20145.0 
-19791.0 -19986.0 
-19702.0 -20084.0 
-19787.0 -19997.0 
-19773.0 -20018.0 
-19378.0 -20322.0 
-19693.0 -20101.0 
-19624.0 -20167.0 
-19677.0 -20111.0 
-19689.0 -20109.0 
-19804.0 -19961.0 
-19638.0 -20149.0 
-19717.0 -20072.0 
-19638.0 -20149.0 
-19787.0 -19997.0 
-19693.0 -20101.0 
-19559.0 -20212.0 
-19708.0 -20078.0 
-19702.0 -20084.0 
-19791.0 -19986.0 
-19640.0 -20145.0 
-19719.0 -20053.0 
-19804.0 -19961.0 
-19708.0 -20078.0 
-19723.0 -20050.0 
-19718.0 -20062.0 
-19649.0 -20120.0 
-19789.0 -19994.0 
-19718.0 -20062.0 
-19677.0 -20111.0 
-19771.0 -20043.0 
-19670.0 -20119.0 
-19797.0 -19962.0 
-19717.0 -20072.0 
-19689.0 -20109.0 
-19621.0 -20210.0 
-19789.0 -19994.0 
-19719.0 -20053.0 
-19342.0 -20391.0 
-19909.0 -19767.0 
-19484.0 -20272.0 
-19815.0 -19948.0 
-19860.0 -19910.0 
-19870.0 -19861.0 
-19546.0 -20228.0 
-19364.0 -20340.0 
-19889.0 -19824.0 
-19415.0 -20308.0 
-19773.0 -20018.0 
-19378.0 -20322.0 
-19624.0 -20167.0 
-19638.0 -20149.0 
-19787.0 -19997.0 
-19693.0 -20101.0 
-19559.0 -20212.0 
-19702.0 -20084.0 
-19791.0 -19986.0 
-19804.0 -19961.0 
-19708.0 -20078.0 
-19723.0 -20050.0 
-19649.0 -20120.0 
-19771.0 -20043.0 
-19797.0 -19962.0 
-19621.0 -20210.0 
