-1.826400000000000000e+04 -1.952700000000000000e+04
-1.826400000000000000e+04 -1.952700000000000000e+04
-1.831800000000000000e+04 -1.951500000000000000e+04
-1.831800000000000000e+04 -1.951500000000000000e+04
-1.826400000000000000e+04 -1.952700000000000000e+04
-1.834300000000000000e+04 -1.948200000000000000e+04
-1.826400000000000000e+04 -1.952700000000000000e+04
-1.843600000000000000e+04 -1.946800000000000000e+04
-1.845900000000000000e+04 -1.945800000000000000e+04
-1.845900000000000000e+04 -1.945800000000000000e+04
-1.845900000000000000e+04 -1.945800000000000000e+04
-1.845900000000000000e+04 -1.945800000000000000e+04
-1.845900000000000000e+04 -1.945800000000000000e+04
-1.851000000000000000e+04 -1.943100000000000000e+04
-1.851000000000000000e+04 -1.943100000000000000e+04
-1.851000000000000000e+04 -1.943100000000000000e+04
-1.854500000000000000e+04 -1.941100000000000000e+04
-1.854500000000000000e+04 -1.941100000000000000e+04
-1.854500000000000000e+04 -1.941100000000000000e+04
-1.851000000000000000e+04 -1.943100000000000000e+04
-1.856900000000000000e+04 -1.938000000000000000e+04
-1.856900000000000000e+04 -1.938000000000000000e+04
-1.856900000000000000e+04 -1.938000000000000000e+04
-1.859700000000000000e+04 -1.936500000000000000e+04
-1.859700000000000000e+04 -1.936500000000000000e+04
-1.860900000000000000e+04 -1.934400000000000000e+04
-1.861400000000000000e+04 -1.934200000000000000e+04
-1.863000000000000000e+04 -1.933300000000000000e+04
-1.863400000000000000e+04 -1.932300000000000000e+04
-1.863400000000000000e+04 -1.932300000000000000e+04
-1.863400000000000000e+04 -1.932300000000000000e+04
-1.864000000000000000e+04 -1.930400000000000000e+04
-1.864000000000000000e+04 -1.930400000000000000e+04
-1.864000000000000000e+04 -1.930400000000000000e+04
-1.864000000000000000e+04 -1.930400000000000000e+04
-1.866300000000000000e+04 -1.927300000000000000e+04
-1.867100000000000000e+04 -1.925900000000000000e+04
-1.868600000000000000e+04 -1.924900000000000000e+04
-1.868600000000000000e+04 -1.924900000000000000e+04
-1.868600000000000000e+04 -1.924900000000000000e+04
-1.869700000000000000e+04 -1.923900000000000000e+04
-1.869700000000000000e+04 -1.923900000000000000e+04
-1.869700000000000000e+04 -1.923900000000000000e+04
-1.872000000000000000e+04 -1.921500000000000000e+04
-1.872000000000000000e+04 -1.921500000000000000e+04
-1.872000000000000000e+04 -1.921500000000000000e+04
-1.873900000000000000e+04 -1.919200000000000000e+04
-1.873900000000000000e+04 -1.919200000000000000e+04
-1.874600000000000000e+04 -1.916200000000000000e+04
-1.874600000000000000e+04 -1.916200000000000000e+04
-1.874600000000000000e+04 -1.916200000000000000e+04
-1.876900000000000000e+04 -1.913800000000000000e+04
-1.880600000000000000e+04 -1.913600000000000000e+04
-1.880600000000000000e+04 -1.913600000000000000e+04
-1.880600000000000000e+04 -1.913600000000000000e+04
-1.880600000000000000e+04 -1.913600000000000000e+04
-1.880600000000000000e+04 -1.913600000000000000e+04
-1.880600000000000000e+04 -1.913600000000000000e+04
-1.882100000000000000e+04 -1.909300000000000000e+04
-1.882100000000000000e+04 -1.909300000000000000e+04
-1.882100000000000000e+04 -1.909300000000000000e+04
-1.884800000000000000e+04 -1.906700000000000000e+04
-1.884800000000000000e+04 -1.906700000000000000e+04
-1.884800000000000000e+04 -1.906700000000000000e+04
-1.885600000000000000e+04 -1.903500000000000000e+04
-1.887300000000000000e+04 -1.903300000000000000e+04
-1.887300000000000000e+04 -1.903300000000000000e+04
-1.887800000000000000e+04 -1.901900000000000000e+04
-1.890400000000000000e+04 -1.900700000000000000e+04
-1.890400000000000000e+04 -1.900700000000000000e+04
-1.890400000000000000e+04 -1.900700000000000000e+04
-1.890400000000000000e+04 -1.900700000000000000e+04
-1.892600000000000000e+04 -1.896500000000000000e+04
-1.892600000000000000e+04 -1.896500000000000000e+04
-1.892600000000000000e+04 -1.896500000000000000e+04
-1.894200000000000000e+04 -1.893200000000000000e+04
-1.894200000000000000e+04 -1.893200000000000000e+04
-1.894200000000000000e+04 -1.893200000000000000e+04
-1.894600000000000000e+04 -1.888600000000000000e+04
-1.898500000000000000e+04 -1.885300000000000000e+04
-1.898500000000000000e+04 -1.885300000000000000e+04
-1.898500000000000000e+04 -1.885300000000000000e+04
-1.898500000000000000e+04 -1.885300000000000000e+04
-1.898500000000000000e+04 -1.885300000000000000e+04
-1.899300000000000000e+04 -1.882300000000000000e+04
-1.904500000000000000e+04 -1.879400000000000000e+04
-1.904500000000000000e+04 -1.879400000000000000e+04
-1.904500000000000000e+04 -1.879400000000000000e+04
-1.904500000000000000e+04 -1.879400000000000000e+04
-1.904500000000000000e+04 -1.879400000000000000e+04
-1.904500000000000000e+04 -1.879400000000000000e+04
-1.905000000000000000e+04 -1.873000000000000000e+04
-1.908000000000000000e+04 -1.872300000000000000e+04
-1.908000000000000000e+04 -1.872300000000000000e+04
-1.908000000000000000e+04 -1.872300000000000000e+04
-1.909300000000000000e+04 -1.871100000000000000e+04
-1.909300000000000000e+04 -1.871100000000000000e+04
-1.911900000000000000e+04 -1.868300000000000000e+04
-1.911900000000000000e+04 -1.868300000000000000e+04
-1.911900000000000000e+04 -1.868300000000000000e+04
