2.8648674876167893E-16 1.4950396289360107E-28 1.0113309746425445 
1.4445160144259777E-28 1.1991135685926347E-16 1.958301070035057 
1.135145916483091 0.8915973359752474 0.0 
4.965737728436698E-14 1.0106707568295574 0.0 
9.838112519534374E-17 1.7981929458181123E-17 1.633303208334514 
2.8279933249566556E-16 5.15541204814293E-17 1.0147668973235193 
1.1038488283536573E-16 1.1793947758358363E-20 1.8027219528483718 
1.1294459682624072 0.047449083748826865 1.8500423448945056E-10 
1.0124494712185774 5.283497712580943E-13 1.2476437435492362E-8 
5.26946921313115E-18 1.1945352733524741E-16 1.9527213450534848 
0.3662198552855353 0.9260390826129639 0.19916603130775593 
0.25533633590469107 0.19777667134836838 0.9601268266337636 
0.6347018957050824 0.4615747822084353 0.6423102490733098 
0.30848464360953426 0.7758327325401279 0.5763241089244113 
0.9115629887564769 0.12013446992906154 0.42034677857454283 
0.026000552311027013 0.3056894986050927 0.964615497729929 
0.161764875700571 0.9868840627955653 0.1494714771193557 
0.521308041966049 0.15243696707970947 0.8628447295638333 
0.38414193487387943 0.8145810418497733 0.4581446464208186 
0.08035646475464846 0.72987859980321 0.7811491799051846 
0.49284188571700016 0.01761925836217132 0.8822430318616751 
0.5714679792918548 0.42015257171929177 0.7218522861317505 
0.6872110109923548 0.2749566082652856 0.6885271438735333 
0.1390215712677092 0.6786564553654864 0.7369588049782712 
0.0923440012042265 1.004427357453743 0.060611955986201005 
0.6297146615959941 0.5108843437744947 0.6029349479419946 
0.18893511035483868 0.7247142708739461 0.6775950308165829 
0.0542690698023112 0.7493876770526473 0.6765823412717519 
0.422003776027065 0.873154530538492 0.28302105749968204 
0.26302304907391266 0.6567889889027198 0.7245773860538726 
0.922712312294794 0.10136523478093298 0.40054418455133295 
0.4857905899966462 0.3934328484686411 0.8028461306496866 
0.99764422055048 0.08607461616918802 0.15386077127987094 
0.9518233676661207 0.32415693499878073 0.10708313589327507 
0.6672608905708669 0.5453709027294739 0.5277620351869837 
0.7060805672475565 0.06782504678972243 0.7562145504464426 
0.5426010701896729 0.23394333464524847 0.8246333510516808 
0.4497944991831316 0.847811141798429 0.31913445253803796 
0.8833731173018275 0.4913826962324429 0.01480171066675831 
0.17674955430174677 0.4412108259564802 0.8916713809081512 
0.4070787256937228 0.16953401679278995 0.9084015161471116 
0.5135973667187707 0.4063463158581587 0.7697223671204713 
0.3309148992273416 0.1395629880057683 0.9435893740416867 
0.13131777782578533 0.258414258129907 0.968805748130605 
0.35811583167805994 0.7047197911803917 0.6303911893897511 
0.7378996049387466 0.5968867967520669 0.3512303800741111 
0.10571254929927743 0.8822849100073387 0.4836517698420275 
0.6145208109137904 0.5022649673164207 0.6252252419772064 
0.7221585684614032 0.037022545312381916 0.7332977971896086 
0.9623515789709988 0.2141156801142031 0.2354768835031053 
0.732383186313002 0.47844136976192675 0.5152813068189157 
0.4359503890863527 0.9020110220443959 0.14169804858181545 
0.2128830329024086 0.3887986252356659 0.907646711167438 
0.9433268201885744 0.09061456820246676 0.3781775552606205 
0.9229138864265913 0.36926252326246806 0.1849036924220002 
0.11317001830564899 0.9984907372240882 0.10701669513896266 
0.955919709253006 0.131439467739359 0.3333812272974029 
0.3268453624756607 0.8459961222481498 0.4454933210605279 
0.038895086684250235 0.3346062907636428 0.9545290631771198 
0.559174502417073 0.6395950609492557 0.5476505923889481 
0.7841356525910349 0.5518519258238567 0.31884162708449043 
0.9689956144354037 0.2794213357263029 0.06339440820848377 
0.6506375490660505 0.2394825674920474 0.7375571097397743 
0.39639055848362525 0.16454011836040566 0.9245519136639743 
0.0479459315626397 0.026082875617138315 1.0093215723657878 
0.9847462661113906 0.21773944647730564 0.09875802074223654 
0.614239656161467 0.2286122221829524 0.7703092791621057 
0.46208617590358725 0.898340893003745 0.001095333339708784 
0.5480114598056415 0.45485991331302605 0.7161388450749409 
0.8089973966950634 0.5629947909302799 0.23641945651011606 
0.7456419919967961 0.6031496116111119 0.31890441835601835 
0.8252754693511342 0.5301246923197983 0.24811973787190822 
1.0111615915584617 0.05010228415413144 0.003349041265525003 
0.5868415658391848 0.21698811531388668 0.8022212550446467 
0.7691516614667169 0.6271379842499463 0.2058113516799385 
0.23784358501449437 0.9463934618727692 0.2641121923562212 
0.8051864070901076 0.43802625624874836 0.43633938142962636 
0.8666978805445806 0.29664871988272384 0.42651025874568965 
0.8121082912473528 0.5857402527904239 0.13800330816468107 
0.8239822655107264 0.3481973300615059 0.47048790340666263 
0.7996016124433298 0.5293123009871423 0.31886329738963914 
0.2433678871582877 0.9555872690065965 0.23844917052129194 
0.43411928361497715 0.9714843682469836 0.01789745742008548 
0.21225130281000618 0.8775930814833323 0.47431928190328726 
0.4190190981809876 0.3477938047914236 0.8506064959492204 
0.32344095976535464 0.8073890402156362 0.5169874711483003 
0.313224199572995 0.7870526342277497 0.5686148859615046 
0.7110256867563953 0.6509056647441374 0.3038840496933492 
0.841087726788984 0.2439063231080641 0.5158289528858722 
0.28014373594805425 0.6237902693554164 0.7453736087623657 
0.22763593402550322 0.9412037436425104 0.3199164302847943 
0.8903765465781168 0.3704267718668028 0.32067040008382436 
0.03459023502669279 0.2861452515618851 0.9920678569270116 
0.34914608594571267 0.24530158354669335 0.919208297937665 
0.7584420433320601 0.28852258875909015 0.6023539717111996 
0.3550630600014728 0.7944221596840494 0.512788669829308 
0.8630213875853403 0.002092314014948006 0.5360342614312003 
0.9473702103089835 0.06834197718154862 0.37099188615179396 
0.8579768553009003 0.2936637339577818 0.4454460206914414 
0.06383137679142968 0.26309477140711 0.9815654789611897 
