-18336.0 -19466.0 
-19146.0 -18643.0 
-18706.0 -19239.0 
-19102.0 -18760.0 
-18829.0 -19142.0 
-19111.0 -18689.0 
-19126.0 -18657.0 
-18783.0 -19166.0 
-19024.0 -18862.0 
-18348.0 -19423.0 
-18657.0 -19243.0 
-18493.0 -19348.0 
-18645.0 -19265.0 
-18843.0 -19092.0 
-19075.0 -18807.0 
-18446.0 -19377.0 
-18446.0 -19377.0 
-18497.0 -19326.0 
-19020.0 -18894.0 
-19102.0 -18760.0 
-18599.0 -19274.0 
-18412.0 -19391.0 
-18763.0 -19196.0 
-18876.0 -19072.0 
-18412.0 -19391.0 
-18377.0 -19411.0 
-18934.0 -19000.0 
-18377.0 -19411.0 
-19049.0 -18835.0 
-18978.0 -18906.0 
-18900.0 -19035.0 
-18783.0 -19166.0 
-18900.0 -19035.0 
-18763.0 -19196.0 
-19055.0 -18813.0 
-19111.0 -18689.0 
-18528.0 -19323.0 
-18569.0 -19302.0 
-18569.0 -19302.0 
-18829.0 -19142.0 
-18985.0 -18904.0 
-18948.0 -18989.0 
-18971.0 -18937.0 
-18550.0 -19315.0 
-18594.0 -19283.0 
-19075.0 -18807.0 
-18861.0 -19074.0 
-19049.0 -18835.0 
-18493.0 -19348.0 
-18735.0 -19221.0 
-18843.0 -19092.0 
-18907.0 -19015.0 
-18916.0 -19005.0 
-18550.0 -19315.0 
-18740.0 -19218.0 
-18876.0 -19072.0 
-18740.0 -19218.0 
-18966.0 -18952.0 
-18951.0 -18967.0 
-18528.0 -19323.0 
-18348.0 -19423.0 
-18594.0 -19283.0 
-18955.0 -18955.0 
-18735.0 -19221.0 
-18971.0 -18937.0 
-19022.0 -18882.0 
-18645.0 -19265.0 
-18861.0 -19074.0 
-18985.0 -18904.0 
-18907.0 -19015.0 
-18657.0 -19243.0 
-18951.0 -18967.0 
-18916.0 -19005.0 
-18599.0 -19274.0 
-18948.0 -18989.0 
-19022.0 -18882.0 
-19055.0 -18813.0 
-18966.0 -18952.0 
-18955.0 -18955.0 
-18446.0 -19377.0 
-18377.0 -19411.0 
-18900.0 -19035.0 
-18763.0 -19196.0 
-19075.0 -18807.0 
-18843.0 -19092.0 
-18971.0 -18937.0 
-18907.0 -19015.0 
-18916.0 -19005.0 
-18599.0 -19274.0 
-18948.0 -18989.0 
-19022.0 -18882.0 
-18966.0 -18952.0 
-19075.0 -18807.0 
-18966.0 -18952.0 
-19022.0 -18882.0 
-18966.0 -18952.0 
-18843.0 -19092.0 
-18971.0 -18937.0 
-18843.0 -19092.0 
-18971.0 -18937.0 
