-18503.0 -19328.0 
-19265.0 -18459.0 
-18503.0 -19328.0 
-19265.0 -18459.0 
-19025.0 -18930.0 
-19213.0 -18570.0 
-18543.0 -19302.0 
-18819.0 -19135.0 
-18927.0 -19032.0 
-18584.0 -19281.0 
-19206.0 -18614.0 
-18543.0 -19302.0 
-18992.0 -18968.0 
-18613.0 -19253.0 
-19235.0 -18567.0 
-19043.0 -18851.0 
-18584.0 -19281.0 
-18999.0 -18947.0 
-19038.0 -18885.0 
-19119.0 -18741.0 
-19246.0 -18498.0 
-18648.0 -19243.0 
-18846.0 -19114.0 
-19246.0 -18498.0 
-18959.0 -18990.0 
-18786.0 -19159.0 
-19186.0 -18621.0 
-18670.0 -19238.0 
-19064.0 -18832.0 
-19042.0 -18881.0 
-18811.0 -19146.0 
-18900.0 -19066.0 
-18786.0 -19159.0 
-18760.0 -19169.0 
-18694.0 -19222.0 
-19137.0 -18723.0 
-18846.0 -19114.0 
-18951.0 -19004.0 
-18648.0 -19243.0 
-18859.0 -19100.0 
-19098.0 -18779.0 
-18610.0 -19257.0 
-18711.0 -19208.0 
-19161.0 -18661.0 
-19102.0 -18763.0 
-19168.0 -18626.0 
-18904.0 -19044.0 
-18670.0 -19238.0 
-19069.0 -18816.0 
-19083.0 -18806.0 
-18873.0 -19080.0 
-19106.0 -18755.0 
-19084.0 -18791.0 
-18883.0 -19069.0 
-18951.0 -19004.0 
-18731.0 -19207.0 
-18992.0 -18968.0 
-18859.0 -19100.0 
-18694.0 -19222.0 
-18959.0 -18990.0 
-19117.0 -18749.0 
-19237.0 -18543.0 
-19241.0 -18522.0 
-19145.0 -18707.0 
-19089.0 -18782.0 
-18610.0 -19257.0 
-19137.0 -18723.0 
-19153.0 -18688.0 
-18873.0 -19080.0 
-19241.0 -18522.0 
-18902.0 -19052.0 
-19154.0 -18670.0 
-19073.0 -18810.0 
-19177.0 -18623.0 
-19145.0 -18707.0 
-18999.0 -18947.0 
-19064.0 -18832.0 
-19164.0 -18641.0 
-18919.0 -19039.0 
-18734.0 -19204.0 
-19237.0 -18543.0 
-18953.0 -18996.0 
-18751.0 -19191.0 
-18811.0 -19146.0 
-19153.0 -18688.0 
-19043.0 -18851.0 
-19038.0 -18885.0 
-19164.0 -18641.0 
-18706.0 -19212.0 
-18757.0 -19177.0 
-19155.0 -18664.0 
-18743.0 -19197.0 
-18743.0 -19197.0 
-18706.0 -19212.0 
-19206.0 -18614.0 
-18757.0 -19177.0 
-18883.0 -19069.0 
-18919.0 -19039.0 
-18760.0 -19169.0 
-18751.0 -19191.0 
