1.577053611893321605e+00
1.561426511539120376e+00
1.548500132065332435e+00
1.497700685614465232e+00
1.504720446415276580e+00
1.532795912615082745e+00
1.538767550186283861e+00
1.553154858969973739e+00
1.542671994349472442e+00
1.532746107037788796e+00
1.540821926249215545e+00
1.541980011696527431e+00
1.522042273017816250e+00
1.533109628096393617e+00
1.570025675628270001e+00
1.508558516299426389e+00
1.532608564771391624e+00
1.533983639371642616e+00
1.531272677809293103e+00
1.523353427757198952e+00
1.525638145946157431e+00
1.473464541112197601e+00
1.534859444908707626e+00
1.543721744718161704e+00
1.539920930889295381e+00
1.516861936919562170e+00
1.494039062650816208e+00
1.535242154861343966e+00
1.535286753401226889e+00
1.530103880077412715e+00
1.537492247288941405e+00
