2.499045376945261765e+01
1.465789964359369435e+01
1.697257408848129501e+01
1.470912659862745819e+01
1.355740502956075844e+01
1.583706319712408650e+01
1.572998542798140775e+01
1.484581125317670569e+01
1.790877140721016758e+01
1.536732289893262404e+01
2.351908959610891969e+01
1.559851047426726645e+01
1.499715653433592699e+01
1.461381749232990224e+01
1.553607043472582205e+01
1.698298382399107709e+01
1.821014235643149703e+01
1.563289119733009791e+01
1.560077758220907995e+01
1.576060941321620845e+01
1.874853107449847656e+01
1.703511771197602087e+01
1.660790452429070641e+01
1.650706639401866482e+01
1.829588410682660538e+01
1.497780761041684272e+01
2.122431477810235378e+01
6.775982842818093488e+00
2.372102093947029644e+01
6.801593392377226266e+00
1.507815076098815865e+01
