0.0	0.0	0.5030559151658511	0.49586591533734314	0.5042845780305617	0.49158577645118573	0.4833039244780401	0.5074629231460499	0.48707426299039097	0.506972799578374	0.5014295162420802	0.5145960096171155	0.4987355956749167	0.4991715825105353	0.5081288642554667	0.49603548527339353	0.4767553705395911	0.5214922419001136	0.49252110506749747	0.48532590830926736
0.0	6.722185103984648E-11	0.5030757315450767	0.49586394128255323	0.5043655863133061	0.49158191900600984	0.48331005697402873	0.5074454880775359	0.48705112718395643	0.5069727759304609	0.5013515432896963	0.5141995623214928	0.49876247334805307	0.4991755766423582	0.5081360603158147	0.4959995006655309	0.4767128021300909	0.5215058299627988	0.492626086473544	0.4856087401045325
1.7105588830315737E-14	7.816828503429862E-11	0.5037886000360867	0.4957471744602987	0.5042870811866785	0.49158514110442186	0.4832266018509298	0.5074628260422067	0.4860667851144276	0.5069728858950364	0.5013909091589501	0.5141585640408307	0.4987115657294827	0.4991033147062051	0.5083091363574259	0.49600951358848405	0.4767385511614682	0.5201001636254944	0.492670432748819	0.48535319525425374
3.665563615463342E-15	1.8431896915624204E-10	0.5037764355497577	0.49586870550806034	0.5042856584514966	0.4915974180301733	0.4832243988673355	0.5074470051765787	0.4860495822560037	0.5069728971201104	0.5013919309014501	0.5141574981703904	0.49873651299848254	0.49910262920497706	0.5083090817638035	0.4960095244046578	0.4767219599114848	0.5201817959484726	0.49251085024814184	0.48535069218425975
1.6203890142968443E-6	3.648770284574076E-13	0.5030790066070651	0.49586332118613924	0.5042854055376865	0.4916181890142925	0.483202477970526	0.5074737103253442	0.4860695662444911	0.5069728671996326	0.5014229366840576	0.5146090321035808	0.4987366735405689	0.4979920036722023	0.5084026092011185	0.4960113564874229	0.476738517303327	0.5215942606981563	0.49261487055886005	0.4869142769330575
8.600296547065912E-5	1.2695937375414407E-10	0.5030790066070651	0.49586332118613924	0.5042823037745799	0.491617752926942	0.4832023306734462	0.5074737103253442	0.486069788821493	0.5069728672100147	0.5014233847895591	0.5146090321035808	0.4987366735405689	0.4979920036722023	0.5084026092011185	0.4960355246750293	0.4767379836330939	0.5216010651082623	0.4926168499814248	0.4869142769330575
0.0	9.826379724424395E-15	0.5030552711029805	0.49586585138589545	0.5043670579783271	0.49158500088081364	0.483323497808571	0.5074629147335775	0.4870392919268437	0.5069727781529905	0.5013463296553141	0.5142018328614942	0.4987357464414846	0.4980056391246247	0.5083761643998574	0.4960085910785071	0.47675547792572315	0.5215848783522238	0.49270225102860016	0.4853270353998561
0.0	0.0	0.5030558841718362	0.4958633721699633	0.5042845780305617	0.491581963472402	0.4833039244780401	0.5074632266748822	0.48804373580108346	0.5069727985651028	0.5014293441149691	0.5145960096171155	0.4987614039227662	0.49917555525504936	0.5081657494997937	0.49603390588213525	0.47675680047792257	0.5214922419001136	0.49252110506749747	0.4853250318664465
3.665563615463342E-15	7.854820638720999E-11	0.5037764355497577	0.49586870550806034	0.5042856410154437	0.4915974164903089	0.4832243988673355	0.5074628051863067	0.48606676071740484	0.5069728962219061	0.5013919309014501	0.5141574981703904	0.49873651299848254	0.49910331783347395	0.5083092395561584	0.4960095244046578	0.4767215667649611	0.5200070012189085	0.49267060114364253	0.48535069218425975
3.2142936707809826E-7	6.9949780381589116E-9	0.5030792145596418	0.4958639240259561	0.5043636609873822	0.49161402065101406	0.48331635381737564	0.5074635259528629	0.4869553732854231	0.5069728877665856	0.5013495660069154	0.5142209928738922	0.4987340771015802	0.49910719132533876	0.5083907674700086	0.49603484678168014	0.47673874557756285	0.521560935391292	0.4926300531149847	0.48557866222121615
8.244008001945442E-5	7.398755803750032E-9	0.5030790066070651	0.49586314917400814	0.5042822084241135	0.49159711099696873	0.4832023306734462	0.5074734700100273	0.48606665036168184	0.5069716950129813	0.5014233847895591	0.5141805052367467	0.4987367821033228	0.4990191273206563	0.508172753572168	0.49603539369905725	0.47673798924984806	0.5215941018496246	0.4926168499814248	0.4869142769330575
1.090346675500368E-14	7.225509224981116E-16	0.5030771075504389	0.49586373523023214	0.5043654535992294	0.4916164686371465	0.4832257765080163	0.5074508800838431	0.4871901903742567	0.5069705152099488	0.5014343444611478	0.5141715764112107	0.49873590647798594	0.4991739770511985	0.5083896090484319	0.49600860303791067	0.476754462703966	0.5214865680568228	0.49270349643600286	0.48529723374321226
1.090346675500368E-14	7.225509224981116E-16	0.5030771075504389	0.49586373523023214	0.5043654535992294	0.4916164686371465	0.4832257765080163	0.5074508800838431	0.4871901903742567	0.5069705152099488	0.5014343444611478	0.5141715764112107	0.49873590647798594	0.4991739770511985	0.5083896090484319	0.49600860303791067	0.476754462703966	0.5214865680568228	0.49270349643600286	0.48529723374321226
1.090346675500368E-14	7.225509224981116E-16	0.5030771075504389	0.49586373523023214	0.5043654535992294	0.4916164686371465	0.4832257765080163	0.5074508800838431	0.4871901903742567	0.5069705152099488	0.5014343444611478	0.5141715764112107	0.49873590647798594	0.4991739770511985	0.5083896090484319	0.49600860303791067	0.476754462703966	0.5214865680568228	0.49270349643600286	0.48529723374321226
0.0	0.0	0.5030571829519617	0.49586347902663064	0.5042845780305617	0.49158577351843813	0.4833039244780401	0.5074632266748822	0.48807447609096166	0.506972799578374	0.5014293441149691	0.5145960096171155	0.4987354986820153	0.4991715825105353	0.5081293647850847	0.49603390588213525	0.4767553705395911	0.5214922419001136	0.49252110506749747	0.4853250318664465
0.0	0.0	0.5030571829519617	0.49586347902663064	0.5042845780305617	0.49158577351843813	0.4833039244780401	0.5074632266748822	0.48807447609096166	0.506972799578374	0.5014293441149691	0.5145960096171155	0.4987354986820153	0.4991715825105353	0.5081293647850847	0.49603390588213525	0.4767553705395911	0.5214922419001136	0.49252110506749747	0.4853250318664465
0.0	1.0667833781226306E-13	0.5030809622116845	0.49586326915482093	0.5042828372161808	0.4915861370436983	0.48330742716376734	0.5074450727343249	0.48606487754489597	0.5069724538091833	0.5013491981765644	0.5146400408471228	0.4987341949714044	0.4991604198293719	0.508167727760376	0.49604657889878684	0.476755294839679	0.5215302188341835	0.4925690379938857	0.4853263562886316
3.9255199436559577E-16	2.425617046790169E-13	0.5030762521695809	0.49586873417297744	0.5042856412361287	0.4915977562329601	0.4832550923590787	0.5074592855822851	0.48606727579087805	0.5069728858950364	0.5013909334892216	0.5145939514009301	0.4987090405815977	0.49917658060755854	0.5083137008317585	0.49601175482843674	0.4767552451760524	0.5214971981078098	0.49252406189410763	0.48535322877005715
5.1169564647522654E-15	2.5393557864752947E-12	0.5030771274323668	0.49586870550806034	0.5042922943291296	0.49159757249054914	0.4833078791093001	0.5074473209633912	0.48704297071755687	0.5069727774508568	0.501389408549294	0.5141585640408307	0.4987345792640984	0.49909123027307156	0.5083386313789295	0.49601135025517	0.4767553863346796	0.521670832234272	0.49252203332878947	0.4852975779581269
2.0932851658017806E-12	7.770171885631717E-11	0.5037764355497577	0.49586870550806034	0.5042856410154437	0.49159742292095887	0.4832243988673355	0.5074630251926987	0.4860667671851849	0.5069728962219061	0.5013919309014501	0.514158590617999	0.49873591831817105	0.49910331736670677	0.5083092395561584	0.49600990439881615	0.47673897500634715	0.5214310926944573	0.4925251784966052	0.48535069218425975
7.144267481756013E-10	2.0525048754482135E-12	0.503542518052922	0.4958571080161635	0.5043643767222686	0.49159833950424925	0.48345741781128304	0.5074728848123926	0.48699025429076287	0.5069728961067541	0.5014367910094761	0.5141970643244691	0.4987359212424069	0.4991033306763993	0.5083499749194621	0.49600861058489915	0.476738420883334	0.5214517471100494	0.4925051094490462	0.4853214532078945
5.120554043402118E-8	7.37498903765409E-9	0.5030791361945445	0.4958657877920478	0.5042857104449963	0.4915863493182271	0.4832005026796199	0.5074627959700871	0.487071055775078	0.50697221024394	0.5013464184894744	0.5141685815881579	0.49873583984537223	0.49803252278389915	0.5081482388789018	0.49600750473213345	0.4767564366042655	0.5215777366986062	0.49249995545732755	0.4853224449205138
8.600296547065912E-5	1.2695937375414407E-10	0.5030790066070651	0.4958633211246165	0.5042822040983923	0.49158485020564796	0.4832023306734462	0.5074737103253442	0.486069788821493	0.5069728659272037	0.5014233847895591	0.5141795576679111	0.49873678050610915	0.4990191273206563	0.5083085679956785	0.49603539369905725	0.4767379836330939	0.5215941018496246	0.4926168499814248	0.4869142769330575
8.600296547065912E-5	0.0066793239842372	0.503518371962084	0.4958633211246165	0.5042822040983923	0.49158480336596916	0.4833196334541964	0.5074745633309499	0.486069788821493	0.506951964371493	0.5014232874429809	0.5142076312953978	0.49873678050610915	0.4990191273206563	0.5081373514786235	0.49603210223888006	0.4767379836330939	0.5215941018496246	0.4926168499814248	0.48691404547077366
0.0	0.0	0.5030571829519617	0.49586347902663064	0.504285611717829	0.49158525156126226	0.4833039244780401	0.5074632266748822	0.48807447609096166	0.5069727593897685	0.5014292580740136	0.5141675877439438	0.4987345783380411	0.49917147167298004	0.5083281129016763	0.49603325617312677	0.4767553705395911	0.5214922419001136	0.49252110506749747	0.4853258154605781
3.9255199436559577E-16	1.06223936375977E-12	0.5030762521695809	0.49586873417297744	0.5042856412361287	0.4915977562329601	0.4832550923590787	0.5074592855822851	0.48606727579087805	0.5069728858950364	0.5013909334892216	0.5145939514009301	0.4987090405815977	0.49917658060755854	0.5083137008317585	0.49601175482843674	0.4767552451760524	0.5214971981078098	0.49252406189410763	0.48535322877005715
5.1169564647522654E-15	1.8321696306519256E-10	0.5030785072883182	0.4958659502469075	0.5042869345642672	0.49159757249054914	0.4833090231562391	0.5074633964189024	0.48709445695742004	0.5069728645565276	0.5013909350354185	0.5141573198920383	0.4987353808794725	0.49909123027307156	0.508398511443528	0.4960069599277719	0.47675613356100616	0.5216081483342682	0.4925171078767631	0.48535442442443877
7.144267481756013E-10	9.98926766678138E-13	0.5035579228484358	0.49586326572202666	0.5042866173867381	0.4915819529795158	0.4834571409678484	0.5074728848123926	0.48606511218483395	0.5069728962180174	0.5013919176332086	0.5146001210997174	0.49873650651923673	0.49910497214572036	0.5081567038208166	0.49600961577021124	0.476738420883334	0.5214486269747517	0.4925260349114855	0.4853214532078945
7.141139346277884E-10	5.0910034033569124E-11	0.5035355386444763	0.4958571080161635	0.504364206475267	0.49159765980119763	0.48345741781128304	0.5074728848123926	0.48699025429076287	0.5069728961067541	0.5014367910094761	0.5141897879980276	0.4987359212424069	0.49910333436896415	0.5083499749194621	0.49600861058489915	0.476738420883334	0.5214516391000815	0.4925075254213069	0.4853214532078945
8.600296547065912E-5	1.2695937375414407E-10	0.5030783177073426	0.49586332118613924	0.5042821380362958	0.4916176691278472	0.48320123353833705	0.507473693631068	0.486069788821493	0.5069728672100147	0.5014233847895591	0.5146090321035808	0.4987366735405689	0.49904402813405424	0.5084026092011185	0.49603566114707964	0.4767379836330939	0.5216010651082623	0.49252905381591205	0.4869114343423992
0.0	0.0	0.5030535860666245	0.49586591322560847	0.5042855900390016	0.49160294188583276	0.48331641934566566	0.5074611459748759	0.4860698767919668	0.5069728615941812	0.5013524544256623	0.5145933426533348	0.49876162133185736	0.4991100353509384	0.5081803886538232	0.496015216648654	0.47672306668477654	0.5224387783882078	0.49252380164919174	0.48534734501603904
0.0	0.0	0.5030535860666245	0.49586591322560847	0.5042855900390016	0.49160294188583276	0.48331641934566566	0.5074611459748759	0.4860698767919668	0.5069728615941812	0.5013524544256623	0.5145933426533348	0.49876162133185736	0.4991100353509384	0.5081803886538232	0.496015216648654	0.47672306668477654	0.5224387783882078	0.49252380164919174	0.48534734501603904
0.0	0.0	0.5030535860666245	0.49586591322560847	0.5042855900390016	0.49160294188583276	0.48331641934566566	0.5074611459748759	0.4860698767919668	0.5069728615941812	0.5013524544256623	0.5145933426533348	0.49876162133185736	0.4991100353509384	0.5081803886538232	0.496015216648654	0.47672306668477654	0.5224387783882078	0.49252380164919174	0.48534734501603904
0.0	3.300985668156714E-13	0.5030564634370032	0.49586401436840044	0.5043633607041149	0.49161862222292657	0.4832885993014698	0.5074508980641809	0.48606611806545014	0.5069728575369106	0.5013493485964959	0.5146057338401022	0.498734553860626	0.4994842794108993	0.508396079203323	0.4960005420562422	0.4767390233722714	0.5216765363599102	0.49262609022724535	0.48533009854082637
0.0	5.766242973750269E-12	0.5030571829519617	0.49586347902663064	0.5043628026872615	0.49158525156126226	0.48330322723807256	0.5074509352646454	0.4880268594241605	0.5069728544379509	0.5014292580740136	0.5145810360894323	0.4987345783380411	0.49917147167298004	0.5083281129016763	0.4960337556173318	0.4767553705395911	0.5214899029732457	0.49252110506749747	0.4853297112212974
0.0	6.331640571628819E-12	0.5030568458657977	0.49586861703396873	0.5043632074401897	0.4915978370917429	0.4832888690433585	0.5074509435868865	0.4860239159563647	0.50697285754023	0.501349274801552	0.5145868987949593	0.4987357534124869	0.49910190074682853	0.5083950704038517	0.4960113398979973	0.4767389573612177	0.5216746309445963	0.49262601805306466	0.4853534586800335
0.0	6.331640571628819E-12	0.5030568458657977	0.49586861703396873	0.5043632074401897	0.4915978370917429	0.4832888690433585	0.5074509435868865	0.4860239159563647	0.50697285754023	0.501349274801552	0.5145868987949593	0.4987357534124869	0.49910190074682853	0.5083950704038517	0.4960113398979973	0.4767389573612177	0.5216746309445963	0.49262601805306466	0.4853534586800335
1.090346675500368E-14	5.186518767411812E-11	0.5030712946421304	0.49585667449612764	0.5043654535992294	0.4916164686371465	0.4832094536100335	0.5074508800838431	0.4871901189511778	0.5069705152099488	0.5014343444611478	0.5141710113182413	0.49873590647798594	0.4991739770511985	0.5083498305474379	0.49600860303791067	0.476754462703966	0.5214868443285107	0.4927075832468116	0.48529723374321226
5.1169564647522654E-15	1.8321696306519256E-10	0.5030785072883182	0.49586870550806034	0.5042869345642672	0.49159757249054914	0.4833078791093001	0.5074473209633912	0.48704297071755687	0.5069728569687636	0.5013909350354185	0.5141585640408307	0.4987353808794725	0.49909123027307156	0.5083150796701633	0.4960113712503108	0.4767553863346796	0.521670832234272	0.49252203332878947	0.4853531163578002
5.1169564647522654E-15	1.8321696306519256E-10	0.5030785072883182	0.49586870550806034	0.5042869345642672	0.49159757249054914	0.4833078791093001	0.5074473209633912	0.48704297071755687	0.5069728569687636	0.5013909350354185	0.5141585640408307	0.4987353808794725	0.49909123027307156	0.5083150796701633	0.4960113712503108	0.4767553863346796	0.521670832234272	0.49252203332878947	0.4853531163578002
7.144267481756013E-10	9.98926766678138E-13	0.503542518052922	0.49586326572202666	0.5042854501759744	0.4915819529795158	0.48345741781128304	0.5074728848123926	0.4860208392702144	0.5069728961067541	0.5013919176332086	0.5146001210997174	0.4987359212424069	0.49910498556932664	0.5081567038208166	0.49601186675241743	0.476738420883334	0.5214453661073291	0.4925260349114855	0.4853214532078945
3.9255199436559577E-16	7.396631373011088E-9	0.5030785882197227	0.4958632955387635	0.5042840609439817	0.49159778618343514	0.4833217380917939	0.5074624633076329	0.48607013196371057	0.5069728824816773	0.5013947848157297	0.5141535084170221	0.4987091069649782	0.49917860367192857	0.5083153117490613	0.4960154603916836	0.47673789745643524	0.5208932318218983	0.49262941653363695	0.48533984994297247
2.852448320230355E-7	1.983641627096496E-12	0.5030792753322135	0.4957481388863777	0.504285362924995	0.49161638499301774	0.48316647509354127	0.5074450672928872	0.4860666951302709	0.5069728858638164	0.5013506281590746	0.5141584927543077	0.4987113074835569	0.4991076172922501	0.5083109431535643	0.49601156021747606	0.47673851033553755	0.521574438931924	0.49251269224518285	0.4856079891290877
8.600296547065912E-5	1.2695937375414407E-10	0.5030790066070651	0.4958658455841124	0.5042844879248733	0.491617752926942	0.4832023306734462	0.5074737122627696	0.486069788821493	0.5069727832466625	0.5013492662463562	0.5146090321035808	0.4987366735405689	0.4979894076151712	0.5084026092011185	0.4960355246750293	0.4767379836330939	0.5216010651082623	0.4926168499814248	0.48559864667131164
0.0	0.0	0.5030535860666245	0.49586591322560847	0.5042858609269593	0.49160294188583276	0.4833146133436517	0.5074611459748759	0.4860698767919668	0.5069727775272123	0.5014351012711764	0.5145933426533348	0.498734706963528	0.49917474014100754	0.50818216758273	0.496015216648654	0.47672306668477654	0.5224387783882078	0.49252380164919174	0.48534734501603904
1.1882650819011887E-15	5.00211629626124E-13	0.5030773538849042	0.49586394231258013	0.5043673402772255	0.4916156156134798	0.48330903448710016	0.5074508647994436	0.4870965522800769	0.5069728850537328	0.5014366547999188	0.5141721986485147	0.49873460257567653	0.4991014325346691	0.5083967202478586	0.4960084198657019	0.4767390133691283	0.5224485681457172	0.49262511746648974	0.4855721986649408
0.0	3.787565119798459E-12	0.5030550783248023	0.4958659641960233	0.5043655863133061	0.49160139373925876	0.48331005697402873	0.5074454880775359	0.48705112718395643	0.5069727762837354	0.5013515432896963	0.5146222953464616	0.4987345775984561	0.49917408416009074	0.508180873123591	0.4960152350892992	0.47675539602275174	0.5224359930598732	0.492626086473544	0.4856087401045325
0.0	6.331640571628819E-12	0.5030568458657977	0.49586861703396873	0.5043633045130528	0.4915818233804177	0.48330965241435103	0.5074509435868865	0.48602551000733746	0.5069727763686275	0.5013492772276607	0.5145868987949593	0.49873574660327424	0.4991743450637371	0.5081334580651173	0.4960002182947279	0.4767389573612177	0.5216443281831445	0.4926260159138905	0.4853390348440232
1.7838281920964806E-10	4.353893799517082E-13	0.5030803582234439	0.49586575687208473	0.504375565445565	0.49158544046522945	0.4833176485163274	0.5074612277554563	0.486018950134879	0.5069727776528278	0.5013492662463562	0.514215181426519	0.4987357538119532	0.49910552260601115	0.5083765203973586	0.4960348792296997	0.4767555232524669	0.5216021487025022	0.49252734743457155	0.4853207298378898
5.1169564647522654E-15	1.8321696306519256E-10	0.5030785072883182	0.49586592435627086	0.5042869345642672	0.49159757249054914	0.4833078791093001	0.5074635679396572	0.48709445695742004	0.5069728645565276	0.5013909350354185	0.5141573198920383	0.4987353808794725	0.49909123027307156	0.5083146073520658	0.49600690476442166	0.47675590258269324	0.521670832234272	0.49252330984188014	0.4853531163578002
7.021791407676576E-10	5.154681472483441E-11	0.5035355767759071	0.4958571080161635	0.504285589044905	0.4915976620925011	0.4834676753713011	0.507463469566922	0.4860816043695553	0.5069728961067541	0.5013919176332086	0.5146181999232954	0.4987359348881331	0.49910333437455734	0.508179034254823	0.49600957209726015	0.47673905413754863	0.5214453661073291	0.49272022814008265	0.4853214698684118
8.089532507178035E-9	7.37498903765409E-9	0.5030790066070651	0.49586326891056015	0.5042822106229479	0.4915977857951839	0.48331696030856114	0.5074736735711101	0.48606702419313425	0.5069728584465917	0.5013483420476351	0.5141843224837066	0.4987357507156581	0.49918050067429637	0.5083942277243142	0.49603424321603407	0.47675621261051554	0.5209460803896834	0.4927140948636523	0.485352719231781
3.006279323282906E-7	7.278938938353406E-9	0.5030790066070651	0.4958631511795806	0.5042822085573	0.49159723710836895	0.4833177992765604	0.50747348120401	0.4860667584763316	0.5069717246558484	0.5013483180241304	0.5141685815881579	0.4987357506765078	0.4991816183223737	0.5081698423242453	0.4960118233356354	0.4767384585298691	0.5209406144146863	0.4926652919560369	0.48535264072549794
1.7630020970343347E-6	2.9247847348961787E-12	0.5030789729185856	0.4958689343548214	0.5012976878859478	0.49159771052453194	0.4832237126558418	0.5074736735711101	0.4870475767275186	0.5069728841895347	0.5013494592330968	0.5141852344880243	0.49873543798392006	0.4991057175171781	0.5083147533363734	0.4960113519044353	0.4767552782300869	0.5216161756125938	0.49273126059178346	0.48560842058855014
1.7345185631265592E-6	0.001813490378433917	0.5030795898987935	0.49574994943855943	0.5043648613193352	0.4915867728020314	0.4833080754080709	0.5074633107713549	0.48704280900178554	0.5069545068127178	0.5013508494385768	0.5141578615898983	0.49873458363541484	0.4990900952577074	0.5081459678473315	0.4960114813685351	0.47673880556601306	0.5214420265556056	0.4925152505055027	0.48535387853593137
3.4151752833878196E-5	0.001813490378433917	0.5035418708216789	0.4957459799268598	0.5043648681651546	0.4915867728020314	0.4833155816413053	0.5074633107713549	0.48704280900178554	0.5069545068127178	0.5013501700732056	0.5146033123069731	0.49873458363541484	0.499110406852129	0.5081459678473315	0.4959735013128636	0.47673880556601306	0.5214420265556056	0.49251554538555886	0.48535387853593137
3.421392184761063E-5	0.0018885598962838383	0.5035418708216789	0.49575073496912997	0.5043649708713438	0.4915867728020314	0.4833155816413053	0.5074633164121878	0.4870249792761212	0.5069550358094557	0.5013905801364245	0.5141592231749592	0.49873458363541484	0.499110406852129	0.5081459678473315	0.4959735013128636	0.4767388073794865	0.5214420265556056	0.49251554538555886	0.48535387853593137
0.0	7.225509224981116E-16	0.5030771075504389	0.49586373523023214	0.5043654593485812	0.4916164686371465	0.4832257765080163	0.507450777033961	0.48695185868867746	0.5069723664185863	0.5014326616388827	0.5141699143025047	0.49873456970838626	0.4991739770511985	0.5083388393305278	0.4960087592750965	0.47675446153425155	0.5224393601645946	0.49251422937505546	0.48535373095697587
0.0	0.0	0.5030785833805742	0.4958637341968222	0.5042846525873667	0.4915819616783369	0.48131362853077875	0.5074633803047814	0.48610577662513016	0.5069727994209877	0.5014316967007781	0.5141944310180286	0.49870921399102597	0.4991048096263204	0.5083149556096744	0.4960117545474063	0.4767133563400828	0.5214502584416787	0.49253120448130705	0.48535313867679314
3.9255199436559577E-16	4.993974031196529E-14	0.5030785534995474	0.4958687229879779	0.5042856412361287	0.4915976354629778	0.4832241988968726	0.5074592577566163	0.48606728059627496	0.506972880910696	0.5013898377795146	0.5141575146131243	0.49871022644912527	0.4991031756837304	0.5081766346745075	0.49601170575471065	0.47672306629326655	0.5224396137059494	0.49266535893133073	0.4853570631114768
1.56054450643606E-13	5.00211629626124E-13	0.50308032970758	0.4958657682853516	0.504367315172695	0.4916155638618684	0.48331031235138394	0.5074454880775359	0.4870965522800769	0.5069727798617445	0.5013492565858421	0.5141721986485147	0.49873568854631334	0.49910108324918195	0.5083963009337771	0.49599938782781505	0.47673865611182015	0.5224485681457172	0.492626086473544	0.48557778618921366
0.0	1.8172018246257194E-10	0.5030771119368477	0.49586861703396873	0.5043632074401897	0.4915978370917429	0.4832885993014698	0.5074509435868865	0.48606230424895536	0.5069728571784928	0.501349274801552	0.5145868987949593	0.4987357531963151	0.49910190074682853	0.5083950704038517	0.49601856693729124	0.4767389573612177	0.5216746309445963	0.492626086473544	0.4853296606500886
0.0	1.8172018246257194E-10	0.5030771119368477	0.49586861703396873	0.5043632074401897	0.4915978370917429	0.4832885993014698	0.5074509435868865	0.48606230424895536	0.5069728571784928	0.501349274801552	0.5145868987949593	0.4987357531963151	0.49910190074682853	0.5083950704038517	0.49601856693729124	0.4767389573612177	0.5216746309445963	0.492626086473544	0.4853296606500886
5.1169564647522654E-15	1.8321696306519256E-10	0.5030785072883182	0.4958686754113977	0.5042870654178417	0.49158182528795147	0.48331001998021444	0.5074473209633912	0.48704238066824523	0.5069727722285418	0.5013529210707747	0.5141585640408307	0.4987353808794725	0.49909123027307156	0.5083150796701633	0.4959990290573467	0.4767553863346796	0.5216717909501383	0.49252203332878947	0.4853531163578002
7.144267481756013E-10	5.047557635373882E-11	0.503542518052922	0.4958571080161635	0.5042855890442396	0.49159749158998184	0.48345741781128304	0.5074728848123926	0.48606675801061017	0.5069728961067541	0.5013919176332086	0.5146001210997174	0.4987359212424069	0.49910333437455734	0.508179034254823	0.49600957209726015	0.476738420883334	0.5214453661073291	0.49272022814008265	0.4853214532078945
3.288233172894136E-9	5.154681472483441E-11	0.5035293315936523	0.495856965618813	0.504285589044905	0.4915976620925011	0.4834676753713011	0.507463469566922	0.4860816043695553	0.5069728961067541	0.5013919176332086	0.5146181999232954	0.4987359348881331	0.49910333437455734	0.508179034254823	0.49600957209726015	0.47673906742158245	0.5214453661073291	0.49272022814008265	0.4853214698684118
4.1102764349490226E-8	9.08329281811595E-12	0.503079846256869	0.495865749597798	0.504375565445565	0.4915853589466661	0.4833176485163274	0.5074736735711101	0.486018950134879	0.5069728785640515	0.5013492662463562	0.5142029705901511	0.49873575966892564	0.49910552260601115	0.5083765203973586	0.4960348792296997	0.4767555232524669	0.5207252575128658	0.49266451539567085	0.4853226401055133
9.539946278295229E-8	7.37498903765409E-9	0.5030790066070651	0.4958658914184701	0.5043662290949875	0.4915973121629733	0.48331696030856114	0.5074738143011743	0.48609089734320676	0.5069727802905509	0.5013482623493365	0.5146154785075214	0.4987357506765078	0.49918050067429637	0.5083141997745976	0.4960162387080902	0.47673831205084155	0.5209406144146863	0.4927182937737462	0.4853525982725391
3.253669109783196E-7	7.37498903765409E-9	0.5030790066070651	0.49586326891056015	0.5042822085573	0.4915977828782978	0.48331696030856114	0.5074736735711101	0.4860667584763316	0.5069717246558484	0.5013483180241304	0.5141685815881579	0.4987357506765078	0.49918050067429637	0.5083141997745976	0.49603424321603407	0.4767384088287457	0.5209406144146863	0.4927140948636523	0.4853525982725391
8.600296547065912E-5	1.2638027595005965E-10	0.5030782799618977	0.49586879504276365	0.5042855890695577	0.49160678067575625	0.4832012449079463	0.5074736934195899	0.486074756776605	0.5069727808392726	0.5013492662463562	0.5141849467141743	0.49873533520556645	0.4991003353642416	0.5081327632620032	0.4960118802633301	0.47673838993924006	0.5216335924800181	0.49252426068953525	0.4856088587822851
8.600296547065912E-5	1.2638027595005965E-10	0.5030782799618977	0.49586879504276365	0.5042855890695577	0.49160678067575625	0.4832012449079463	0.5074736934195899	0.486074756776605	0.5069727808392726	0.5013492662463562	0.5141849467141743	0.49873533520556645	0.4991003353642416	0.5081327632620032	0.4960118802633301	0.47673838993924006	0.5216335924800181	0.49252426068953525	0.4856088587822851
3.4151752833878196E-5	0.002506686477301699	0.503104395662385	0.4957460969977053	0.504365568053516	0.4915856559831516	0.4833155816413053	0.5074633107713549	0.48704280900178554	0.5069541341895665	0.5013492719126382	0.5146033123069731	0.49873458363541484	0.49911040681453017	0.5081459678473315	0.4959735013128636	0.4767388053927897	0.5214420265556056	0.49251554538555886	0.48535387853593137
1.2646181010905047E-6	0.08107587408817259	0.5030571895226188	0.49586347371962336	0.5043670634467747	0.49158587972223056	0.48327398974272673	0.5074504375182327	0.4869481086315157	0.5069728575369106	0.5013463871974096	0.5146086804366475	0.4987360288273528	0.4979697552014866	0.5081293270790754	0.49603395907252545	0.47675537013443103	0.5216023378507308	0.49262816291815625	0.4853513139678801
0.0	9.826379724424395E-15	0.5030559571879751	0.495865854236219	0.5043670579783271	0.4915817625646874	0.4833201067406688	0.5074629147335775	0.4870509480878209	0.506972778152823	0.5014330063700881	0.5142018328614942	0.49873456970838626	0.4991739770511985	0.5081475695736823	0.4960085495632361	0.47675551769435826	0.5224389606601385	0.4925252108658541	0.4853258927513476
0.0	7.225509224981116E-16	0.5030782763941507	0.4958639375256307	0.5043655908143184	0.4916164686371465	0.4832257765080163	0.507450777033961	0.48714616373653946	0.5069727783706633	0.5014343444611478	0.5145754344525338	0.49873456970838626	0.49916317803719956	0.5083388393305278	0.49600860303791067	0.47675446153425155	0.5224393601645946	0.49157077142660466	0.4852977041756781
0.0	0.0	0.5030762554751104	0.4958633721699633	0.5043655968304931	0.4915819794256638	0.4812611921118086	0.5074632392838188	0.48806866600717663	0.5069727784669623	0.5014342789211799	0.5141393738153714	0.4987614039227662	0.49917563483327554	0.5081567988397031	0.4960117545474063	0.47675527945389573	0.5214252227012548	0.4925231172283963	0.4853250318664465
5.697388791193446E-14	7.225509224981116E-16	0.5030771075504389	0.49586373523023214	0.5043652112575234	0.4916164686371465	0.4832257765080163	0.507463329523864	0.4870021446814285	0.5069727796250043	0.5014343841407299	0.5142014521102078	0.4987346056066365	0.4991772066094394	0.5083382598232556	0.49600860303791067	0.47675446153425155	0.5224393601645946	0.49250781049898057	0.4853519583039999
3.9255199436559577E-16	4.993974031196529E-14	0.503076390769243	0.4958687229879779	0.5042856412051918	0.49159766587287923	0.48331605585050086	0.5074592577566163	0.48606728059627496	0.506972880910696	0.5013901929087936	0.5141575146131243	0.49871022644912527	0.4991031756837304	0.5081766346745075	0.4960116713324583	0.47672306629025046	0.5224396620670261	0.49266554505545823	0.4853570631114768
1.56054450643606E-13	5.00211629626124E-13	0.5030773518945535	0.49586394231258013	0.5043673402772255	0.4916155638618684	0.48331031235138394	0.5074454880775359	0.4870965522800769	0.5069728873703873	0.5013515432896963	0.5141721986485147	0.4987334467352735	0.49910108324918195	0.5083967996351015	0.49599938782781505	0.47673865611182015	0.5224485681457172	0.492626086473544	0.4855721986649408
1.56054450643606E-13	5.00211629626124E-13	0.5030773518945535	0.49586394231258013	0.5043673402772255	0.4916155638618684	0.48331031235138394	0.5074454880775359	0.4870965522800769	0.5069728873703873	0.5013515432896963	0.5141721986485147	0.4987334467352735	0.49910108324918195	0.5083967996351015	0.49599938782781505	0.47673865611182015	0.5224485681457172	0.492626086473544	0.4855721986649408
0.0	1.8417632591821447E-10	0.5030771119368477	0.4958688055395059	0.5043612021762399	0.4916154943815085	0.4832885993014698	0.5074509789980477	0.48606686017126804	0.5069728571784928	0.501349274801552	0.5145868367973758	0.4987357625912623	0.49947460333047516	0.508396079203323	0.49601856693729124	0.4767389573612177	0.5216746309445963	0.492626086473544	0.4853296606500886
1.1232579770456407E-11	1.8604126656570691E-10	0.5030771119368477	0.4958688055395059	0.5043596442658684	0.49159725733575466	0.4832237965649191	0.5074628608238353	0.48606686017126804	0.5069728571784928	0.501349274801552	0.5145848773375398	0.4987357625912623	0.49947460333047516	0.5083136279688415	0.49601856693729124	0.4767547068922485	0.5216746309445963	0.4925230313107172	0.4853296606500886
1.1232579770456407E-11	1.8604126656570691E-10	0.5030771119368477	0.4958688055395059	0.5043596442658684	0.49159725733575466	0.4832237965649191	0.5074628608238353	0.48606686017126804	0.5069728571784928	0.501349274801552	0.5145848773375398	0.4987357625912623	0.49947460333047516	0.5083136279688415	0.49601856693729124	0.4767547068922485	0.5216746309445963	0.4925230313107172	0.4853296606500886
2.0449561285426648E-10	1.2181318077018675E-10	0.5030553480935498	0.49586326891056015	0.5043668122443411	0.4915816786305263	0.48337186374957153	0.5074608016411265	0.48605779169515984	0.5069723249649664	0.5013493726561931	0.5142019393740647	0.49873581820157326	0.49916482982157007	0.5084111308401152	0.4960355675833859	0.4767369956093447	0.5216021487025022	0.4925252856613346	0.4853224449205138
7.144267481756013E-10	8.254502445801054E-11	0.503542518052922	0.4957471744602987	0.5042855890442396	0.49159777704949087	0.4832241981646145	0.5074592911486465	0.4860667159294923	0.5069728961067541	0.5013919176332086	0.5146001210997174	0.4987115780511695	0.49910333437455734	0.508179034254823	0.49600957209726015	0.476738420883334	0.5214453661073291	0.4925447408903633	0.48526767263126924
7.144267481756013E-10	8.254502445801054E-11	0.503542518052922	0.4957471744602987	0.5042855890442396	0.49159777704949087	0.4832241981646145	0.5074592911486465	0.4860667159294923	0.5069728961067541	0.5013919176332086	0.5146001210997174	0.4987115780511695	0.49910333437455734	0.508179034254823	0.49600957209726015	0.476738420883334	0.5214453661073291	0.4925447408903633	0.48526767263126924
1.1352515439910548E-14	1.3910840638056373E-8	0.5037764355497577	0.4958687104213513	0.5042856410154437	0.4915945334393604	0.48326716035136247	0.5074735946290229	0.4860667575079276	0.506970587495828	0.5013919309014501	0.514158590617999	0.49873591831817105	0.49910331736670677	0.5083898170015998	0.4960100803452421	0.47673897500634715	0.5214960823745278	0.49252516411971886	0.48535069218425975
3.253669109783196E-7	7.37498903765409E-9	0.5030790066070651	0.49586326891056015	0.5042822106229479	0.4915977857951839	0.48331696030856114	0.5074736735711101	0.48606683379517984	0.5069728584465917	0.5013483180241304	0.5141843224837066	0.4987357506765078	0.49918050067429637	0.5083942277243142	0.49603424321603407	0.47675621261051554	0.5209406144146863	0.4927140948636523	0.485352732813889
8.787796271888376E-5	7.436939417936806E-9	0.5030785375188537	0.495863290397425	0.5042822926862499	0.4916156075031163	0.483310134216648	0.507444177680588	0.48614385714722796	0.5069717260562946	0.5013492662463562	0.5141686344074096	0.49873576017491167	0.4991795075850344	0.5083782882479408	0.49599928599068316	0.4767386565525932	0.5209533204214484	0.4926250143903204	0.4853242549722719
5.5354848132141626E-8	0.07660194389691047	0.5030790121249343	0.4958687916447592	0.5042845609616446	0.491606798671405	0.483317633086526	0.5074745599245877	0.48691926584007156	0.5069511187323733	0.5013463394513861	0.5141555612838455	0.49870918559684696	0.49917534123817575	0.5081346463044978	0.4959738561617183	0.4767386894064954	0.5216069771729046	0.49252316260088225	0.48535151197154797
1.1456693065813798E-6	0.08031784342298467	0.5030791086403883	0.49586332785679316	0.5042001938044107	0.49158563210299755	0.483317633086526	0.5074745599245877	0.4869550449330495	0.5069512277470933	0.5013492987277651	0.5145717558488815	0.49871348457866677	0.4991671034547754	0.5081361264310054	0.4959726810729604	0.4767384448612022	0.5216083154640254	0.4925154604102412	0.48535021371997705
1.1456693065813798E-6	0.08078928525228496	0.5035292145720082	0.4958633258329896	0.5042893215725238	0.4915868100424638	0.483317633086526	0.5074745599245877	0.4869550449330495	0.5069511354492205	0.5013492987277651	0.5145923454644593	0.49870918559684696	0.4991656511278504	0.5081358555788434	0.49597347861608815	0.47673876505684776	0.5216063920489612	0.4925154588306276	0.4853504501348331
0.04820245526793206	0.07575401178084401	0.5030788586908364	0.49586369422625315	0.5042937561779086	0.4915853752901888	0.48331534505001356	0.5074624118712583	0.4869550449330495	0.5069541363416966	0.5013890159882395	0.5142105394826954	0.4987345836709317	0.4991048438195662	0.5081580977503622	0.4959726810729604	0.47675560189000804	0.5215945852100952	0.4925221486062678	0.4853537467304214
0.0	0.0	0.5030762788473132	0.4958635772885227	0.5042846525873667	0.4915819616783369	0.4812611921118086	0.5074633803047814	0.48804176517235276	0.5069727985651028	0.5014316967007781	0.5141944310180286	0.4987614039227662	0.49917570717863197	0.5081522255841421	0.4960117545474063	0.4767133563400828	0.5214982934116998	0.49252110506749747	0.485315655539739
0.0474957777359757	0.07932213074553313	0.5030788586908364	0.4958657530795067	0.5042937552079078	0.49158563210299755	0.48331534505001356	0.5074624110536446	0.4869550449330495	0.5069541363416966	0.5013890159882395	0.5146388910766629	0.4987345836709317	0.4991103652304607	0.5081580977503622	0.4959726810729604	0.47675560189000804	0.5215945852100952	0.4925221486062678	0.4853537124841949
1.1456693065813798E-6	0.07660194389691047	0.5030790121373422	0.4958687916447592	0.5042846285260896	0.4916067284371539	0.483317633086526	0.5074745599245877	0.4869550449330495	0.5069511187323733	0.5013463394513861	0.5141555612838455	0.49870918559684696	0.49917534123817575	0.5081361264310054	0.4959726810729604	0.4767387385925074	0.5216069771729046	0.49252316260088225	0.4853515512205083
7.144267481756013E-10	1.949111162785772E-12	0.5035379953362148	0.49586717058927277	0.5042845980806835	0.49159777704949087	0.4832241981646145	0.5074592911486465	0.4880386257803665	0.5069728971599489	0.5013910034562166	0.5146001210997174	0.4987115780511695	0.49910333437455734	0.508179034254823	0.49600957209726015	0.47673839506598653	0.5214452943137334	0.4925447408903633	0.48526767263126924
0.0	6.722185103984648E-11	0.5030785372776361	0.49586394128255323	0.5043655863133061	0.4916155638618684	0.4833101951373065	0.5074454880775359	0.4861446042750861	0.5069728571784928	0.5013515432896963	0.5141634638474423	0.4987334467352735	0.49917955643171125	0.5083967996351015	0.495999466277569	0.47673865611182015	0.5224485681457172	0.492626086473544	0.48559856969713266
0.04738668867547916	0.07932213074553313	0.5030788586908364	0.49586582084123815	0.5043655976990655	0.49158563210299755	0.4833155816413053	0.5074635314770102	0.4869550449330495	0.5069541363416966	0.5013492808939858	0.5146033123069731	0.49873458363541484	0.4991103652304607	0.5081361264310054	0.4959726810729604	0.47673876505684776	0.5215945852100952	0.4925154604102412	0.48535387853593137
0.0	7.225509224981116E-16	0.5030771075504389	0.49586373523023214	0.5043654535992294	0.4916164686371465	0.4832257765080163	0.507450777033961	0.4871560866658683	0.5069727783706633	0.5014343444611478	0.5141723936695415	0.49873456970838626	0.4991739770511985	0.5083388393305278	0.49600860303791067	0.47675446153425155	0.5224393601645946	0.4926535597804058	0.4852977041756781
