0.0	1.5189142054547516E-16	0.5291470785662971	0.4694730814997397	0.7112166004037216	0.43033925888526003	0.5745784932314218	0.3896321409894749	0.4752675135823841	0.3262702466817033	0.4880223116725225	0.29841725191335294	0.4530685014690276	0.664032771261855	0.41689517825907446	0.5552138788864204	0.8271848829177023	0.3877265023585542	0.520866822286703	0.40970148684212976
0.0	0.0	0.5291486903304096	0.46916200499454613	0.7112149654872727	0.4303438991998001	0.5745869245371199	0.3894410390644491	0.47526531090650126	0.32627516712015897	0.4880139890134077	0.29844267688075915	0.45307548668664965	0.6634471160191492	0.4168951782465549	0.5552138889396593	0.8242129724648869	0.3877248081114753	0.521186222565252	0.40957569210002515
0.0	1.5189142054547516E-16	0.5291473632084791	0.4694730814997397	0.7112166004037216	0.43033925888526003	0.5745785116289414	0.3896442905745518	0.4752661726852102	0.3262702466817033	0.4880217881149998	0.2984182957813564	0.4530685014690276	0.664032771261855	0.41689517825907446	0.5552138788864204	0.8271240167169117	0.3877265023585542	0.5208628750909369	0.40970148684212976
0.0	0.0	0.529148667162835	0.4694671095097352	0.7112150254305687	0.4303438991998001	0.5745871784601848	0.3896370578392005	0.4752725112467181	0.32627516712015897	0.4880139890134077	0.2984180228618378	0.4530685415402046	0.6640118840207723	0.4168951782465549	0.5552138892173129	0.8242162605137691	0.3877248223874934	0.5212067838964065	0.40957569210002515
0.0	1.6300334255170903E-14	0.5291073548566294	0.46941026718695883	0.7112483938815831	0.42997420188583585	0.5745838400493062	0.3896667023537563	0.4752675327856909	0.32627001859062144	0.48806711268342623	0.2984429738414611	0.45306903797497816	0.664030010863491	0.41686295054690575	0.5552138705237738	0.8245092221866824	0.38772356492903187	0.5208678881870522	0.41013175066577173
0.0	4.0701491033409934E-17	0.5291531871355876	0.4692375638509656	0.7112040803218288	0.4306179283824824	0.5745791356755896	0.3896993971252036	0.47526237397810306	0.3262702466817033	0.48801611761255603	0.2984172710051233	0.4530678604407248	0.6640327698588473	0.41688406837755326	0.5550543585626089	0.8245367725222066	0.3877264286786704	0.5206238385945888	0.4093827064026046
0.0	0.0	0.5291078459472423	0.46915717190271916	0.7112148945134054	0.43045078822937693	0.5745869254419192	0.3896916379128637	0.47526499771920144	0.32627006584812945	0.48803351135818746	0.3051781280195445	0.4530605769744083	0.6634210782149254	0.41689517825874195	0.5524443451358233	0.8242159980160172	0.3877253923865955	0.5196351522408438	0.40957569210002515
0.0	1.4372713161974371E-5	0.5291483494773667	0.46927480627206214	0.7112153483880542	0.43058441363549954	0.5745788467177875	0.3894442469823968	0.47537889464022115	0.3262732698395954	0.488015266729864	0.2984182514338252	0.4530676860573795	0.6640378171876252	0.4168951782465906	0.5552139284340671	0.8245115483811936	0.3877248051541644	0.5211586450862465	0.40954328474800333
2.6461324382262844E-11	7.9652324224775E-5	0.5291036341123072	0.4691567116681431	0.7112147978164471	0.4305854867719641	0.5745785779695344	0.38944274683766417	0.4753796074661502	0.3262737861257296	0.48803541418069313	0.2984183136575519	0.45307802780804646	0.6639893287704524	0.4168958055574451	0.5552138779669692	0.8245119137660059	0.3877248051541644	0.5212154449729223	0.40988954779983844
0.0	2.955132156495831E-4	0.5291035371595758	0.4694104177036506	0.7111524918464798	0.43058441363549954	0.5745788467177875	0.3894467057040585	0.47539342599449674	0.3262751250919443	0.4880148954555356	0.2984428139588492	0.45306977299584644	0.6634346911567935	0.4168951782465906	0.5552139284340671	0.8245119137660059	0.3877248051541644	0.5212025460701406	0.4094955597152263
0.0	0.011267976518665238	0.5291036341123072	0.46928007775303526	0.7112148601625118	0.4305855556814906	0.5745788467177875	0.3894442469823968	0.4753796074661502	0.3262702688424668	0.48803541418069313	0.2984183137364827	0.45307802780804646	0.6634346892775734	0.4168936201334567	0.5552138779669692	0.8245119137660059	0.3877248051541644	0.5212154449729223	0.40988954779983844
0.0	0.011293241450284413	0.5291036341123072	0.46928007775303526	0.7112440455309519	0.4305855556814906	0.5745788467177875	0.3894442469823968	0.4753796074661502	0.3263763046127256	0.4880354911205163	0.2984183137364827	0.45307802780804646	0.6634346892775734	0.4168936201334567	0.5552138779669692	0.8245119137660059	0.3877248051541644	0.5212624466144274	0.40990342550705344
0.0	4.2756290745784333E-16	0.5291486903304096	0.4691844680098738	0.7111983676156223	0.4303610747127405	0.5745787722814215	0.38964434319670527	0.47526521210650363	0.3262701077867953	0.488035054337436	0.2984430518493891	0.4530781231232232	0.6640327915917551	0.41689363373770766	0.5552138777633991	0.8242265658026476	0.38772388368806	0.5208714439211862	0.41004578600990826
0.0	1.5189142054547516E-16	0.529147079320424	0.469186571007858	0.7112169849164509	0.43062458275851906	0.5745840066047146	0.38963206071532686	0.475267628648301	0.3262702466817033	0.488022316689073	0.29841724283721077	0.4530685014690276	0.6640327699097944	0.41689517825907496	0.5552140743152377	0.8245121789644961	0.3877245135748337	0.5206050395847165	0.4099472545678744
0.0	0.0	0.5291108022677129	0.46915717190271916	0.7112150737310471	0.4304528691566243	0.5745786406715265	0.3896917015441118	0.47526499771920144	0.326270066064141	0.48803358990696566	0.3050217039312437	0.4530605769744083	0.6640712881304865	0.41689517825874195	0.5524443451358233	0.8242159980160172	0.3877253923865955	0.5196351522408438	0.4097380404829866
0.0	2.955132156495831E-4	0.5291035371595758	0.46927480627206214	0.7112148601625118	0.43058441363549954	0.5745788467177875	0.3894442469823968	0.4753796074661502	0.3262732698395954	0.4880148954555356	0.2984182948481499	0.4530676860573795	0.6634346892775734	0.4168951782465906	0.5552139284340671	0.8245119137660059	0.3877248051541644	0.5212025460701406	0.40954328474800333
0.0	2.955132156495831E-4	0.5291035371595758	0.46927480627206214	0.7112148601625118	0.43058441363549954	0.5745788467177875	0.3894442469823968	0.4753796074661502	0.3262732698395954	0.4880148954555356	0.2984182948481499	0.4530676860573795	0.6634346892775734	0.4168951782465906	0.5552139284340671	0.8245119137660059	0.3877248051541644	0.5212025460701406	0.40954328474800333
0.0	2.955132156495831E-4	0.5291035371595758	0.46927480627206214	0.7112148601625118	0.43058441363549954	0.5745788467177875	0.3894442469823968	0.4753796074661502	0.3262732698395954	0.4880148954555356	0.2984182948481499	0.4530676860573795	0.6634346892775734	0.4168951782465906	0.5552139284340671	0.8245119137660059	0.3877248051541644	0.5212025460701406	0.40954328474800333
0.0	2.955132156495831E-4	0.5291035371595758	0.46927480627206214	0.7112148601625118	0.43058441363549954	0.5745788467177875	0.3894442469823968	0.4753796074661502	0.3262732698395954	0.4880148954555356	0.2984182948481499	0.4530676860573795	0.6634346892775734	0.4168951782465906	0.5552139284340671	0.8245119137660059	0.3877248051541644	0.5212025460701406	0.40954328474800333
0.0	4.2756290745784333E-16	0.5291486903304096	0.4691844680098738	0.7111983676156223	0.4303627907228871	0.5745787722814215	0.38964434319670527	0.47526521210650363	0.32626986687809484	0.4880343835345473	0.298443173787432	0.4530781231232232	0.6640327915917551	0.4168951840854496	0.5552139293477167	0.824226621485158	0.38772477853234766	0.5208714439211862	0.41004578600990826
0.0	1.5189142054547516E-16	0.5291461520843374	0.4696660600225574	0.711216969959872	0.4299811451456994	0.5745787780092702	0.38964435181157253	0.4753715146416729	0.32627355908594574	0.48803342311311687	0.2984173538657563	0.45307587358867935	0.6640327252358283	0.4168951782587503	0.5551320300730379	0.8271453737006791	0.38772648439271545	0.5196350124078163	0.40994086522489853
0.0	0.0	0.5291541174850685	0.46915717190271916	0.7112150737310471	0.43046573979163494	0.5745787701363376	0.3896992983350403	0.4752686480449195	0.3262702407784443	0.48801592832844976	0.3050217039312437	0.4530605769744083	0.6640712881304865	0.41689517825874195	0.552492823180203	0.8242172766438856	0.3877253923865955	0.5196351522408438	0.4097380404829866
0.0	3.0677692217950694E-4	0.529106790197815	0.46905596405443223	0.711217998910843	0.43035063396158557	0.574578848330831	0.3896341374281253	0.4752656403560922	0.3262737015887097	0.4880156928762482	0.29841724283721077	0.4530754239511794	0.6634477529371849	0.41689517639012547	0.5550598295075057	0.8245097242055114	0.38772545133650876	0.5211929568221465	0.4099243331280715
0.0	4.2756290745784333E-16	0.5291486903304096	0.4691844680098738	0.7111983676156223	0.4303627907228871	0.5745787722814215	0.38964434319670527	0.47526521210650363	0.3262698748159685	0.48803415241057957	0.2984186972905599	0.4530757224935596	0.664018665454275	0.41689518432486405	0.5552703331750137	0.8244939572961303	0.3877264516934656	0.5208714439211862	0.4084527994126124
0.0	1.5189142054547516E-16	0.5291461363436794	0.4694730814997397	0.7112166036192723	0.43058440200888465	0.5745787780790832	0.38964474074435973	0.4753782316090581	0.3262702466817033	0.4880217881149998	0.2984182957813564	0.4530685014690276	0.664032771261855	0.41689517825907446	0.5552138788864204	0.8271457957789845	0.38772648439271545	0.5196350897479091	0.40938416900049446
0.0	1.209689367136428E-17	0.5291072999499924	0.46915589889938364	0.7112063748705104	0.43046139184797516	0.574586836620895	0.38969313815136214	0.4753689894980711	0.32627005458684155	0.48801592783075515	0.2984220023811624	0.4530533155483858	0.6634046559263798	0.41689517717223645	0.5525939182256941	0.8245122117556516	0.38772674668567486	0.5196351481865606	0.40962635681938503
0.0	0.0	0.5291108022677129	0.46915717190271916	0.7112150737310471	0.43058255430527703	0.5745786406715265	0.3896917015441118	0.47526499771920144	0.32627024366899365	0.48803358990696566	0.3050366092007466	0.4530605769744083	0.6640712881304865	0.4168951782587595	0.5524443451358233	0.8245144327147617	0.3877253923865955	0.5196351522408438	0.4097380404829866
0.0	0.011267976518665238	0.5291036341123072	0.4692145853439842	0.7112148601625118	0.4305855556814906	0.5745875775098638	0.3896417134881432	0.47510362454651117	0.32627326768345477	0.48803575512808256	0.2984183137364827	0.45317293138338394	0.6634511290633635	0.4168936201334567	0.5552138779669692	0.8245119137660059	0.3877248051541644	0.5212064234466046	0.40988954779983844
0.0	4.2756290745784333E-16	0.5291474136676403	0.46918435615468335	0.7111983676156223	0.43036241457572194	0.5745787722814215	0.3896891717790055	0.47526521210650363	0.32626986687809484	0.4880343835345473	0.298443173787432	0.4530780393584382	0.6640327915917551	0.4168951840854496	0.5552139293477167	0.8241333983937369	0.38772477853234766	0.5208385129706843	0.41004578600990826
0.0	1.5189142054547516E-16	0.5291461506308284	0.4694730814997397	0.7112166004037216	0.43058440200888465	0.5745787780790832	0.3896447407231711	0.4753782316090581	0.3262702466817033	0.4880217881149998	0.2984182957813564	0.4530685014690276	0.664032771261855	0.41689517825907446	0.5552138788864204	0.8271240167169117	0.38772648439271545	0.5196350887601651	0.40970148684212976
0.0	1.209689367136428E-17	0.5291055808046494	0.46915589889938364	0.7112149996706775	0.43046139184797516	0.5745868452692665	0.38969204062173474	0.47510217592121445	0.32627005458684155	0.48803528597075607	0.29842179030304433	0.4530532763951809	0.6634523807749014	0.41689514579531667	0.5525931261348649	0.8246728378691748	0.3877235796357143	0.5196351491399543	0.40962800880505296
0.0	0.0	0.5291486903304096	0.4691571708692597	0.7112149654872727	0.4303438991998001	0.5745869245371199	0.3896443431033793	0.47526531090650126	0.32627006584812945	0.48807032180355553	0.29841812192423944	0.4531213383594445	0.6634360923293294	0.41689517559773964	0.5552138889396593	0.824545868008678	0.3877253923865955	0.5196351292698242	0.40957513730721845
0.0	4.2756290745784333E-16	0.5291474136676403	0.469183893958388	0.7112170446168901	0.43036241457572194	0.574578748713856	0.38966395317151625	0.4752675925499222	0.3262694284146779	0.4880343835345473	0.298443173787432	0.45307799618855066	0.6640192130466204	0.41689517845192003	0.5552139293477167	0.8241333983937369	0.38772477853234766	0.5208385129706843	0.41004578600990826
0.0	1.5189142054547516E-16	0.5291461520531392	0.4696660600225574	0.7112150498293097	0.4304534975484137	0.574587113942036	0.389647535445236	0.4753715146416729	0.3262702466817033	0.487997257459414	0.298417373762365	0.4530530139134791	0.664032771261855	0.4168951782587503	0.5552138788864204	0.8271468613194093	0.38772648439271545	0.5196351529248451	0.40970119151055906
0.0	1.0002346748582275E-16	0.5291062009857895	0.4691550080165093	0.7112450205105967	0.43046139184797516	0.5745868466491549	0.38969211797475467	0.47510217592121445	0.32636410224433327	0.48807035709253915	0.29842179030304433	0.4531233873101137	0.6634401965596041	0.41689514579531667	0.5525931261348649	0.824545510584225	0.38772332973180695	0.5196351306291817	0.40962800880505296
0.0	1.209689367136428E-17	0.5291058079843977	0.46915589889938364	0.7112150562545202	0.43046139184797516	0.574586836620895	0.38969313815136214	0.47510217592121445	0.32627005458684155	0.48803528597075607	0.29842179030304433	0.4530533155483858	0.6634046559263798	0.41689517716547825	0.5525931261348649	0.8245122118840628	0.3877235796357143	0.5196351482434037	0.40962635681938503
0.0	0.0	0.5291108022677129	0.46916214555801267	0.7112142824737755	0.43058249174503427	0.5745786406715265	0.3896917015441118	0.47526499771920144	0.3262702092838418	0.48803358990696566	0.29836476477002666	0.45306043758308395	0.6640324490441977	0.4168951782587595	0.5525709694618812	0.8245144327147617	0.3877253923865955	0.5196351522408438	0.40941412051046416
0.0	1.6300334255170903E-14	0.5291057273183368	0.46927282026110395	0.7112169760508645	0.43034373929939235	0.5745838400493062	0.38966840479576265	0.475265379393767	0.3262700644217956	0.4880679774138182	0.29841315573888694	0.45306779795845376	0.6640300685279846	0.4168629390664584	0.5552138885265934	0.8245371602123137	0.3877235127058765	0.5208600490296157	0.4083395225922975
0.0	4.2756290745784333E-16	0.5291055807845674	0.4691844680098738	0.7111988751319643	0.43036651666329817	0.5745789091965778	0.3896487826911015	0.4751022239815555	0.3262698019163346	0.48803528129537527	0.2984430518493891	0.453053214908568	0.6640327915917551	0.41689514801414007	0.5552138887180986	0.8242194842989014	0.38772388443435746	0.5208984094821083	0.41004285092587767
0.0	1.5189142054547516E-16	0.5291461520531392	0.4696660600225574	0.711216969959872	0.4305814281070138	0.5745787780092702	0.38964435181157253	0.4753715146416729	0.3262702466817033	0.487997257459414	0.2984173538657563	0.4530758824679646	0.664032771261855	0.4168951782587503	0.5552138788864204	0.8271453737006791	0.38772648439271545	0.5196350124078163	0.40970119151055906
0.0	1.0002346748582275E-16	0.529191922380273	0.4691550080165093	0.7111895738251061	0.43046139184797516	0.5745868466491549	0.3896932556125886	0.47510217592121445	0.3263658194473379	0.48807003192699583	0.29842179030304433	0.4531233873101137	0.6634401965596041	0.41689514579531667	0.5525931261348649	0.8245467213516664	0.38772340603752736	0.5196351306291817	0.40962800880505296
0.0	4.0701491033409934E-17	0.5291532731773353	0.46923020364670154	0.7112040803218288	0.4304696979868015	0.5745790919413785	0.3896992876615523	0.475376840367054	0.3262702466817033	0.48801611761255603	0.2984421919812125	0.4530700737514731	0.6640273967102802	0.4168839452613232	0.5525389232500046	0.8245372729017962	0.3877329915661914	0.5196350884894275	0.4091598715158996
0.0	1.209689367136428E-17	0.5291064763495138	0.46915589889938364	0.711238707076274	0.43046139184797516	0.574586836620895	0.38969313815136214	0.4751013071408303	0.32627005458684155	0.48803528597075607	0.29842173327361127	0.4530533155483858	0.6634046559263798	0.41689517717223645	0.5525931261348649	0.8245122117556516	0.38772674668567486	0.5196351482434037	0.40962635681938503
0.0	0.0	0.5291485301849862	0.46915717190271916	0.7112149654872727	0.4304612575761005	0.5745869246809376	0.3896443431033793	0.47526531090650126	0.32627005453242347	0.48803391884475117	0.29841812192423944	0.45307548668664965	0.6634051710724898	0.41689517825874195	0.5552138889396593	0.8242129724648869	0.3877253923865955	0.5196351482708877	0.40962688375462747
0.0	4.2756290745784333E-16	0.5291056449116016	0.4691844680098738	0.7111983676156223	0.43036651666329817	0.5745789091965778	0.3896487826911015	0.4751038367970655	0.32627313552117004	0.4880350836408016	0.2984430518493891	0.45305321643757174	0.6640327915917551	0.41689363373770766	0.5552138887180986	0.8242194842989014	0.38772388443435746	0.5208714439211862	0.41004578600990826
0.0	1.5189142054547516E-16	0.5291461520531392	0.4696660600225574	0.7112148360855218	0.43058144714063334	0.5745787780092702	0.3894429555249997	0.4753715146416729	0.3262702466817033	0.48801381882601297	0.29841829741435694	0.45306780231821087	0.664032771261855	0.4168951782468226	0.5552138788864204	0.8270024522904135	0.38772648439271545	0.5196350124078163	0.40970119151055906
0.0	1.0002346748582275E-16	0.529191922380273	0.46915589889938364	0.7111895738251061	0.43046139184797516	0.5745868452692665	0.38969204062173474	0.47510217592121445	0.3263713177077751	0.48807003192699583	0.29842179030304433	0.4531233873101137	0.6634523807749014	0.41689514579531667	0.5525931261348649	0.8245467213516664	0.38772340603752736	0.5196351491399543	0.40962800880505296
0.0	4.0701491033409934E-17	0.5291531871355876	0.46923020364670154	0.7112040803218288	0.4304482385347234	0.5745790919381681	0.3896992876615523	0.475376840367054	0.3262702466817033	0.48801611761255603	0.2984430441895771	0.45306844082669884	0.6640328401315809	0.41688406837755326	0.5525389232500046	0.8245367725222066	0.3877264286786704	0.5196350884894275	0.4094765579190312
0.0	1.209689367136428E-17	0.5291347907810827	0.46915589889938364	0.7112417618109327	0.4298568263687748	0.5745839427577211	0.3896930452630271	0.47510321594211746	0.3262700570079117	0.48803500291602014	0.29842179030304433	0.4530532763951809	0.6634523807749014	0.41689514579531667	0.5552752898295599	0.8246728378691748	0.38772452008163405	0.5196351491399543	0.40962653385950704
0.0	0.0	0.5291486903304096	0.46915715759320464	0.7112149747908096	0.4303113521618257	0.5745867536321451	0.3896443431033793	0.47526531090650126	0.3297115624863669	0.4880339408351428	0.29841812192423944	0.45307548668664965	0.6640148635852666	0.41689517825874195	0.5550912964455035	0.8242129724648869	0.3877253923865955	0.5196352072632694	0.40957569210002515
0.0	4.2756290745784333E-16	0.5291491854083437	0.4691844680098738	0.7112434680316143	0.4298929922748649	0.5745787722814215	0.38969048406330337	0.47526521210650363	0.3262698748159685	0.48803415241057957	0.2984186972905599	0.45307588456608866	0.664021243454456	0.4168952047631978	0.55527280322632	0.8244939572961303	0.3877264516827294	0.5208714439211862	0.4084879611620314
0.0	1.5189142054547516E-16	0.5291080493525422	0.469162625422404	0.7112434343482184	0.42989107560261575	0.5745868319357343	0.38969149586104385	0.4751013832204871	0.32637536327823996	0.4880333229296711	0.29844031232072976	0.4530684417946045	0.6634526247735703	0.41689558130548454	0.5525927622388848	0.824523473659107	0.3877264286786704	0.5196351491902816	0.4094765579190312
0.0	1.0002346748582275E-16	0.529106651915704	0.46915589889938364	0.711189701657603	0.43046139184797516	0.5745869209974115	0.38969204062173474	0.4752517993802857	0.3263692744151994	0.48807003192699583	0.29842179030304433	0.4531233873101137	0.663453018949588	0.41689514579531667	0.5525916861686698	0.8242164888928915	0.3877235366541664	0.5196351491090615	0.40962623246048374
0.0	4.0701491033409934E-17	0.5291531871355876	0.4692375638509656	0.7112040803218288	0.4304482385347234	0.5745791356755896	0.3896993971252036	0.475376840367054	0.3262702466817033	0.48801611761255603	0.29841836234903946	0.4530678604407248	0.6640328401315809	0.41688406837755326	0.5525389232500046	0.8245367725222066	0.3877264286786704	0.5196350875414391	0.4093827064026046
0.0	1.209689367136428E-17	0.5291055808046494	0.4692261831486184	0.7112044991568596	0.4299601879479403	0.5745838052257654	0.38969204062173474	0.4752500793952622	0.3262700546537423	0.488035295012196	0.29841715280024583	0.45297285267773074	0.6640332183326427	0.4168949802904594	0.5526681553977747	0.8245071379357036	0.38772237623532263	0.5196351505163246	0.40961531315246835
0.0	0.0	0.5290988885322196	0.469341419203554	0.7111972207141867	0.4299677385960618	0.5745793127957447	0.38964434319670527	0.4751386660129012	0.32629406192446847	0.4880337488958295	0.29842184481795103	0.45308078500412396	0.6640285346833735	0.4168956801856598	0.5551186764909033	0.8244909918139713	0.38772360247641147	0.5196342446188105	0.4094231648637891
0.0	4.2756290745784333E-16	0.5291474136676403	0.46918435615468335	0.7111983676156223	0.43036245530765355	0.5745787722814215	0.3896473261451593	0.4750995283270787	0.32626986687809484	0.4880343835345473	0.2984430595464887	0.4530780393584382	0.6640327915917551	0.4168952967212438	0.5552138888725278	0.8241333983937369	0.38772477853234766	0.5208383008831424	0.41004578600990826
0.0	1.5189142054547516E-16	0.5291480085387771	0.46923972020510984	0.7112013660088095	0.42987922315608595	0.5745868319357343	0.3896445174497986	0.47537822937178237	0.3262712660058296	0.4880334366550287	0.2984394536058804	0.4530684417946045	0.6634824222203055	0.4168840504266865	0.5551804071733432	0.8245322744576948	0.3877264286786704	0.5196351528083544	0.40938606091705687
0.0	4.0701491033409934E-17	0.5291527906665442	0.4692258400489647	0.7112040803218288	0.43046557645337213	0.5745790919381681	0.3896992876615523	0.4753726057967963	0.3262702466817033	0.48801611761255603	0.2984430441895771	0.45306844082669884	0.6640331107190179	0.41688893171058333	0.5551387112122291	0.8245371404083334	0.38772638751204513	0.5196350884894275	0.4094765579190312
0.0	4.0701491033409934E-17	0.5291527906665442	0.4692258400489647	0.7112040803218288	0.43046557645337213	0.5745790919381681	0.3896992876615523	0.4753726057967963	0.3262702466817033	0.48801611761255603	0.2984430441895771	0.45306844082669884	0.6640331107190179	0.41688893171058333	0.5551387112122291	0.8245371404083334	0.38772638751204513	0.5196350884894275	0.4094765579190312
0.0	1.209689367136428E-17	0.5291055808046494	0.4692282193701329	0.7112149690753174	0.4298816271567741	0.5745839452423374	0.38969204062173474	0.4752500671682977	0.32627005458684155	0.48803528597075607	0.29841715280024583	0.45297381727805364	0.6640162492276976	0.41689514579531667	0.5526681553977747	0.8245071379357036	0.3877235796357143	0.5196351491399543	0.40962800880505296
0.0	0.0	0.5291140499869907	0.46923215042455013	0.7112155331606952	0.4298832126721363	0.5745874013527963	0.38960802905410513	0.47526003294633934	0.32626991005521316	0.4880218185329777	0.29842179854569023	0.45297594684293596	0.6640328145388814	0.4168951691956371	0.5552277160332696	0.8245119869690658	0.3877235347020952	0.5196350769341319	0.40939743572046605
0.0	1.5189142054547516E-16	0.5291080493525422	0.469162625422404	0.7112434343482184	0.42989107560261575	0.5745868319357343	0.3896992876615523	0.4751165535006232	0.32627127937711753	0.4880333229296711	0.29844031232072976	0.4530684417946045	0.6634526247735703	0.41688405066743917	0.5525322547919472	0.8245236474714858	0.3877264286786704	0.5196350884894275	0.4094765579190312
0.0	1.5189142054547516E-16	0.5291080493525422	0.469162625422404	0.7112434343482184	0.42989107560261575	0.5745868319357343	0.3896992876615523	0.4751165535006232	0.32627127937711753	0.4880333229296711	0.29844031232072976	0.4530684417946045	0.6634526247735703	0.41688405066743917	0.5525322547919472	0.8245236474714858	0.3877264286786704	0.5196350884894275	0.4094765579190312
0.0	4.0701491033409934E-17	0.5291540014894119	0.469168221872178	0.7112055305078524	0.43046557645337213	0.5745787734276342	0.3896992876615523	0.4753726057967963	0.3262702440517674	0.48801611761255603	0.2984430441895771	0.453068501862314	0.6640334189017139	0.416888950081637	0.5552158669176682	0.824537467470947	0.38772638751204513	0.5196351173579048	0.40948658478579447
0.0	0.0	0.5291345220712841	0.46947714092934756	0.7112417184340013	0.42987834888890814	0.5745839389946938	0.38960814565804236	0.47526977186468333	0.32626991509742	0.4880218647227642	0.29841827164582596	0.45307063723146074	0.6640296503865177	0.41689495422816725	0.5552138729824431	0.8245057556487274	0.3877245657900763	0.5196350769341319	0.40976211637432275
0.0	0.0	0.5291345220712841	0.46947714092934756	0.7112417184340013	0.42987834888890814	0.5745839389946938	0.38960814565804236	0.47526977186468333	0.32626991509742	0.4880218647227642	0.29841827164582596	0.45307063723146074	0.6640296503865177	0.41689495422816725	0.5552138729824431	0.8245057556487274	0.3877245657900763	0.5196350769341319	0.40976211637432275
0.0	6.900072098841488E-4	0.529153600307925	0.4692459419244376	0.7112173114417175	0.4305814281070138	0.5745787791283253	0.38964435181157253	0.4753715146416729	0.32627024664163085	0.4879973757973778	0.2984175314424233	0.4530758824679646	0.6640328279418889	0.4168951782587503	0.5552138788864204	0.8272397382143788	0.38772663060096635	0.5196350124078163	0.40970119151055906
0.0	1.5189142054547516E-16	0.529106790197815	0.46905596405443223	0.711217998910843	0.43035063396158557	0.574578848330831	0.38963206071532686	0.4752656403560922	0.3262737015887097	0.4880364202758724	0.29841724283721077	0.4530754239511794	0.6634477529371849	0.4168951175680827	0.555060364026741	0.8245097242055114	0.38772545133650876	0.5196350897479091	0.4099472545678744
0.0	4.0701491033409934E-17	0.529153042998635	0.46947134331840173	0.7112039128221119	0.43046557645337213	0.5745790993687133	0.3896998672287453	0.4753726057967963	0.3262702466817033	0.48801611761255603	0.29844271124035027	0.45306844082669884	0.6640331107190179	0.41689512798686673	0.5551387112122291	0.8245478938812981	0.3877264811654504	0.5196350884894275	0.40947625142621324
0.0	0.0	0.5291480559151126	0.46921529140419127	0.7112442436431184	0.4303716600420255	0.5745867948375908	0.3896447091723818	0.4751202970004561	0.32646890887796765	0.4878782051522468	0.2984158853916986	0.45298588787436944	0.6640220610991204	0.41689590176814406	0.5552138770435071	0.8244891993059772	0.387723369346357	0.5196348538583645	0.4097590848733334
0.0	2.955132156495831E-4	0.5291501898611781	0.46947248725707225	0.7111510333851775	0.43058441363549954	0.5745788486487363	0.3894467057040585	0.4753783262789332	0.3262751250919443	0.48803504998189146	0.2984176407095381	0.4530697568537918	0.6634346911567935	0.4168951782593604	0.5552139284340671	0.824511895671493	0.38772645042526366	0.5196584702109989	0.4094955597152263
0.010390310475454578	0.0	0.5291078459472423	0.46915717190271916	0.7112148945134054	0.4304614569069337	0.5745869254419192	0.3896916379128637	0.4752578690337531	0.3262700551847244	0.4880352860066513	0.30519348152251236	0.4530605769744083	0.6634045907365078	0.41689517825874195	0.5524443451358233	0.8245314512304425	0.3877253655666073	0.5196351481163208	0.40957569210002515
0.0	1.5189142054547516E-16	0.5291480085387771	0.4691572818576928	0.7112434343482184	0.42987922315608595	0.5745868319357343	0.3896432225882618	0.4752679959215427	0.3262712660058296	0.4880333229296711	0.2984394536058804	0.4530684417946045	0.6634526247735703	0.41688405066743917	0.5552308768817107	0.8245322744576948	0.3877264286786704	0.5196351528083544	0.409577598877523
0.0	4.0701491033409934E-17	0.5291540014894119	0.4691661962164757	0.7112055305078524	0.4304639945808305	0.5745787734276342	0.3896435886203687	0.4753778589472355	0.3262702440415612	0.4880218051289	0.2984430441895771	0.453068501862314	0.6640334041368833	0.416888950081637	0.5552158669176682	0.824537467470947	0.38772638751204513	0.5196351198268756	0.409696108703156
0.0	0.0	0.5290988885322196	0.46916247398090316	0.7111972207141867	0.4299625548962191	0.5745787722814215	0.3897014774481392	0.4751160635631523	0.32629406192446847	0.4878796533274657	0.2984173140234233	0.45308019804777605	0.6640285346833735	0.41687764434741886	0.5552141429826513	0.8245257262319852	0.38772360247641147	0.5196342446188105	0.40944316589016805
0.03843463422250071	1.5189142054547516E-16	0.5280061106198286	0.46916225026742203	0.7112501425366061	0.4305851587935935	0.5745871755584596	0.3896446196870114	0.475262055868508	0.326273365141087	0.4880339825177328	0.2984181882799357	0.4530685014690276	0.6640328250740485	0.41689517825872746	0.55256788337951	0.8245098013397792	0.38772367318420947	0.5196324264943605	0.4094215688835024
0.0	1.5189142054547516E-16	0.5291536000914923	0.46915029865721547	0.7112040803218288	0.430450228995653	0.5745880759981977	0.3896076163667831	0.475376840367054	0.32627007556083293	0.48801598051392425	0.29844224415942083	0.4530690791625905	0.6640328878103803	0.41688395221629765	0.5525384837135989	0.8245242975643025	0.38772350547696377	0.5196351513825158	0.40913898019304545
0.0	1.0235570911873778E-16	0.5291469576858441	0.46915351481083967	0.7112149721862047	0.4303191789116727	0.574587000084447	0.3896671592812976	0.47526758122622376	0.3263101910097701	0.4880339408351428	0.2984217584707281	0.45307559174011885	0.6634290665956577	0.41689517825874306	0.5525350117454316	0.8242141978278718	0.3877253295194286	0.5196361182459053	0.40957596914347255
0.0	4.0701491033409934E-17	0.5291459035789152	0.4694700721461649	0.7112055305078524	0.43046557645337213	0.5745787780786635	0.3896992876615523	0.4753722873883692	0.32627024666454146	0.4880158650069124	0.2984432392726225	0.453068501862314	0.6640334189017139	0.41689529919527546	0.5552139490511618	0.8245378687287325	0.38772638751204513	0.5196351173579048	0.40948658478579447
0.0	1.209689367136428E-17	0.5291055808046494	0.46915589889938364	0.7112472506622496	0.43046139184797516	0.5745866998127772	0.38969204062173474	0.47510472658243375	0.32627005458684155	0.48803528855221145	0.29842176884866367	0.4530532763951809	0.6634298313963963	0.4168951450108323	0.5525931261348649	0.8241517198301898	0.38772210948050106	0.5196341093482802	0.40932494910512607
0.0	0.0	0.5291140499869907	0.46923215042455013	0.711241739371871	0.4298832126721363	0.5745839805247107	0.38960814565804236	0.47526003294633934	0.3262699260622367	0.4880205772707606	0.29842179854569023	0.45297594684293596	0.6640378051586697	0.41689495422816725	0.555213872095203	0.8245056321994115	0.3877235347020952	0.5196350769341319	0.40976211637432275
0.03843463422250071	1.5189142054547516E-16	0.5280061106198286	0.46916225026742203	0.7112501425366061	0.4305851587935935	0.5745871755584596	0.3896446192956876	0.475262055868508	0.32627348167259285	0.4880338403879596	0.2984181882799357	0.4530685014690276	0.6640285794248382	0.4168781130228763	0.5524996117671563	0.8245098013397792	0.3877236746053086	0.5196324264943605	0.40940344642189797
0.0	1.5189142054547516E-16	0.5291530044476274	0.46915029865721547	0.7112040803218288	0.430450228995653	0.5745870804741215	0.38964509612584314	0.475376840367054	0.3262700704812163	0.48801598823075654	0.29844031232072976	0.4530690791625905	0.6640328294870558	0.41688406837755326	0.5525743786463322	0.8245242975643025	0.3877264418579528	0.5196351504494962	0.4094765579190312
0.0	1.2248320068878738E-16	0.5291481267301597	0.4694771140505773	0.711214970081721	0.43058440491387934	0.5745786467129738	0.38964434601274067	0.4754145368658125	0.32627024708531455	0.4880339405880953	0.2984181805040666	0.45306870782812037	0.6640125069526426	0.4168951782584704	0.5552140824954972	0.8244858492137068	0.3877245476830211	0.5196351422465972	0.409372613289436
0.0	4.0701491033409934E-17	0.5291527906665442	0.4692258400489647	0.7112040803218288	0.43046557645337213	0.5745790386899465	0.3896992876615523	0.4753726057967963	0.3262702466817033	0.488066617664382	0.2984430441895771	0.4530677843553686	0.6640331107190179	0.41688893171058333	0.5551387112122291	0.8245371599621109	0.38772638751204513	0.5196350884894275	0.4083592789512247
0.0	1.209689367136428E-17	0.5291055808046494	0.46915589889938364	0.7112472506622496	0.43046139184797516	0.5745866952273188	0.38969204062173474	0.47510217592121445	0.32627005458684155	0.48803528597075607	0.29842179030304433	0.4530532763951809	0.6634298313963963	0.41689514579531667	0.5525931261348649	0.8241517198301898	0.38772210948050106	0.5196351491399543	0.40932494910512607
0.0	1.209689367136428E-17	0.5291055808046494	0.46915589889938364	0.7112472506622496	0.43046139184797516	0.5745866952273188	0.38969204062173474	0.47510217592121445	0.32627005458684155	0.48803528597075607	0.29842179030304433	0.4530532763951809	0.6634298313963963	0.41689514579531667	0.5525931261348649	0.8241517198301898	0.38772210948050106	0.5196351491399543	0.40932494910512607
0.0	0.0	0.5291486903304096	0.46907100676134206	0.7111966819089431	0.4303610747127405	0.5745787722814215	0.38964434319670527	0.47540263571557334	0.32627024692544504	0.4880354396376756	0.29841731769674945	0.45297261005292544	0.6640326830164234	0.4168951833330516	0.5552130424307133	0.8242272104985705	0.3877253704720582	0.5196332894766581	0.40942086266806776
0.0	1.5189142054547516E-16	0.5290949252812319	0.46923020364670154	0.7112072593897183	0.4304482385347234	0.5745790919381681	0.3896992876615523	0.475376840367054	0.32627024720692577	0.4880158348064291	0.29841911405803123	0.45306844082669884	0.6640328261164935	0.41688406837755326	0.5525322547919472	0.8245240495495776	0.38772642706056487	0.5196342588108407	0.409462105430453
0.0	1.209689367136428E-17	0.5291055808046494	0.46922906426097877	0.7112153826763778	0.43046139184797516	0.5745867105652246	0.38969204062173474	0.47510217592121445	0.32627005458684155	0.48803528597075607	0.29842177911358314	0.45297263365568985	0.6640239900469856	0.41689514579531667	0.5525931261348649	0.8245061604041296	0.3877236457726746	0.5196351491399543	0.40932986214955897
0.0	0.0	0.5291486903304096	0.46915717190271916	0.7112149654872727	0.4303438634020155	0.5745869724640816	0.38964434310033297	0.47526736807450576	0.3262700658490986	0.48803237232036384	0.29841812192423944	0.45307548668664965	0.6640327445736984	0.4168951782587548	0.5552138889396593	0.8242942999065681	0.3877253923865955	0.5196341102438239	0.4095775469851727
0.0	1.5189142054547516E-16	0.5291094158701023	0.46923020364670154	0.7112040803218288	0.4304482385347234	0.5745790919381681	0.3896992876615523	0.47526295068499047	0.3262700642745966	0.48801611761255603	0.2985197187722564	0.45306844082669884	0.6634243856252181	0.41688367024506795	0.5524432380541603	0.824218063999429	0.3877253997857265	0.5196350884894275	0.4094765579190312
0.0	4.0701491033409934E-17	0.5291527906665442	0.4692258400489647	0.7112041842158451	0.43047451460579517	0.5745790919381681	0.3896992876615523	0.47526485285309794	0.3262702466817033	0.48801611761255603	0.29841889701454855	0.45307573966588527	0.6640331211803648	0.41688893171058333	0.555213152439899	0.824303438863767	0.38772640897681393	0.5196350880517357	0.4094775261427122
0.0	0.0	0.5291480559151126	0.4694134514604856	0.7112442436431184	0.4303716600420255	0.5745838281616958	0.389643923617535	0.4751159458446519	0.32638851454636586	0.48787900741875573	0.29844418026348557	0.4529863675333464	0.6640220610991204	0.41689590176814406	0.5552138783642704	0.8244881836894732	0.38772319123289267	0.5196359970558536	0.40964594541554955
0.0	1.5189142054547516E-16	0.5291531871355876	0.46923020364670154	0.7112040803218288	0.4304482385347234	0.5745790919381681	0.3896992876615523	0.475376840367054	0.3262702466817033	0.48801611761255603	0.29844031232072976	0.45306844082669884	0.6640328294870558	0.41688406837755326	0.5525322547919472	0.8245236474714858	0.3877264286786704	0.5196350884894275	0.4094765579190312
0.0	0.0	0.5291118488040224	0.46915717190271916	0.7112149654872727	0.4303458913219003	0.5745869724640816	0.3896923646209854	0.47526499612547457	0.32627006606365455	0.4880323632556	0.29836123256705804	0.45307548668664965	0.664033237749268	0.4168951782587538	0.5552138889396593	0.8242942999065681	0.3877253923865955	0.5196351701538906	0.4095775469851727
0.0	1.5189142054547516E-16	0.529106790197815	0.46915793225807034	0.711215007446703	0.4298615709551742	0.5745841224856706	0.38963206071532686	0.47510863602731274	0.3262737015887097	0.4880361796052943	0.2984217537896137	0.4530691762598666	0.6634477529371849	0.4168951834121063	0.5550585078494737	0.8246646222554256	0.38772661128533487	0.519635143138542	0.4099472545678744
0.0	0.0	0.5291486903304096	0.46915717190271916	0.7112149654872727	0.4303438991998001	0.5745869245371199	0.3896443431033793	0.4752653431204491	0.32627006584812945	0.4880339408351428	0.29841812192423944	0.45307548668664965	0.6640327445736984	0.416895178258742	0.5552138889396593	0.8242150188050509	0.3877253923865955	0.5196351517911493	0.40957382688217325
8.258449265265448E-8	0.0	0.5291486742039295	0.4692032816780784	0.7112152092854082	0.4303441871290187	0.5745785394577896	0.38961590402357515	0.4752653089887711	0.32645807600096094	0.4880426770348338	0.2984173162117319	0.4530754201950891	0.6640464197618652	0.41689517396932385	0.555060299276722	0.8245094206403262	0.3877253974894228	0.5196350561586209	0.40982257208389866
