-16538.0 -16183.0 
-16538.0 -16183.0 
-15931.0 -16769.0 
-15931.0 -16769.0 
-16219.0 -16565.0 
-16294.0 -16496.0 
-16350.0 -16434.0 
-15977.0 -16754.0 
-16527.0 -16217.0 
-16160.0 -16600.0 
-16224.0 -16533.0 
-16514.0 -16228.0 
-16186.0 -16566.0 
-16256.0 -16499.0 
-16358.0 -16408.0 
-16404.0 -16387.0 
-16499.0 -16262.0 
-16025.0 -16691.0 
-16061.0 -16675.0 
-16377.0 -16394.0 
-15964.0 -16761.0 
-16459.0 -16301.0 
-16105.0 -16640.0 
-16181.0 -16580.0 
-16309.0 -16461.0 
-16473.0 -16296.0 
-16037.0 -16681.0 
-16450.0 -16331.0 
-16111.0 -16628.0 
-15981.0 -16724.0 
-16241.0 -16530.0 
-16491.0 -16276.0 
-16084.0 -16658.0 
-16337.0 -16450.0 
-16132.0 -16626.0 
-16147.0 -16616.0 
-15983.0 -16723.0 
-16012.0 -16706.0 
-16499.0 -16262.0 
-16061.0 -16675.0 
-16491.0 -16276.0 
-16084.0 -16658.0 
-16019.0 -16705.0 
-16422.0 -16339.0 
-16300.0 -16468.0 
-16514.0 -16228.0 
-16377.0 -16394.0 
-16535.0 -16195.0 
-16296.0 -16475.0 
-16181.0 -16580.0 
-16012.0 -16706.0 
-16152.0 -16601.0 
-16473.0 -16296.0 
-16414.0 -16347.0 
-16358.0 -16408.0 
-15964.0 -16761.0 
-16535.0 -16195.0 
-16309.0 -16461.0 
-16095.0 -16649.0 
-15983.0 -16723.0 
-16247.0 -16515.0 
-16095.0 -16649.0 
-16410.0 -16371.0 
-16433.0 -16338.0 
-16037.0 -16681.0 
-16433.0 -16338.0 
-16132.0 -16626.0 
-16412.0 -16361.0 
-16341.0 -16446.0 
-16410.0 -16371.0 
-16452.0 -16314.0 
-16337.0 -16450.0 
-16147.0 -16616.0 
-16452.0 -16314.0 
-16247.0 -16515.0 
-16251.0 -16507.0 
-16404.0 -16387.0 
-16341.0 -16446.0 
-16412.0 -16361.0 
-16251.0 -16507.0 
-16451.0 -16323.0 
-16414.0 -16347.0 
-16451.0 -16323.0 
-16296.0 -16475.0 
-16241.0 -16530.0 
-16256.0 -16499.0 
-16224.0 -16533.0 
-16111.0 -16628.0 
-16219.0 -16565.0 
-16152.0 -16601.0 
-16186.0 -16566.0 
-15981.0 -16724.0 
-16181.0 -16580.0 
-16433.0 -16338.0 
-16147.0 -16616.0 
-16224.0 -16533.0 
-16219.0 -16565.0 
-15981.0 -16724.0 
-15981.0 -16724.0 
-15981.0 -16724.0 
