1.0	0.5985435221136042	0.5986102303421982	0.6006309518293044	0.5995717301443554	0.6002607183896597	0.5985310931806332	0.603231813348259	0.6054328836498439	0.5961366019774343
1.0	0.5985435221136042	0.5986102303421982	0.6006309518293044	0.5995717301443554	0.6002607183896597	0.5985310931806332	0.603231813348259	0.6054328836498439	0.5961366019774343
0.0	0.5985432723132273	0.5986100517921551	0.6006309180386685	0.5995715929984423	0.6002599722458628	0.5985311320517999	0.6032321925364784	0.6054328401423795	0.5961424647237553
0.3621921952377143	0.5985431982269622	0.5986102619265697	0.6006309725863168	0.5995723741213336	0.6002603658844452	0.5985312332713633	0.6032322903796365	0.6054329054724823	0.5961371617408914
0.8847419842959028	0.5985432113365535	0.5986099160179738	0.60063126455221	0.5995717301443554	0.6002599620004012	0.598531777359043	0.6032318123315883	0.6054328675948848	0.5961362372681294
0.9071675354451476	0.5985431970926784	0.5986100344911353	0.6006309092107129	0.5995723421206781	0.6002599734737372	0.5985310084762667	0.6032322343661655	0.6054328204825868	0.5961363386493682
0.6346353609067545	0.5985432888392238	0.5986100314086271	0.6006309349532615	0.5995721485434615	0.6002602322798221	0.5985310998334097	0.6032342120122932	0.605433632152479	0.5961366750210869
0.502706602898524	0.5985434415355246	0.5986098838093684	0.6006311975757702	0.5995718044980387	0.6002598702677455	0.5985318405092304	0.6032339914196334	0.6054329354508527	0.5961362424513635
0.0715550491775355	0.5985435082701138	0.5986102218253482	0.6006308945631903	0.5995724737422643	0.600260076109276	0.5985311530446554	0.6032343862798029	0.605432867786712	0.5961429185112629
0.3908169740578514	0.5985434878912873	0.5986102619265697	0.6006313254562373	0.5995723741213336	0.6002607128574924	0.5985313205209865	0.6032322695616041	0.6054328236034903	0.5961365949279063
0.6570840108400634	0.5985432278820604	0.5986100948947028	0.6006312232469044	0.5995724937030436	0.6002599690014814	0.5985310502577923	0.6032321759400715	0.6054328936752811	0.5961420875199073
0.3467587897720067	0.5985432256221769	0.5986102324245229	0.6006312115083376	0.5995723741611314	0.6002603635603663	0.598531132530469	0.6032341407683197	0.6054328942860544	0.5961371603466156
0.11386708644663376	0.5985432513224187	0.5986098880232144	0.6006304361387756	0.5995722905210948	0.6002602177074661	0.5985310694819959	0.6032323477253171	0.6054328821223467	0.596137130450649
0.7040685125858465	0.5985432818413601	0.598610093812294	0.6006312784612903	0.599572234445194	0.6002599696495587	0.598531086116222	0.6032321743480638	0.6054328926948189	0.5961362789848527
0.5176508553301494	0.598543015565002	0.5986100813052081	0.6006311841363245	0.5995724692476032	0.6002603613460341	0.5985310335593029	0.6032321928620814	0.6054328860288998	0.5961426135418484
0.5972598314649549	0.5985433689664789	0.5986102363910637	0.6006313281110067	0.5995720999680214	0.6002600785589769	0.598531078236267	0.6032323292017466	0.6054328750166728	0.5961428686972579
0.8488149702109258	0.5985435221136042	0.5986102280036941	0.6006309020180115	0.5995717301443554	0.6002607183896597	0.5985310947232284	0.6032318118468312	0.6054328820905525	0.596136615853687
0.33520797366842614	0.5985432533904993	0.59861009410724	0.6006312192758474	0.5995720831844492	0.600259968307954	0.5985310587338043	0.6032321445458245	0.6054328204825868	0.5961367675564682
0.6910731234412352	0.5985432515361612	0.598610093812294	0.6006312184616975	0.5995722780597829	0.600259968936971	0.5985310504778057	0.6032321743480638	0.6054328935426534	0.5961363528465207
0.2523924151073427	0.5985434879407108	0.5986102622057073	0.6006314073581768	0.5995723698784161	0.600260303956426	0.5985311130420129	0.6032323468241345	0.6054330186713374	0.5961365064404539
0.09313767541692658	0.5985435237524249	0.5986102621194569	0.6006309013466334	0.5995716120480888	0.6002599844081316	0.5985302432018065	0.6032319239436169	0.6054328837392283	0.5961367323073001
0.4043395224456796	0.598543527280863	0.5986099091959058	0.6006312652392509	0.5995717320491437	0.6002607620844805	0.598531087351609	0.6032321836659388	0.6054328691448786	0.5961363139024207
0.053925099227625756	0.59854311876886	0.5986102254152035	0.6006304518769795	0.5995724448901989	0.6002602422442425	0.5985310778746199	0.6032321654302443	0.605432877037691	0.5961425702884041
0.9247607315267448	0.5985435020809204	0.5986102279466771	0.6006311680058015	0.5995717123925951	0.6002599684561316	0.5985302479610742	0.6032319591094077	0.6054328611497036	0.5961368787930654
0.7478132819374939	0.5985435160666467	0.5986100306075142	0.6006312185320324	0.5995721478545796	0.6002602265369908	0.5985316146378545	0.603231878720993	0.6054328214495607	0.5961423193581387
0.838504074724456	0.5985435221136042	0.5986102280036941	0.6006309518293044	0.5995717301443554	0.6002607183896597	0.5985310931806332	0.6032318118468312	0.6054328820905525	0.5961367113813815
0.47688360803449864	0.5985431967607513	0.5986099768385841	0.6006312022741199	0.5995720831844492	0.6002602098597333	0.598531151626299	0.6032320744650291	0.6054328206606459	0.5961368683237709
0.4865122644557345	0.598543520110795	0.598610030531452	0.6006312236966397	0.5995716894496668	0.6002602581211391	0.5985310972161902	0.6032319463033771	0.6054328845012643	0.5961365906079636
0.3226111074210113	0.5985431955038217	0.5986101309399796	0.6006312206838761	0.5995720831844492	0.6002602098597333	0.5985310961345649	0.6032321480491661	0.6054328204825868	0.5961368683237709
0.02630741800462605	0.5985432280018588	0.5986102144358899	0.600631213927852	0.5995724921618384	0.6002599732766778	0.5985310334192038	0.6032342862325833	0.6054328887713094	0.5961420273315607
0.29231449378498037	0.5985431970926784	0.5986100411128085	0.6006309092107129	0.5995723400004717	0.6002602254123738	0.5985310076472518	0.6032339726412508	0.6054328204825868	0.5961363386493682
0.4605694613880172	0.5985432519330953	0.598609977746625	0.6006309532190115	0.5995717386223974	0.6002600704287014	0.5985311527366007	0.6032320761260352	0.6054328684886789	0.5961366008220857
0.2792280695477522	0.5985434962768847	0.5986102307480607	0.6006309070246459	0.5995717287326536	0.6002606974318316	0.5985316030498957	0.6032322825003246	0.6054329298335457	0.5961371783630207
0.6089654349175314	0.5985432703877711	0.5986102846210749	0.6006308865866643	0.599571667601665	0.6002603369030498	0.5985315770556189	0.6032319597441527	0.6054328790218505	0.5961368051886953
0.4287774754683229	0.598543301575506	0.598610031028758	0.6006312400925502	0.5995721149601435	0.6002602207383405	0.5985310991678838	0.6032318547952732	0.605432894529406	0.5961422192395877
0.5848328939818265	0.5985435214482009	0.5986100259464818	0.6006313610759869	0.5995717123600736	0.6002599691162883	0.5985302185589594	0.6032319602201632	0.6054328845012643	0.5961368774440184
0.8157616288803089	0.59854329471169	0.5986100921647267	0.6006309156789084	0.5995715929984423	0.6002599722458628	0.5985311320517999	0.6032321910906389	0.6054328402948822	0.5961366271646532
0.8241821953463028	0.5985430986492761	0.5986102367409045	0.6006313868393459	0.5995716919292994	0.6002607052571695	0.5985312178309605	0.6032322832454108	0.6054333147959006	0.5961362730019605
0.9476988338279376	0.5985432944583928	0.5986098880589055	0.6006313765986641	0.5995724478104928	0.6002602208082183	0.5985316162436845	0.6032342366947775	0.6054334592190969	0.5961360691126673
0.1485972542041712	0.5985430989706241	0.598610230187162	0.6006313866770832	0.5995717301443554	0.6002599604859834	0.5985310768960969	0.6032344768300022	0.6054328833632975	0.5961366019774343
0.8016892290666201	0.598543294059199	0.5986102333916968	0.600631417713881	0.5995724153457901	0.6002599606331659	0.5985311358272772	0.6032341272774508	0.6054328778953604	0.5961424220241425
0.00980307478116993	0.5985432814551295	0.5986102621194569	0.6006309069885879	0.5995716120480888	0.6002599825724048	0.5985311320517999	0.6032321925364784	0.6054328401423795	0.5961423258454127
0.6796370587197051	0.5985434983747103	0.5986100520719803	0.6006311981380422	0.5995718018021743	0.6002598702677455	0.5985311686245036	0.603233990226215	0.6054328981686857	0.5961365752738005
0.9605165692129458	0.5985432934709474	0.5986098880589055	0.6006313765986641	0.5995724741878802	0.600260076917823	0.5985311475272099	0.6032343882985165	0.6054328513572247	0.5961425638359632
0.17314620181495247	0.5985433689664789	0.5986102363910637	0.6006313202730946	0.5995722860477283	0.6002599714781617	0.5985310927366058	0.6032323392819064	0.605432893387289	0.5961365700348973
0.44597576418034535	0.5985435595778064	0.598610067666986	0.6006311981380422	0.5995718017849776	0.6002598702677455	0.5985318405092304	0.6032339885916964	0.6054329351442732	0.5961363480096645
0.7610370209821573	0.5985432113446049	0.5986100607891768	0.6006312052169945	0.5995718139875319	0.6002602177047135	0.5985310051440624	0.6032339866971932	0.6054331010334135	0.5961423981139872
0.1312827785174698	0.598543497708201	0.598610031028758	0.6006313515334286	0.5995721034546798	0.60026023275855	0.5985311480253004	0.6032319341803414	0.6054328983906482	0.5961362083729388
0.5772017736577063	0.5985429736168971	0.598610080263426	0.6006294262351936	0.5995723722854465	0.6002599736500118	0.5985310201654055	0.6032318547781308	0.605432894433748	0.5961424339553334
0.7866588964738089	0.5985435369394364	0.5986102440126164	0.6006312242665708	0.599571588359749	0.6002603672241382	0.5985302958003569	0.6032342468961895	0.6054331310503153	0.5961426128277927
0.9348036818327614	0.5985432825192841	0.5986102279466771	0.600631360383609	0.5995717123925951	0.6002599684993379	0.598531076237921	0.6032342768388841	0.6054328614279615	0.5961429086251091
0.5271863722640863	0.5985430385605419	0.5986100484590825	0.6006309073276173	0.5995721151654732	0.6002599881073647	0.5985310998337083	0.6032318794563595	0.6054335088841474	0.5961367387978392
0.7375978810301811	0.5985432057563116	0.5986099786518543	0.6006313744709327	0.5995723167273217	0.6002603512374473	0.5985310786075867	0.6032323434871694	0.6054328949370346	0.596136276201714
0.6714125278484764	0.598543277047766	0.5986102563937098	0.6006314018607909	0.5995724475070469	0.600260276244601	0.5985310863665299	0.6032319821202468	0.6054330186713374	0.5961362768736579
0.2052134096889515	0.598543276891962	0.5986098880589055	0.6006309619275055	0.5995723773510985	0.6002602425021635	0.5985316162436845	0.603232083415048	0.6054327266813707	0.5961424874804827
0.4379578588413411	0.5985435203369548	0.598610030531452	0.6006312276389812	0.5995716987321739	0.600260245685827	0.5985315665565378	0.6032319538938901	0.6054328845012643	0.5961366594696694
0.7740916283487778	0.5985435074086762	0.5986102608684662	0.6006309040207357	0.5995717217163773	0.6002607183896597	0.5985311461675292	0.603231813348259	0.6054328836498439	0.5961366019774343
0.3135541479403553	0.5985434962315916	0.5986100435607807	0.600630910407532	0.599571756275383	0.6002599871394072	0.5985310997765436	0.6032319336272881	0.6054330214623675	0.5961366592277011
0.10011845222087579	0.5985432243576353	0.5986101345746233	0.6006313208658326	0.5995717147646396	0.6002602520617754	0.5985311392287003	0.6032339468021736	0.6054328622645518	0.5961424947880816
0.22890558164243308	0.5985435615280417	0.5986102303421982	0.6006308769528165	0.5995717301443554	0.6002607183896597	0.598531104304586	0.6032340333743961	0.6054328831925752	0.5961367186939002
0.18166364520638367	0.5985435617028496	0.5986099184873975	0.6006313195018902	0.59957229575254	0.6002602232189008	0.5985304445724897	0.6032343810303025	0.6054328689686926	0.5961424534610166
0.624680940174662	0.5985433689664789	0.5986102363910637	0.6006313495200635	0.5995722860477283	0.6002599405547016	0.5985310784110035	0.6032323278482993	0.605432893387289	0.5961365700348973
0.9820041991901792	0.5985432256221769	0.5986102331447554	0.6006313866471582	0.5995723603102594	0.6002603684294301	0.598531235019035	0.6032339509997908	0.6054328946059231	0.5961371603466156
0.9726848769114596	0.5985432243576353	0.5986102323650037	0.6006313510037018	0.5995717255244752	0.6002598921729067	0.5985311392287003	0.6032341398972457	0.6054328633352096	0.5961424684213597
0.7289217132784905	0.598543293195643	0.5986102308294652	0.6006313542568132	0.599571697004085	0.6002601698768198	0.5985313501592925	0.6032323861285657	0.6054329274291905	0.5961428343255565
0.7169224685182249	0.598543293195643	0.5986102676885473	0.6006313542568132	0.5995717079598122	0.6002601630755384	0.5985313489963757	0.6032323861285657	0.6054329274291905	0.5961428343255565
0.23668450384799022	0.598545248620766	0.5986102827663871	0.600630882606759	0.5995721520629902	0.6002601929836022	0.598531103721794	0.6032340791250147	0.605433315589345	0.5961366417577348
0.6176319857622925	0.598543116305581	0.5986099097692759	0.6006315041657923	0.5995724457646848	0.6002599355621316	0.5985317762414959	0.603232340473325	0.6054328769402127	0.5961362699448964
0.5564302743660806	0.5985434945714162	0.5986100314086271	0.600630935167848	0.5995721489275239	0.6002602322798221	0.5985310998334097	0.6032342457219413	0.6054328204597997	0.596136660451178
0.5495402573085381	0.598543531823114	0.5986099091959058	0.6006312652392509	0.5995717320491437	0.6002607512458741	0.598531087351609	0.6032323322138343	0.6054328691448786	0.5961363139024207
0.8663745668196363	0.598545313032414	0.5986102827663871	0.6006309018979977	0.5995721157386591	0.6002599720955368	0.5985310770474414	0.6032340524245153	0.6054328625127667	0.5961429188290515
0.8668689181390703	0.598543281399532	0.5986100935050503	0.6006314173694106	0.5995725134598017	0.6002598702677455	0.5985310990711251	0.6032321994654172	0.6054328408095238	0.5961420689958968
0.19219174762066932	0.5985435221136042	0.5986102303421982	0.6006313199825581	0.5995717314692718	0.6002607122447986	0.5985310931806332	0.6032323390759143	0.6054328687180974	0.5961365949595353
0.1357278077029417	0.5985432174067089	0.5986102344754132	0.6006312172326089	0.5995722312812097	0.600260257754158	0.5985316015053977	0.603231949228576	0.6054336001455671	0.5961353789700187
0.4566274464964773	0.5985432519330953	0.598609977746625	0.6006309532190115	0.5995722755454277	0.6002600704287014	0.5985311527366007	0.6032320809495708	0.6054328684886789	0.5961363506457441
0.24588371814667323	0.598545313032414	0.5986102831240819	0.6006312771819944	0.5995721098535088	0.6002599630308948	0.5985318090976307	0.6032319205486139	0.6054328636710381	0.5961363922473579
0.27093229071605485	0.5985432174355907	0.5986102683077005	0.6006312799260483	0.5995723971629169	0.6002599061100145	0.5985317868680226	0.6032318279055334	0.6054328675922735	0.5961364289152814
0.5410843806309299	0.5985432826096502	0.598610031452504	0.600631230467874	0.5995716171997665	0.6002602322798221	0.5985310998334097	0.6032319327548543	0.6054328979104844	0.5961366718160591
0.5354433134617941	0.5985434400235254	0.5986102243518915	0.6006313974783094	0.5995718044980387	0.6002598702677455	0.5985318287129489	0.603232276083325	0.6054329354508527	0.5961362425150561
0.6617404754979758	0.5985432820411363	0.5986102357994576	0.6006314138240213	0.5995724168780187	0.6002607045487407	0.5985303742287655	0.6032322143331716	0.6054329289656811	0.5961424220241425
0.7941343486637436	0.5985434401917383	0.5986100334937157	0.6006314173694106	0.5995721397839113	0.6002598702677455	0.5985310990711251	0.6032340104247677	0.6054331148707579	0.5961420689958968
0.3929598026686887	0.5985435288327919	0.5986102270333274	0.6006297929894204	0.5995723576925173	0.600260746105809	0.5985316252037196	0.6032318139258066	0.6054328936147594	0.5961366663377247
0.41588454227304517	0.5985435199093043	0.598610030531452	0.6006308945527596	0.5995723846176841	0.600259948143395	0.5985315670536576	0.603231956540878	0.6054327249236693	0.5961366594696694
0.9951151717827394	0.5985435221136042	0.5986102303421982	0.6006313058190639	0.5995717301512087	0.600260718791409	0.5985310931806332	0.6032318301462262	0.6054328687180974	0.5961365949595353
0.16015658771987773	0.598543497708201	0.598610031028758	0.6006313512065821	0.5995717555295629	0.60026023275855	0.5985311480253004	0.6032319341803414	0.6054328967439246	0.5961362083729388
0.41775033763645764	0.5985435203369548	0.598610030531452	0.6006312276389812	0.599571698065449	0.6002602581211391	0.5985310975084103	0.6032319468319592	0.6054328845012643	0.5961365983080379
0.03810237676727518	0.5985432814551295	0.5986102621194569	0.6006309013466334	0.5995716120480888	0.6002599825724048	0.5985302432018065	0.6032319239436169	0.6054328401423795	0.59613693981491
0.5665523771082845	0.5985434392715602	0.598610223961665	0.6006312167733673	0.5995722324521079	0.600260257754158	0.5985311408600138	0.60323194705753	0.6054335877265531	0.5961353789700187
0.30490231086386055	0.5985434878912873	0.5986102619265697	0.6006309725863168	0.5995723741213336	0.6002600790925154	0.5985310209568607	0.6032340782374209	0.6054329036081295	0.5961370143808331
0.3009940616413199	0.5985432172590885	0.5986102829469993	0.6006312789496198	0.5995723971629169	0.6002599723039882	0.5985317868680226	0.6032318176857298	0.6054328675922735	0.5961364289152814
0.042587486624895254	0.5985431967607513	0.5986101309399796	0.6006312206838761	0.5995720831844492	0.6002602098597333	0.5985310961345649	0.6032321480491661	0.6054328204825868	0.5961368683237709
0.767804401115252	0.5985434401917383	0.5986100520719803	0.6006311983065431	0.5995718140949243	0.6002598702677455	0.5985311648805199	0.603233990226215	0.6054329351442732	0.5961365784977541
0.21791624659143008	0.5985435617028496	0.5986099184873975	0.6006313074748838	0.59957229575254	0.6002602218154407	0.5985310372742161	0.6032343810303025	0.6054328689686926	0.5961424534610166
0.19878615807472674	0.5985435219781164	0.5986102326794032	0.6006297237957262	0.5995717028238328	0.6002606779992099	0.5985311483733573	0.6032319433977837	0.6054329304096328	0.596136613870677
0.7206517018191246	0.5985431710843786	0.5986099097692759	0.6006309315980654	0.5995722841826151	0.6002599399436146	0.5985304430775378	0.6032319411796936	0.6054330226668709	0.5961366728999692
0.27093229071605485	0.5985432174355907	0.5986102683077005	0.6006312799260483	0.5995723971629169	0.6002599061100145	0.5985317868680226	0.6032318279055334	0.6054328675922735	0.5961364289152814
0.5650515950299815	0.5985434364593	0.598609892566573	0.6006312007205928	0.5995717070377775	0.6002602303294052	0.5985311351026722	0.6032318493333475	0.6054331140605309	0.5961425208923744
0.21823599614383543	0.5985435617028496	0.5986099184873975	0.6006313029838399	0.5995723693138325	0.6002603073336621	0.5985310372742161	0.603234469195408	0.6054328693792458	0.5961421515771668
0.15833579291107253	0.598543497708201	0.5986100282114332	0.6006311971110225	0.5995718038045027	0.60026023275855	0.5985311480253004	0.6032319341803414	0.6054328969994435	0.5961362083729388
0.4817249609430295	0.5985432148629718	0.5986099106447947	0.600631222958049	0.5995723532530425	0.6002602731736673	0.5985310059033724	0.6032323337671991	0.6054330959154434	0.5961424085101302
