2.138409059403878487e-03
2.738089891695912395e-03
2.967401388745760562e-03
3.426602994535899761e-03
2.703257599616106475e-03
1.857143403221694434e-03
2.202210280115388368e-03
2.552326140789969253e-03
2.527140028824566200e-03
2.694536523644052578e-03
2.755510062367360485e-03
2.204646365677327170e-03
2.602766967375590504e-03
2.698020307638905428e-03
3.238100103951187334e-03
3.765666407539385897e-03
2.788821346769479806e-03
2.387646516774069930e-03
2.926809460149934917e-03
3.066157374056471905e-03
3.020302112770229669e-03
3.476916803913562490e-03
3.014646597316971658e-03
2.278433817021594324e-03
2.698579573024998974e-03
3.171229508701380734e-03
3.392673323391420977e-03
2.698106398748218501e-03
3.171800110693767313e-03
2.677488965462535443e-03
1.971312929867935059e-03
