0.8915713694441829	76088.45081822725
0.5464094354382921	94486.82247093318
0.10420052183104123	110704.80279591202
0.6432861318172878	129549.85265862073
0.321541689204477	106502.98205078182
0.47282570046515593	113903.77536841859
0.9558645582487845	92651.95099642403
0.9218010184802432	91388.8484011509
0.3057512164225129	102951.17258406544
0.40329409412790074	101883.90011491762
0.08311844778925592	85877.9452912653
0.35851190927819576	109215.06140036852
0.8962811172675742	101145.61968975328
0.4067986198005654	109214.98784668797
0.06283221062279243	100682.85794064314
0.497675031777413	122905.34075969274
0.13076326475784628	101932.24397237298
0.24543469600284384	93440.15722383118
0.7324972497899669	82682.9116494028
0.7148084466603264	126780.12824402617
0.00262533905315665	113238.458790314
0.8327823611300221	88889.06494934688
0.11823244422599033	95581.48554023336
0.7459485819601813	88079.04643474508
0.4094625417680259	103229.42984279615
0.3997095529432716	105311.21085831682
0.9520522488882256	80657.5064239706
0.8538692608998899	105952.9413548595
0.6896448925286572	100321.86844914009
0.8885180291153659	120349.74083854903
0.8481495744923138	128159.9430707939
0.3816817175168987	91048.798834145
0.5537929283293163	110159.0301311037
0.24937895834033363	91262.97794074216
0.11732303026307289	136308.54164790246
0.6424529766376358	111308.55997984175
0.629295679271889	119295.96195082518
0.5420720115048345	103840.72710052953
0.6560373669853246	78986.60893538635
0.6201921970192529	124200.57322856487
0.7033659251317436	113619.16942767183
0.5824279495547816	114007.59107746395
0.32710698953462447	96347.18304348961
0.13260410003204204	104468.31370589542
0.8297604118199606	111737.38372258829
0.10548165079431293	136385.55364305273
0.4913732041336406	86388.15378555602
0.3333604576652981	110919.35533610315
0.7807738850587593	114536.43520463369
0.14296003912190014	71758.60671805794
0.23199969624402583	110525.61426978254
0.5951687969759448	87278.90829705373
0.881773750419323	86350.28811052414
0.43341066685895013	100893.31408338208
0.6923362474385455	97512.5693925257
0.5992778025977608	97899.19322751854
0.26578884401380487	109914.33259058194
0.10555632195279929	98089.75309810949
0.6852274567157365	114175.06738911675
0.38310484269146783	112871.25768499097
0.3249496053808002	118972.4676740341
0.04103282373185513	101282.16929507247
0.7984671514460339	108944.3604602951
0.8723004140045496	101058.58100061612
0.11236876567852672	113601.92654315617
0.21571830979920725	104630.7504186765
0.9703363963081768	110691.43049082048
0.31566025917188456	106954.90654773563
0.5375832885935795	117074.13620108046
0.8269855263704617	90013.1614089658
0.8914937480059214	97317.90974696453
0.46271563688842743	131589.26778930044
0.17250223819183652	82373.80544821976
0.8892809391981565	107427.79466564188
0.6981152814743918	100125.82548298621
0.2041360723302479	119994.12865413794
0.19448381477424403	85193.38460715012
0.6540756644300108	101639.61158364717
0.5633391396884876	97557.691630179
0.7572536479591587	103834.97733227372
0.890583936327341	110291.43017384982
0.06491299338846346	111149.13350655406
0.3986521815552597	114534.3434223217
0.15750918138659387	117155.85892109683
0.17726170725717116	94298.10146252185
0.08622785527653476	104610.50217150513
0.09686902104021455	98535.3286669885
0.24253128013617153	104877.82846474963
0.20687904858782136	105950.10001262599
0.933386409643138	74482.12179948788
0.8161833129350697	104684.03298716091
0.9913131894115689	99134.6061571814
0.6680211338397823	93596.44458945384
0.9315535161649516	93202.07192313942
0.7188330960257934	93414.94616645062
0.12083083441888509	110869.06573980741
0.686347915115467	125090.8742634559
0.7996600922816032	125162.14914631631
0.08568619024971591	111326.0971196919
0.16422597832658592	109375.08026497316
