-19628.0 -19513.0 
-19617.0 -19962.0 
-19617.0 -19962.0 
-19617.0 -19962.0 
-19482.0 -20096.0 
-19421.0 -20155.0 
-19540.0 -20003.0 
-19481.0 -20115.0 
-19617.0 -19962.0 
-19523.0 -20066.0 
-19552.0 -19980.0 
-19568.0 -19978.0 
-19490.0 -20067.0 
-19490.0 -20067.0 
-19490.0 -20067.0 
-19420.0 -20131.0 
-19540.0 -19996.0 
-19436.0 -20070.0 
-19601.0 -19953.0 
-19507.0 -20022.0 
-19504.0 -20046.0 
-19496.0 -20053.0 
-19553.0 -19975.0 
-19438.0 -20061.0 
-19438.0 -20061.0 
-19438.0 -20061.0 
-19438.0 -20061.0 
-19440.0 -20058.0 
-19438.0 -20061.0 
-19438.0 -20061.0 
-19454.0 -20054.0 
-19415.0 -20075.0 
-19410.0 -20118.0 
-19540.0 -19984.0 
-19508.0 -19992.0 
-19519.0 -19985.0 
-19600.0 -19454.0 
-19599.0 -19893.0 
-19596.0 -19944.0 
-19497.0 -19995.0 
-19497.0 -19995.0 
-19496.0 -20027.0 
-19474.0 -20034.0 
-19474.0 -20034.0 
-19496.0 -20027.0 
-19366.0 -20092.0 
-19393.0 -20079.0 
-19378.0 -20091.0 
-19366.0 -20092.0 
-19366.0 -20092.0 
-19366.0 -20092.0 
-19296.0 -20096.0 
-19406.0 -20058.0 
-19296.0 -20096.0 
-19395.0 -20069.0 
-19522.0 -19971.0 
-19503.0 -19986.0 
-19503.0 -19986.0 
-19510.0 -19982.0 
-19599.0 -19712.0 
-19598.0 -19871.0 
-19598.0 -19871.0 
-19598.0 -19871.0 
-19590.0 -19929.0 
-19567.0 -19938.0 
-19552.0 -19943.0 
-19556.0 -19940.0 
-19413.0 -20032.0 
-19413.0 -20032.0 
-19413.0 -20032.0 
-19488.0 -20009.0 
-19473.0 -20019.0 
-19415.0 -20024.0 
-19457.0 -20022.0 
-19492.0 -19988.0 
-19352.0 -20089.0 
-19401.0 -20051.0 
-19401.0 -20051.0 
-19401.0 -20051.0 
-19296.0 -20090.0 
-19368.0 -20062.0 
-19595.0 -19759.0 
-19586.0 -19852.0 
-19578.0 -19902.0 
-19512.0 -19943.0 
-19535.0 -19933.0 
-19465.0 -20013.0 
-19461.0 -20018.0 
-19471.0 -19997.0 
-19461.0 -20018.0 
-19471.0 -19997.0 
-19434.0 -20019.0 
-19483.0 -19985.0 
-19488.0 -19976.0 
-19488.0 -19976.0 
-19305.0 -20081.0 
-19593.0 -19656.0 
-19576.0 -19854.0 
-19456.0 -20018.0 
-19487.0 -19903.0 
