-19390.0 -20005.0 
-19317.0 -20092.0 
-19390.0 -20005.0 
-19405.0 -19932.0 
-19405.0 -19932.0 
-19076.0 -20148.0 
-19438.0 -19865.0 
-19085.0 -20138.0 
-19087.0 -20131.0 
-19361.0 -20007.0 
-19390.0 -20005.0 
-19666.0 -19753.0 
-19509.0 -19843.0 
-19564.0 -19803.0 
-19641.0 -19772.0 
-19608.0 -19795.0 
-19158.0 -20091.0 
-19317.0 -20077.0 
-19380.0 -19950.0 
-19364.0 -19982.0 
-19389.0 -19852.0 
-19384.0 -19921.0 
-19455.0 -19842.0 
-19629.0 -19594.0 
-19628.0 -19735.0 
-19628.0 -19735.0 
-19605.0 -19785.0 
-19130.0 -20081.0 
-19276.0 -20023.0 
-19276.0 -20023.0 
-19276.0 -20023.0 
-19254.0 -20042.0 
-19141.0 -20072.0 
-19276.0 -20023.0 
-19365.0 -19932.0 
-19340.0 -19951.0 
-19318.0 -19973.0 
-19383.0 -19871.0 
-19375.0 -19899.0 
-19446.0 -19840.0 
-19460.0 -19777.0 
-19596.0 -19764.0 
-19506.0 -19765.0 
-19596.0 -19764.0 
-19454.0 -19783.0 
-19167.0 -20032.0 
-19193.0 -20031.0 
-19193.0 -20031.0 
-19193.0 -20031.0 
-19081.0 -20061.0 
-19262.0 -20023.0 
-19262.0 -20023.0 
-19352.0 -19931.0 
-19298.0 -19967.0 
-19367.0 -19864.0 
-19358.0 -19877.0 
-19446.0 -19822.0 
-19413.0 -19824.0 
-19377.0 -19831.0 
-19378.0 -19828.0 
-19369.0 -19832.0 
-19593.0 -19597.0 
-19516.0 -19720.0 
-19562.0 -19666.0 
-19516.0 -19720.0 
-19557.0 -19704.0 
-19557.0 -19704.0 
-19503.0 -19762.0 
-19557.0 -19704.0 
-19582.0 -19627.0 
-19582.0 -19627.0 
-19450.0 -19778.0 
-19140.0 -20029.0 
-19027.0 -20055.0 
-19027.0 -20055.0 
-19064.0 -20044.0 
-19236.0 -20005.0 
-19174.0 -20019.0 
-19249.0 -19974.0 
-19342.0 -19923.0 
-19289.0 -19950.0 
-19366.0 -19849.0 
-19429.0 -19796.0 
-19419.0 -19798.0 
-19419.0 -19798.0 
-19381.0 -19812.0 
-19410.0 -19799.0 
-19382.0 -19806.0 
-19381.0 -19812.0 
-19497.0 -19753.0 
-19542.0 -19666.0 
-19513.0 -19703.0 
-19513.0 -19703.0 
-19545.0 -19641.0 
-19544.0 -19651.0 
-19545.0 -19641.0 
-19513.0 -19703.0 
-19513.0 -19703.0 
-19579.0 -19616.0 
-19444.0 -19774.0 
