-19721.0 -19589.0 
-19721.0 -19589.0 
-19373.0 -20170.0 
-19373.0 -20170.0 
-19221.0 -20173.0 
-19721.0 -19589.0 
-19373.0 -20170.0 
-19507.0 -20042.0 
-19463.0 -20092.0 
-19628.0 -19927.0 
-19463.0 -20092.0 
-19463.0 -20092.0 
-19600.0 -19960.0 
-19696.0 -19892.0 
-19463.0 -20092.0 
-19463.0 -20092.0 
-19463.0 -20092.0 
-19577.0 -20026.0 
-19717.0 -19557.0 
-19227.0 -20146.0 
-19227.0 -20146.0 
-19227.0 -20146.0 
-19313.0 -20131.0 
-19201.0 -20152.0 
-19201.0 -20152.0 
-19201.0 -20152.0 
-19625.0 -19909.0 
-19626.0 -19905.0 
-19597.0 -19946.0 
-19670.0 -19844.0 
-19670.0 -19844.0 
-19670.0 -19844.0 
-19670.0 -19844.0 
-19664.0 -19857.0 
-19670.0 -19844.0 
-19670.0 -19844.0 
-19670.0 -19844.0 
-19670.0 -19844.0 
-19670.0 -19844.0 
-19664.0 -19857.0 
-19694.0 -19587.0 
-19678.0 -19842.0 
-19650.0 -19868.0 
-19650.0 -19868.0 
-19650.0 -19868.0 
-19650.0 -19868.0 
-19446.0 -20071.0 
-19421.0 -20076.0 
-19575.0 -19977.0 
-19548.0 -19979.0 
-19471.0 -20007.0 
-19533.0 -19992.0 
-19509.0 -19999.0 
-19702.0 -19556.0 
-19210.0 -20141.0 
-19241.0 -20127.0 
-19274.0 -20113.0 
-19278.0 -20103.0 
-19278.0 -20103.0 
-19278.0 -20103.0 
-19088.0 -20149.0 
-19172.0 -20148.0 
-19172.0 -20148.0 
-19676.0 -19694.0 
-19657.0 -19802.0 
-19674.0 -19793.0 
-19622.0 -19860.0 
-19585.0 -19866.0 
-19585.0 -19866.0 
-19585.0 -19866.0 
-19585.0 -19866.0 
-19585.0 -19866.0 
-19585.0 -19866.0 
-19585.0 -19866.0 
-19585.0 -19866.0 
-19585.0 -19866.0 
-19585.0 -19866.0 
-19585.0 -19866.0 
-19585.0 -19866.0 
-19632.0 -19818.0 
-19632.0 -19818.0 
-19632.0 -19818.0 
-19624.0 -19844.0 
-19632.0 -19818.0 
-19290.0 -20051.0 
-19302.0 -20047.0 
-19302.0 -20047.0 
-19302.0 -20047.0 
-19399.0 -20043.0 
-19399.0 -20043.0 
-19568.0 -19949.0 
-19568.0 -19949.0 
-19570.0 -19943.0 
-19571.0 -19942.0 
-19573.0 -19881.0 
-19548.0 -19956.0 
-19522.0 -19981.0 
-19412.0 -19997.0 
-19449.0 -19995.0 
-19449.0 -19995.0 
