-17239.0 -18049.0 
-17810.0 -17535.0 
-17239.0 -18049.0 
-17810.0 -17535.0 
-17324.0 -18031.0 
-17372.0 -17993.0 
-17547.0 -17866.0 
-17784.0 -17588.0 
-17324.0 -18031.0 
-17441.0 -17940.0 
-17392.0 -17976.0 
-17760.0 -17618.0 
-17577.0 -17834.0 
-17683.0 -17724.0 
-17553.0 -17836.0 
-17708.0 -17693.0 
-17593.0 -17797.0 
-17453.0 -17931.0 
-17493.0 -17881.0 
-17683.0 -17724.0 
-17645.0 -17747.0 
-17611.0 -17773.0 
-17457.0 -17914.0 
-17668.0 -17740.0 
-17515.0 -17871.0 
-17708.0 -17693.0 
-17784.0 -17588.0 
-17712.0 -17673.0 
-17770.0 -17599.0 
-17415.0 -17963.0 
-17727.0 -17657.0 
-17419.0 -17953.0 
-17624.0 -17757.0 
-17732.0 -17640.0 
-17568.0 -17835.0 
-17620.0 -17772.0 
-17489.0 -17902.0 
-17593.0 -17797.0 
-17382.0 -17980.0 
-17479.0 -17907.0 
-17597.0 -17789.0 
-17668.0 -17740.0 
-17727.0 -17657.0 
-17770.0 -17599.0 
-17597.0 -17789.0 
-17712.0 -17673.0 
-17744.0 -17635.0 
-17639.0 -17752.0 
-17415.0 -17963.0 
-17419.0 -17953.0 
-17751.0 -17627.0 
-17508.0 -17880.0 
-17577.0 -17834.0 
-17751.0 -17627.0 
-17479.0 -17907.0 
-17382.0 -17980.0 
-17744.0 -17635.0 
-17487.0 -17906.0 
-17457.0 -17914.0 
-17512.0 -17878.0 
-17639.0 -17752.0 
-17732.0 -17640.0 
-17624.0 -17757.0 
-17515.0 -17871.0 
-17489.0 -17902.0 
-17553.0 -17836.0 
-17512.0 -17878.0 
-17620.0 -17772.0 
-17508.0 -17880.0 
-17487.0 -17906.0 
-17324.0 -18031.0 
-17683.0 -17724.0 
-17708.0 -17693.0 
-17668.0 -17740.0 
-17712.0 -17673.0 
-17597.0 -17789.0 
-17415.0 -17963.0 
-17577.0 -17834.0 
-17479.0 -17907.0 
-17382.0 -17980.0 
-17457.0 -17914.0 
-17639.0 -17752.0 
-17515.0 -17871.0 
-17553.0 -17836.0 
-17512.0 -17878.0 
-17508.0 -17880.0 
-17620.0 -17772.0 
-17512.0 -17878.0 
-17668.0 -17740.0 
-17508.0 -17880.0 
-17479.0 -17907.0 
-17683.0 -17724.0 
-17683.0 -17724.0 
-17708.0 -17693.0 
-17668.0 -17740.0 
-17683.0 -17724.0 
-17324.0 -18031.0 
-17324.0 -18031.0 
-17639.0 -17752.0 
-17683.0 -17724.0 
