-19310.0 -18422.0 
-19310.0 -18422.0 
-18186.0 -19356.0 
-18999.0 -18890.0 
-18549.0 -19242.0 
-18200.0 -19337.0 
-18496.0 -19247.0 
-18750.0 -19107.0 
-18273.0 -19319.0 
-18324.0 -19310.0 
-19287.0 -18444.0 
-18473.0 -19279.0 
-19100.0 -18718.0 
-18273.0 -19319.0 
-18554.0 -19207.0 
-19263.0 -18490.0 
-18618.0 -19203.0 
-19147.0 -18661.0 
-19195.0 -18612.0 
-18474.0 -19253.0 
-18685.0 -19144.0 
-18395.0 -19299.0 
-19011.0 -18845.0 
-18434.0 -19282.0 
-18964.0 -18900.0 
-18840.0 -19038.0 
-19078.0 -18772.0 
-19215.0 -18567.0 
-19215.0 -18567.0 
-19034.0 -18826.0 
-19224.0 -18523.0 
-18798.0 -19052.0 
-19139.0 -18697.0 
-19287.0 -18444.0 
-18648.0 -19182.0 
-19246.0 -18502.0 
-18903.0 -18958.0 
-18718.0 -19138.0 
-19244.0 -18516.0 
-19017.0 -18832.0 
-18655.0 -19165.0 
-18873.0 -18985.0 
-18916.0 -18932.0 
-19053.0 -18794.0 
-18577.0 -19205.0 
-19131.0 -18707.0 
-19216.0 -18538.0 
-18929.0 -18920.0 
-18434.0 -19282.0 
-18354.0 -19301.0 
-18845.0 -19013.0 
-19162.0 -18634.0 
-18395.0 -19299.0 
-18760.0 -19085.0 
-18885.0 -18966.0 
-18331.0 -19302.0 
-18708.0 -19143.0 
-18793.0 -19063.0 
-18788.0 -19077.0 
-18827.0 -19046.0 
-19263.0 -18490.0 
-18718.0 -19138.0 
-18772.0 -19078.0 
-18756.0 -19099.0 
-19186.0 -18622.0 
-18200.0 -19337.0 
-18879.0 -18972.0 
-19098.0 -18741.0 
-19053.0 -18794.0 
-18618.0 -19203.0 
-18648.0 -19182.0 
-18859.0 -18993.0 
-19195.0 -18612.0 
-18953.0 -18901.0 
-18944.0 -18910.0 
-19149.0 -18645.0 
-18667.0 -19160.0 
-19080.0 -18770.0 
-19045.0 -18810.0 
-19091.0 -18757.0 
-19011.0 -18845.0 
-18916.0 -18932.0 
-19045.0 -18810.0 
-18943.0 -18919.0 
-19160.0 -18635.0 
-18577.0 -19205.0 
-18354.0 -19301.0 
-18667.0 -19160.0 
-19186.0 -18622.0 
-19091.0 -18757.0 
-18903.0 -18958.0 
-18859.0 -18993.0 
-19098.0 -18741.0 
-19148.0 -18651.0 
-19131.0 -18707.0 
-18827.0 -19046.0 
-19139.0 -18697.0 
-19216.0 -18538.0 
-18846.0 -19008.0 
-18846.0 -19008.0 
