-18295.0 -19369.0 
-19273.0 -18458.0 
-18295.0 -19369.0 
-18530.0 -19311.0 
-18390.0 -19354.0 
-18831.0 -19094.0 
-19243.0 -18469.0 
-19169.0 -18622.0 
-18454.0 -19320.0 
-18948.0 -18963.0 
-18951.0 -18930.0 
-18916.0 -18974.0 
-18586.0 -19254.0 
-18792.0 -19102.0 
-19212.0 -18545.0 
-18894.0 -18979.0 
-18563.0 -19275.0 
-19116.0 -18727.0 
-19031.0 -18842.0 
-19227.0 -18506.0 
-18844.0 -19050.0 
-19120.0 -18686.0 
-18563.0 -19275.0 
-18633.0 -19199.0 
-19227.0 -18506.0 
-19183.0 -18573.0 
-18402.0 -19339.0 
-18662.0 -19182.0 
-19166.0 -18640.0 
-18438.0 -19332.0 
-18693.0 -19172.0 
-18975.0 -18884.0 
-18996.0 -18880.0 
-19088.0 -18740.0 
-19081.0 -18773.0 
-18890.0 -19010.0 
-18999.0 -18853.0 
-19081.0 -18773.0 
-18782.0 -19114.0 
-19054.0 -18810.0 
-18872.0 -19014.0 
-18865.0 -19028.0 
-18660.0 -19189.0 
-18753.0 -19127.0 
-19031.0 -18842.0 
-19054.0 -18810.0 
-18632.0 -19225.0 
-18854.0 -19047.0 
-18730.0 -19142.0 
-18860.0 -19035.0 
-19183.0 -18573.0 
-18605.0 -19248.0 
-18974.0 -18902.0 
-19152.0 -18653.0 
-19053.0 -18816.0 
-18970.0 -18907.0 
-19053.0 -18816.0 
-18390.0 -19354.0 
-18709.0 -19145.0 
-19201.0 -18547.0 
-19188.0 -18548.0 
-19127.0 -18684.0 
-19137.0 -18661.0 
-18454.0 -19320.0 
-18750.0 -19132.0 
-18627.0 -19233.0 
-19100.0 -18732.0 
-19085.0 -18759.0 
-18970.0 -18907.0 
-18782.0 -19114.0 
-18707.0 -19146.0 
-18438.0 -19332.0 
-18730.0 -19142.0 
-18699.0 -19158.0 
-19152.0 -18653.0 
-18886.0 -19012.0 
-18605.0 -19248.0 
-19130.0 -18671.0 
-18997.0 -18863.0 
-19185.0 -18557.0 
-18402.0 -19339.0 
-18620.0 -19237.0 
-18699.0 -19158.0 
-18620.0 -19237.0 
-19085.0 -18759.0 
-19100.0 -18732.0 
-18753.0 -19127.0 
-18693.0 -19172.0 
-18844.0 -19050.0 
-19137.0 -18661.0 
-18999.0 -18853.0 
-18750.0 -19132.0 
-19130.0 -18671.0 
-18660.0 -19189.0 
-18997.0 -18863.0 
-18633.0 -19199.0 
-19185.0 -18557.0 
-18632.0 -19225.0 
-19116.0 -18727.0 
-18730.0 -19142.0 
