6.271598018475594075e-03
7.340308065506313297e-03
6.845548509115214307e-03
5.524239237733264730e-03
6.378350061053758048e-03
5.448771894893788235e-03
5.831280826773388784e-03
5.643425898101552853e-03
6.351833098777011181e-03
4.533280619611355054e-03
6.035465220984259811e-03
5.314678234983057949e-03
6.195123707026978059e-03
7.002367154090391281e-03
5.634512177713955038e-03
4.486599472857105003e-03
5.505310597595473344e-03
4.450684862377866924e-03
7.229451985481827672e-03
4.381085725299689072e-03
7.489768338026644816e-03
5.730528217258538774e-03
5.047614339583212859e-03
6.050850109356776217e-03
5.222203899912872434e-03
6.026781090788325794e-03
3.905222575308630022e-03
6.612240165072443693e-03
6.261579900958501137e-03
4.777838476763552646e-03
4.529196392451575667e-03
