4.991993148157760490e-02
3.220958744958298814e-01
1.070138259880896447e-01
1.541012964777516980e-01
7.685037376556373978e-01
7.951776420275373791e-01
1.345990177184372590e-02
1.447734667940910047e-01
7.294392675279788296e-01
1.301763377198283111e-01
1.652624541697428895e-01
7.249096672589021573e-01
7.881028131610546827e-01
8.267988036463870261e-01
1.400894002255010651e-01
9.494269741073366742e-01
7.635096388465076878e-01
7.630589571520989267e-01
1.147213431746324230e-01
1.455839801326805072e-01
6.899735291315826080e-01
8.630653672487355044e-01
1.527675688013693453e-02
4.576562078187507848e-02
1.508824455898246653e-01
1.371542409104653804e-01
1.441610056494265213e-01
8.017082129045077776e-02
1.346204931386752734e-01
2.103995162574390509e-01
8.120641902402255807e-01
