-18641.0 -19459.0 
-19553.0 -18199.0 
-18641.0 -19459.0 
-18763.0 -19437.0 
-18864.0 -19375.0 
-18908.0 -19342.0 
-19521.0 -18373.0 
-18779.0 -19386.0 
-19397.0 -18712.0 
-19438.0 -18641.0 
-19352.0 -18796.0 
-19532.0 -18283.0 
-19409.0 -18642.0 
-19532.0 -18283.0 
-19460.0 -18490.0 
-19287.0 -18895.0 
-19458.0 -18553.0 
-19111.0 -19160.0 
-19442.0 -18564.0 
-19354.0 -18726.0 
-19174.0 -19057.0 
-19052.0 -19204.0 
-18963.0 -19254.0 
-18864.0 -19375.0 
-19119.0 -19119.0 
-19301.0 -18839.0 
-19025.0 -19208.0 
-19481.0 -18431.0 
-19000.0 -19249.0 
-19460.0 -18490.0 
-19177.0 -19013.0 
-18909.0 -19294.0 
-19358.0 -18720.0 
-19486.0 -18406.0 
-19158.0 -19062.0 
-19521.0 -18373.0 
-19126.0 -19116.0 
-19481.0 -18431.0 
-19320.0 -18800.0 
-19079.0 -19166.0 
-18778.0 -19394.0 
-19222.0 -18956.0 
-18763.0 -19437.0 
-19189.0 -19002.0 
-19301.0 -18839.0 
-19055.0 -19175.0 
-19261.0 -18904.0 
-18957.0 -19275.0 
-19214.0 -18993.0 
-19218.0 -18988.0 
-19486.0 -18406.0 
-19309.0 -18801.0 
-18935.0 -19282.0 
-19065.0 -19167.0 
-19230.0 -18944.0 
-19446.0 -18557.0 
-19010.0 -19234.0 
-19484.0 -18412.0 
-19241.0 -18921.0 
-19005.0 -19237.0 
-18778.0 -19394.0 
-19287.0 -18895.0 
-18912.0 -19290.0 
-19230.0 -18944.0 
-19250.0 -18909.0 
-19079.0 -19166.0 
-19307.0 -18817.0 
-19025.0 -19208.0 
-19397.0 -18712.0 
-19307.0 -18817.0 
-19261.0 -18904.0 
-19010.0 -19234.0 
-18935.0 -19282.0 
-19060.0 -19174.0 
-19199.0 -19001.0 
-19199.0 -19001.0 
-18923.0 -19286.0 
-19320.0 -18800.0 
-18923.0 -19286.0 
-19246.0 -18920.0 
-19409.0 -18642.0 
-19222.0 -18956.0 
-19111.0 -19160.0 
-19241.0 -18921.0 
-19177.0 -19013.0 
-18959.0 -19266.0 
-18959.0 -19266.0 
-19442.0 -18564.0 
-18779.0 -19386.0 
-19000.0 -19249.0 
-19357.0 -18723.0 
-19218.0 -18988.0 
-19250.0 -18909.0 
-18957.0 -19275.0 
-19358.0 -18720.0 
-19246.0 -18920.0 
-19404.0 -18648.0 
-19144.0 -19086.0 
-19214.0 -18993.0 
-19481.0 -18431.0 
