-19395.0 -18569.0 
-18450.0 -19652.0 
-19395.0 -18569.0 
-18450.0 -19652.0 
-19380.0 -18634.0 
-18540.0 -19620.0 
-19308.0 -18773.0 
-19304.0 -18835.0 
-19089.0 -19174.0 
-19174.0 -19055.0 
-19179.0 -18997.0 
-19336.0 -18769.0 
-19281.0 -18842.0 
-19350.0 -18655.0 
-19104.0 -19134.0 
-19237.0 -18896.0 
-18552.0 -19586.0 
-18809.0 -19440.0 
-19345.0 -18699.0 
-18783.0 -19469.0 
-19236.0 -18931.0 
-19000.0 -19265.0 
-19064.0 -19182.0 
-19151.0 -19056.0 
-18763.0 -19474.0 
-19124.0 -19105.0 
-18686.0 -19530.0 
-19258.0 -18882.0 
-18723.0 -19490.0 
-19137.0 -19084.0 
-19012.0 -19235.0 
-18842.0 -19432.0 
-18540.0 -19620.0 
-18931.0 -19333.0 
-19148.0 -19083.0 
-18639.0 -19549.0 
-19341.0 -18729.0 
-19212.0 -18974.0 
-18899.0 -19392.0 
-18967.0 -19295.0 
-18926.0 -19358.0 
-18950.0 -19316.0 
-18691.0 -19499.0 
-18658.0 -19538.0 
-18748.0 -19486.0 
-19194.0 -18991.0 
-18659.0 -19531.0 
-18872.0 -19410.0 
-18639.0 -19549.0 
-18584.0 -19575.0 
-18602.0 -19573.0 
-19055.0 -19193.0 
-19197.0 -18977.0 
-18690.0 -19511.0 
-19229.0 -18948.0 
-18614.0 -19571.0 
-18902.0 -19380.0 
-19229.0 -18948.0 
-18991.0 -19271.0 
-18584.0 -19575.0 
-19110.0 -19110.0 
-19107.0 -19117.0 
-18614.0 -19571.0 
-18872.0 -19410.0 
-19263.0 -18868.0 
-18800.0 -19451.0 
-19044.0 -19197.0 
-19036.0 -19209.0 
-19013.0 -19232.0 
-18800.0 -19451.0 
-19028.0 -19225.0 
-18981.0 -19275.0 
-18711.0 -19494.0 
-19350.0 -18655.0 
-18911.0 -19371.0 
-19030.0 -19224.0 
-18552.0 -19586.0 
-18954.0 -19298.0 
-18911.0 -19371.0 
-18940.0 -19329.0 
-19263.0 -18868.0 
-18951.0 -19300.0 
-19212.0 -18974.0 
-18899.0 -19392.0 
-18748.0 -19486.0 
-19040.0 -19206.0 
-19341.0 -18729.0 
-19259.0 -18870.0 
-18842.0 -19432.0 
-18861.0 -19419.0 
-18711.0 -19494.0 
-18926.0 -19358.0 
-18977.0 -19282.0 
-19344.0 -18714.0 
-18852.0 -19424.0 
-18861.0 -19419.0 
-18977.0 -19282.0 
-18852.0 -19424.0 
-19344.0 -18714.0 
-18940.0 -19329.0 
