-18540.0 -19537.0 
-19465.0 -18272.0 
-18540.0 -19537.0 
-19465.0 -18272.0 
-19443.0 -18434.0 
-18600.0 -19534.0 
-19189.0 -18973.0 
-19400.0 -18550.0 
-19256.0 -18905.0 
-19281.0 -18833.0 
-19288.0 -18758.0 
-19351.0 -18614.0 
-19022.0 -19176.0 
-19170.0 -19013.0 
-19225.0 -18948.0 
-18640.0 -19506.0 
-18737.0 -19464.0 
-19123.0 -19065.0 
-18905.0 -19331.0 
-19281.0 -18833.0 
-19125.0 -19018.0 
-18859.0 -19343.0 
-19256.0 -18905.0 
-19400.0 -18550.0 
-19394.0 -18566.0 
-19342.0 -18657.0 
-18687.0 -19482.0 
-18770.0 -19412.0 
-18800.0 -19390.0 
-19319.0 -18712.0 
-19225.0 -18948.0 
-19342.0 -18657.0 
-19150.0 -19015.0 
-18943.0 -19255.0 
-18855.0 -19388.0 
-19351.0 -18614.0 
-18768.0 -19442.0 
-19052.0 -19165.0 
-19319.0 -18712.0 
-19394.0 -18566.0 
-19091.0 -19094.0 
-18973.0 -19247.0 
-19308.0 -18737.0 
-18746.0 -19445.0 
-19095.0 -19066.0 
-18833.0 -19389.0 
-18672.0 -19486.0 
-18928.0 -19302.0 
-18792.0 -19403.0 
-18642.0 -19504.0 
-18909.0 -19311.0 
-18984.0 -19216.0 
-18672.0 -19486.0 
-18687.0 -19482.0 
-19308.0 -18737.0 
-18914.0 -19303.0 
-18856.0 -19358.0 
-18833.0 -19389.0 
-18939.0 -19279.0 
-19288.0 -18758.0 
-18737.0 -19464.0 
-19004.0 -19200.0 
-18979.0 -19235.0 
-19004.0 -19200.0 
-19077.0 -19103.0 
-19093.0 -19071.0 
-19068.0 -19110.0 
-18934.0 -19286.0 
-18999.0 -19204.0 
-19068.0 -19110.0 
-19077.0 -19103.0 
-18642.0 -19504.0 
-18792.0 -19403.0 
-18979.0 -19235.0 
-18984.0 -19216.0 
-18905.0 -19331.0 
-18856.0 -19358.0 
-18973.0 -19247.0 
-18999.0 -19204.0 
-18859.0 -19343.0 
-18746.0 -19445.0 
-18934.0 -19286.0 
-19052.0 -19165.0 
-18943.0 -19255.0 
-18939.0 -19279.0 
-19002.0 -19203.0 
-19093.0 -19071.0 
-18768.0 -19442.0 
-19125.0 -19018.0 
-19123.0 -19065.0 
-19465.0 -18272.0 
-19256.0 -18905.0 
-19351.0 -18614.0 
-19394.0 -18566.0 
-18687.0 -19482.0 
-18973.0 -19247.0 
-18833.0 -19389.0 
-19060.0 -19161.0 
-18601.0 -19451.0 
-19294.0 -18665.0 
