0.0 0.5686606139644572 0.547756512713191 0.5235330864391953 0.5063502701707806 0.5016219309791596 0.5011254404154653 0.5010386848252285 0.5010587333609315 0.5000621562749142 
0.9990348441819935 0.5693097939368709 0.5477573517835863 0.5235493701528295 0.5063501889932905 0.5016575560385718 0.5011257416550075 0.5010387125087241 0.5010763212389677 0.5000621547190739 
0.19885189619938748 0.569271943367794 0.547775436086687 0.5235494298908449 0.5063494680341502 0.5014499994079119 0.5011242927201912 0.5010386829682669 0.5010696452649235 0.5000621260965243 
0.020042390213490406 0.5692704663792268 0.5477756719001312 0.5235374606295693 0.5063535282711213 0.5014564748411373 0.5011254377602807 0.5010386848252285 0.5010732927491706 0.5000621562749142 
0.4804385908371356 0.5692710701086939 0.5487037419113998 0.5235607016143226 0.5063533147428164 0.5014458301983445 0.5011245573016074 0.5010386851338213 0.5010734351609085 0.5000621228975067 
0.6448068546154677 0.5692957775552203 0.5485625809061263 0.5235353452998559 0.5063502350876737 0.5014489515914485 0.5011243104825002 0.5010387168971832 0.5010755908308884 0.5000621525871544 
0.7030923407252545 0.5692545378528109 0.5477743528116129 0.5235493124520038 0.506349500691848 0.5014544222233118 0.5011245050934824 0.5010386833439977 0.5010606421951551 0.500062154155983 
0.9306458541992012 0.5692486904113796 0.5486047033592171 0.5235483216318839 0.5063534084787926 0.5016201925361831 0.501125742259255 0.5010386826838262 0.5010729462815748 0.5000621525338227 
0.9297476845250594 0.5692704933416037 0.5477747295206606 0.5235229281230063 0.5063501880526142 0.5016253674433978 0.5011254776004831 0.501038682249181 0.5010713126123759 0.5000621563151468 
0.936279796054864 0.5692957775552203 0.5485625809061263 0.5235602515763137 0.5063502350876737 0.5016248505801143 0.5011258505745014 0.5010387168971832 0.5010755908308884 0.5000621555682626 
0.9822895224352612 0.5693054763537807 0.5477747570449243 0.5235505139664284 0.5063505387569345 0.5014541843266326 0.501125871324568 0.5010387158577445 0.5010733479649708 0.5000621575810809 
0.4778229938751961 0.5692633620920524 0.5477600052850919 0.5235373223495604 0.5063532920403035 0.5014517210342881 0.5011252917942954 0.5010387175402802 0.5010637415976954 0.5000621559598799 
0.6445795358501086 0.5692496179881106 0.5477734572740525 0.5235235302613792 0.5063494616748498 0.501462870856769 0.5011243069992477 0.5010386825810611 0.5010730334286598 0.5000621553295052 
0.5517097105347849 0.5692720217121331 0.5477735775387024 0.5235139706205392 0.5063499276557671 0.5014523162264446 0.5011243410953532 0.5010386826093457 0.5010721744473511 0.5000621552853002 
9.641041426108887E-5 0.5692596344022333 0.5477733469302165 0.5235366109453493 0.5063481166008845 0.5016196432260406 0.5011252761638771 0.5010386826613412 0.5010730886137885 0.500062155640963 
0.333854081976966 0.5693038599191368 0.5477753240515039 0.5235507934591911 0.5063538995736677 0.5016202174739849 0.5011258825978528 0.5010387151821085 0.5010732327826478 0.5000621552092688 
0.2765774098178366 0.5692712261281594 0.5477754109622673 0.5235145991023585 0.506349243535218 0.501635516146259 0.501125454078489 0.5010386802290444 0.5010586887159884 0.5000621566397981 
0.3524410349088287 0.5692502084362501 0.5477564574271725 0.5235491654719686 0.5063494803132469 0.5014517556704596 0.5011257200658931 0.5010386826036226 0.5010468007905416 0.5000621525145907 
0.3627954239098825 0.5693041623042695 0.5477784911001851 0.5235525610914736 0.5063504662573464 0.5015937975109085 0.5011244883704339 0.5010386860193011 0.5010734283088601 0.500062157938143 
0.4269990757277272 0.5692706711678559 0.5477746298271855 0.5235228947516203 0.5063535600584347 0.5016169497332456 0.5011256733934147 0.5010386803907096 0.5010639973161366 0.5000621543101492 
0.3145274549611896 0.569272623029737 0.5477734414128608 0.5235138455153154 0.5063492357968085 0.5016199832360951 0.5011258257895679 0.5010386826221123 0.5010720238985671 0.5000621552085351 
0.44594247239062856 0.5692480807561445 0.5477731846616487 0.523525572827741 0.5063485267557664 0.5016199820991067 0.5011245831024024 0.5010387200142112 0.5010730552578794 0.500062152190823 
0.3827145534667403 0.5692574310209122 0.5477585836845833 0.5235480135152106 0.5063481214516703 0.5016199335932838 0.5011258487701704 0.5010387158958515 0.5010723090953512 0.5000621546545448 
0.718433200602021 0.5693038599191368 0.5477749567639273 0.5235228740920709 0.5063538995736677 0.5016143726407347 0.5011258578874658 0.5010387151821085 0.5010732712506516 0.5000621552092688 
0.5755708506180679 0.5692708997558993 0.5477750728199567 0.5235514170185115 0.5063494797262554 0.5016454014812833 0.5011258549348185 0.501038682653291 0.5010733957905853 0.5000621578555113 
0.22054687560881342 0.5692424305453389 0.5477588620250012 0.5235621748072788 0.5063502083673496 0.5014612600520313 0.5011258052395304 0.5010386829797131 0.5010695712005002 0.5000621261158913 
0.25226962816863885 0.569271943367794 0.547775436086687 0.5235493479831608 0.5063494680341502 0.5014517556704596 0.5011243919763579 0.5010386829682669 0.5010696046488126 0.5000621260965243 
0.7309609763099667 0.5692576774104495 0.5477603653419578 0.5235164747609513 0.5063494363783264 0.5014420155707361 0.501124510562134 0.5010386820357727 0.5010697342105039 0.5000621533761717 
0.9919614977529899 0.5693024378818242 0.5477556303689309 0.5235334691822197 0.5063503507082866 0.501620482430789 0.5011257766211145 0.501038711513687 0.5010723842868154 0.5000621556037607 
0.39059802208943306 0.5692592611595347 0.5477603188854507 0.5235600005476163 0.5063500433212057 0.5016248761202451 0.5011245568897971 0.5010386589239562 0.5010728923343812 0.5000621556519914 
0.7406785724883079 0.5692580462125102 0.5477597115686629 0.5235139311337546 0.5063494363783264 0.5014420155707361 0.5011244673999192 0.5010386820357727 0.5010699566548282 0.5000621533627121 
0.23294350975145922 0.5692710664525069 0.5477735775387024 0.5235138455153154 0.5063492154415377 0.5016199827206198 0.5011244740380214 0.5010386826322321 0.5010695241275637 0.5000621266836147 
0.28964961432037734 0.5692561617501471 0.5477591521057434 0.5235604415545566 0.5063481166008845 0.5011760767257353 0.501124343065065 0.5010386824145137 0.5010606655958214 0.5000621242960321 
0.8091631496135373 0.569248923217013 0.5477751860987101 0.5235124393000682 0.5063488443144342 0.5016217644638145 0.5011254489982416 0.5010386621729495 0.5010724445962507 0.5000621544974867 
0.4020842984482258 0.5692596964377524 0.5477725691592583 0.5235572861199728 0.5063484278735995 0.5014548520448245 0.5011245605155622 0.501038661166929 0.5010624842817306 0.5000621260323553 
0.7534291574330643 0.5692719495340064 0.5477760265901837 0.5235490448832185 0.5063484613956244 0.5016208737612498 0.5011257952188584 0.5010386801834184 0.50106028621681 0.5000621518205028 
0.5873802944080244 0.5692544663898276 0.5477734214735063 0.5235256209619502 0.5063485495634106 0.5016348311210266 0.5011257466451574 0.501038719846853 0.5010731277130808 0.5000621522039099 
0.8744170814384817 0.569271943367794 0.547775436086687 0.5235493479831608 0.5063494883894211 0.5014517556704596 0.501125766708507 0.5010386829581471 0.5010725224478138 0.5000621539018604 
0.4702035854628247 0.5692850098575815 0.5477751580688007 0.5235232930810149 0.5063492517499499 0.5016107224919758 0.5011245290210177 0.5010386604365745 0.501072407765369 0.5000621524857429 
0.24622371343974075 0.5692727670792971 0.5477588620250012 0.5235621748072788 0.5063502083673496 0.5014612600520313 0.5011259186718843 0.5010386829797131 0.5010695022404008 0.5000621261158913 
0.6114246273906109 0.5692709178206184 0.5477751092385377 0.5235231120116298 0.5063494531991108 0.5016375790530789 0.5011258549951592 0.5010386823850544 0.5010696765219488 0.5000621578555113 
0.9226444221316863 0.5692403853642547 0.5477770143672877 0.5235234766659056 0.50635334818447 0.5016039766594195 0.5011258034210542 0.501038715740156 0.5010726491407484 0.5000621250296944 
0.9105137338639896 0.5692705201072659 0.5477735744728104 0.5235510825906464 0.5063492337661571 0.5014414787702199 0.5011252641338346 0.5010386826152283 0.5010724363877045 0.5000621556037343 
0.7908872214866625 0.5692632426945523 0.5477736810283483 0.5235365920612869 0.5063493156181286 0.5014397064758787 0.501125311403113 0.5010386827800923 0.5010731194894456 0.5000621544899734 
0.9193580079392144 0.5692570840203612 0.5477743882084231 0.5235004311689571 0.5063501607345369 0.5016529231437448 0.5011254776004831 0.5010386822485329 0.5010714450127578 0.5000621563151468 
0.7230023841376497 0.5692499212908552 0.5477575625031194 0.5235491677403065 0.5063494803132469 0.5014517556704596 0.5011245517519498 0.5010386829783422 0.5010464754387032 0.5000621524857742 
0.45918758409666816 0.5692472608708792 0.5477731846616487 0.5235256243698494 0.5063485272430596 0.5016256891907936 0.5011256884320253 0.5010386822192204 0.5010730448179943 0.5000621572783454 
0.2965048824481992 0.5692719481637097 0.5477754363799735 0.5235499034149355 0.5063494803132469 0.5014517556704596 0.5011257200658931 0.5010386826061037 0.5010732621922992 0.5000621525145907 
0.7862228011568989 0.56924723396641 0.5477753464235045 0.5235144628821717 0.5063486216260688 0.5016211992194558 0.5011254402360128 0.5010386826457537 0.5010733115496042 0.5000621555855134 
0.5674150857031621 0.5693167169048765 0.5477531731035596 0.5235230451481381 0.5063492470832868 0.5014613416696845 0.5011258061396815 0.5010387165478678 0.5010701164559045 0.5000621551351321 
0.6369592430127832 0.5692493119481804 0.5477737823433179 0.523523062724719 0.5063494616748498 0.5014632159215947 0.5011243069992477 0.5010386833449302 0.5010730412265569 0.5000621553272115 
0.75989097225722 0.5692716849247322 0.5477751925136087 0.523549235646053 0.5063484613956244 0.5016113369722071 0.501124445879941 0.5010386602477832 0.5010600454712287 0.5000621518205028 
0.8369602025877678 0.5692704689539657 0.5477754489872114 0.5235597145877834 0.5063535003756149 0.5014516896885439 0.5011257404514884 0.5010386826588021 0.5010739107315533 0.5000621525145907 
0.6313386099659137 0.5692499212908552 0.5477577400895977 0.523549905270186 0.5063494803132469 0.5014517556704596 0.5011243439234888 0.5010386829682669 0.5010458873878403 0.5000621525145907 
0.8425625582845261 0.5692708508402071 0.547775447937404 0.5235604628473121 0.5063535882970135 0.5014240303216835 0.5011257158203498 0.5010386824710271 0.5010739921056181 0.5000621545100911 
0.5641711348144474 0.5693008535859697 0.5477603866853803 0.5235210867975264 0.5063493011402738 0.5015925216044517 0.5011257981210281 0.5010386823437704 0.5010723619483556 0.5000621259881485 
0.8297146665166677 0.5692707769858231 0.5477745570186541 0.5235208913242755 0.5063484613956244 0.5016210765615209 0.5011244461557808 0.5010386802379986 0.5010595768183435 0.5000621239170944 
0.7963975300644579 0.5692704663792268 0.5477756656911561 0.5235504163260217 0.5063535282711213 0.5014564748411373 0.5011254377602807 0.5010387128944619 0.5010733223729529 0.5000621576016234 
0.8346539989229508 0.5693051649063466 0.5477711213126095 0.5235502178348839 0.5063492596075889 0.5016687240874642 0.5011259231478489 0.5010387144298204 0.5010717882735904 0.5000621575762212 
0.3051992715444559 0.5692466781005783 0.5477589600568793 0.5235499626576976 0.5063481266938347 0.5014657827187083 0.5011243410771447 0.5010386826512099 0.5010729657124217 0.5000621556443371 
0.7744381438847139 0.56924723396641 0.5477563091018741 0.5235144628821717 0.5063486216260688 0.5016203378662267 0.5011254403750292 0.5010386826457537 0.5010605495732421 0.5000621555855134 
0.9076734908018671 0.5692710661653786 0.547774797521316 0.5235153794507995 0.5063484315236361 0.5016503980746679 0.501125829564182 0.5010386821977005 0.5010709549690968 0.5000621524087016 
0.7761629144310584 0.5692499782269734 0.5477756136731654 0.523549905270186 0.5063494803132469 0.5014517556704596 0.5011258066554509 0.5010386829682669 0.501072773844963 0.5000621544957806 
0.5969717729745596 0.5692630010319017 0.5477746567828887 0.523523117717355 0.506349300979908 0.5016679040093064 0.501125879497029 0.5010386832148324 0.5010724767453609 0.5000621563136046 
0.8479800209078971 0.5692720217121331 0.5477735775387024 0.5235139706205392 0.5063499276557671 0.5014523162264446 0.5011243594944808 0.5010386826093457 0.5010721744473511 0.5000621552853002 
0.8173310119966929 0.5692703937558798 0.5477573517835863 0.5235326563849841 0.5063501261987121 0.50167188105216 0.5011244504214236 0.5010386822807802 0.5010765843145739 0.500062148249353 
0.7641855776649974 0.5692710513481788 0.5477759691632798 0.523550803105763 0.5063505215001857 0.5016203062086544 0.5011244821814435 0.5010386782747484 0.5010582465728216 0.5000621544787743 
0.9988839423570329 0.5693178999015696 0.5477573517835863 0.5235493701528295 0.5063502948784646 0.5016575560385718 0.5011257543191304 0.5010387150516137 0.5010768623818492 0.5000621547190739 
0.7796814023949279 0.5692506624219651 0.5477756136731654 0.523549905270186 0.5063494827383656 0.5014517556704596 0.5011257767160445 0.5010386829682669 0.501072773844963 0.5000621544957806 
0.6047161202033963 0.5692716000361527 0.5477603188854507 0.5235327289045496 0.5063501299672704 0.5016278297545514 0.501125323098517 0.5010386826480722 0.5010755908308884 0.5000621547804863 
0.5923195757180515 0.5692709178206184 0.5477750728199567 0.5235231032259761 0.5063494196870493 0.5016375790530789 0.5011258549951592 0.5010386823850544 0.5010697207402031 0.5000621578555113 
0.8808231054038376 0.569272623029737 0.5477741777300795 0.523561358366447 0.5063492495723229 0.5016173483964683 0.5011258891116452 0.5010386826544486 0.5010728893868809 0.5000621551320045 
0.7706088452482145 0.56924723396641 0.5477563091018741 0.5235144628821717 0.5063501222056432 0.5016199097660065 0.5011259188336404 0.5010386826457537 0.5010605495732421 0.5000621555855134 
0.7461080712246286 0.5692632695445728 0.5477588857679045 0.5235365920612869 0.506349289108228 0.5014397064758787 0.5011253149608427 0.5010386804548361 0.5010692686811302 0.5000621544899734 
0.8693105880018218 0.5692580712937791 0.5477734350608156 0.5235128495104676 0.5063492087420328 0.5016206287467924 0.501125281675612 0.5010386826220131 0.5010733283641983 0.500062155693128 
0.617711465926918 0.5692506624219651 0.547760869458802 0.523549905270186 0.5063494562568089 0.5014537878346645 0.501125776645497 0.5010386829682669 0.501072773844963 0.5000621523199082 
0.8864525845004244 0.5693041312488224 0.5477746367001792 0.5235227315624009 0.5063505074168421 0.5016239833664969 0.5011259160890934 0.5010387131280828 0.5010765843145739 0.5000621565484873 
0.8257925554354996 0.569248605286975 0.5477603962707591 0.5235211026564889 0.5063462008129318 0.5016146230294355 0.501124446240374 0.5010386823376872 0.5010604874331408 0.5000621239445776 
0.4505902268628932 0.5692727865847751 0.5477599743952393 0.5235621748072788 0.5063502083673496 0.5014611287246531 0.5011259186718843 0.5010386829797131 0.5010695807736413 0.5000621553363186 
0.8597436578891003 0.5692704689539657 0.5477741665162545 0.5235502225438191 0.5063494796996459 0.5016161406491231 0.5011243439234888 0.5010386826534033 0.5010732953586285 0.5000621549662496 
0.6272493494540603 0.5692711538360817 0.5477607104098424 0.5235332176489379 0.5063502233210146 0.5016239807278773 0.5011257797378051 0.5010386823060387 0.5010720673633778 0.500062152371432 
0.4084968999428613 0.5693063899300167 0.5477789329780723 0.5235525610914736 0.5063504506789032 0.5015937975109085 0.5011244882872241 0.5010386870628777 0.501073424779751 0.5000621578805364 
0.6422050901311187 0.5692505840804292 0.5477738054890962 0.5235491046123799 0.5063494983761399 0.5014529435277639 0.5011243114254327 0.5010386832788586 0.5010730390581103 0.5000621553432198 
0.863046374908535 0.5692704689539657 0.5477741665162545 0.5235231927254949 0.5063494795418506 0.5016157395075649 0.5011242992449437 0.5010386826534033 0.501072607631224 0.5000621544816445 
0.850871691925033 0.5693057812126665 0.5477735775387024 0.5235520693414988 0.5063499276557671 0.5014523162264446 0.5011243594944808 0.5010386869359179 0.5010721744473511 0.5000621552853002 
0.41254502427334516 0.5692596964377524 0.5477753145935531 0.5235170956580526 0.5063540086225932 0.5014548520448245 0.5011259239639052 0.501038661166929 0.5010624842817306 0.5000621260323553 
0.602284029493592 0.5692957775552203 0.5477603188854507 0.5235602515763137 0.5063502350876737 0.5016248785978582 0.5011257267114972 0.5010386826480722 0.5010755908308884 0.5000621555682626 
0.8691843433134904 0.569272623029737 0.5477734353681832 0.5235138455153154 0.5063492357968085 0.5016199820991067 0.5011258268928954 0.5010386826221123 0.5010720200687351 0.500062155735094 
0.8895924711592289 0.5693036309987385 0.5477755807313223 0.5235502300487026 0.5063504891250419 0.5016218385494075 0.501125855718132 0.5010386621729495 0.5010724445962507 0.5000621556916983 
0.47557804387727953 0.5692633133073323 0.5477734225639331 0.5235227381922458 0.5063492219158537 0.5014528025365907 0.5011257517707901 0.5010386825735826 0.5010637239453486 0.5000621212802739 
0.5523086597807432 0.5693053804353644 0.5477737805061544 0.5235524595773875 0.5063492337661571 0.5014543251277315 0.5011243408924262 0.5010387166066955 0.5010733677226692 0.5000621516610241 
0.8553979288848834 0.5693038599191368 0.5477753180068263 0.5235507934591911 0.5063538995736677 0.5016202163369966 0.5011258837011803 0.5010387151821085 0.5010732289528159 0.5000621557358276 
0.8001280109783862 0.5692721611675656 0.547773917160763 0.5235491677403065 0.5063494803132469 0.501447627477803 0.5011244871827014 0.5010386830277307 0.5010458873878403 0.5000621553294106 
0.8217482791481343 0.56929457398833 0.5477573517835863 0.5235602347575296 0.5063502313191155 0.5016689298954667 0.5011257377487323 0.5010387124245861 0.5010765843145739 0.5000621555068502 
0.6228736729496739 0.5692707769858231 0.5477745570186541 0.5235208912985622 0.5063484613956244 0.5014353945232018 0.501124444677605 0.5010386802379986 0.5010595723455042 0.5000621220016747 
0.4548965148599943 0.56926334197534 0.5477741665162545 0.5235369113884804 0.5063494795418506 0.5016161406491231 0.5011243721193586 0.5010386785486888 0.5010732953586285 0.5000621550135891 
0.41793470366589486 0.5692593512789841 0.5477745706247514 0.5235171601644367 0.5063484276666526 0.5014353945232018 0.501124444677605 0.5010386802379986 0.5010596769031117 0.5000621220016747 
0.8826691394464233 0.569270489070678 0.5477600052850919 0.5235506335048993 0.5063532920403035 0.5014517210342881 0.5011252635984256 0.5010387216449946 0.5010637415976954 0.5000621559598799 
0.818324989038901 0.5692701942130536 0.5477600103392198 0.5235378578203829 0.5063534208343383 0.5016759131881365 0.5011244504214236 0.5010387172387863 0.5010765843145739 0.500062148249353 
0.8001280109783862 0.5692721611675656 0.547773917160763 0.5235491677403065 0.5063494803132469 0.501447627477803 0.5011244871827014 0.5010386830277307 0.5010458873878403 0.5000621553294106 
