-16038.0 -16603.0 
-16514.0 -16102.0 
-16038.0 -16603.0 
-16514.0 -16102.0 
-16507.0 -16174.0 
-16075.0 -16584.0 
-16139.0 -16561.0 
-16171.0 -16506.0 
-16204.0 -16503.0 
-16109.0 -16571.0 
-16418.0 -16286.0 
-16398.0 -16313.0 
-16256.0 -16455.0 
-16455.0 -16208.0 
-16099.0 -16579.0 
-16297.0 -16410.0 
-16485.0 -16187.0 
-16039.0 -16588.0 
-16418.0 -16286.0 
-16350.0 -16340.0 
-16298.0 -16398.0 
-16473.0 -16196.0 
-16222.0 -16464.0 
-16335.0 -16360.0 
-16485.0 -16187.0 
-16422.0 -16269.0 
-16233.0 -16463.0 
-16473.0 -16196.0 
-16333.0 -16377.0 
-16053.0 -16587.0 
-16398.0 -16313.0 
-16452.0 -16223.0 
-16344.0 -16353.0 
-16277.0 -16426.0 
-16109.0 -16571.0 
-16144.0 -16531.0 
-16310.0 -16395.0 
-16233.0 -16463.0 
-16169.0 -16516.0 
-16444.0 -16233.0 
-16438.0 -16255.0 
-16140.0 -16546.0 
-16373.0 -16322.0 
-16388.0 -16316.0 
-16430.0 -16259.0 
-16264.0 -16445.0 
-16277.0 -16426.0 
-16053.0 -16587.0 
-16267.0 -16428.0 
-16209.0 -16494.0 
-16297.0 -16410.0 
-16321.0 -16388.0 
-16388.0 -16316.0 
-16256.0 -16455.0 
-16217.0 -16484.0 
-16443.0 -16244.0 
-16140.0 -16546.0 
-16099.0 -16579.0 
-16209.0 -16494.0 
-16455.0 -16208.0 
-16220.0 -16476.0 
-16310.0 -16395.0 
-16422.0 -16269.0 
-16155.0 -16523.0 
-16344.0 -16353.0 
-16149.0 -16524.0 
-16452.0 -16223.0 
-16217.0 -16484.0 
-16275.0 -16427.0 
-16430.0 -16259.0 
-16357.0 -16336.0 
-16264.0 -16445.0 
-16443.0 -16244.0 
-16323.0 -16383.0 
-16160.0 -16522.0 
-16144.0 -16531.0 
-16139.0 -16561.0 
-16444.0 -16233.0 
-16266.0 -16435.0 
-16160.0 -16522.0 
-16357.0 -16336.0 
-16220.0 -16476.0 
-16365.0 -16328.0 
-16363.0 -16331.0 
-16371.0 -16325.0 
-16438.0 -16255.0 
-16329.0 -16378.0 
-16321.0 -16388.0 
-16335.0 -16360.0 
-16266.0 -16435.0 
-16204.0 -16503.0 
-16169.0 -16516.0 
-16373.0 -16322.0 
-16329.0 -16378.0 
-16363.0 -16331.0 
-16323.0 -16383.0 
-16149.0 -16524.0 
-16371.0 -16325.0 
-16171.0 -16506.0 
-16365.0 -16328.0 
