-18225.0 -19483.0 
-19054.0 -18637.0 
-18225.0 -19483.0 
-19054.0 -18637.0 
-18409.0 -19402.0 
-19038.0 -18746.0 
-18476.0 -19354.0 
-18764.0 -19155.0 
-18264.0 -19456.0 
-18547.0 -19322.0 
-18327.0 -19439.0 
-18327.0 -19439.0 
-18961.0 -18869.0 
-18801.0 -19117.0 
-18920.0 -18921.0 
-18719.0 -19191.0 
-18813.0 -19063.0 
-18962.0 -18814.0 
-18961.0 -18869.0 
-18719.0 -19191.0 
-18847.0 -19029.0 
-18236.0 -19461.0 
-18420.0 -19374.0 
-18441.0 -19362.0 
-18608.0 -19261.0 
-18663.0 -19207.0 
-18566.0 -19284.0 
-18548.0 -19289.0 
-18999.0 -18760.0 
-18789.0 -19135.0 
-18920.0 -18921.0 
-18883.0 -18962.0 
-18898.0 -18948.0 
-18907.0 -18922.0 
-18986.0 -18765.0 
-18652.0 -19226.0 
-18862.0 -18988.0 
-18964.0 -18791.0 
-18883.0 -18962.0 
-18694.0 -19197.0 
-18547.0 -19322.0 
-18617.0 -19243.0 
-18789.0 -19135.0 
-18822.0 -19048.0 
-18862.0 -18988.0 
-19038.0 -18746.0 
-18441.0 -19362.0 
-18608.0 -19261.0 
-18566.0 -19284.0 
-18850.0 -19003.0 
-18986.0 -18765.0 
-18999.0 -18760.0 
-18852.0 -18998.0 
-18964.0 -18791.0 
-18635.0 -19234.0 
-18635.0 -19234.0 
-18822.0 -19048.0 
-18963.0 -18804.0 
-18678.0 -19206.0 
-18560.0 -19287.0 
-18420.0 -19374.0 
-18898.0 -18948.0 
-18694.0 -19197.0 
-18847.0 -19029.0 
-18813.0 -19063.0 
-18614.0 -19257.0 
-18652.0 -19226.0 
-18678.0 -19206.0 
-18236.0 -19461.0 
-18816.0 -19054.0 
-18617.0 -19243.0 
-18962.0 -18814.0 
-18907.0 -18922.0 
-18816.0 -19054.0 
-18850.0 -19003.0 
-18614.0 -19257.0 
-18548.0 -19289.0 
-18225.0 -19483.0 
-19054.0 -18637.0 
-18961.0 -18869.0 
-18920.0 -18921.0 
-18789.0 -19135.0 
-18862.0 -18988.0 
-18441.0 -19362.0 
-18608.0 -19261.0 
-18566.0 -19284.0 
-18964.0 -18791.0 
-18822.0 -19048.0 
-18420.0 -19374.0 
-18898.0 -18948.0 
-18652.0 -19226.0 
-18236.0 -19461.0 
-18617.0 -19243.0 
-18962.0 -18814.0 
-18850.0 -19003.0 
-18614.0 -19257.0 
-18920.0 -18921.0 
-18236.0 -19461.0 
-18850.0 -19003.0 
-18566.0 -19284.0 
