-18315.0 -19435.0 
-19057.0 -18571.0 
-18315.0 -19435.0 
-19057.0 -18571.0 
-18885.0 -19072.0 
-18920.0 -18922.0 
-18830.0 -19096.0 
-19026.0 -18735.0 
-18320.0 -19403.0 
-19011.0 -18753.0 
-19039.0 -18654.0 
-19039.0 -18654.0 
-18993.0 -18802.0 
-18744.0 -19177.0 
-18572.0 -19327.0 
-18384.0 -19401.0 
-18765.0 -19128.0 
-18633.0 -19271.0 
-18993.0 -18802.0 
-18921.0 -18890.0 
-18587.0 -19280.0 
-18800.0 -19121.0 
-18518.0 -19340.0 
-18401.0 -19378.0 
-18954.0 -18856.0 
-18954.0 -18856.0 
-18445.0 -19367.0 
-18470.0 -19365.0 
-18707.0 -19179.0 
-18800.0 -19121.0 
-18701.0 -19210.0 
-18470.0 -19365.0 
-18504.0 -19342.0 
-18685.0 -19220.0 
-18634.0 -19249.0 
-18758.0 -19152.0 
-18445.0 -19367.0 
-18504.0 -19342.0 
-18950.0 -18867.0 
-18658.0 -19232.0 
-18758.0 -19152.0 
-18936.0 -18874.0 
-18685.0 -19220.0 
-18518.0 -19340.0 
-18702.0 -19187.0 
-18573.0 -19305.0 
-18936.0 -18874.0 
-18650.0 -19237.0 
-18393.0 -19391.0 
-18578.0 -19293.0 
-18650.0 -19237.0 
-18658.0 -19232.0 
-18401.0 -19378.0 
-18587.0 -19280.0 
-18393.0 -19391.0 
-18578.0 -19293.0 
-18572.0 -19327.0 
-18573.0 -19305.0 
-18634.0 -19249.0 
-18384.0 -19401.0 
-18701.0 -19210.0 
-18633.0 -19271.0 
-18702.0 -19187.0 
-18320.0 -19403.0 
-18707.0 -19179.0 
-19057.0 -18571.0 
-18315.0 -19435.0 
-19039.0 -18654.0 
-18993.0 -18802.0 
-18954.0 -18856.0 
-18800.0 -19121.0 
-18470.0 -19365.0 
-18445.0 -19367.0 
-18504.0 -19342.0 
-18758.0 -19152.0 
-18685.0 -19220.0 
-18393.0 -19391.0 
-18634.0 -19249.0 
-18701.0 -19210.0 
-18633.0 -19271.0 
-18707.0 -19179.0 
-18758.0 -19152.0 
-18685.0 -19220.0 
-18800.0 -19121.0 
-18445.0 -19367.0 
-18800.0 -19121.0 
-18758.0 -19152.0 
-18633.0 -19271.0 
-18758.0 -19152.0 
-18758.0 -19152.0 
-18758.0 -19152.0 
-19039.0 -18654.0 
-18707.0 -19179.0 
-18993.0 -18802.0 
-19039.0 -18654.0 
-18707.0 -19179.0 
-18954.0 -18856.0 
-18707.0 -19179.0 
-18758.0 -19152.0 
-18758.0 -19152.0 
