-17928.0 -17424.0 
-17063.0 -18176.0 
-17063.0 -18176.0 
-17928.0 -17424.0 
-17552.0 -17845.0 
-17765.0 -17647.0 
-17243.0 -18097.0 
-17260.0 -18050.0 
-17838.0 -17545.0 
-17717.0 -17672.0 
-17671.0 -17708.0 
-17252.0 -18066.0 
-17139.0 -18124.0 
-17806.0 -17555.0 
-17101.0 -18156.0 
-17862.0 -17507.0 
-17766.0 -17598.0 
-17186.0 -18120.0 
-17197.0 -18108.0 
-17797.0 -17583.0 
-17304.0 -18041.0 
-17430.0 -17957.0 
-17101.0 -18156.0 
-17626.0 -17752.0 
-17903.0 -17453.0 
-17441.0 -17948.0 
-17494.0 -17896.0 
-17862.0 -17507.0 
-17869.0 -17474.0 
-17533.0 -17866.0 
-17694.0 -17686.0 
-17461.0 -17909.0 
-17443.0 -17922.0 
-17903.0 -17453.0 
-17135.0 -18134.0 
-17314.0 -18029.0 
-17558.0 -17810.0 
-17377.0 -17968.0 
-17354.0 -17983.0 
-17631.0 -17727.0 
-17568.0 -17784.0 
-17694.0 -17686.0 
-17400.0 -17962.0 
-17318.0 -18014.0 
-17838.0 -17545.0 
-17508.0 -17871.0 
-17771.0 -17591.0 
-17881.0 -17472.0 
-17353.0 -17998.0 
-17461.0 -17909.0 
-17736.0 -17651.0 
-17591.0 -17779.0 
-17496.0 -17879.0 
-17595.0 -17759.0 
-17337.0 -18001.0 
-17653.0 -17713.0 
-17377.0 -17968.0 
-17135.0 -18134.0 
-17598.0 -17758.0 
-17400.0 -17962.0 
-17533.0 -17866.0 
-17732.0 -17654.0 
-17881.0 -17472.0 
-17197.0 -18108.0 
-17642.0 -17724.0 
-17337.0 -18001.0 
-17562.0 -17800.0 
-17243.0 -18097.0 
-17806.0 -17555.0 
-17304.0 -18041.0 
-17318.0 -18014.0 
-17582.0 -17783.0 
-17732.0 -17654.0 
-17354.0 -17983.0 
-17797.0 -17583.0 
-17508.0 -17871.0 
-17562.0 -17800.0 
-17558.0 -17810.0 
-17494.0 -17896.0 
-17443.0 -17922.0 
-17653.0 -17713.0 
-17186.0 -18120.0 
-17642.0 -17724.0 
-17771.0 -17591.0 
-17626.0 -17752.0 
-17496.0 -17879.0 
-17582.0 -17783.0 
-17598.0 -17758.0 
-17869.0 -17474.0 
-17766.0 -17598.0 
-17736.0 -17651.0 
-17591.0 -17779.0 
-17631.0 -17727.0 
-17765.0 -17647.0 
-17353.0 -17998.0 
-17928.0 -17424.0 
-17135.0 -18134.0 
-17304.0 -18041.0 
-17838.0 -17545.0 
-17862.0 -17507.0 
