-16985.0 -18241.0 
-18032.0 -17237.0 
-18032.0 -17237.0 
-16985.0 -18241.0 
-17998.0 -17380.0 
-18024.0 -17302.0 
-17952.0 -17404.0 
-18024.0 -17302.0 
-17038.0 -18221.0 
-17865.0 -17542.0 
-17683.0 -17712.0 
-17772.0 -17638.0 
-17742.0 -17639.0 
-17668.0 -17737.0 
-17173.0 -18153.0 
-17210.0 -18129.0 
-17899.0 -17486.0 
-17833.0 -17547.0 
-17887.0 -17500.0 
-17295.0 -18075.0 
-17047.0 -18196.0 
-17778.0 -17590.0 
-17419.0 -17972.0 
-17998.0 -17380.0 
-17377.0 -17985.0 
-17807.0 -17588.0 
-17902.0 -17459.0 
-17929.0 -17451.0 
-17420.0 -17952.0 
-17655.0 -17746.0 
-17137.0 -18162.0 
-17309.0 -18033.0 
-17578.0 -17835.0 
-17720.0 -17682.0 
-17076.0 -18183.0 
-17173.0 -18153.0 
-17737.0 -17667.0 
-17258.0 -18083.0 
-17274.0 -18076.0 
-17109.0 -18173.0 
-17369.0 -18001.0 
-17513.0 -17872.0 
-17534.0 -17871.0 
-17248.0 -18095.0 
-17215.0 -18109.0 
-17946.0 -17419.0 
-17322.0 -18024.0 
-17609.0 -17775.0 
-17076.0 -18183.0 
-17773.0 -17605.0 
-17591.0 -17812.0 
-17555.0 -17842.0 
-17451.0 -17943.0 
-17109.0 -18173.0 
-17137.0 -18162.0 
-17934.0 -17427.0 
-17639.0 -17755.0 
-17887.0 -17500.0 
-17356.0 -18007.0 
-17830.0 -17563.0 
-17465.0 -17933.0 
-17490.0 -17904.0 
-17915.0 -17455.0 
-17301.0 -18049.0 
-17606.0 -17794.0 
-17327.0 -18011.0 
-17694.0 -17694.0 
-17340.0 -18008.0 
-17817.0 -17580.0 
-17491.0 -17894.0 
-17591.0 -17812.0 
-17230.0 -18097.0 
-17471.0 -17912.0 
-17822.0 -17571.0 
-17210.0 -18129.0 
-17038.0 -18221.0 
-17540.0 -17857.0 
-17398.0 -17980.0 
-17617.0 -17766.0 
-17225.0 -18103.0 
-17472.0 -17910.0 
-17865.0 -17542.0 
-17398.0 -17980.0 
-17491.0 -17894.0 
-17513.0 -17872.0 
-17301.0 -18049.0 
-17047.0 -18196.0 
-17635.0 -17762.0 
-17555.0 -17842.0 
-17626.0 -17764.0 
-17606.0 -17794.0 
-17540.0 -17857.0 
-17439.0 -17945.0 
-17737.0 -17667.0 
-17709.0 -17685.0 
-17694.0 -17694.0 
-17578.0 -17835.0 
-17439.0 -17945.0 
-17709.0 -17685.0 
-17773.0 -17605.0 
