-17944.0 -17242.0 
-17144.0 -18155.0 
-17144.0 -18155.0 
-17944.0 -17242.0 
-17545.0 -17850.0 
-17809.0 -17526.0 
-17898.0 -17379.0 
-17900.0 -17308.0 
-17549.0 -17800.0 
-17366.0 -18008.0 
-17902.0 -17303.0 
-17888.0 -17416.0 
-17842.0 -17476.0 
-17783.0 -17565.0 
-17284.0 -18055.0 
-17867.0 -17438.0 
-17334.0 -18010.0 
-17383.0 -17968.0 
-17902.0 -17303.0 
-17669.0 -17687.0 
-17187.0 -18118.0 
-17586.0 -17780.0 
-17626.0 -17709.0 
-17367.0 -17976.0 
-17682.0 -17671.0 
-17156.0 -18152.0 
-17406.0 -17967.0 
-17509.0 -17857.0 
-17325.0 -18037.0 
-17855.0 -17468.0 
-17276.0 -18073.0 
-17655.0 -17692.0 
-17783.0 -17565.0 
-17427.0 -17910.0 
-17742.0 -17617.0 
-17649.0 -17708.0 
-17479.0 -17887.0 
-17215.0 -18116.0 
-17305.0 -18049.0 
-17561.0 -17789.0 
-17898.0 -17379.0 
-17263.0 -18075.0 
-17493.0 -17864.0 
-17167.0 -18132.0 
-17827.0 -17496.0 
-17449.0 -17907.0 
-17182.0 -18130.0 
-17767.0 -17579.0 
-17827.0 -17496.0 
-17867.0 -17438.0 
-17310.0 -18043.0 
-17422.0 -17938.0 
-17617.0 -17722.0 
-17746.0 -17590.0 
-17426.0 -17924.0 
-17460.0 -17895.0 
-17888.0 -17416.0 
-17697.0 -17646.0 
-17612.0 -17735.0 
-17414.0 -17945.0 
-17739.0 -17625.0 
-17246.0 -18099.0 
-17705.0 -17639.0 
-17597.0 -17742.0 
-17719.0 -17633.0 
-17767.0 -17579.0 
-17257.0 -18090.0 
-17591.0 -17749.0 
-17489.0 -17872.0 
-17481.0 -17877.0 
-17813.0 -17516.0 
-17509.0 -17857.0 
-17813.0 -17516.0 
-17719.0 -17633.0 
-17747.0 -17589.0 
-17590.0 -17766.0 
-17561.0 -17789.0 
-17240.0 -18100.0 
-17221.0 -18115.0 
-17689.0 -17660.0 
-17221.0 -18115.0 
-17240.0 -18100.0 
-17855.0 -17468.0 
-17332.0 -18023.0 
-17460.0 -17895.0 
-17689.0 -17660.0 
-17615.0 -17731.0 
-17588.0 -17769.0 
-17332.0 -18023.0 
-17414.0 -17945.0 
-17257.0 -18090.0 
-17449.0 -17907.0 
-17167.0 -18132.0 
-17596.0 -17746.0 
-17703.0 -17644.0 
-17739.0 -17625.0 
-17747.0 -17589.0 
-17406.0 -17967.0 
-17367.0 -17976.0 
-17649.0 -17708.0 
