-16898.0 -18269.0 
-16898.0 -18269.0 
-17902.0 -17341.0 
-17902.0 -17341.0 
-17045.0 -18205.0 
-17721.0 -17623.0 
-17749.0 -17614.0 
-16961.0 -18243.0 
-17718.0 -17662.0 
-17885.0 -17401.0 
-16949.0 -18259.0 
-17130.0 -18178.0 
-17751.0 -17580.0 
-17098.0 -18201.0 
-17291.0 -18076.0 
-17000.0 -18237.0 
-17521.0 -17874.0 
-17861.0 -17464.0 
-17100.0 -18193.0 
-17591.0 -17817.0 
-17161.0 -18150.0 
-17382.0 -17991.0 
-17410.0 -17987.0 
-17319.0 -18068.0 
-17196.0 -18142.0 
-17519.0 -17896.0 
-17131.0 -18161.0 
-17889.0 -17358.0 
-17802.0 -17525.0 
-17457.0 -17958.0 
-17263.0 -18090.0 
-17434.0 -17966.0 
-17572.0 -17825.0 
-17794.0 -17555.0 
-17557.0 -17844.0 
-17632.0 -17760.0 
-17782.0 -17571.0 
-17544.0 -17866.0 
-17687.0 -17678.0 
-17470.0 -17936.0 
-17380.0 -18010.0 
-17155.0 -18155.0 
-17769.0 -17572.0 
-17003.0 -18228.0 
-17594.0 -17794.0 
-17256.0 -18108.0 
-17655.0 -17728.0 
-17662.0 -17717.0 
-17333.0 -18047.0 
-17550.0 -17861.0 
-17482.0 -17917.0 
-17869.0 -17410.0 
-17498.0 -17899.0 
-17020.0 -18218.0 
-17568.0 -17837.0 
-17636.0 -17757.0 
-17348.0 -18031.0 
-17835.0 -17488.0 
-17196.0 -18142.0 
-17664.0 -17701.0 
-17867.0 -17435.0 
-17682.0 -17689.0 
-17867.0 -17435.0 
-17802.0 -17525.0 
-17818.0 -17502.0 
-17434.0 -17966.0 
-17472.0 -17933.0 
-17348.0 -18031.0 
-17826.0 -17491.0 
-17861.0 -17464.0 
-17892.0 -17348.0 
-17236.0 -18124.0 
-17366.0 -18015.0 
-17333.0 -18047.0 
-17020.0 -18218.0 
-17669.0 -17692.0 
-17655.0 -17728.0 
-17222.0 -18128.0 
-17835.0 -17488.0 
-17222.0 -18128.0 
-17280.0 -18087.0 
-17410.0 -17987.0 
-17818.0 -17502.0 
-17597.0 -17786.0 
-17612.0 -17785.0 
-17497.0 -17909.0 
-17875.0 -17409.0 
-17794.0 -17555.0 
-17615.0 -17778.0 
-17236.0 -18124.0 
-17256.0 -18108.0 
-17488.0 -17914.0 
-17366.0 -18015.0 
-16949.0 -18259.0 
-17319.0 -18068.0 
-17615.0 -17778.0 
-17687.0 -17678.0 
-17636.0 -17757.0 
-17457.0 -17958.0 
-17718.0 -17662.0 
