-18042.0 -17283.0 
-17046.0 -18239.0 
-18042.0 -17283.0 
-17046.0 -18239.0 
-17847.0 -17558.0 
-17770.0 -17626.0 
-17169.0 -18147.0 
-17477.0 -17922.0 
-17652.0 -17756.0 
-17810.0 -17575.0 
-18006.0 -17297.0 
-17314.0 -18053.0 
-17953.0 -17367.0 
-17591.0 -17795.0 
-17659.0 -17709.0 
-17206.0 -18134.0 
-17130.0 -18181.0 
-17529.0 -17851.0 
-17432.0 -17928.0 
-17296.0 -18076.0 
-18005.0 -17339.0 
-17554.0 -17826.0 
-17916.0 -17432.0 
-17680.0 -17703.0 
-17985.0 -17365.0 
-17554.0 -17826.0 
-17689.0 -17665.0 
-17850.0 -17492.0 
-17139.0 -18156.0 
-17255.0 -18084.0 
-17366.0 -17997.0 
-17947.0 -17423.0 
-17592.0 -17763.0 
-17746.0 -17643.0 
-17376.0 -17991.0 
-17849.0 -17515.0 
-17426.0 -17948.0 
-17529.0 -17851.0 
-17102.0 -18184.0 
-17489.0 -17870.0 
-17793.0 -17583.0 
-17716.0 -17644.0 
-17249.0 -18097.0 
-17952.0 -17403.0 
-17061.0 -18202.0 
-17898.0 -17451.0 
-17897.0 -17474.0 
-17323.0 -18002.0 
-17228.0 -18099.0 
-17787.0 -17595.0 
-17913.0 -17450.0 
-17876.0 -17487.0 
-17481.0 -17890.0 
-17602.0 -17758.0 
-17331.0 -18000.0 
-17097.0 -18192.0 
-17884.0 -17476.0 
-17386.0 -17958.0 
-17591.0 -17795.0 
-17320.0 -18027.0 
-17207.0 -18117.0 
-17320.0 -18027.0 
-17623.0 -17757.0 
-17381.0 -17967.0 
-17787.0 -17595.0 
-17485.0 -17874.0 
-17076.0 -18193.0 
-18005.0 -17339.0 
-17296.0 -18076.0 
-17410.0 -17950.0 
-17849.0 -17515.0 
-17746.0 -17643.0 
-17064.0 -18200.0 
-17410.0 -17950.0 
-17489.0 -17870.0 
-17715.0 -17655.0 
-17221.0 -18107.0 
-17985.0 -17365.0 
-17623.0 -17757.0 
-17952.0 -17403.0 
-17481.0 -17890.0 
-17689.0 -17665.0 
-17706.0 -17656.0 
-17139.0 -18156.0 
-17706.0 -17656.0 
-17221.0 -18107.0 
-17061.0 -18202.0 
-18006.0 -17297.0 
-17680.0 -17703.0 
-17381.0 -17967.0 
-17947.0 -17423.0 
-17255.0 -18084.0 
-17386.0 -17958.0 
-17659.0 -17709.0 
-17876.0 -17487.0 
-17076.0 -18193.0 
-17432.0 -17928.0 
-17207.0 -18117.0 
-17331.0 -18000.0 
-17554.0 -17826.0 
