1.617815315479005989e+01
1.502491367178562953e+01
1.633290477212105429e+01
1.560970092575480983e+01
6.769580704650705272e+00
1.571831339945105555e+01
1.517891663394112101e+01
1.502051593660126727e+01
1.531361324455210315e+01
1.428311418331625937e+01
1.392314768891868759e+01
1.669357085135861851e+01
1.507931595314592244e+01
1.543681080357007396e+01
1.562869713135514260e+01
1.836240021536711353e+01
1.484313029001567408e+01
1.551804129843725732e+01
1.690474048809257113e+01
2.550281916829913342e+01
1.494763925789199455e+01
1.551693211964519747e+01
1.459728098017717635e+01
1.652452632998664228e+01
1.587054632719538994e+01
1.661160318462078322e+01
1.826416406259351888e+01
1.574058622327276069e+01
1.624941238314064407e+01
6.787121450095244590e+00
8.506410490191260720e+00
