-18376.0 -19362.0 
-19040.0 -18675.0 
-18376.0 -19362.0 
-19040.0 -18675.0 
-18448.0 -19350.0 
-19022.0 -18740.0 
-19036.0 -18738.0 
-18999.0 -18792.0 
-18987.0 -18856.0 
-18770.0 -19141.0 
-18732.0 -19208.0 
-18968.0 -18877.0 
-18488.0 -19332.0 
-18639.0 -19247.0 
-18609.0 -19266.0 
-19007.0 -18787.0 
-18671.0 -19240.0 
-18448.0 -19350.0 
-18690.0 -19214.0 
-18764.0 -19173.0 
-18532.0 -19296.0 
-18569.0 -19289.0 
-18489.0 -19311.0 
-18955.0 -18906.0 
-18796.0 -19117.0 
-18529.0 -19302.0 
-18751.0 -19182.0 
-18913.0 -18985.0 
-18857.0 -19048.0 
-18827.0 -19101.0 
-18955.0 -18906.0 
-18583.0 -19284.0 
-18680.0 -19218.0 
-18583.0 -19284.0 
-18872.0 -19036.0 
-18837.0 -19073.0 
-18850.0 -19049.0 
-18916.0 -18964.0 
-18843.0 -19072.0 
-18831.0 -19098.0 
-18751.0 -19182.0 
-18610.0 -19256.0 
-18943.0 -18927.0 
-18936.0 -18943.0 
-18943.0 -18927.0 
-18507.0 -19310.0 
-18732.0 -19208.0 
-18628.0 -19254.0 
-18790.0 -19130.0 
-18898.0 -18998.0 
-18881.0 -19020.0 
-18507.0 -19310.0 
-18987.0 -18856.0 
-18924.0 -18954.0 
-18980.0 -18866.0 
-18889.0 -19007.0 
-18881.0 -19020.0 
-18898.0 -18998.0 
-18569.0 -19289.0 
-18872.0 -19036.0 
-19007.0 -18787.0 
-18827.0 -19101.0 
-18924.0 -18954.0 
-18488.0 -19332.0 
-18980.0 -18866.0 
-18936.0 -18943.0 
-18999.0 -18792.0 
-18889.0 -19007.0 
-18796.0 -19117.0 
-18690.0 -19214.0 
-18671.0 -19240.0 
-18790.0 -19130.0 
-18913.0 -18985.0 
-18764.0 -19173.0 
-18795.0 -19126.0 
-18628.0 -19254.0 
-18680.0 -19218.0 
-18916.0 -18964.0 
-18532.0 -19296.0 
-18831.0 -19098.0 
-18843.0 -19072.0 
-18850.0 -19049.0 
-18837.0 -19073.0 
-19036.0 -18738.0 
-18795.0 -19126.0 
-18610.0 -19256.0 
-19040.0 -18675.0 
-18376.0 -19362.0 
-18448.0 -19350.0 
-18583.0 -19284.0 
-18751.0 -19182.0 
-18943.0 -18927.0 
-18732.0 -19208.0 
-18507.0 -19310.0 
-18987.0 -18856.0 
-18872.0 -19036.0 
-18898.0 -18998.0 
-18569.0 -19289.0 
-19007.0 -18787.0 
-18850.0 -19049.0 
