-19159.0 -18456.0 
-18423.0 -19261.0 
-18423.0 -19261.0 
-19159.0 -18456.0 
-18887.0 -18955.0 
-18587.0 -19208.0 
-18479.0 -19220.0 
-18695.0 -19128.0 
-18751.0 -19064.0 
-18844.0 -18970.0 
-18897.0 -18887.0 
-18816.0 -19029.0 
-18964.0 -18778.0 
-18635.0 -19138.0 
-18919.0 -18859.0 
-19122.0 -18492.0 
-18951.0 -18823.0 
-18607.0 -19199.0 
-18446.0 -19227.0 
-18835.0 -19017.0 
-18618.0 -19150.0 
-18751.0 -19064.0 
-18715.0 -19103.0 
-19087.0 -18581.0 
-19096.0 -18536.0 
-18816.0 -19029.0 
-19122.0 -18492.0 
-19076.0 -18606.0 
-18479.0 -19220.0 
-19054.0 -18636.0 
-18725.0 -19099.0 
-18997.0 -18724.0 
-19076.0 -18606.0 
-19020.0 -18691.0 
-18897.0 -18887.0 
-19054.0 -18636.0 
-18983.0 -18755.0 
-18997.0 -18724.0 
-19087.0 -18581.0 
-19020.0 -18691.0 
-18587.0 -19208.0 
-19021.0 -18675.0 
-18969.0 -18760.0 
-19047.0 -18658.0 
-18725.0 -19099.0 
-18446.0 -19227.0 
-19107.0 -18523.0 
-18988.0 -18734.0 
-19037.0 -18671.0 
-18635.0 -19138.0 
-18927.0 -18828.0 
-19106.0 -18528.0 
-18844.0 -18970.0 
-18618.0 -19150.0 
-18921.0 -18838.0 
-18835.0 -19017.0 
-19107.0 -18523.0 
-18607.0 -19199.0 
-19047.0 -18658.0 
-18951.0 -18823.0 
-19096.0 -18536.0 
-18988.0 -18734.0 
-19037.0 -18671.0 
-18922.0 -18829.0 
-18921.0 -18838.0 
-18983.0 -18755.0 
-18927.0 -18828.0 
-18969.0 -18760.0 
-19021.0 -18675.0 
-18922.0 -18829.0 
-19159.0 -18456.0 
-18423.0 -19261.0 
-18751.0 -19064.0 
-18816.0 -19029.0 
-19122.0 -18492.0 
-18479.0 -19220.0 
-19076.0 -18606.0 
-18897.0 -18887.0 
-19054.0 -18636.0 
-18997.0 -18724.0 
-19087.0 -18581.0 
-19020.0 -18691.0 
-18587.0 -19208.0 
-18725.0 -19099.0 
-18446.0 -19227.0 
-18844.0 -18970.0 
-18618.0 -19150.0 
-18835.0 -19017.0 
-19107.0 -18523.0 
-19047.0 -18658.0 
-19096.0 -18536.0 
-18988.0 -18734.0 
-19037.0 -18671.0 
-18921.0 -18838.0 
-18983.0 -18755.0 
-19159.0 -18456.0 
-19047.0 -18658.0 
-18988.0 -18734.0 
-18921.0 -18838.0 
-18988.0 -18734.0 
