-18252.0 -19427.0 
-18962.0 -18642.0 
-18252.0 -19427.0 
-18945.0 -18761.0 
-18360.0 -19416.0 
-18961.0 -18652.0 
-18271.0 -19420.0 
-18644.0 -19235.0 
-18382.0 -19399.0 
-18806.0 -19077.0 
-18480.0 -19356.0 
-18602.0 -19244.0 
-18563.0 -19279.0 
-18563.0 -19279.0 
-18894.0 -18859.0 
-18697.0 -19165.0 
-18528.0 -19307.0 
-18892.0 -18904.0 
-18809.0 -19030.0 
-18528.0 -19307.0 
-18649.0 -19191.0 
-18400.0 -19371.0 
-18774.0 -19079.0 
-18436.0 -19358.0 
-18602.0 -19244.0 
-18756.0 -19099.0 
-18707.0 -19142.0 
-18756.0 -19099.0 
-18878.0 -18936.0 
-18913.0 -18852.0 
-18864.0 -18945.0 
-18727.0 -19128.0 
-18849.0 -18974.0 
-18426.0 -19369.0 
-18488.0 -19332.0 
-18852.0 -18950.0 
-18917.0 -18823.0 
-18836.0 -18977.0 
-18820.0 -19028.0 
-18727.0 -19128.0 
-18500.0 -19329.0 
-18929.0 -18807.0 
-18939.0 -18785.0 
-18892.0 -18904.0 
-18500.0 -19329.0 
-18914.0 -18827.0 
-18678.0 -19175.0 
-18939.0 -18785.0 
-18678.0 -19175.0 
-18830.0 -19004.0 
-18929.0 -18807.0 
-18662.0 -19186.0 
-18833.0 -18999.0 
-18271.0 -19420.0 
-18878.0 -18936.0 
-18662.0 -19186.0 
-18774.0 -19079.0 
-18400.0 -19371.0 
-18719.0 -19139.0 
-18830.0 -19004.0 
-18644.0 -19235.0 
-18428.0 -19364.0 
-18820.0 -19028.0 
-18488.0 -19332.0 
-18436.0 -19358.0 
-18649.0 -19191.0 
-18721.0 -19136.0 
-18721.0 -19136.0 
-18894.0 -18859.0 
-18833.0 -18999.0 
-18852.0 -18950.0 
-18428.0 -19364.0 
-18913.0 -18852.0 
-18849.0 -18974.0 
-18836.0 -18977.0 
-18809.0 -19030.0 
-18719.0 -19139.0 
-18252.0 -19427.0 
-18563.0 -19279.0 
-18528.0 -19307.0 
-18602.0 -19244.0 
-18756.0 -19099.0 
-18727.0 -19128.0 
-18500.0 -19329.0 
-18939.0 -18785.0 
-18678.0 -19175.0 
-18929.0 -18807.0 
-18878.0 -18936.0 
-18400.0 -19371.0 
-18774.0 -19079.0 
-18830.0 -19004.0 
-18644.0 -19235.0 
-18820.0 -19028.0 
-18436.0 -19358.0 
-18649.0 -19191.0 
-18721.0 -19136.0 
-18428.0 -19364.0 
-18913.0 -18852.0 
-18849.0 -18974.0 
-18809.0 -19030.0 
