3.495939122903689387e-04
1.910027887210200394e-04
1.953806546507622457e-04
3.379616097098961901e-04
1.966735210654751563e-04
2.055950623454073868e-04
1.924567025409708212e-04
1.822807295162778948e-04
1.895547017764163380e-04
1.953555558182553558e-04
1.785817554197768116e-04
1.871269299253447600e-04
4.719850961430418395e-04
1.987830270505096296e-04
4.862627821683398631e-04
3.422539175000158945e-04
1.778280950483728917e-04
2.261997229373464144e-04
1.921456396116586244e-04
3.299439390030323074e-04
2.007511176517642697e-04
1.940865655394291415e-04
2.020244324089880941e-04
3.508706338395394821e-04
1.828108690345534590e-04
1.951627903418390927e-04
3.489161403030705986e-04
2.226273284389407661e-04
1.871728880179486336e-04
3.812224989424510655e-04
2.281510429097018653e-04
