1.300721540918985397e-01
8.110137039064653219e-01
6.867366296979919849e-01
1.652289224204636087e-01
6.320830059305890813e-01
1.544733538529611538e-01
2.598803624033895754e-01
7.269730986787446003e-01
4.636952505237754707e-01
1.260084170405078863e-01
1.572971129189807693e-01
1.438173399642570238e-01
7.469339934001358872e-01
8.824959578439817154e-01
7.434645127027342815e-01
5.854417730971034350e-02
1.641453916771335175e-01
2.142485945340021417e-02
1.521086842996567656e-01
4.520478205525954030e-01
5.886993590215217065e-01
1.534096141794880630e-01
3.342113666469981315e-01
1.626759844505700492e-01
8.834568780303059254e-02
1.315271552494280335e-02
6.748856594951249122e-01
1.515579401273181304e-01
1.505441901773977298e-01
9.940153392537010024e-02
7.347356883359664748e-01
