120.83217051060366	112.44087307092933
3.372063600668485	157.5866486276132
145.2843403629422	94.97042876294508
25.186044742137167	98.1354722728723
94.11282278487704	116.6029035451659
108.38139469474316	147.4776138191914
164.15801568694854	54.53180238809153
200.90610899966725	54.230264628692964
115.38241108741224	88.17521319287845
154.74338163777574	55.29290768919971
177.26160210918437	155.56310890361425
178.24198280976455	86.0703634666874
241.36429329804494	6.2130797359281
17.255709507374576	158.3113018572093
155.04242555161494	147.8372821131394
140.20701862022636	66.4158891703384
87.78555373653954	126.84286379340745
200.1947337552825	44.20384187331007
153.37650806091318	71.15541228356743
3.1373804881191285	223.2582355265306
27.10702548573448	146.13466477077856
214.8445200826047	2.5590635795690235
168.61137940462777	111.92563471170871
26.49957267684537	125.12651209302042
150.21529355631944	3.5314368142292714
13.5297892285679	133.96476995192913
195.2918877069184	65.66098787076432
112.48243763725354	49.35041564375772
90.89736392062035	63.990743926305896
2.758102800075628	163.3603406976675
66.15157057618758	138.07374625969825
17.65712066123844	155.28198872311748
153.97179627739402	41.0362990935599
48.831964544214486	166.2515257108217
190.44657606850845	40.598194682934086
26.76867270599558	155.5279837169939
176.8911090641078	58.07827399702919
159.4271173643418	134.60307980642585
36.13057834221899	235.81149147956174
168.45913473556786	68.95995382021108
0.7427106984779348	162.33989039979858
152.0710172892536	121.92431698968562
161.7756925664192	135.20211283085968
164.92303899102592	60.10986096970026
112.39824122556641	155.51206879731686
22.371609228151833	146.62272194366332
174.28926908190783	1.513843934523501
97.88947532529157	126.24619065985898
124.43652480870482	93.1389153635968
120.29896326107561	145.01417420194466
105.33383369333741	145.3130044566487
181.3315278385845	77.59846968651776
80.37277447311544	132.07630576444535
29.74157871439727	168.80948526898027
151.03323628297946	114.35820596240755
159.88225160703695	119.44507021136828
45.342653243208176	181.2286729171387
128.01638102977836	141.71102230283896
148.655435942877	129.55042475108613
176.43833487578348	37.259454666272674
166.87568985765395	94.01610819638283
2.3500017279494574	156.10692364585557
158.9453457882975	58.02084046178814
63.80390062929593	217.95743766398664
58.520835445527844	129.11233162859062
119.19036763756598	16.10779330157082
55.95606415889564	155.23440877147485
4.269536493048598	201.64497461251923
58.910567540198635	136.3982831912402
143.28957003237835	87.84932663971675
4.844344011468229	109.96367319056719
159.2984448482761	171.08533775117004
110.42087079249423	216.74564616555202
164.82083328096996	123.9105846443748
81.81385998675233	315.8967207429281
71.3675190798985	176.2268758632241
121.02750084641475	139.43348635222063
144.84554477670696	87.09170575562156
73.64250454987582	141.42981761684007
123.79936978812812	97.16877460898964
44.73164002925756	160.14595430164945
165.24657714175672	24.9542623200382
98.88103942477238	83.21735795374306
145.99582178185236	33.69948489376441
190.79355249890938	102.92624285239359
136.58658484778036	131.70451006127084
73.43546484384004	168.55708714648716
141.01427623005975	168.59610617946137
137.25761542254006	86.6292826895867
53.5120320592135	196.1606777716156
140.15861426806563	84.45055046941677
123.02845573830817	140.83513860213898
41.24641359787001	151.36711694165507
161.79479813192486	68.52524492293753
130.26392202707322	61.851880156632184
140.75678817848524	126.45621749506893
236.1610175487604	85.41218890506524
122.65073214476837	74.9458233341144
66.40386120861444	209.70265309354164
123.53626415696897	180.60158741065888
