-19198.0 -18583.0 
-18493.0 -19308.0 
-18493.0 -19308.0 
-19198.0 -18583.0 
-18663.0 -19231.0 
-18567.0 -19248.0 
-18829.0 -19066.0 
-18561.0 -19280.0 
-19028.0 -18841.0 
-18770.0 -19121.0 
-18666.0 -19178.0 
-18852.0 -19044.0 
-19162.0 -18611.0 
-18989.0 -18911.0 
-18506.0 -19300.0 
-18789.0 -19073.0 
-18930.0 -18976.0 
-18723.0 -19152.0 
-19170.0 -18587.0 
-19105.0 -18697.0 
-18774.0 -19090.0 
-18895.0 -18977.0 
-18878.0 -19017.0 
-18943.0 -18926.0 
-19095.0 -18747.0 
-19149.0 -18639.0 
-18723.0 -19152.0 
-19046.0 -18822.0 
-18999.0 -18877.0 
-19075.0 -18754.0 
-18941.0 -18955.0 
-18888.0 -18987.0 
-19134.0 -18656.0 
-18770.0 -19121.0 
-18691.0 -19170.0 
-18863.0 -19025.0 
-19048.0 -18799.0 
-18958.0 -18924.0 
-19006.0 -18866.0 
-18506.0 -19300.0 
-19101.0 -18724.0 
-19006.0 -18866.0 
-18706.0 -19161.0 
-19064.0 -18774.0 
-19059.0 -18794.0 
-19149.0 -18639.0 
-18958.0 -18924.0 
-19101.0 -18724.0 
-18561.0 -19280.0 
-19064.0 -18774.0 
-19128.0 -18677.0 
-18691.0 -19170.0 
-18989.0 -18911.0 
-18567.0 -19248.0 
-19134.0 -18656.0 
-18941.0 -18955.0 
-19124.0 -18680.0 
-18789.0 -19073.0 
-18999.0 -18877.0 
-19124.0 -18680.0 
-19105.0 -18697.0 
-18774.0 -19090.0 
-19046.0 -18822.0 
-18888.0 -18987.0 
-18863.0 -19025.0 
-19075.0 -18754.0 
-18878.0 -19017.0 
-18712.0 -19160.0 
-19095.0 -18747.0 
-18930.0 -18976.0 
-18712.0 -19160.0 
-19170.0 -18587.0 
-18666.0 -19178.0 
-19059.0 -18794.0 
-19128.0 -18677.0 
-18895.0 -18977.0 
-19048.0 -18799.0 
-18943.0 -18926.0 
-19198.0 -18583.0 
-18723.0 -19152.0 
-18958.0 -18924.0 
-19101.0 -18724.0 
-19064.0 -18774.0 
-18789.0 -19073.0 
-18999.0 -18877.0 
-19124.0 -18680.0 
-19046.0 -18822.0 
-18863.0 -19025.0 
-19075.0 -18754.0 
-18878.0 -19017.0 
-18930.0 -18976.0 
-19059.0 -18794.0 
-19128.0 -18677.0 
-18895.0 -18977.0 
-19048.0 -18799.0 
-18999.0 -18877.0 
-19075.0 -18754.0 
-19075.0 -18754.0 
-19046.0 -18822.0 
-18878.0 -19017.0 
