4.212482711114550523e-04
3.999716979616275091e-04
2.756140358610210559e-04
5.557790273564670869e-04
3.897176567391635762e-04
4.325359798821222794e-04
2.790389447284706993e-04
5.424676525134268989e-04
5.093893293605984305e-04
5.105133201480658092e-04
3.502412218140743203e-04
4.902614771741266829e-04
3.857004702353662674e-04
5.572219490429707262e-04
4.383519063032115877e-04
4.901388232478512798e-04
5.276156659506533965e-04
4.333560580817543339e-04
3.749266673694499940e-04
3.751562535265808842e-04
4.073172997125986826e-04
4.687271855392810419e-04
5.034358382433448470e-04
4.187851249569515474e-04
5.115087512410659192e-04
2.942189128584880809e-04
3.800011436698587613e-04
4.243302820590665308e-04
4.141047893084858584e-04
7.527063398414848274e-04
4.118218417614891115e-04
