7.091118481474643562e-03
5.990652525492806343e-03
4.785854715216185731e-03
1.813424643777401292e-03
1.296645626838583559e-03
2.348151473715740390e-03
2.966011871761523814e-03
4.647080232230142716e-03
1.714149739969462972e-03
1.571538828893362296e-03
1.507352822438245326e-03
5.197459079988841699e-03
7.586316344943264123e-03
6.644756857188418263e-03
4.151741157898665088e-03
2.516032786367178482e-03
4.398226843848758102e-03
4.039024468318568387e-03
1.891888219393892800e-03
2.274098887743013220e-03
4.119757743792803323e-03
2.224883028533551372e-03
1.787633330135571502e-03
1.718324738100641610e-03
3.580030623739060072e-03
5.805713408729629675e-03
7.098007916608369862e-03
3.931637715238110904e-03
2.598352403205544427e-03
1.180278263158702611e-03
7.508048330486079497e-04
