3.561097198046017350e-04
4.572669557415369739e-04
4.247954961714500103e-04
4.775894499600111427e-04
4.467376759274022135e-04
8.304547645284979110e-04
3.364979231608489262e-04
9.392675161692880074e-04
3.737011181274332828e-04
3.861829277933297362e-04
4.996196715410985284e-04
9.193542119448229596e-04
3.006500805652088720e-04
6.312726157989538176e-04
4.263632409201347233e-04
5.714615293796031920e-04
7.505948476847617299e-04
3.398048597807860915e-04
3.852281029854964789e-04
9.162191627675922824e-04
4.718244051001694206e-04
3.565314407141430145e-04
4.008214787590623864e-04
3.109518191457163842e-04
4.416119373056243483e-04
1.150948196256090751e-03
5.529633319684316506e-04
3.557233767908014768e-04
5.974151928861879367e-04
7.466012466418664928e-04
5.317606978743731356e-04
