3.908973552408402663e-02
1.957563105604347153e-02
7.527781579347597556e-03
1.559971080978475718e-03
6.114684655228199567e-02
9.790441113868357526e-02
8.746421860435487500e-03
4.050007414562208780e-02
1.291398945106649043e-02
1.301067074216753425e-02
5.092609506267906788e-02
9.485858170041454665e-03
2.286508128399494452e-02
3.003677914004648786e-02
5.412696284153051957e-02
1.543851085041603871e-02
6.163161541779217309e-03
1.041312688835521194e-01
7.991303847267734739e-02
1.633242579480622368e-03
5.907480157754949751e-02
6.201736019136892819e-02
3.021097516480720710e-02
6.087560883791284620e-03
1.168143150024183140e-03
2.964216469111084079e-02
2.868182968284079155e-03
6.641192975918132346e-02
1.163180876278471646e-03
1.237081865739744421e-02
6.367013219367818888e-02
