-18601.0 -19494.0 
-19513.0 -18186.0 
-19513.0 -18186.0 
-18601.0 -19494.0 
-19502.0 -18407.0 
-18792.0 -19414.0 
-18673.0 -19489.0 
-18747.0 -19452.0 
-18683.0 -19458.0 
-19387.0 -18652.0 
-19288.0 -18829.0 
-19322.0 -18762.0 
-18818.0 -19391.0 
-19324.0 -18716.0 
-19288.0 -18829.0 
-18747.0 -19452.0 
-19322.0 -18762.0 
-19448.0 -18455.0 
-19190.0 -18986.0 
-19242.0 -18899.0 
-19343.0 -18714.0 
-19438.0 -18532.0 
-19155.0 -19008.0 
-18842.0 -19367.0 
-19007.0 -19171.0 
-19104.0 -19055.0 
-18829.0 -19378.0 
-18842.0 -19367.0 
-18950.0 -19236.0 
-19502.0 -18407.0 
-19445.0 -18492.0 
-19425.0 -18538.0 
-18895.0 -19307.0 
-19441.0 -18498.0 
-18978.0 -19219.0 
-19123.0 -19024.0 
-19265.0 -18858.0 
-18873.0 -19326.0 
-18873.0 -19326.0 
-18981.0 -19207.0 
-19464.0 -18453.0 
-19215.0 -18921.0 
-18999.0 -19203.0 
-19077.0 -19127.0 
-19098.0 -19078.0 
-19242.0 -18899.0 
-19003.0 -19193.0 
-18878.0 -19311.0 
-19098.0 -19078.0 
-19083.0 -19112.0 
-19145.0 -19019.0 
-19265.0 -18858.0 
-19026.0 -19167.0 
-19257.0 -18872.0 
-19363.0 -18679.0 
-19363.0 -18679.0 
-19056.0 -19146.0 
-19209.0 -18928.0 
-19043.0 -19149.0 
-19083.0 -19112.0 
-19155.0 -19008.0 
-19257.0 -18872.0 
-18905.0 -19281.0 
-19056.0 -19146.0 
-18964.0 -19232.0 
-19196.0 -18957.0 
-19215.0 -18921.0 
-19196.0 -18957.0 
-19425.0 -18538.0 
-19113.0 -19041.0 
-19190.0 -18986.0 
-19113.0 -19041.0 
-19355.0 -18683.0 
-19077.0 -19127.0 
-19352.0 -18691.0 
-19209.0 -18928.0 
-18964.0 -19232.0 
-18905.0 -19281.0 
-19036.0 -19154.0 
-18877.0 -19324.0 
-19352.0 -18691.0 
-18683.0 -19458.0 
-19195.0 -18970.0 
-18673.0 -19489.0 
-19145.0 -19019.0 
-19123.0 -19024.0 
-19036.0 -19154.0 
-18895.0 -19307.0 
-19026.0 -19167.0 
-19195.0 -18970.0 
-18950.0 -19236.0 
-19113.0 -19041.0 
-19343.0 -18714.0 
-19474.0 -18447.0 
-19288.0 -18829.0 
-19077.0 -19127.0 
-19417.0 -18623.0 
-19448.0 -18455.0 
-19083.0 -19112.0 
-18943.0 -19275.0 
