-18586.0 -19536.0 
-19418.0 -18592.0 
-18586.0 -19536.0 
-19418.0 -18592.0 
-19354.0 -18746.0 
-18991.0 -19228.0 
-19363.0 -18672.0 
-19323.0 -18785.0 
-19009.0 -19169.0 
-19153.0 -19051.0 
-19397.0 -18649.0 
-18857.0 -19335.0 
-19008.0 -19218.0 
-19236.0 -18924.0 
-18691.0 -19485.0 
-18664.0 -19490.0 
-18656.0 -19521.0 
-18629.0 -19533.0 
-19328.0 -18754.0 
-18788.0 -19415.0 
-19280.0 -18859.0 
-19283.0 -18817.0 
-19239.0 -18893.0 
-18948.0 -19245.0 
-18929.0 -19278.0 
-19077.0 -19141.0 
-19187.0 -18963.0 
-19155.0 -19012.0 
-19037.0 -19165.0 
-18726.0 -19445.0 
-18895.0 -19305.0 
-19052.0 -19150.0 
-19296.0 -18805.0 
-19128.0 -19057.0 
-18772.0 -19427.0 
-19268.0 -18874.0 
-19103.0 -19118.0 
-19181.0 -18980.0 
-19168.0 -18981.0 
-18719.0 -19469.0 
-18746.0 -19437.0 
-19116.0 -19095.0 
-18935.0 -19251.0 
-19103.0 -19118.0 
-19381.0 -18655.0 
-19206.0 -18954.0 
-19296.0 -18805.0 
-18795.0 -19393.0 
-18629.0 -19533.0 
-19088.0 -19139.0 
-19236.0 -18924.0 
-18812.0 -19370.0 
-18746.0 -19437.0 
-18883.0 -19315.0 
-19206.0 -18954.0 
-19119.0 -19073.0 
-18948.0 -19245.0 
-19252.0 -18881.0 
-18829.0 -19362.0 
-18842.0 -19343.0 
-18929.0 -19278.0 
-18895.0 -19305.0 
-18883.0 -19315.0 
-19397.0 -18649.0 
-19164.0 -19000.0 
-19270.0 -18860.0 
-18834.0 -19350.0 
-18772.0 -19427.0 
-19363.0 -18672.0 
-19251.0 -18886.0 
-18806.0 -19384.0 
-19381.0 -18655.0 
-19116.0 -19095.0 
-19123.0 -19071.0 
-19052.0 -19150.0 
-18706.0 -19474.0 
-18892.0 -19312.0 
-18706.0 -19474.0 
-18656.0 -19521.0 
-19037.0 -19165.0 
-19204.0 -18955.0 
-19088.0 -19139.0 
-18932.0 -19263.0 
-19354.0 -18746.0 
-18795.0 -19393.0 
-19164.0 -19000.0 
-18839.0 -19345.0 
-18726.0 -19445.0 
-18806.0 -19384.0 
-19283.0 -18817.0 
-18932.0 -19263.0 
-18812.0 -19370.0 
-19155.0 -19012.0 
-18664.0 -19490.0 
-18829.0 -19362.0 
-19328.0 -18754.0 
-18719.0 -19469.0 
-19128.0 -19057.0 
-19008.0 -19218.0 
-19204.0 -18955.0 
