-19262.0 -18388.0 
-18426.0 -19320.0 
-18426.0 -19320.0 
-19262.0 -18388.0 
-19247.0 -18470.0 
-19200.0 -18582.0 
-19183.0 -18637.0 
-18915.0 -19030.0 
-18445.0 -19292.0 
-19055.0 -18884.0 
-18580.0 -19251.0 
-19156.0 -18647.0 
-19006.0 -18937.0 
-19247.0 -18470.0 
-19060.0 -18827.0 
-18736.0 -19148.0 
-18816.0 -19117.0 
-19200.0 -18582.0 
-18649.0 -19227.0 
-18608.0 -19230.0 
-18785.0 -19121.0 
-19231.0 -18523.0 
-18983.0 -18957.0 
-18692.0 -19196.0 
-18533.0 -19265.0 
-18870.0 -19075.0 
-18962.0 -18985.0 
-19230.0 -18542.0 
-18889.0 -19035.0 
-18940.0 -18992.0 
-18729.0 -19173.0 
-18674.0 -19214.0 
-18475.0 -19291.0 
-19014.0 -18906.0 
-18983.0 -18957.0 
-19148.0 -18675.0 
-19141.0 -18708.0 
-19133.0 -18738.0 
-19230.0 -18542.0 
-19093.0 -18801.0 
-18938.0 -19006.0 
-19036.0 -18899.0 
-18845.0 -19078.0 
-19141.0 -18708.0 
-19231.0 -18523.0 
-19123.0 -18750.0 
-19148.0 -18675.0 
-18819.0 -19098.0 
-18759.0 -19145.0 
-19070.0 -18802.0 
-18674.0 -19214.0 
-19114.0 -18753.0 
-18842.0 -19083.0 
-18696.0 -19185.0 
-18649.0 -19227.0 
-18962.0 -18985.0 
-18499.0 -19279.0 
-19183.0 -18637.0 
-19036.0 -18899.0 
-18828.0 -19090.0 
-18475.0 -19291.0 
-18938.0 -19006.0 
-18709.0 -19184.0 
-19104.0 -18774.0 
-18605.0 -19235.0 
-18876.0 -19060.0 
-19011.0 -18916.0 
-18499.0 -19279.0 
-18776.0 -19136.0 
-18709.0 -19184.0 
-18587.0 -19248.0 
-18510.0 -19276.0 
-18510.0 -19276.0 
-18759.0 -19145.0 
-18876.0 -19060.0 
-18528.0 -19266.0 
-19133.0 -18738.0 
-18587.0 -19248.0 
-19055.0 -18884.0 
-18885.0 -19045.0 
-18533.0 -19265.0 
-18885.0 -19045.0 
-19104.0 -18774.0 
-18729.0 -19173.0 
-19067.0 -18806.0 
-18825.0 -19092.0 
-19065.0 -18820.0 
-18605.0 -19235.0 
-19066.0 -18816.0 
-18528.0 -19266.0 
-19011.0 -18916.0 
-19114.0 -18753.0 
-19100.0 -18782.0 
-19097.0 -18791.0 
-19097.0 -18791.0 
-18779.0 -19131.0 
-19060.0 -18827.0 
-18776.0 -19136.0 
-18779.0 -19131.0 
-19100.0 -18782.0 
