-18395.0 -19376.0 
-18395.0 -19376.0 
-19200.0 -18497.0 
-19200.0 -18497.0 
-19173.0 -18628.0 
-18619.0 -19298.0 
-19173.0 -18628.0 
-19155.0 -18684.0 
-18589.0 -19305.0 
-18635.0 -19268.0 
-19196.0 -18557.0 
-18527.0 -19316.0 
-19029.0 -18866.0 
-18441.0 -19367.0 
-18928.0 -18996.0 
-18992.0 -18906.0 
-18682.0 -19233.0 
-19094.0 -18771.0 
-19097.0 -18741.0 
-18768.0 -19176.0 
-19060.0 -18831.0 
-18980.0 -18924.0 
-19039.0 -18839.0 
-18500.0 -19341.0 
-19155.0 -18684.0 
-18814.0 -19124.0 
-19137.0 -18712.0 
-18469.0 -19342.0 
-18818.0 -19088.0 
-18804.0 -19141.0 
-19018.0 -18883.0 
-19198.0 -18540.0 
-18849.0 -19073.0 
-18899.0 -19035.0 
-18589.0 -19305.0 
-19062.0 -18800.0 
-18880.0 -19071.0 
-19196.0 -18557.0 
-18707.0 -19198.0 
-18966.0 -18934.0 
-19120.0 -18726.0 
-18702.0 -19208.0 
-18905.0 -19002.0 
-18804.0 -19141.0 
-18778.0 -19168.0 
-18441.0 -19367.0 
-18467.0 -19351.0 
-18889.0 -19062.0 
-18654.0 -19235.0 
-18778.0 -19168.0 
-19018.0 -18883.0 
-19137.0 -18712.0 
-19120.0 -18726.0 
-18899.0 -19035.0 
-18745.0 -19187.0 
-18961.0 -18959.0 
-19082.0 -18781.0 
-18910.0 -18999.0 
-18745.0 -19187.0 
-18727.0 -19195.0 
-18527.0 -19316.0 
-18691.0 -19219.0 
-18950.0 -18978.0 
-18642.0 -19249.0 
-18503.0 -19320.0 
-18961.0 -18959.0 
-18727.0 -19195.0 
-18827.0 -19083.0 
-18950.0 -18978.0 
-18954.0 -18977.0 
-18814.0 -19124.0 
-18691.0 -19219.0 
-18889.0 -19062.0 
-18843.0 -19075.0 
-18512.0 -19317.0 
-19198.0 -18540.0 
-19039.0 -18839.0 
-19097.0 -18741.0 
-18467.0 -19351.0 
-19066.0 -18794.0 
-18827.0 -19083.0 
-18991.0 -18911.0 
-18642.0 -19249.0 
-18647.0 -19241.0 
-18966.0 -18934.0 
-19077.0 -18784.0 
-19077.0 -18784.0 
-18843.0 -19075.0 
-19066.0 -18794.0 
-18501.0 -19329.0 
-18991.0 -18911.0 
-18880.0 -19071.0 
-18647.0 -19241.0 
-18512.0 -19317.0 
-19060.0 -18831.0 
-18501.0 -19329.0 
-18654.0 -19235.0 
-18905.0 -19002.0 
-18818.0 -19088.0 
-18954.0 -18977.0 
