-19152.0 -18680.0 
-18458.0 -19391.0 
-18458.0 -19391.0 
-19152.0 -18680.0 
-19093.0 -18714.0 
-19068.0 -18821.0 
-19034.0 -18866.0 
-19071.0 -18760.0 
-18485.0 -19380.0 
-18547.0 -19378.0 
-18992.0 -18960.0 
-18603.0 -19354.0 
-19133.0 -18684.0 
-18902.0 -19106.0 
-18562.0 -19365.0 
-18788.0 -19223.0 
-19071.0 -18760.0 
-19039.0 -18824.0 
-18917.0 -19065.0 
-19105.0 -18697.0 
-18954.0 -19019.0 
-18758.0 -19224.0 
-18964.0 -18967.0 
-18917.0 -19065.0 
-18610.0 -19330.0 
-18922.0 -19037.0 
-18740.0 -19261.0 
-19015.0 -18899.0 
-18482.0 -19390.0 
-18815.0 -19189.0 
-19008.0 -18900.0 
-18707.0 -19279.0 
-18648.0 -19316.0 
-19038.0 -18837.0 
-18959.0 -18993.0 
-18879.0 -19115.0 
-18628.0 -19326.0 
-18744.0 -19241.0 
-19002.0 -18934.0 
-18935.0 -19030.0 
-18689.0 -19283.0 
-18562.0 -19365.0 
-18820.0 -19172.0 
-19105.0 -18697.0 
-19002.0 -18934.0 
-18837.0 -19157.0 
-18790.0 -19204.0 
-18628.0 -19326.0 
-18902.0 -19106.0 
-18648.0 -19316.0 
-18935.0 -19030.0 
-18662.0 -19306.0 
-18802.0 -19190.0 
-18707.0 -19279.0 
-18727.0 -19264.0 
-19015.0 -18899.0 
-18879.0 -19115.0 
-18868.0 -19120.0 
-19003.0 -18919.0 
-19003.0 -18919.0 
-18724.0 -19266.0 
-18862.0 -19129.0 
-18751.0 -19232.0 
-18603.0 -19354.0 
-18962.0 -18982.0 
-18547.0 -19378.0 
-18689.0 -19283.0 
-19038.0 -18837.0 
-18662.0 -19306.0 
-18839.0 -19147.0 
-18954.0 -19019.0 
-18959.0 -18993.0 
-18724.0 -19266.0 
-18676.0 -19291.0 
-18752.0 -19230.0 
-18676.0 -19291.0 
-18669.0 -19293.0 
-18830.0 -19163.0 
-18830.0 -19163.0 
-18852.0 -19135.0 
-18847.0 -19138.0 
-18744.0 -19241.0 
-18962.0 -18982.0 
-18862.0 -19129.0 
-18922.0 -19037.0 
-18610.0 -19330.0 
-18795.0 -19199.0 
-18868.0 -19120.0 
-18852.0 -19135.0 
-18795.0 -19199.0 
-18822.0 -19170.0 
-18668.0 -19297.0 
-18793.0 -19203.0 
-18668.0 -19297.0 
-18845.0 -19141.0 
-18964.0 -18967.0 
-18822.0 -19170.0 
-18802.0 -19190.0 
-18845.0 -19141.0 
-18839.0 -19147.0 
