21.13505815698988 6.110733392924533E-7 
2.31006841114076E-6 21.11219844316617 
2.31006841114076E-6 21.11219844316617 
21.13505815698988 6.110733392924533E-7 
17.321263115572645 12.115211079286338 
18.175248505530114 10.854260982462904 
2.3472217687179375 20.936979197476003 
17.66833057907615 11.612600788118401 
15.53679309527437 14.248399983361724 
11.20078513357418 17.87022467815292 
19.666635640411275 7.760672439422804 
5.224757309506438 20.50080657362046 
15.996042211962122 13.956202186893385 
7.027273472644829 19.968767154150253 
16.89421099479259 12.683261615529739 
8.800056523945509 19.255742076853593 
5.472516299441583 20.33881121461054 
8.256616581272917 19.456577510860598 
1.0921093873192136 21.03408425499975 
6.489815404285772 20.053086587662403 
16.106920711656535 13.733088212967292 
19.438283018756376 8.204678486719258 
20.04439796358102 6.5892981387704 
9.679423126362368 18.850067916577792 
20.00361989522768 6.9965402771027225 
5.953712239013889 20.227835474464406 
15.378945762066438 14.564553225860044 
7.841020025699113 19.61399259265816 
0.6786279085501854 21.060917819791193 
12.167049672282781 17.205617675965403 
13.904126889271389 15.83399174318845 
20.601810371307998 4.91235796703873 
17.777645633775915 11.323902257104214 
14.202344646682356 15.643754532316542 
11.551876329273693 17.713375397529756 
9.927451432095392 18.58648201352331 
16.610426387147236 13.003987544238106 
12.992569864276733 16.577764772286155 
9.306165129579307 19.064717971464347 
7.44185489310333 19.92960872569942 
20.38564806745865 5.407579462388003 
15.073250691632394 14.70947967394327 
16.392423009237344 13.389745450373644 
14.938883986799715 14.928042942720241 
20.633358140509596 4.334235427616072 
4.591417483995803 20.568874075558305 
4.007463172298545 20.68172452228182 
19.25370020962883 9.059907681993051 
14.690123585490426 15.12564089675529 
21.078033472726165 0.4295968345979888 
18.599753471520494 10.042042301372755 
18.981074900795253 9.1200142568708 
1.6105669204392334 20.999806832190647 
19.32213584773133 8.546172718018274 
18.397984766211895 10.308320368130612 
11.967926682895829 17.411075313958523 
3.0005397572676706 20.915414800941637 
12.945470098284858 16.783257912306674 
8.505552966605709 19.281703981637662 
10.829419673451964 18.12104747969925 
20.137453260443884 6.171276475665668 
0.19663505082174476 21.06116943538012 
13.321474263180288 16.31722052441244 
20.76003110014028 3.9187551158936733 
11.751361389232255 17.537649930603447 
7.687968866883667 19.81103122482796 
20.481732253262635 5.076495350302435 
6.282986106597482 20.209417666134414 
12.473568306243859 17.017725529681833 
12.568918090527259 16.89905890327018 
10.370810316536305 18.36539563076394 
21.028928916732397 1.6619761184083228 
21.04210750109948 1.1400117888869417 
4.546009898851113 20.611867538536366 
20.884743668003974 2.9307796566464495 
20.927828867040162 2.2726521977050242 
14.416942831462594 15.461342010474809 
18.73400059449662 9.872580656485324 
10.171893179207203 18.472623042492067 
19.898790872830652 7.398635182632264 
18.898434958214008 9.47045998166874 
20.896384416959783 2.8953277462952354 
20.28794461972517 5.700473425702098 
14.522581467089784 15.286788350440524 
16.401649760969427 13.224760423498083 
20.984878388145688 1.7828216233435805 
19.774374699347824 7.420376645183196 
3.9118806758347935 20.765477015271273 
9.33271129167479 18.94856088857554 
10.652479314513398 18.247569744764167 
21.068778237052385 0.706175943711228 
13.789203179556619 16.124973343736013 
3.421052984177935 20.83541092800526 
16.82204564383095 12.788128386113176 
3.5113458806147375 20.77386251756861 
20.777607952833826 3.468849404094154 
20.777607952833826 3.468849404094154 
1.803499056727664 20.988143938466912 
13.629361866616792 16.142025963599345 
20.96674611751031 2.2008763144836663 
