-18541.0 -19322.0 
-18541.0 -19322.0 
-19111.0 -18725.0 
-19111.0 -18725.0 
-18679.0 -19233.0 
-19028.0 -18894.0 
-18551.0 -19294.0 
-18652.0 -19272.0 
-19069.0 -18754.0 
-19032.0 -18843.0 
-18607.0 -19287.0 
-18991.0 -18911.0 
-18607.0 -19287.0 
-18909.0 -19059.0 
-18697.0 -19229.0 
-18969.0 -18971.0 
-19061.0 -18795.0 
-18859.0 -19095.0 
-18941.0 -18981.0 
-18808.0 -19153.0 
-18921.0 -19027.0 
-18652.0 -19272.0 
-18831.0 -19131.0 
-18707.0 -19197.0 
-19055.0 -18813.0 
-18882.0 -19084.0 
-18833.0 -19112.0 
-18888.0 -19068.0 
-19069.0 -18754.0 
-18739.0 -19191.0 
-19055.0 -18813.0 
-19032.0 -18843.0 
-18808.0 -19153.0 
-18970.0 -18950.0 
-18990.0 -18932.0 
-18786.0 -19159.0 
-18932.0 -19014.0 
-19061.0 -18795.0 
-18752.0 -19170.0 
-18921.0 -19027.0 
-18770.0 -19165.0 
-18978.0 -18946.0 
-18831.0 -19131.0 
-18717.0 -19196.0 
-18852.0 -19099.0 
-18938.0 -18998.0 
-18786.0 -19159.0 
-18770.0 -19165.0 
-18909.0 -19059.0 
-19028.0 -18894.0 
-18852.0 -19099.0 
-18746.0 -19177.0 
-18932.0 -19014.0 
-18938.0 -18998.0 
-18991.0 -18911.0 
-18551.0 -19294.0 
-18882.0 -19084.0 
-18982.0 -18938.0 
-18717.0 -19196.0 
-18888.0 -19068.0 
-18833.0 -19112.0 
-18697.0 -19229.0 
-18746.0 -19177.0 
-18941.0 -18981.0 
-18739.0 -19191.0 
-18707.0 -19197.0 
-18752.0 -19170.0 
-18969.0 -18971.0 
-18982.0 -18938.0 
-18990.0 -18932.0 
-18970.0 -18950.0 
-18808.0 -19153.0 
-18921.0 -19027.0 
-18831.0 -19131.0 
-18786.0 -19159.0 
-18770.0 -19165.0 
-18932.0 -19014.0 
-18991.0 -18911.0 
-18882.0 -19084.0 
-18717.0 -19196.0 
-18833.0 -19112.0 
-18746.0 -19177.0 
-18752.0 -19170.0 
-18969.0 -18971.0 
-18982.0 -18938.0 
-18970.0 -18950.0 
-18808.0 -19153.0 
-18746.0 -19177.0 
-18991.0 -18911.0 
-18932.0 -19014.0 
-18932.0 -19014.0 
-18970.0 -18950.0 
-18970.0 -18950.0 
-18969.0 -18971.0 
-18786.0 -19159.0 
-18770.0 -19165.0 
-18808.0 -19153.0 
-18786.0 -19159.0 
-18991.0 -18911.0 
-18808.0 -19153.0 
