-19052.0 -18768.0 
-18207.0 -19510.0 
-18207.0 -19510.0 
-19052.0 -18768.0 
-19017.0 -18840.0 
-18864.0 -19045.0 
-18971.0 -18948.0 
-18984.0 -18898.0 
-18390.0 -19451.0 
-18358.0 -19457.0 
-18975.0 -18904.0 
-19050.0 -18773.0 
-18907.0 -19025.0 
-18784.0 -19160.0 
-18447.0 -19395.0 
-18237.0 -19475.0 
-19032.0 -18810.0 
-18270.0 -19470.0 
-18759.0 -19164.0 
-18595.0 -19302.0 
-18392.0 -19423.0 
-18397.0 -19417.0 
-18435.0 -19405.0 
-18822.0 -19074.0 
-18691.0 -19205.0 
-18917.0 -18992.0 
-18567.0 -19306.0 
-18801.0 -19130.0 
-18943.0 -18966.0 
-18943.0 -18966.0 
-18676.0 -19219.0 
-18513.0 -19349.0 
-18716.0 -19202.0 
-18984.0 -18898.0 
-18801.0 -19130.0 
-18738.0 -19183.0 
-18806.0 -19108.0 
-18882.0 -19034.0 
-18922.0 -18978.0 
-18276.0 -19468.0 
-18496.0 -19365.0 
-18738.0 -19183.0 
-18819.0 -19094.0 
-18451.0 -19370.0 
-18214.0 -19502.0 
-18328.0 -19459.0 
-18231.0 -19478.0 
-18628.0 -19270.0 
-18524.0 -19333.0 
-18690.0 -19217.0 
-18302.0 -19466.0 
-19032.0 -18810.0 
-18835.0 -19068.0 
-18565.0 -19313.0 
-18882.0 -19034.0 
-18598.0 -19293.0 
-18616.0 -19279.0 
-18616.0 -19279.0 
-18835.0 -19068.0 
-19027.0 -18821.0 
-18453.0 -19369.0 
-18628.0 -19270.0 
-18214.0 -19502.0 
-18917.0 -18992.0 
-18759.0 -19164.0 
-18543.0 -19329.0 
-18971.0 -18948.0 
-18474.0 -19367.0 
-18644.0 -19252.0 
-18721.0 -19196.0 
-18538.0 -19332.0 
-18501.0 -19359.0 
-18436.0 -19400.0 
-18508.0 -19355.0 
-18474.0 -19367.0 
-18543.0 -19329.0 
-19027.0 -18821.0 
-18644.0 -19252.0 
-18784.0 -19160.0 
-18806.0 -19108.0 
-18231.0 -19478.0 
-18907.0 -19025.0 
-18565.0 -19313.0 
-18834.0 -19069.0 
-18721.0 -19196.0 
-18819.0 -19094.0 
-18598.0 -19293.0 
-18397.0 -19417.0 
-18922.0 -18978.0 
-18317.0 -19462.0 
-18302.0 -19466.0 
-18317.0 -19462.0 
-18435.0 -19405.0 
-18328.0 -19459.0 
-18524.0 -19333.0 
-18595.0 -19302.0 
-18691.0 -19205.0 
-18670.0 -19249.0 
-18352.0 -19410.0 
-18920.0 -18794.0 
