1.0 0.0 0.5258200820380649 0.5259284710765195 0.525835302230387 0.5256864072956052 0.5250567317407573 0.5242622689762584 0.5233988671030281 0.5222128027848528 0.5222828777824567 0.5227202656568735 0.5233140677491076 0.5233055427041586 0.5248999715679764 0.5279054668892058 0.5320763656988159 0.541517349071177 0.5683339881085183 0.6872406390181888 
0.0 0.0 0.525783882562712 0.5257821035317032 0.5257322923452115 0.525677239819694 0.5250523656406371 0.5241122523850245 0.5233710636962676 0.5222064914278373 0.5222768792513235 0.5226874442889253 0.5227174315658543 0.523302460224028 0.5252103334538848 0.5278999642324501 0.5320775396348436 0.541426247309568 0.5683013590423232 0.6867295777176755 
1.0 1.0 0.5258220986027159 0.5257977831404204 0.5258478912304585 0.5256718026734624 0.5250613430882233 0.524327088964433 0.5234171264335957 0.5222061971915033 0.52228794617382 0.5227200596463922 0.5227354203270598 0.5243047013932441 0.5252410280469868 0.5279058864893559 0.5320788764571052 0.5414318337712883 0.5683283032387186 0.6872403365370209 
0.0 1.0 0.525821335076247 0.5257819926982449 0.525946634980252 0.5256725491617388 0.5251742840920178 0.5243290287696419 0.5233987437071418 0.5222061999358195 0.5222869801827555 0.5227200889835462 0.5227329103974883 0.524364913216635 0.525243214951041 0.5279064955915785 0.5321010058042372 0.5415198433794064 0.5683264651034444 0.687152908512661 
1.0 0.6982624320654565 0.5258221603752802 0.5259285133449024 0.5259579676567399 0.5256864072956052 0.5250567317407573 0.5243350367263164 0.5233988671030281 0.5222128027848528 0.5222872176105315 0.5227202656568735 0.5233139509946738 0.5233055427041586 0.5248999715679764 0.527907208383483 0.5321109357920958 0.5415174935999828 0.5683339881085183 0.6872406390181888 
0.08218250498639412 0.9664403901447618 0.5258201203254438 0.5259463532300626 0.5258414184113552 0.5256431019853485 0.5251702219833101 0.5243176914655807 0.5233996176588598 0.5221997600210997 0.5222792021635245 0.5227484390794025 0.523278654008563 0.5242708321766522 0.5252499561066301 0.5279065603629888 0.532115392002052 0.5414304282689445 0.568329558049489 0.6870516211086606 
0.17228149143462357 0.8051232465813846 0.5258215732168627 0.5259505349746687 0.5258362012667659 0.5256955829840101 0.5251727904621779 0.5243430461770301 0.5233978428333994 0.5222130815320298 0.5223205177393672 0.5233260472125756 0.5232859811768867 0.5243415508943067 0.5252665469721447 0.5279069231491019 0.5321140313659043 0.5414339171192288 0.568333358440395 0.6871775456802314 
0.0019555114412792745 0.8006702347492533 0.5257987830830875 0.5257773144976328 0.525843666938303 0.5256542384671624 0.5250603412039062 0.52432868782328 0.5233976186561328 0.5222062587663661 0.5222770274859453 0.5226940776119383 0.5227233978110432 0.5233094982172652 0.5252350980865277 0.5278987027843093 0.5320804360754745 0.5414327217555983 0.5683008373882342 0.6871559817804437 
0.13750145959971374 0.0067831312333794525 0.5258199709461716 0.5259090026262628 0.5257993195306919 0.5256715072781011 0.525170144381764 0.5243162334357768 0.5233988034019064 0.5222062222135523 0.5223208131622917 0.5227298543712506 0.5227335741185347 0.5242788710569036 0.5252419891267779 0.5279040747026317 0.5321012704541447 0.5414341428369744 0.5683283906426521 0.6868436534337409 
0.42565647402559037 0.7352595617898114 0.5258217551220676 0.5259078586097605 0.5258363483514061 0.5256721037950379 0.5250430065036661 0.5243122913394043 0.5233977977006828 0.5222122073994119 0.5223209241442605 0.522713127832087 0.5233506680623563 0.5243894377222351 0.5252660049068166 0.5279066060134628 0.5321004493014934 0.5415070121277906 0.5683272621891162 0.687150079394325 
0.3793838190439754 0.4963711955260238 0.5258231361390834 0.5258025278039105 0.5259235431242789 0.5256939199716438 0.5251641607591118 0.5243273325255748 0.5233986048127154 0.5222083325419209 0.523170582138507 0.5227355497843347 0.5233332664219593 0.5234004400444795 0.5252354772561489 0.5279044000713998 0.5321135516957929 0.5415190198365797 0.5683342541806382 0.6872419877845354 
0.10148687336727773 0.8034555438005724 0.5258215732168627 0.5257958346759963 0.5258420323568911 0.525695551091542 0.5251789023089779 0.5243291558275303 0.5233990409058106 0.5222130774532653 0.5222820455561474 0.5227334934185099 0.5234253968912567 0.5243565455004365 0.5252550941255388 0.5279067646256651 0.5321140313659043 0.5415115386691739 0.568328567748934 0.6871751804788293 
0.3385207093780719 0.25558308352152015 0.5257967513510484 0.5259213482162787 0.5257360181862961 0.5256548057586966 0.5251716986793422 0.5243307306719752 0.5233981818452891 0.5222067267214192 0.522281621804382 0.522744077537966 0.5232997100051008 0.524225052241406 0.5252667548429001 0.5279074528626263 0.532120069255779 0.5414365570551356 0.5683298073533637 0.6871154552306792 
0.5768026470027184 0.6161658040778983 0.5258213335271463 0.5259612249023533 0.5248838373546737 0.5252505769593805 0.5250388378959862 0.5243267053858196 0.5233719447269914 0.5222065250504493 0.5222901911857368 0.5227433844367958 0.5234261551094741 0.5234007746926527 0.5252439005082037 0.5279070836090616 0.5321168690980812 0.5415132748708487 0.5683303878214269 0.6872321632189087 
0.21285276892069604 0.07408678302311136 0.5258140900129936 0.5257852162439322 0.5257193454191599 0.5256725422207319 0.5250385270970199 0.524262818846498 0.5233988637739171 0.5222128933472124 0.5222747060813187 0.5227355511934018 0.5232958331481086 0.524281151163092 0.5252233469029546 0.5279037919136803 0.5320618257606577 0.5414279540044118 0.5683257267851576 0.6868581835011979 
0.012645417053752939 0.34866560770635513 0.5257842547242942 0.5259288255595034 0.5258405993312834 0.5256793627640941 0.5251533054871276 0.5243216733016238 0.5233988795084085 0.5222132546133628 0.5222711074256421 0.5227200739751421 0.5233798517025223 0.5243675371284262 0.5252542565030309 0.5278998631343113 0.5320778419996712 0.5415162678967411 0.5683303878173237 0.6871503457422077 
0.5503141118655301 0.5320746394684827 0.5258169805223221 0.5257954424387042 0.5247863798674257 0.5252462061236788 0.5251555292750034 0.5243271643942701 0.5233989235009655 0.5222065250504493 0.5222901670518937 0.5227433844367958 0.5234261577770116 0.5234007746926527 0.5252291221253433 0.5279067578347993 0.5321168690980812 0.5415118081917081 0.5683303878214269 0.6872298544462894 
0.03049875017419168 0.7371981203792308 0.5258214354391868 0.5258024987395635 0.5258411391569193 0.5256520656214477 0.5250430065036661 0.5243122913394043 0.5233976856013833 0.5221995750555688 0.5222818253040038 0.5226938364351011 0.5233506680623563 0.5243894377222351 0.5252659986040769 0.5279066060134628 0.5320803596516377 0.5414298664948118 0.568327125666658 0.6868147040215402 
0.673500891766738 0.34866560770635513 0.5258201017905996 0.5259214351940209 0.5258419352683504 0.5256793627640941 0.525161584068316 0.5243214937644864 0.5233984337876042 0.5222064892407943 0.522271102552779 0.5227391075928012 0.5232805397786945 0.5242980721699789 0.5252468435488277 0.5278998631343113 0.5321060374295093 0.5414234447862023 0.5683256418940805 0.6871503631573641 
0.010782213197671635 0.030285103158326276 0.5257957974386672 0.5257822248961973 0.5258426407640129 0.5256747807700732 0.5251742860822829 0.5243272785980895 0.5233712058083606 0.5222032224907047 0.5222725800037693 0.5226943553785303 0.5232264426373323 0.5243068589583908 0.5252334495774122 0.5279037975855531 0.532080160427626 0.5414277980065407 0.5683286966629446 0.6870793767160152 
0.7608683258448368 0.8074105052258883 0.5258166536416194 0.5259213711502667 0.525933223878897 0.5256891853351521 0.525174112649516 0.5243162201055513 0.5233988361651952 0.5222062524643607 0.5223244447410441 0.522749061289303 0.5232269235720894 0.5242980255063442 0.5252575939331576 0.5279070344216554 0.5321159533346769 0.5415113736263302 0.568328779961745 0.6870768979073314 
0.32536033407104736 0.4679548420516445 0.5258222235823848 0.5259539514961716 0.5259392554788964 0.5256837501170661 0.5251767443469018 0.5243545607910001 0.5233997381164204 0.5222130568320735 0.5223249090716124 0.5227480741684659 0.5233524303371545 0.5243455812292805 0.5252573483563576 0.5279072313184686 0.5321251871676328 0.5414333318086519 0.5683332670696359 0.6872276434494282 
0.37786714768146556 0.029183590495330702 0.5258167045666177 0.5257887925890139 0.5258351025856604 0.5256725337400472 0.5250393361049398 0.5243164038276595 0.5233988671030281 0.5222128937408402 0.5222829028838024 0.5227355511934018 0.5232958331481086 0.5243292392819269 0.5252145233501211 0.5279037713795138 0.5321135138182035 0.5414278943605785 0.5683292951729799 0.687081067927433 
0.24985336764002355 0.530201201665651 0.5258221125597015 0.5257905061623428 0.5258285870369759 0.5256982193095658 0.525175217580673 0.5243290944310497 0.5233991788199066 0.5222134674837406 0.5230897119074034 0.5227367695465648 0.5233010216260434 0.5243222983143461 0.525268165049388 0.5279061773975045 0.5320806119421506 0.5415031830171468 0.5683342350117462 0.687166305562323 
0.9919040511123106 0.5327420527422668 0.5258220134048565 0.5259283792046678 0.5258009853724473 0.525674589989842 0.5251700678661462 0.5243194145854067 0.5233999593344956 0.5222062222135523 0.5231355251854028 0.5227411695399059 0.5233312543071124 0.5242784235205823 0.5252654426540446 0.5279061674065622 0.5321329393564657 0.5415163835780793 0.5683283579177527 0.6871512118772672 
0.06814122294835345 0.5327420527422668 0.5258220134048565 0.5259090026262628 0.5258009853724473 0.5256745892804844 0.5251701045871283 0.5243162334357768 0.5233987998686526 0.5222062222135523 0.5231299040950032 0.5227411695399059 0.5227412226762451 0.5242783784592359 0.525266133547901 0.5279061674065622 0.5321093635784728 0.5414345911301978 0.5683283579177527 0.6871512118772672 
0.27704583205100775 0.8887283712847955 0.5258224112848201 0.5257776339893997 0.5258324857473321 0.5256844431523959 0.5251764214343766 0.5242965970510476 0.5233983221002307 0.5222060591921468 0.5222896973106604 0.5227349038504617 0.5233644057333592 0.5243129934018476 0.5252399319780104 0.5279070594634155 0.5320790447338817 0.5414323331380299 0.5683262790799438 0.6872280056998797 
0.20344497197778666 0.1039496614683306 0.5258151951595798 0.5258004191050109 0.5258308190399221 0.525683467936574 0.5251629380263828 0.5243189198680474 0.5233997229622678 0.5222060550718932 0.5222878615343812 0.5227526368521626 0.5233051941355548 0.5243178185490676 0.5252262969414861 0.5279072506989055 0.5321135297509192 0.5414267383653399 0.5683287289106037 0.6870748835438169 
0.5086685196679599 0.3698561959270905 0.5258153421531546 0.5258023551971023 0.5258332610343162 0.5256715070914862 0.5251631489566412 0.5243158763708425 0.523399736205609 0.5222077595092589 0.5223204113545384 0.5227487777456794 0.523353267137966 0.5242983807754615 0.5252481142040646 0.5279040501887553 0.5321003275865307 0.5414360607008931 0.568325747097422 0.6868575101826925 
0.4531965114106556 0.8178143947595597 0.5258211223560613 0.525959342102488 0.525839147595736 0.5256891858224347 0.5251783071674919 0.5243374956122183 0.5233997223488309 0.5222132851600106 0.5223238319022417 0.5227493985232994 0.523353267137966 0.5243440741188301 0.5252579857220079 0.5279054199864315 0.5321157192010918 0.5415132872618297 0.5683287670825711 0.6868563562207755 
0.5434939702370275 0.8020499554726264 0.5258156429823951 0.5259255876278709 0.5259359311627424 0.5256832179813935 0.5251696443867532 0.5243216364256279 0.5233984461057416 0.5222064736102644 0.5222746858214204 0.522740510872788 0.5232994799373761 0.5242694738753769 0.5252579964096264 0.5278999873733908 0.5321179190465392 0.5415234585489119 0.5683337825654614 0.6871579626310523 
0.0204979176158 0.6637895961122642 0.5257957664725839 0.5257807202225472 0.5257215997035237 0.5256738637231584 0.5250602820152005 0.5243065445870659 0.5233982058195369 0.52220622234418 0.5222753047159557 0.522735095973069 0.5232572997055552 0.5242715403446174 0.5252272991699902 0.5279053437168466 0.5321055502026286 0.5414286535542822 0.5683242239381363 0.6871095014005311 
0.22580411635937822 0.9353568264123163 0.525814865510429 0.5259214680627714 0.5259348352195597 0.5256741764384996 0.5251623044256931 0.5243282712591139 0.5233992471276449 0.5222065023483807 0.5222752506342773 0.522747050860375 0.523298277199005 0.5242580606548972 0.5252579207554485 0.5279066578232967 0.5321179268956534 0.5415194062910645 0.5683287828580919 0.6871853036629347 
0.6849399428501124 0.5210651273450104 0.5258221125597015 0.5257921146303067 0.5258325945174699 0.5265328378702077 0.5251738861397475 0.5242604357048295 0.5233991888588996 0.5222131555967536 0.5230644106023355 0.5227415033610482 0.5233658859611486 0.524298845096565 0.525266148985411 0.5279070837701575 0.5320761133824209 0.5415056842168948 0.5683333620928945 0.6871653077783869 
0.05607807768438486 0.13480236672376072 0.5258150662692896 0.5257784815586065 0.5258391805600432 0.5256391132068494 0.5250572921086417 0.5243108426554953 0.5233878129406735 0.5222061964355657 0.5222706009677835 0.5226901055488417 0.5232351475856889 0.5243008488978591 0.5252304512052401 0.5279002797352933 0.532061830363229 0.5414316463745673 0.568323817122737 0.6868626966621145 
0.37380920896889885 0.3177600236375474 0.5258194785400992 0.5258023551971023 0.525839147595736 0.5256748051624132 0.5251643065256224 0.5243319700804645 0.5233997338598979 0.5222133364975233 0.5223179058250267 0.5227524706193707 0.523353267137966 0.5242983807754615 0.5252577892546937 0.5279040501887553 0.532115619616264 0.5414267590698102 0.5683287392578665 0.6868581203554581 
0.7105399362963118 0.346508011862984 0.525794349917383 0.5257606167594849 0.5259509248643459 0.5256897136800533 0.5251692250167211 0.5243306046473184 0.5233999242003147 0.5222061232007759 0.5223204213772548 0.5227399262391802 0.5232844010859976 0.5243124762626848 0.5252472734699352 0.5279069207547633 0.5323667052545183 0.5415116081877386 0.5683333923064996 0.6871501548967929 
0.0 0.10492241515437944 0.525783882562712 0.5258002486185696 0.5259223582805762 0.525690171422707 0.5250483336922279 0.5243351770993727 0.5233997466676245 0.5222062003245566 0.5222768792513235 0.5226866560694552 0.523314681866291 0.5233060744957664 0.525226285315731 0.5279073536496753 0.5321135864382666 0.5414225494618901 0.5683287373820581 0.6870708896055482 
0.7202747778199385 0.7847636000891014 0.5258210532520475 0.5259550004937895 0.5259568114257658 0.5256903343104512 0.5251724955136154 0.5243614838558277 0.5233999430182137 0.5222138712216762 0.5223213578070697 0.5227530918817846 0.5232996590697433 0.5243308402286421 0.5252563205801739 0.5279069207547633 0.5323616654391266 0.5415015416672634 0.5683334400520502 0.6871497572033101 
0.11276021735060085 0.30016061628680674 0.5258148518957865 0.5257787615745508 0.525830659536066 0.5256391001884118 0.5251749779300097 0.524312529242981 0.5233873559720056 0.5222061055606027 0.5222705448589643 0.5226782371238495 0.5232521893381262 0.5242217379752171 0.5252306719180581 0.5278998813559399 0.5321157341852925 0.5414310386945439 0.5683288095772682 0.6868158170795708 
0.35718256448119456 0.9746721130540966 0.5258221082532776 0.5258030229975322 0.5259469660094798 0.5256897208833115 0.5251766508980665 0.5243288494176898 0.5233984371274844 0.5222131767966057 0.5231303762603681 0.5227200889835462 0.523356179032728 0.5243553314502047 0.5252657430647549 0.5279061625701097 0.5321208168398641 0.5415208216330716 0.5683329767030294 0.6872400959183109 
0.29142579440703964 0.23602676124574767 0.5257967513510484 0.5259213482162787 0.5258941118033212 0.5256552581864831 0.5251724583822757 0.5243375507994918 0.5233991205664084 0.5222060941901654 0.5230968535323608 0.5227339965056078 0.523284452021355 0.5242752794477142 0.5252667548429001 0.527907454195674 0.5321248962131804 0.5414262896145996 0.5683294755553493 0.6871153101631329 
0.28115737642693883 0.05242009419906646 0.525799473948078 0.5259015320539588 0.5259307508761046 0.5256747395296175 0.5251589665496074 0.5243220416600854 0.5234000163265173 0.5221994841329668 0.5222828542993192 0.522735551133054 0.5232566611374592 0.5242482886440649 0.5252559740624418 0.52790539639684 0.5321205521064376 0.5414333318086519 0.5683239486954322 0.6871832723567689 
0.1898861410549164 0.6199693934156351 0.5258229979481969 0.5259233900776118 0.5259235431242789 0.5256939116964184 0.5251735320573042 0.5243273325255748 0.5233861258418576 0.5222083616112791 0.5231713659790477 0.5227354400117178 0.5233351160881342 0.5243099548575056 0.5252354772561489 0.5279044000713998 0.5321135516957929 0.541520790543541 0.5683342490275739 0.6872398974953499 
0.033615150788691706 0.18022807364007754 0.5258220053486209 0.5257906661949359 0.5258417764984157 0.5256438220739282 0.5250635809709671 0.5243269556747997 0.5233853147077427 0.5222127601658092 0.5222742848733776 0.5227095508335448 0.5232534684532708 0.5243475182067345 0.525267221837058 0.5279071847102857 0.5321143392117061 0.5414314973114406 0.5683286518544012 0.6872319186275714 
0.0 0.14474166704885993 0.5257839066347318 0.5258002486185696 0.5259223582805762 0.5256549472694322 0.5250483336922279 0.5243351770993727 0.5233997466676245 0.5222062003245566 0.5222769450480665 0.5226866560694552 0.523314681866291 0.5233088457831166 0.525226285315731 0.5278985988494721 0.5320810647457814 0.5414225494618901 0.5683287373820581 0.6870708896055482 
0.06814122294835345 0.6180388035478402 0.5258218117627174 0.5259226573391739 0.5258419463454004 0.5256748116018143 0.5251736255627606 0.5243177711477989 0.523399581030787 0.5222062222135523 0.5231540671426048 0.5227414740990096 0.5232727863068133 0.5242699361842615 0.5252497922328946 0.5279040497708571 0.532115144911968 0.541434437212734 0.5683283579177527 0.6871511485352463 
0.32022497792742377 0.8345126766413966 0.5258214076618295 0.5259542992001135 0.5259421152436916 0.5256724572002365 0.525162987092286 0.5243545975986923 0.5233988736873862 0.5222062053635731 0.5223248768394857 0.5227482026024531 0.5234246968636646 0.5243454605587008 0.5252548643119974 0.5279036461182677 0.5321014581941405 0.5415148077844123 0.5683335180928334 0.6872285431884757 
0.05607807768438486 0.1750730589703005 0.5258223274462983 0.5257784815586065 0.5258391805600432 0.5256391132068494 0.5250642105399361 0.5243124782775673 0.5233877731796482 0.5222061964355657 0.5222706009677835 0.5227103598267638 0.5232529308089253 0.5242995669010243 0.5252494013832155 0.5279002797352933 0.532061830363229 0.5414311921871264 0.5683290789150595 0.6868626966621145 
0.48674684504394305 0.9925048356388166 0.525798799746075 0.5257819606675277 0.5258407527207314 0.5256545207113837 0.5250610185339702 0.5243287433291283 0.523398774975858 0.5222062641523868 0.5222862680901155 0.5227352741219928 0.5227329103974883 0.5243466782951285 0.5252409682657283 0.5278998218690669 0.5320797633248526 0.5414327205902184 0.5683253945134572 0.6871624328419454 
0.3910253860798375 0.17093517567028443 0.5258156253924801 0.525785140141943 0.5257214201579975 0.5256442399644863 0.5250664412919659 0.5243305526914034 0.5233992568061148 0.5222131297326688 0.5222749207193916 0.5227079165126384 0.5234216541314949 0.524281786135609 0.5252550803647622 0.527906876631038 0.5321143515390551 0.5414314361592296 0.5683286869211 0.6871762445717733 
0.44151307918757465 0.5686518081780535 0.5258157580347103 0.5259534583464136 0.5258372890974161 0.5256841220779473 0.5251694829490715 0.524326999904047 0.5233979525545446 0.5222061733480327 0.5222889017641064 0.5227397593186769 0.5233359786027235 0.524274508478095 0.5252492223528654 0.5279069182874618 0.5321171570556105 0.5414310122935003 0.5683336648957035 0.687164107805453 
0.2570581917344363 0.17861467089694927 0.5258204786908767 0.5257919924428645 0.5258365487747139 0.5256508626445016 0.5251586910773746 0.5242973886909954 0.5233983715942284 0.5222062638548604 0.5223209241442605 0.5227357200841161 0.5232793077891282 0.5243434667000872 0.525266320012813 0.5279066520103642 0.5320780672375084 0.541430483749261 0.5683273795438254 0.6871500901635308 
0.5434939702370275 0.36758551535478556 0.5258157799534214 0.5259199423513191 0.5258372949722772 0.5252625433121829 0.52516048708775 0.5243219846361217 0.5233984661392317 0.5222064302147211 0.5222631489283839 0.5227417815428834 0.5232994799373761 0.5242730599916334 0.5252590541260899 0.5279004465786458 0.5320803686569439 0.5415219390302347 0.5683337825654614 0.6871579120840022 
0.10314831779746936 0.9732230402435254 0.5258189157744757 0.5257933871655407 0.5258417400494385 0.5256438220739282 0.5250640490413057 0.5243292552092126 0.5233991220503225 0.5222060481378178 0.5222748406585382 0.5227357509299031 0.52335979919984 0.5242800898209331 0.5252551777569513 0.5279071847102857 0.5321154337497036 0.5415115374453441 0.5683286856493932 0.6871755338554394 
0.22203468034088109 0.05678940974252866 0.5258137217112653 0.5257864871651406 0.5257290057632907 0.5256723538445826 0.5250435955960975 0.524262818846498 0.5233988637739171 0.5222128933472124 0.5222823789370442 0.5227355511934018 0.5232961493124763 0.524281151163092 0.525222898372465 0.5279037919136803 0.5320618257606577 0.5414282310647702 0.56832572329633 0.6868360409914872 
0.13357228756320116 0.10508563205348473 0.525816926511653 0.5259566436010058 0.5259214523306487 0.5256902733061768 0.5251789314238762 0.5243303112960322 0.5233988787955522 0.5222130247151577 0.5222873008569567 0.5227351731744814 0.5234147990742943 0.5243448918640313 0.5252400119786265 0.5279054718919964 0.5321123033117063 0.5415142690420806 0.5683298735039006 0.6872332946815419 
0.004369790813843755 0.8289837274380369 0.5258214076618295 0.5259473591697078 0.5258352122067976 0.5256724572002365 0.525162987092286 0.5243155925933756 0.5233988736873862 0.5222062053635731 0.5223200044059342 0.5227202561539058 0.5234246968636646 0.5242971580696556 0.5252548643119974 0.5279036461182677 0.5321014581941405 0.5415159925917534 0.5683335153499324 0.6872285471023092 
0.1890315807133785 0.4963711955260238 0.5258229979481969 0.5258025278039105 0.5259235431242789 0.5256939199716438 0.5251641607591118 0.5243273325255748 0.5233861258418576 0.5222083325419209 0.523170582138507 0.5227354400117178 0.5233338340954439 0.5234004400444795 0.5252354772561489 0.5279044000713998 0.5321135516957929 0.541520790543541 0.5683342765153514 0.6872398974953499 
0.641969476840214 0.934200735901319 0.5258201203254438 0.5259448272623054 0.5259398003532276 0.5256753947251561 0.5251816943744952 0.5243176082853053 0.5233996176588598 0.5221997074187514 0.5222792021635245 0.5227484390794025 0.5232596488653158 0.5242717889621054 0.5252575935654582 0.5279065745618554 0.532115488933816 0.5414292835997015 0.568329558049489 0.6870516211086606 
0.3910253860798375 0.7527947154034342 0.5257986987396925 0.5259473591697078 0.5257193797021423 0.5256518847264062 0.5250579473819489 0.5243302351565012 0.5233976336833498 0.522206073290132 0.5222883093780883 0.5227434356989449 0.5234216541314949 0.5243127906955464 0.5252666243609533 0.5278988092150813 0.5320809817605084 0.541511689076633 0.5683298964672414 0.6871765868663386 
0.6515450894698697 0.35569034541965305 0.525815530338064 0.5259572838258854 0.5259310374762278 0.525689166184253 0.5251719699465903 0.5243337051086415 0.5233996176588598 0.5222057933910986 0.5223208766490061 0.5227526719455848 0.5232243124959862 0.5242734097279049 0.5252575935654582 0.5279065789112832 0.5321155318841324 0.5414262853393147 0.5683292071386767 0.6870751674829703 
0.041554544005337146 0.17524638746584204 0.5258157364232775 0.5258085469824896 0.52583638548828 0.5256438220739282 0.5250640490413057 0.5243124632119125 0.5233858017010877 0.5222060084221032 0.5222748406585382 0.5227095508335448 0.5232534684532708 0.5242796751102232 0.5252489807436079 0.5279065807846208 0.5321143392117061 0.5414306836067563 0.5683286518544012 0.6871493730686621 
0.011469434767385767 0.015629793249252955 0.5257839599704062 0.5257821035317032 0.5257322808786135 0.52565422926431 0.525044955959342 0.5241180016722582 0.5233713244591512 0.5222062008754487 0.5222663451388634 0.5226866483175104 0.5227419316607237 0.5233013124745851 0.5252103334538848 0.527898728833561 0.5320773791450707 0.5414225494618901 0.568302495981973 0.6867265314030043 
0.17997656842635024 0.9353568264123163 0.525814865510429 0.5259214680627714 0.5259348352195597 0.5252547262174349 0.5251623044256931 0.5243282712591139 0.5233992471276449 0.5222063358838175 0.5222623268687431 0.522747078233112 0.523298277199005 0.5242568720272966 0.52525783629863 0.5279066558969038 0.5320791041213618 0.5414278767120047 0.5683287828580919 0.6871859886019664 
0.5938883400478294 0.7997405953089702 0.5258209520545744 0.525800995494302 0.5258391854430053 0.5256723498319572 0.525159845067241 0.5243193752528069 0.5233997144414089 0.5222084203183515 0.5223247691139605 0.5227489464627455 0.523353267137966 0.5243442140627398 0.5252581349329104 0.5279040501887553 0.532104683307513 0.5414329595955096 0.5683258166091256 0.6868575101826925 
0.12420500742535749 0.040707608105093024 0.5258166590853764 0.5257822248961973 0.5258456454093862 0.5256747807700732 0.5251742860822829 0.5243272785980895 0.5233984607371712 0.5222129489752866 0.5222725800037693 0.5226943553785303 0.5232264426373323 0.5243088341952781 0.5252335025847794 0.527905612992472 0.5320799567468528 0.5414307955392937 0.5683286966629446 0.6872436085318988 
0.313005750473079 0.4229204128251999 0.525799082424291 0.5257788867575504 0.5258008115488655 0.5256738453015083 0.5250572921086417 0.5243154343582107 0.5233988849902285 0.5222062587663661 0.5222704739900853 0.5227353019465405 0.5232629633798591 0.5242730031680867 0.5252273754803943 0.5279004390204248 0.5321052547564761 0.5414310512245089 0.5683244850948397 0.6871558880748485 
0.9883724663413691 0.0 0.5258200976123785 0.5259284710765195 0.5258373532136871 0.5256864072956052 0.5250567317407573 0.52432349017541 0.5233988748786779 0.5222128027848528 0.522289242692652 0.5227202656568735 0.5233341680852189 0.5241860976523525 0.5252577898414893 0.5279069808422443 0.532116166102905 0.5415168791363019 0.5683339881085183 0.6872406390181888 
0.3910253860798375 0.42471215353649683 0.5257947324632456 0.5257638934531307 0.5257214201579975 0.5256944820875198 0.525169220645898 0.5243305526914034 0.5233710879508154 0.5222058471421527 0.5222722178156104 0.522740602177197 0.5233328784485776 0.5243127906955464 0.5252666243609533 0.527903727860001 0.5321181248661123 0.541511689076633 0.5683298964672414 0.6870786372520007 
0.3011606360088686 0.23837360452705247 0.5257967513510484 0.5259213482162787 0.5258941118033212 0.5256552581864831 0.5251724589983934 0.524364222734249 0.5233991393843075 0.5222060941901654 0.5230968535323608 0.5227339965056078 0.5232997100051008 0.5242722125974828 0.5252667548429001 0.527907454195674 0.5321198563977886 0.5414262896145996 0.5683294755553493 0.6871149124696502 
0.3207097459441033 0.570104209118608 0.5258160882971107 0.525953833665887 0.524836205969809 0.5252420202524944 0.5251754735849014 0.5243154615714558 0.5233981738563878 0.5222065235682636 0.522277246753469 0.5227440193950585 0.5232989771649121 0.5242698732845271 0.5252665833064583 0.527907378740129 0.5321170698690469 0.5414310018460367 0.5683298759730836 0.6872480739636466 
0.35715484527210195 0.3141803680332428 0.5258195821612014 0.5258022359067271 0.525839147595736 0.5256831457157213 0.5251643593005052 0.5243314592957673 0.5233997339642025 0.5222132851600106 0.52231621654445 0.5227317316348715 0.5233556443968802 0.5242983807754615 0.5252554812774836 0.5279040501887553 0.532115626665744 0.5414259898399877 0.5683287397876424 0.6868581203554581 
0.3012319165293996 0.003917134132066957 0.5258148518957865 0.5257819723727873 0.5258346347353401 0.5256946361825138 0.5251749779300097 0.5243410945486969 0.5233992480569263 0.5222132105818049 0.5222819521737032 0.5227376410070977 0.5232589406654007 0.5242226947606702 0.5252476437693399 0.5279053594742885 0.5320725482640996 0.5414269549377437 0.5683287860070624 0.6871862242729944 
0.44826323824540165 0.4323814741869519 0.525815623800009 0.5257808316235388 0.5258372890974161 0.5256841481338385 0.5251694829490715 0.5243270588967548 0.523397597646738 0.5222061733480327 0.5222886255390935 0.5227397866415618 0.5233341503167783 0.524274508478095 0.5252492223528654 0.5279069688058479 0.5321171570556105 0.5414305549104633 0.5683338264472848 0.687164107805453 
0.27018802311715406 0.7485680170156201 0.5258215732168627 0.525795638262743 0.5258368605932612 0.5256943884535837 0.5251787872422584 0.5243410945486969 0.5233992603067532 0.5222130774532653 0.5222824483226999 0.5233299118324268 0.5234283201957902 0.5242698016657358 0.5252665469721447 0.5279067630182313 0.5321155906401196 0.5415117000766225 0.5683295598118967 0.6871753737428187 
0.5013761660580223 0.7668060695407825 0.5258214381994847 0.5258023582383093 0.5258374794925518 0.5257051472311215 0.525177685654107 0.524341164035067 0.5233997330755334 0.5222133371893166 0.5222824483226999 0.5233299118324268 0.5234213050198779 0.5241471650613582 0.5252665469721447 0.5279067630280828 0.5321155873426321 0.541511823081947 0.5683303860630199 0.6871797540442091 
0.3284101657616654 0.5703851795374878 0.5258160882971107 0.525953833665887 0.5258002186879255 0.5256735857507976 0.5251754735849014 0.5243154615714558 0.5233981738563878 0.5222069255363877 0.5222785722194757 0.5227440193950585 0.5232968259212643 0.5242698732845271 0.5252665833064583 0.527907378740129 0.5321208944845608 0.5414310018460367 0.5683298856314344 0.6872480739636466 
0.5762322614144552 0.8037165185550452 0.5258217338473017 0.525908229899293 0.5257354238413238 0.5256714300233641 0.5251574346893247 0.5243305526914034 0.5233981917553491 0.5222059227899782 0.5223206056864012 0.522726113583599 0.5234297559873275 0.5242258042290926 0.525266532392521 0.5279054997849283 0.5321181110089123 0.5415141040508986 0.568328498267615 0.6871512884749978 
0.1252235137344143 0.5703851795374878 0.5258157572141284 0.5259539885637163 0.5258004740771642 0.5256747602695702 0.5251754735849014 0.5243293680202595 0.5233979345986128 0.5222069270506323 0.5222892327574238 0.5227429771667564 0.5234221687444496 0.524269998887393 0.5252660281441776 0.5279054718919964 0.5320803186192774 0.5414310018460367 0.5683299194904424 0.6872373492860687 
0.4742161765211531 0.48508061983536044 0.5258204368104753 0.5258004317628292 0.5258352472577271 0.5256844244740556 0.5251651583586021 0.5243273339403992 0.5233996420291098 0.5222062034334605 0.5230845060206025 0.5227411900626039 0.5233610219275665 0.5242708839120618 0.5252503902835995 0.5279069347157943 0.5321333034942661 0.5415156736097484 0.5683340083704883 0.687180650180489 
0.06819112431420779 0.4452151812605601 0.5258152896311196 0.525901778017027 0.5259345248193162 0.5256833151035561 0.5251700852066473 0.524356811397339 0.5233982036246054 0.5222130978624712 0.5223436817835715 0.5226922326055822 0.5233688212605677 0.5243133503039075 0.5252558226697556 0.5279072569773424 0.532126331562466 0.5414343076862038 0.5683297600279572 0.6871690515512382 
0.690122587271937 0.8908820912865627 0.5258224112848201 0.5257921201172008 0.5258324857473321 0.525686638215495 0.5251764214343766 0.5242965970510476 0.5233983221002307 0.5222060403070449 0.5222896973106604 0.5227352024212938 0.5233644057333592 0.5243129934018476 0.5252399319780104 0.5279070447304981 0.5320790447338817 0.5414322398604129 0.5683262790799438 0.6872280056998797 
0.27647680565574634 0.530201201665651 0.5258221125597015 0.5257907616124622 0.5258326320812996 0.5256970619688692 0.5251738861397475 0.5242604357048295 0.5233991788199066 0.5222133359718352 0.523103161183416 0.5227415033610482 0.5233622593194176 0.5243128655508995 0.5252660432710725 0.5279061773975045 0.5320790083017438 0.5415054102148865 0.5683340970246442 0.6871653077783869 
0.6656595845448552 0.1699941506602322 0.5257991687307793 0.5258038435722364 0.5258307751967775 0.5256748152160723 0.5251749376877373 0.5243174973408988 0.5233981496075035 0.5221997074187514 0.5222814372453762 0.5227484390794025 0.523259663698554 0.5242212016386544 0.5252243713438067 0.5278989883016523 0.5320765417184441 0.5414293052340247 0.5683288113239322 0.6870534551414214 
0.6978768904588977 0.03095706279240737 0.5258141821683735 0.5257919924428645 0.5258244461159427 0.5256490597989072 0.5251567540979974 0.5243010058109168 0.5233992690321307 0.5222032315575296 0.5222882630440835 0.5227365961999552 0.5232954553629232 0.52428155426056 0.5252401581878037 0.5279038061407645 0.5320781014231433 0.5414279565272594 0.5683273564688273 0.6871517929418932 
0.3910253860798375 0.34904421209698505 0.5258156253924801 0.5259473591697078 0.5257214201579975 0.525684843519525 0.5251762839573687 0.5243305393807361 0.5233982166427155 0.5222062587032953 0.5222883093780883 0.5227434356989449 0.5232858135712667 0.5243129934018476 0.5252639079704934 0.5279068738088596 0.5321184471309595 0.541511689076633 0.5683298919993449 0.6871485443554746 
1.0 0.5332530792722325 0.5258157839281106 0.5259280323189772 0.5259268182051836 0.5256745546778869 0.5251571429488037 0.5243194347437481 0.5233999973454708 0.5222059065147698 0.5222625025820804 0.523125087167925 0.523330546155417 0.5242700053135569 0.5249069290135984 0.5279054622797295 0.5320789428738559 0.5414361695614771 0.5683284780793928 0.6871492820822204 
0.3910253860798375 0.1413770989166524 0.5257846266599187 0.525947241378146 0.5258355267736184 0.525684432519676 0.5251790079197587 0.524301727191062 0.5233992568061148 0.5222131474210645 0.5222883093780883 0.5226865197881051 0.5234221502838527 0.5243475908043109 0.5252400210526037 0.527907165233773 0.5320791586001936 0.5415130742779068 0.568329971130362 0.6871762445717733 
0.1371557580415463 0.9193503040474442 0.5258202690796019 0.5259528870436859 0.5258379100325807 0.5256891771331421 0.5251815325125715 0.5243337364747549 0.5233853263437793 0.5222060946645678 0.5223208766490061 0.522743521473477 0.5232249058737611 0.5242728228755783 0.5252575935654582 0.5279065790950823 0.532116695930448 0.5414277906134397 0.5683294678540941 0.6870751674829703 
0.2987627654565594 0.8258701603105694 0.5258218295758693 0.525907853664297 0.5258368259189171 0.5256916277550129 0.5251742375943692 0.5243410892687674 0.523398327094463 0.5222132122101171 0.5222633705894303 0.5227516964236811 0.5233294815859273 0.5243472976536327 0.5252671767861157 0.527906977403013 0.5320804480642951 0.5414332293916243 0.5683287396351872 0.6872284781966007 
0.48339808793415373 0.46771627253226133 0.525820102586527 0.5258017026840377 0.525844962804184 0.5256842360979063 0.5251700039916988 0.5243275321118768 0.5233997536033298 0.5222064908422814 0.5230921788763281 0.5227411900626039 0.5233613380919341 0.5242708839120618 0.5252498585394547 0.5279069347157943 0.5321333034942661 0.5415159506701068 0.5683339817910437 0.6871583772869807 
0.46974718664617665 1.0 0.5258213081371922 0.525782043772818 0.5259473306118376 0.5256725491617388 0.5251742840920178 0.5243290287696419 0.5233987153690478 0.5222062580956901 0.5222868122250424 0.5227200889835462 0.5227329103974883 0.524364913216635 0.525243214951041 0.5279064955915785 0.5321010058042372 0.5415198433794064 0.5683264197520479 0.687152908512661 
0.6084889645631735 0.8827965457350073 0.5258213335271463 0.5259470494786354 0.5258045653794408 0.525690430961909 0.5250388378959862 0.5243267053858196 0.5233998125358958 0.522206509275809 0.5222901911857368 0.5227433799369301 0.5234261551094741 0.5243058351697747 0.5252439005082037 0.5279070836090616 0.5321168690980812 0.5415132748708487 0.5683305307076146 0.6872321632189087 
0.251217720207026 0.0038365491892061176 0.5258200701010167 0.5257905061623428 0.5258285870369759 0.5256965098853633 0.5251739259343832 0.5242604357048295 0.5233991823531603 0.5222131555967536 0.5222829049085533 0.522730141864875 0.5233056527899527 0.5242993376942328 0.525241694846683 0.527905469233698 0.5320761133824209 0.5415052988737653 0.568333960602767 0.6871653077783869 
0.279712592624305 0.814737928367723 0.5258224112848201 0.5257851468376821 0.5258324857473321 0.5256719275813231 0.5251571728452726 0.5242965970510476 0.5233981941665183 0.5222059225443768 0.5222894211967317 0.5227261243588203 0.5233635026988304 0.5243129934018476 0.5252396042948229 0.5279070594634155 0.5320778772332077 0.5414323331380299 0.5683263139154627 0.6872280056998797 
0.5939921304748931 0.8183530487197139 0.5258204326424364 0.525777243801754 0.5258362653143536 0.5256832243451999 0.5250572921086417 0.5243194302449475 0.5233982014385148 0.5222062582788535 0.5222822969480538 0.5227357250196161 0.5233620885990773 0.5243427177440093 0.5252305413613563 0.5279002797352933 0.532115919225431 0.5414330013441597 0.5683287847076429 0.6871713875968319 
0.14206853501082875 0.42471215353649683 0.5257958061085778 0.5257710403617039 0.5257214201579975 0.5256791813739711 0.52516923539424 0.5243302573089307 0.5233692359305876 0.5222057904708505 0.5222721357179233 0.5227408033419374 0.5232328621509532 0.5242751417294801 0.525243426769758 0.5279037424952823 0.5321166587604542 0.5414389993607079 0.5683294588414155 0.6870751904851881 
0.4851054843286501 0.7997405953089702 0.5258209520545744 0.5258023551971023 0.525839147595736 0.5256748051624132 0.5251633816997759 0.5243380000533442 0.5233997338598979 0.5222132851600106 0.5223238319022417 0.5227489464627455 0.523353267137966 0.5242983807754615 0.525257467811072 0.5279040501887553 0.5321156210151186 0.5414259907724238 0.5683287670825711 0.6868563562207755 
0.4862900104907699 0.3460732166492288 0.5258214709587147 0.5257919783796465 0.5258362822054722 0.5256832176767753 0.5251609000130617 0.5243161818695009 0.5233991368614339 0.5222060424226617 0.5222887118607851 0.5227437264937939 0.5233616379939892 0.5242322727997607 0.5252402258073556 0.5279002698575312 0.5320782147969187 0.5414329272133065 0.56833003851472 0.6871516864284487 
