0.0 1.0 0.5243380941859943 0.524159036967556 0.5241787796368702 0.5236165496870862 0.5238189434773782 0.524217278124985 0.5232711583306513 0.5239415675889914 0.5244652265478146 0.5245087503294164 0.5249510170565368 0.5257009849244231 0.5269842537484438 0.5298063491539988 0.5347084086137571 0.5464577751068148 0.5862674838278805 0.7980102823564377 
1.0 1.0 0.5243403390728126 0.524172079690418 0.5242141257633318 0.5236128188203055 0.5238199853576584 0.5243368192202669 0.5232559858778529 0.5239579599228068 0.5244486718631639 0.5240333215154788 0.5250550335639655 0.5256848703967781 0.5269860509890332 0.5298063477646536 0.5346749011152496 0.5464576576221007 0.5862674805337884 0.7980102383917389 
0.9999998936261656 0.0 0.5243398899316497 0.524105154649461 0.5232434546073407 0.5236031643560708 0.5237830210763189 0.5231131247660598 0.5232691436573752 0.523947887393652 0.5239193796569991 0.5240331188184216 0.5250158208323749 0.5256995622180756 0.5269853311653988 0.5298056574004997 0.5347080469487168 0.5464576906684857 0.5862674663282672 0.7980166917988264 
0.0 0.0 0.5243424173781109 0.5241484839502869 0.5241834276730198 0.5236183836363032 0.5237851873497742 0.5243625130745033 0.5232667731566553 0.5239398358870201 0.523867564986642 0.5244680132478726 0.5250933703121068 0.5257037615253527 0.5269839445876432 0.5298063371872933 0.5347051450927656 0.546451860979249 0.5862661778272052 0.7980053341509967 
0.027131052853997945 0.17523763914961105 0.524338141041111 0.5241454438399719 0.5242143677484862 0.5236079898247119 0.5237886120358912 0.5231410919395055 0.5232703988623736 0.5239238164845709 0.5239676721831436 0.5240273212730889 0.5249536772393393 0.5256890066029143 0.5269842533065972 0.5298063080431937 0.5347083498805738 0.5464577789345239 0.5862674838391049 0.798004416574386 
0.5436553933078342 0.3070827958538436 0.5243409425158126 0.5241644818484792 0.5241093900625837 0.5236187346922222 0.5238191590767731 0.523147940190295 0.5232704123284602 0.5239131771849656 0.5244986962091263 0.5244928794812026 0.5250235414367522 0.5256993642507652 0.5269858034411737 0.5298064117204082 0.5347087357881543 0.5464578761125592 0.5862674751870468 0.7980146831650876 
0.7252187516628997 0.3197896060036586 0.5243370580462609 0.5240998901908694 0.5241141587647128 0.5236191830683922 0.5237875192052639 0.5231418101150499 0.5232751949045963 0.5239558835198536 0.5239759251464454 0.5244523416150796 0.5249906840503821 0.5256990680126634 0.526985312910496 0.5298063289122552 0.5347090112103874 0.5464575498801263 0.5862674841782605 0.798016389745243 
0.08724828592035863 0.04314920421826082 0.5243369612122488 0.5241629852255898 0.524079013134728 0.5236090210168333 0.5237777618646204 0.5231336236842409 0.5232705849647926 0.5239171726874959 0.5239125137422043 0.5244877174273483 0.5249532062779803 0.525688988300203 0.5269859098307785 0.5298056637894177 0.534485711976506 0.5464569708343038 0.5862674670758758 0.7980165346761934 
0.33429490296507014 0.2921405049505171 0.5243410309775913 0.524170495790377 0.5241798262171736 0.5236191926446411 0.5237827323530836 0.5231386312034956 0.5232725075303576 0.5239578203005386 0.5240303037355342 0.5244804219185748 0.5250546683978574 0.5256871086918291 0.5269858180412302 0.5298063980392784 0.5347084387834886 0.5464568252087318 0.5862674840728853 0.7980165740675575 
0.7325297393019572 0.3958550866279739 0.5243372853795012 0.5241929242913796 0.5241732666571242 0.5236097522139358 0.5237840970370404 0.52428825621306 0.5232707756041628 0.5239441405448222 0.5239654708722421 0.5245068024238783 0.5250390025837038 0.5256955169069998 0.5269858890446105 0.5298063349226001 0.5347083704570164 0.5464576908332234 0.5862674672604276 0.7980104426925353 
0.25940066963457914 0.7133583512885295 0.5243408071203735 0.5241452592268808 0.5241069750196691 0.5236130676816735 0.5239091460731196 0.5231394313609198 0.5232722833062965 0.5238633841052516 0.5239640713620498 0.5240326767791954 0.5250301621103337 0.5257004153541288 0.5273462798706662 0.5298063322813937 0.5347084722596049 0.5464577175210553 0.5862674823158239 0.7980114415812398 
0.27530213551412586 0.8849106611855273 0.524334975795405 0.5241593291357408 0.5241755127866325 0.5236154305251295 0.5237863936317785 0.5231997707345899 0.523271695533483 0.5239168162223852 0.5239638845654957 0.5240414085445472 0.5250300188509796 0.5256887240551872 0.5269842324091791 0.5298062534863889 0.5347101024955494 0.5464568593080262 0.5862674836893835 0.7980146151961139 
0.52589160414457 0.41901265042746716 0.5243372068741743 0.5241649208726795 0.5242006265943616 0.523615738156081 0.5237875183228373 0.5232457628359128 0.523273534382347 0.5239446478245401 0.5244484187367316 0.5244520154737814 0.5250528213976438 0.5256987346244437 0.5269859108124544 0.5298062649596491 0.5347090009842137 0.5464577125734031 0.5862674827044123 0.7980163885490162 
0.27530213551412586 0.7040904353723135 0.5243349779398881 0.5241593291357408 0.5241755127866325 0.5236154305251295 0.5237863062712995 0.5231410118251565 0.523271695533483 0.5239160401709619 0.5239638845654957 0.524031375409649 0.5250300188509796 0.5256887246641687 0.5269842324091791 0.5298056191877035 0.5347083606740627 0.5464568593080262 0.5862674836893835 0.7980146151961139 
0.517014016042361 0.7594326022585284 0.5243408224989121 0.5241591372954326 0.5242075709572913 0.5236192072358538 0.5237867705443813 0.5231413365371527 0.523275115087443 0.5239560821982645 0.5239767069344272 0.5244773304647551 0.5251980357624673 0.5256995020935692 0.5269843282773512 0.5298063586791714 0.5347099383185668 0.5464576220338174 0.5862674837475291 0.7980159573619628 
0.4339354578627269 0.11623707822661611 0.5243408013577487 0.5241694321612248 0.5240626860335342 0.5236181761853 0.5238688241166409 0.5231377529679552 0.5232698523522407 0.523855614194456 0.5239090408027017 0.5240408409433109 0.5249503981082569 0.5256995853304821 0.5269858044753389 0.5298063242606572 0.5347082499936103 0.5464577980467256 0.5862674752928593 0.797984690136456 
0.25451990560156257 0.6031345545091731 0.5243365424819603 0.5241613410896268 0.524172207414091 0.5236154357503736 0.52382630809362 0.5231092758360181 0.5232756471279223 0.5238570459479206 0.5239162388183749 0.5244934344577357 0.525195913149203 0.5256994934416 0.526985883447038 0.5298062970825835 0.5347081554956659 0.546457681033631 0.5862674837803098 0.7980104509050927 
0.1088203330566862 0.39366068012037647 0.5243407197802042 0.5241592384078807 0.5241622394516462 0.5236187776512715 0.5238691577961855 0.5243352863250947 0.5232770604180617 0.5239007863291861 0.5239058014401565 0.5240336624041829 0.5250398202500264 0.525699867664177 0.5269841297504377 0.529806391095232 0.5347110303355037 0.5464568314722358 0.58626748368209 0.798010765691161 
0.48848054712887795 0.8927837746465012 0.5243410163701844 0.5241838202470869 0.524214531395959 0.523616652604182 0.5237857394952731 0.524324227700249 0.5232728805413028 0.5239451249871903 0.5244490145356756 0.5245021008085754 0.5250532580564772 0.5257007144840761 0.5269860650677454 0.5298063315260396 0.534708413055619 0.5464577788228724 0.586267483682493 0.7980172912831093 
0.9852884007823307 0.0 0.5243407408260752 0.5236868264984516 0.5241282127966711 0.5236031643560708 0.5237866803211775 0.523141778990508 0.5232691436573752 0.5239573312418222 0.5239193796569991 0.524033018829486 0.525170560517941 0.5256997033808668 0.5269853126540494 0.5298056574004997 0.534709888725736 0.5464570072453824 0.5862674663282672 0.7980107843126512 
6.12125480515785E-4 0.7424001479901194 0.5243380921848572 0.524159036967556 0.5239507115648367 0.5236084874086749 0.5237448443043431 0.5242162460696839 0.5232711583306513 0.5239416063015715 0.5239533192319648 0.5240323113331967 0.5249510170565368 0.5256848356146984 0.5269840377380973 0.52980633558703 0.5347082991981816 0.5464566506313802 0.5862674805406713 0.7980102823564377 
0.6481321256583681 0.9241776755788276 0.5243400162371241 0.5241647955687735 0.5241744967045796 0.5236135560846904 0.5238656675409299 0.5242959689707684 0.5232592382198112 0.5239564585577328 0.5239163209206036 0.5240407522683049 0.5250372428516787 0.525700437927194 0.526986070454838 0.5298064880309425 0.5347097846466429 0.5464577580255963 0.5862674834246594 0.7980110485570376 
0.12624746275265375 0.7563047213822279 0.5243372973241367 0.5241590805139614 0.5241798309657918 0.5236154393598594 0.523785737384585 0.5231205461349153 0.523270440772631 0.5239162419076028 0.5239773934488866 0.5244741319980343 0.5250852783129792 0.5256872632751929 0.5269857131644167 0.529806316823138 0.5345016192820621 0.546456848761441 0.586267482318059 0.7980163988562167 
0.3916735844821519 0.6249604920670222 0.5243382059121385 0.5241648891152741 0.5242066896830696 0.5236191379499225 0.523776578539697 0.523143703279045 0.5232739725986879 0.5239624246260706 0.524476051991529 0.5244930303180096 0.5250953551980226 0.5257044849442277 0.5269858273062786 0.5298063171516036 0.5347095942734317 0.546456647046268 0.5862675008048289 0.7980169650869208 
0.7477478998929054 0.2979758424473583 0.5243407324227307 0.5241486064798644 0.5241516794975839 0.5236086728800643 0.5237818869689141 0.5231602408768244 0.5232709743674346 0.5239205023786327 0.5239532567901865 0.5240292005219181 0.5250338752341123 0.5256999368125899 0.5269858704161439 0.5298056015665839 0.5347038739201444 0.5464568482814744 0.5862674812167618 0.798011300697499 
0.30570609842575747 0.12277869487567517 0.5243369623491274 0.5241365282044393 0.524080780136046 0.5236127039103562 0.5237753412318426 0.5231913105379756 0.5232713636205182 0.5239577873889654 0.5240201468112604 0.5240312899080697 0.5250398411370227 0.5256988068100008 0.5269842228582504 0.5298063405116281 0.5347073727055367 0.5464568002638763 0.5862674752999969 0.7980091045435135 
0.19535987412570577 0.1885094121591697 0.5243369825954597 0.5240918131949492 0.5241005643433573 0.5236094145166562 0.5237845796636076 0.5231412494974983 0.5232686467987633 0.5239444507414978 0.5239662991143506 0.5240329505384799 0.5249521029239669 0.525700046249766 0.5269853144934092 0.529805702284926 0.5346728196371319 0.5464569591316609 0.5862674811166143 0.7980107660098038 
0.33281602835260954 0.6249604920670222 0.5243381266253132 0.5241479635939893 0.5241794137471694 0.5236190903359538 0.5237488881310556 0.5231438325256131 0.5232738222781499 0.5239615102703652 0.5244814481295064 0.5244709677266011 0.5250953811813522 0.5257039499753954 0.5269840084171455 0.5298063298031427 0.5347084004309158 0.546456647046268 0.5862675044387918 0.7980166968979714 
0.002536949436214797 0.30877877088300376 0.5243370752368433 0.524159033557871 0.5241793345406267 0.5236163813180527 0.5237858152865665 0.5232168212112713 0.5232706744131218 0.5239612552565232 0.5244477688122537 0.5240251117683086 0.5249906717470184 0.5256996351169565 0.5269842532025731 0.5298057571895209 0.5346746853046461 0.5464576575185549 0.5862674748760816 0.798014683211042 
0.3049583312999099 0.43844781991092674 0.5243369623491274 0.5241647704810868 0.524080780136046 0.5236153037695555 0.5237984994176773 0.5231384646802661 0.5232713636205182 0.5239577883056122 0.5239101620954121 0.5240374437685071 0.5249414578527638 0.5256988068100008 0.5269842202866812 0.5298062621268953 0.5344975025841574 0.5464568457870156 0.5862674827113219 0.7980091045435135 
0.35483761054157115 0.7553837541312424 0.524338141041111 0.5241592842541493 0.5242162845040912 0.5236186944476944 0.5237855085165651 0.5231481071992109 0.523270404566956 0.5239428359186353 0.5244649938835834 0.5244976839659958 0.5249515027732549 0.5256991808614604 0.5269858301294936 0.5298056086451514 0.5347083500314783 0.5464577789345239 0.5862674746938482 0.7980101358155237 
0.3697409258648528 0.2922860049771836 0.5243370445919888 0.5240998901908694 0.524106735346994 0.523619261616921 0.5237487456644654 0.5241880179955899 0.5232751949045963 0.5239559880939513 0.5239753858122495 0.5244521509568997 0.5249908941635223 0.5256990531688691 0.5269840116426755 0.5298063353780003 0.5347084177749115 0.5464566508456778 0.5862674751140233 0.798011593749924 
0.5615373476234143 0.91174380839775 0.5243399535650667 0.524159136727789 0.5242070000323156 0.5236154193740973 0.5237862439399464 0.523159153649792 0.5232704111329401 0.523957374487015 0.5244740831687187 0.5244977045869297 0.5251811152794055 0.5256995968161732 0.526985911157074 0.5298063266557048 0.5347082864663255 0.546457804843327 0.5862674836458939 0.7980165016079733 
0.014785903298873138 0.3344821087111459 0.5243370580462609 0.5240998901908694 0.5241141587647128 0.5236191830683922 0.5237875192052639 0.5231418101150499 0.5232751949045963 0.523857178314854 0.5239759251464454 0.5244523416150796 0.5249906840503821 0.525699065028749 0.526985312910496 0.5298056665554928 0.5347090112103874 0.5464569742264426 0.5862674823091345 0.798016389745243 
0.3052548835804008 0.7563047213822279 0.5243372900097474 0.5241590805139614 0.524206794377396 0.5236154393598594 0.5237862290380685 0.5231596270530497 0.523270440772631 0.5239162419076028 0.5239773934488866 0.5245922519680218 0.5250852783129792 0.5256887246641687 0.5269857133239958 0.5298063149444366 0.5344892979867941 0.546456848761441 0.586267482318059 0.7980163988562167 
0.10059117817414542 0.30075416817949546 0.5243380475233426 0.5241380684231849 0.5242049341643092 0.5236091541596881 0.5237488752135483 0.5231923026618982 0.5232756209303687 0.5239573813239786 0.5240194725957993 0.5245990201348043 0.5250366445411098 0.5256887325416107 0.5269840258847652 0.5298063359265863 0.5347084498879521 0.5464575452244538 0.5862674781732181 0.7979864958952365 
0.5963966179261739 0.11430789708952571 0.5243369956293589 0.5241071328529222 0.524114240842784 0.5236092497904858 0.5237838121867394 0.5231418348485183 0.5232719230233872 0.5239201914102735 0.5239620411038215 0.5240293143426633 0.5249912828486646 0.525700555340745 0.5269786417300995 0.5298055988878069 0.5346736430165787 0.5464568936997755 0.5862674723109049 0.7980113685321092 
0.3909324270210349 0.4206675999671115 0.5243369612122488 0.5241629852255898 0.524079013134728 0.5236089677197084 0.5237782098809328 0.523138437842916 0.5232705849647926 0.5239172272065322 0.5239245729902824 0.5244943858093676 0.5249516699479035 0.5256890586944638 0.5269859098307785 0.5298056637894177 0.534485711976506 0.5464569708343038 0.5862674822488807 0.7980165346761934 
0.7539612295064225 0.6992476394731381 0.5243407324227307 0.5241646041325817 0.5241502160352011 0.5236135646907276 0.523781511252249 0.5242009696822054 0.5232709873205666 0.5239578238437256 0.5239528541663396 0.5244897192589772 0.5250518848743069 0.5257006187429712 0.5269858704161439 0.5298063800406847 0.534709675788762 0.5464568482814744 0.5862674834249143 0.798016534948461 
0.39853604763763983 0.8136121646764759 0.5243406321575181 0.5241734281932025 0.5242067509866966 0.523612143050254 0.5237843846578637 0.5231418399385434 0.5232756254905255 0.5238637568626704 0.523952359831012 0.5240338848944138 0.5249505094934445 0.525699081612745 0.5269841909785136 0.5298056978730498 0.5347066245249403 0.5464578728993011 0.5862674838288381 0.7980112795978735 
0.15840853160502322 0.16978132031132204 0.5243369754132798 0.524148360701593 0.5241068261749987 0.5236086544974495 0.5238763160827181 0.5243963320501424 0.523272240552969 0.5238626945504189 0.5238687274544165 0.5240358025038395 0.5249497599138475 0.5256832137725173 0.5269838529737599 0.529805645604702 0.5347085335898336 0.5464567433353158 0.5862674808068845 0.7980041792636314 
0.6311140740498893 0.4360405681620369 0.5243361732068721 0.5241592384078807 0.524080923081797 0.5236155576989425 0.5238711763287871 0.5243352863250947 0.5232693730679369 0.5239008200535773 0.5239058014401565 0.524033162010523 0.525040379953238 0.5256990503946516 0.52698546450476 0.5298063915588327 0.5344817836328222 0.5464568314722358 0.58626748368209 0.7980160337905835 
0.3377806797671151 0.9001750233331816 0.5243408652331851 0.5241591999134501 0.5241093240671904 0.5236130560237195 0.5237968301602738 0.5231406868301969 0.5232550656790963 0.5239663256061435 0.5244835546440261 0.5240225824006706 0.5249975183932087 0.5256887448643106 0.5269842401979934 0.529806332291643 0.5347083465842556 0.5464576641105671 0.5862674748470331 0.7980146817370694 
0.24947441703221568 0.4206675999671115 0.5243368979032212 0.5241450619152318 0.524079013134728 0.5236090131429584 0.5237782098809328 0.523138437842916 0.5232706262157621 0.523916585736175 0.5239258120571546 0.5244944805958299 0.524946391147344 0.5256890433118024 0.5269893178372063 0.5298056504414901 0.5344817978835114 0.5464569708343038 0.5862674782605544 0.7980114721515976 
0.5212347963654703 0.9400034043264606 0.5243408184922852 0.5241901767534592 0.5242580364430166 0.5236167232628602 0.523785716519079 0.5243381736404207 0.5232728607938847 0.5239451249871903 0.5244490145356756 0.524501937663524 0.5250528213976438 0.5257008362156416 0.5269861181712578 0.5298063342849012 0.5347084136220746 0.5464576902277177 0.5862674835396556 0.7980172584347818 
0.3932161080346347 0.40074283889029033 0.5243385230819574 0.5241137842762176 0.5241052439855823 0.5236155527222515 0.5237508960720523 0.523141732729325 0.5232705216208345 0.5239462013447056 0.5239587575047259 0.5244565243412551 0.5249961270381764 0.5256891344756407 0.5269764029085289 0.5298063102496205 0.5347108861524944 0.546457743254547 0.5862674676111834 0.7980044409755112 
0.5954483777431487 0.6815039992450767 0.5243379570634148 0.5241590432689143 0.5241537386524736 0.5236165090963414 0.5237861046083907 0.5232252496127912 0.5232705989793658 0.5239204200158476 0.5239751176091966 0.5240328516134851 0.5249502036947231 0.5256996385953233 0.5269842974900727 0.5298062993505059 0.5347049347288068 0.5464569219821018 0.5862674750024661 0.7980147357065872 
0.5564084533363979 0.9661968840906379 0.5243411411062329 0.524162521062797 0.5241881696709658 0.5236188656790038 0.5238174668501768 0.5242882617886716 0.5232725235493182 0.523964289437415 0.5239655241123884 0.5240413157437636 0.5250955006935513 0.5256955591729072 0.526984226770366 0.5298063940643419 0.5347090254033936 0.5464569904575539 0.5862674811030244 0.7980169823993234 
0.1301844224014118 0.06205750839838825 0.5243411259099462 0.5241727551720371 0.5241793945552609 0.5236131430708469 0.5237856818394377 0.5231743988039175 0.5232725075303576 0.5239579317666831 0.5240300634317343 0.5245583808720047 0.5250613198500026 0.5256871275474752 0.5269857897884827 0.5298064161364865 0.534705894145143 0.5464568275522359 0.5862674853349668 0.798016308905798 
0.21324727069697152 0.18800291136899805 0.5243369824371804 0.5240918376222482 0.5242045837013022 0.5236120538176391 0.5237857517415374 0.5231412182241187 0.5232685321816924 0.5238606022363302 0.5239620091699861 0.5240323071890395 0.5249530383937612 0.5257000346499413 0.5269840609055855 0.5298057030329629 0.5346719335747895 0.546456965446267 0.5862674811477161 0.7980163894662329 
0.3529705249210844 0.8997806550263037 0.5243405620224976 0.5241591999134501 0.5241082893201829 0.5236155721149243 0.5237854544564015 0.523140749838221 0.5232704125701588 0.5239663256061435 0.5239478716426131 0.524022705225414 0.5249548664123022 0.5256887448643106 0.5269835522029968 0.5298062533190142 0.5347083465842556 0.5464578776574704 0.5862674749787701 0.7980146817370694 
0.9943309213739926 1.0 0.524340308092842 0.5241716687263244 0.5242103838841261 0.5236165496870862 0.5238189434773782 0.5242028585855675 0.5232757437155792 0.5239418052125279 0.5244652570872295 0.5245973793085772 0.5250574723118034 0.5257009849244231 0.5269858028167126 0.5298063327700903 0.5347084086137571 0.5464577753407499 0.5862674838599538 0.7980102861341486 
0.3938958617201292 0.7523150828032072 0.5243405189110556 0.5241482180627689 0.5241491385991036 0.5236090193454974 0.5237771533839225 0.5231410943357077 0.5232705879181283 0.5239204655310802 0.5239540723620657 0.52449485414655 0.5249942865273644 0.5256999572054873 0.5269858704161439 0.5298056015665839 0.5347034695556491 0.5464568478904801 0.586267474796407 0.7970229221715289 
0.3964086988353644 0.2922860049771836 0.5243370445919888 0.5240998901908694 0.5241141587647128 0.5236191830683922 0.5237875192052639 0.523138788572397 0.5232751949045963 0.5239557930695742 0.5239759251464454 0.5244523416150796 0.5249908941635223 0.5256990531688691 0.5269841127993196 0.5298063285699592 0.5347090202144793 0.546457549436477 0.5862674751140233 0.7980115948332104 
0.43124282215283394 0.8533875565050802 0.5243370987017894 0.5241587148247965 0.5241075303238651 0.5236151569167575 0.523873212563392 0.523148163181207 0.5232704866019001 0.5239436241039829 0.5244625712817031 0.5245048005475926 0.5250849435093659 0.525699064187052 0.5269838493035913 0.5298057502219357 0.5347085473126794 0.5464575441950015 0.5862674728175893 0.7980098685665626 
0.9993109797758104 0.656423007445166 0.5243412866855113 0.5241382423737128 0.5242103329744919 0.5236165814578924 0.5237871017455124 0.5243363116548232 0.5232725075303576 0.5239630456653435 0.5244490145356756 0.5244748364725382 0.5250523160314071 0.5257005206137906 0.5269841869903045 0.5298063384364822 0.5347084365174951 0.546457687010466 0.5862674855592949 0.7980162935529201 
0.6682918669799097 0.04159095066396512 0.5243403340999553 0.5236693100659526 0.524212437918731 0.5236136157286678 0.5237515269608927 0.5231111311119638 0.5232707425001839 0.5238570450653144 0.5239087448682292 0.5244989126007764 0.5251935647827164 0.5256976094945943 0.5269858980228854 0.5294989558368675 0.534676253861395 0.5464566774455502 0.5862674810469211 0.7979852861105667 
0.020206345085379163 0.6750421612147348 0.5243379640041647 0.5241590368200126 0.5241534708019302 0.5236165083192929 0.5237864047399104 0.5232380890310817 0.5232705747160586 0.5239415675889914 0.5239790715056791 0.5245087503294164 0.5249502028531884 0.5256996413332474 0.5269842537484438 0.5298063491539988 0.5347048832590927 0.5464569082221093 0.5862674838278805 0.7980102823564377 
0.6357968458690453 0.29411066620700566 0.5243405171684089 0.5241525192636289 0.5242024901977138 0.5236188331877114 0.5238293336958878 0.5231474816578143 0.5232708094284114 0.5239311798662284 0.5239659715984226 0.5240094009626096 0.5250336052956083 0.5256999556879317 0.5269872697314455 0.5298056830799063 0.5347097638795519 0.5464570024910876 0.586267482286056 0.7980109830933189 
0.211852567355615 0.31012886348393964 0.5243370752368433 0.5241691702026517 0.5242053856209189 0.5236189204893502 0.5237847367446808 0.5231406077487005 0.5232706023185104 0.5239612552565232 0.5244986096881883 0.5240417925899591 0.5249905562283098 0.5256996329461037 0.5269858058523278 0.5298063282706804 0.5347084636160703 0.5464578747851161 0.586267475302665 0.798014683211042 
0.4231000653512938 0.8811650063102916 0.5243410163701844 0.5241838202470869 0.524214531395959 0.523616652604182 0.5237857394952731 0.524324227700249 0.5232728805413028 0.5239451249871903 0.5244490145356756 0.5245021008085754 0.5250532580564772 0.5257007144840761 0.5269860650677454 0.5298063315260396 0.534708413055619 0.5464577788228724 0.586267483682493 0.7980172912831093 
0.027131052853997945 0.8538476295310805 0.524338141041111 0.5241592842541493 0.5242143677484862 0.5236153966545045 0.5237855085165651 0.5231481071992109 0.5232703999194247 0.5239428359186353 0.5244649938835834 0.5244976839659958 0.5249511184406158 0.525688962139045 0.5269842533065972 0.5298063080431937 0.5347083498805738 0.5464577789345239 0.5862674838391049 0.7980101358155237 
0.61694743717192 0.7831923408148196 0.5243405556607812 0.5241487595431478 0.5242077942971342 0.5236153692732711 0.5237987947904242 0.5231481238258451 0.5232719263626979 0.5239575611219306 0.523962424253433 0.5240376181022426 0.5250362718689301 0.525700858050649 0.5269840670899527 0.5298055995382303 0.5347040837503709 0.5464574926272814 0.5862674836987438 0.7980171632466876 
0.3885711453253603 0.12576575279822014 0.5243373265780013 0.5240975673007185 0.5240810930935824 0.5236129034049765 0.5237851688375886 0.5231377400861962 0.5232709048820041 0.5239459678091447 0.5239082095158215 0.5245054107126943 0.5249503516648025 0.5256954022159323 0.5269841236809025 0.5298056910139263 0.5347157485296948 0.546456798752454 0.5862674752374529 0.7979967578690245 
0.47415380441631805 0.05617784789286312 0.5243403654451803 0.5241443814079898 0.5241734602468489 0.5236099086459528 0.5239072718456547 0.5231693596189713 0.523270929141898 0.5239303421921663 0.5239126392618202 0.5244833369144759 0.5250390025837038 0.5257003477307234 0.5269858929127507 0.5298057714411847 0.5347067731594837 0.5464577163794937 0.58626748183942 0.7980114379455647 
0.16509365853020963 0.43844739660112686 0.524338153294121 0.5241469008359521 0.524197720285113 0.5236182156382331 0.523783834827903 0.5231424197191008 0.5232716804999189 0.5238382944304318 0.5239091581175291 0.5240370795900445 0.5250223325260349 0.5256994333590715 0.5269840424483945 0.5298062543290111 0.5347101895296653 0.5464566467087912 0.5862674693809181 0.7980086181718281 
0.617872665771422 0.7594847994985946 0.5243405556607812 0.5241476125781636 0.5242077942971342 0.5236131930440526 0.5237869095201336 0.5231481238258451 0.5232720815588344 0.523944481628578 0.523962424253433 0.5240327586692708 0.5250404156973856 0.5257006266101583 0.5269851528003897 0.5298057758092024 0.5347032663608086 0.5464569633645641 0.5862674835138182 0.7980172563334565 
0.5669353288947818 0.7713532655217058 0.5243369876577186 0.524165020076911 0.5240824662740887 0.5236152866846394 0.5238670883584531 0.5231988195384584 0.5232716849165999 0.5239168333269137 0.5239062210552372 0.5240705759571576 0.5250553826501131 0.5256990533288672 0.5269983998620381 0.5298062468579626 0.5344852452596697 0.5464577519028011 0.5862674670350229 0.7980173678412631 
0.6682918669799097 0.04596190961833122 0.5243403340999553 0.5241212835195407 0.524212437918731 0.5236296369983782 0.5238688613417227 0.5231111311119638 0.5232707425001839 0.5238570450653144 0.5239087448682292 0.5244989126007764 0.5251935647827164 0.5256975937028922 0.5269858980228854 0.529805740109704 0.534676128689365 0.5464577972227808 0.5862674810522716 0.7979847229303118 
0.22877937087078332 0.30143520210745317 0.5243369957998186 0.5241052249705594 0.5242111567260448 0.5236187984383858 0.5237864111467929 0.5231410390108379 0.5232721470230389 0.5239161100112331 0.5239522812952683 0.5245781639848449 0.5250395392570811 0.525688901346299 0.5269856977914157 0.5298062482338789 0.5346703207993377 0.546456965446267 0.5862674822677072 0.7980159298817515 
0.4552383679531986 0.7563047213822279 0.5243405434257664 0.5241590805139614 0.524206794377396 0.5236154393598594 0.5237862290380685 0.5231596270530497 0.523270440772631 0.5239162419076028 0.5239773934488866 0.5245922519680218 0.5250852783129792 0.5256887246641687 0.5269857133239958 0.5298063149444366 0.534708343684051 0.5464576879007162 0.5862674837303821 0.7980163988562167 
0.14715855408149067 0.010328838293045373 0.5243381118597673 0.5241375530025354 0.5241516812253649 0.5236081960992879 0.5237810472649855 0.5231732062996398 0.5232540472036847 0.5238625349157535 0.5239024251846506 0.5239844759189793 0.52495234461947 0.5256849176902493 0.526984052275098 0.5298055885867677 0.5346707656345182 0.5464566429217206 0.5862674136659211 0.7980097409820727 
0.46907180874500665 0.9139496766518719 0.5243413055912673 0.524171061631258 0.5242096855290764 0.523616751816693 0.5237888727123304 0.5242710864854774 0.523275477587057 0.5239577799715716 0.5243791424290637 0.524507367583238 0.5250532140557619 0.5257005237676959 0.526985956320492 0.5298063466106581 0.5347108554111144 0.5464576927526248 0.586267483400656 0.7980158036863259 
0.1802364233030687 0.2975088294303077 0.5243370752368433 0.524159318418103 0.5242050480642624 0.523618917292895 0.5237863637789962 0.52320266564566 0.5232706240277715 0.5239612552565232 0.5244475180796854 0.5240309986848497 0.5249906717470184 0.5256996351169565 0.5269843512460086 0.5298057571895209 0.5346746853046461 0.5464576579100028 0.5862674748760816 0.798014683211042 
0.3052548835804008 0.7467998917794516 0.5243372802472875 0.5241590805139614 0.524206794377396 0.5236154393598594 0.5238171314658484 0.5231596653546507 0.523270440772631 0.5239531830577828 0.5239773934488866 0.5245922519680218 0.5250852783129792 0.5257000696606146 0.5269857134168511 0.5298063162132652 0.5344892979867941 0.546456848761441 0.5862674823213203 0.7980163988562167 
0.14715855408149067 0.017191955706040762 0.5243381118597673 0.5241375742505738 0.5241734613750314 0.5236081960992879 0.5237810721355001 0.5242871125347557 0.5232552068269398 0.5238660490851386 0.52390607243333 0.5239844759189793 0.5249502216787587 0.5256849176902493 0.526984052275098 0.5298063349721117 0.5346705248743183 0.5464566404205037 0.5862674136659211 0.7980098363441078 
0.4424428949726996 0.8538476295310805 0.524338141041111 0.5241592842541493 0.5242162845040912 0.5236186944476944 0.5237855085165651 0.5231481071992109 0.5232703999194247 0.5239428359186353 0.5244649938835834 0.5244976839659958 0.5249511184406158 0.5256991808614604 0.5269858301294936 0.5298063080431937 0.5347083500314783 0.5464577789345239 0.5862674838391049 0.7980101358155237 
0.552287181895016 0.19671837766883077 0.524341060411157 0.5241594852190066 0.5241109507860244 0.5236187348658906 0.5238182167574393 0.5231481071992109 0.5232704123284602 0.5239018290262921 0.5244842670068766 0.5244928794812026 0.5250235414367522 0.5256955184668272 0.5269853185077163 0.529805761178714 0.5347087325024928 0.5464577789345239 0.5862674677573233 0.7980146933358897 
0.1953443583121522 0.029537284354722138 0.5243370013744368 0.5241014781212132 0.5240775454002443 0.5236090084380153 0.5237776318151077 0.5231330427077557 0.5232758874951056 0.5239444507414978 0.5239107998937842 0.5240329505384799 0.5249906840503821 0.5257005551512988 0.5269853186558541 0.5298056659229213 0.5344936980012926 0.5464569717457564 0.5862674672830103 0.7980107594375454 
0.5429297094762133 0.9853666645799062 0.5243413166766412 0.5241717459562334 0.5241278839380658 0.5236189271217263 0.5238173800890595 0.5231194164725581 0.5232725075303576 0.5239579538115976 0.524031655686989 0.524477719144234 0.5250525666226085 0.5256954856627165 0.526985796047255 0.5298063996568445 0.5347087256669519 0.5464570012078274 0.5862674799929138 0.798016213068195 
0.22877937087078332 0.29193037381757175 0.5243369860373588 0.5241052249705594 0.5242111567260448 0.5236187984383858 0.5238173135745728 0.523141077312439 0.5232721470230389 0.5239530511614131 0.5239522812952683 0.5245781639848449 0.5250395392570811 0.5257002463427448 0.5269856978842711 0.5298062495027075 0.5346703207993377 0.546456965446267 0.5862674822709684 0.7980159298817515 
0.2555978507050365 0.6846787332575399 0.5243405820458552 0.5241691702026517 0.5242053856209189 0.5236189204893502 0.5237847367446808 0.5231597229471638 0.5232706023185104 0.5239612552565232 0.5245110858592776 0.5245697271153125 0.5250850019724619 0.5256988844223139 0.5269858058523278 0.5298063282706804 0.5347084636160703 0.5464578712612094 0.586267475302665 0.7980165950913578 
0.37969867460259127 0.02028898075345631 0.5243407289949121 0.5241484825794488 0.5241502160352011 0.523603250812094 0.5237771533839225 0.5231126326330722 0.5232705879181283 0.5239204655310802 0.523947952922143 0.5244658545738122 0.524993878523597 0.5256994666247019 0.5269858820264381 0.5298056015665839 0.5347080158638762 0.5464578626977168 0.586267474796407 0.7980146801834967 
0.552287181895016 0.18941665198226454 0.5243410141722277 0.5241592679131843 0.5241108308320429 0.5236152833587796 0.5237861558085936 0.5231481071992109 0.5232704123284602 0.5239654342631167 0.5245058809507152 0.5244928794812026 0.5250231671216837 0.525695405565134 0.5269842247263923 0.5298062295569276 0.5347083593329681 0.5464578658336392 0.5862674673172109 0.7980146819067077 
0.47415380441631805 0.3054228771015388 0.5243404473322143 0.5241591285768008 0.5242039957273296 0.5236188127283874 0.5239092131294697 0.5231693596189713 0.523270929141898 0.5239610968440764 0.524484827124656 0.5244930054229036 0.5250390025837038 0.5257003477307234 0.5269858929127507 0.5298057715596961 0.5347051192093328 0.5464577175259684 0.5862674819207592 0.7980114379455647 
0.4070686989073041 0.7790296575244893 0.5243385230819574 0.5241143035588073 0.5241052439855823 0.5236079557682266 0.5237508960720523 0.5231415059089607 0.5232705242632222 0.5239462013447056 0.5239587575047259 0.5244572497727682 0.5249907336551105 0.5256892828266344 0.5269764029085289 0.5298063098365966 0.5347107491824096 0.5464574853621232 0.5862674838739251 0.7980044160209645 
0.16929946019168443 0.43844739660112686 0.5243412408132815 0.5241694471173726 0.524197720285113 0.5236182390637957 0.523783834827903 0.5231997379729088 0.5232716804999189 0.5238388257452014 0.5239090375503282 0.5240414961774464 0.5250216842813277 0.5256997042617292 0.526985805533398 0.5298062678591857 0.5347101895296653 0.5464568248308804 0.5862674693809181 0.798009014475476 
0.4682431907356591 0.30175911508177544 0.5243403551063299 0.5241442678160141 0.5242052482109897 0.5236091541596881 0.5237488752135483 0.5231923026618982 0.5232756209303687 0.5239573813239786 0.5240194725957993 0.5245972031411992 0.5250389990679872 0.5256887325416107 0.5269858923888388 0.5298063359265863 0.5347084498879521 0.5464575452244538 0.5862674781732181 0.7980090136391935 
0.18068011227054678 0.9776916739080822 0.5243380941859943 0.524159321827788 0.5242044931605059 0.5236190856619284 0.5238194919698079 0.5242031225593735 0.5232711079453011 0.5239415675889914 0.5244649758152462 0.5245146372459575 0.5249510170565368 0.5257009849244231 0.5269843517918794 0.5298063491539988 0.5347084086137571 0.5464577754982627 0.5862674838278805 0.7980102823564377 
0.4780870532140247 0.42148378247941476 0.524340927567445 0.5241529578741787 0.5241732666571242 0.5236158374492764 0.5237853605534077 0.5231962361845635 0.523270929141898 0.5239306985665719 0.5238883577833886 0.5240175951472125 0.5250394779743381 0.5256956616892656 0.5269858929127507 0.5298057711799251 0.5347102973748995 0.5464576902277177 0.586267467087551 0.7980090301348304 
0.37598892721221716 0.02028898075345631 0.5243407324227307 0.5241484825794488 0.5241502160352011 0.523603250812094 0.5237771533839225 0.5231126326330722 0.5232705879181283 0.5239204655310802 0.5239175791333975 0.52449485414655 0.5249947640594717 0.5256994666247019 0.5269858704161439 0.5298056015665839 0.534703631583734 0.546456829355245 0.586267474796407 0.7980145233957625 
0.17180602154521885 0.41177838148874646 0.5243399619449733 0.5236686770554032 0.524180537631879 0.5236136834227204 0.5237491140495459 0.5243319900466561 0.5232567505932776 0.5239319774354021 0.5239584234781787 0.5240345972999216 0.5250307621995395 0.5256988109427022 0.5269840085865043 0.5294957301920167 0.5347084005646048 0.5464566730346945 0.5862674823348203 0.7980106507461086 
0.2288886439606191 0.5747226493148052 0.524340294058236 0.5241487576901687 0.5242059622118828 0.5236129671874117 0.523871103062071 0.5231481240248861 0.5232719487376278 0.5238607207732723 0.5239623427091189 0.5244969044031472 0.5250405109963097 0.525700627975284 0.5269858266991374 0.5298057754444867 0.5347009296426508 0.5464576452348692 0.5862674823034415 0.7980163977662884 
0.29578389408761646 0.4360405681620369 0.5243414601729356 0.5241594559537457 0.5240826682400364 0.5236152317829224 0.5238711763287871 0.5243352863250947 0.5232770604180617 0.5239008828324494 0.5239058014401565 0.5240336624041829 0.5249378944391668 0.5256987855459246 0.5269853282814967 0.5298062639550106 0.5347110303355037 0.5464568314722358 0.58626748368209 0.7980160488177208 
0.6827089796383424 0.24994531675714515 0.5243407324227307 0.5241486277279028 0.5241738361312984 0.5236191743503774 0.5237875497898478 0.5242741471119402 0.5232721339906897 0.5239210417636944 0.5239569040388657 0.5240292005219181 0.5250317522934008 0.5256999368125899 0.5269858704161439 0.5298063479519278 0.5347088733229118 0.5464568457802577 0.5862674812167618 0.798016308257674 
0.004960706575915783 0.1885094121591697 0.5243369809917673 0.5240937840695117 0.5241005643433573 0.5236097966352039 0.5237845689563736 0.5231412494974983 0.5232686467987633 0.5239444507414978 0.5239662991143506 0.5240329505384799 0.5249521029239669 0.525700046249766 0.5269853144934092 0.5298057028199881 0.5346728472457991 0.5464569591316609 0.5862674748983145 0.7980108387162111 
0.5669353288947818 0.7802907054394747 0.5243406351066289 0.5241655311848322 0.5240824662740887 0.5236152866846394 0.5238670883584531 0.523138743236009 0.5232695630709779 0.5239163761286143 0.5239561685598045 0.5240695196669669 0.5250559914564871 0.5256990533288672 0.5269982189826828 0.5298063467847459 0.5347141563858722 0.546457753032219 0.5862674813895694 0.7980174605821201 
0.08724828592035863 0.04314920421826082 0.5243369612122488 0.5241629852255898 0.524079013134728 0.5236090210168333 0.5237777618646204 0.5231336236842409 0.5232705849647926 0.5239171726874959 0.5239125137422043 0.5244877174273483 0.5249532062779803 0.525688988300203 0.5269859098307785 0.5298056637894177 0.534485711976506 0.5464569708343038 0.5862674670758758 0.7980165346761934 
0.15357421911437608 0.16775252837523852 0.5243369754132798 0.5241486049691285 0.5241068261749987 0.5236086544974495 0.5238763160827181 0.5243963320501424 0.5232721820771086 0.5239265747922507 0.5238687274544165 0.5240358025038395 0.5250872494335479 0.5256832137725173 0.5269838529737599 0.5298063516087246 0.5347085335898336 0.5464567433353158 0.5862674808090775 0.7980041792636314 
0.4790445774972356 0.42148378247941476 0.524340927567445 0.5241709687439493 0.5241732666571242 0.5236158374492764 0.5237853605534077 0.5231962361845635 0.523270929141898 0.5239306985665719 0.5238883577833886 0.5240175951472125 0.5250394779743381 0.5257036987294726 0.5269858929127507 0.5298063633665872 0.5347102777970567 0.5464576902277177 0.586267467087551 0.7980090301348304 
