0.017873958864265405 1.2590730997914E-10 0.5127759476547833 0.5065887947819159 0.5018135139833637 0.5005169637085336 0.5001582159276649 0.500475403380792 0.5001791149298905 0.5006242765967426 0.5001533896671148 0.5002484758319522 0.5002253503659728 0.5001617864961526 0.5099735519231442 0.5152413519946402 0.5216988151097358 0.5257379111600237 0.5300248017747271 0.5374421010754664 
1.0 1.0 0.5127126308288755 0.506459626530084 0.5018415482881883 0.5002530703062864 0.5001541803910234 0.5005411284161267 0.5000467661245344 0.5006104615886519 0.5001321232592711 0.5000930877334379 0.5002518218477522 0.5010344354713289 0.5098437747947591 0.5154639407166375 0.5216818424825453 0.5256837301138674 0.5304107176856042 0.536159413245576 
1.0 1.2590730997914E-10 0.5164588640264982 0.5064829016483202 0.503427061415091 0.500541352859153 0.5002318603564576 0.5005009341610962 0.5000590720867538 0.5006246157886148 0.5001602518736556 0.5002242738920416 0.5002253503659728 0.5001617877499988 0.5099556821377056 0.5181627984716767 0.5219334038313699 0.52573945852509 0.5306574766874702 0.5379844158296293 
0.0 1.0 0.5127526584733896 0.5065235485950039 0.5018176862070292 0.5005391990220651 0.5001605506844066 0.50032229785923 0.5000764203469436 0.5006131466989715 0.5001259165790817 0.4999381543173891 0.500262385210925 0.5011367971537145 0.5097497106950237 0.5153045564798584 0.5214276994166712 0.5256821553250577 0.530045597206769 0.5360287656084421 
1.0 0.20271984000828783 0.5165740627415694 0.5064829698936054 0.5034126001270018 0.5005658165373917 0.5001903429979005 0.5004838184015373 0.5000590720867538 0.5006116968491543 0.5001602518736556 0.5002369162851088 0.5002335221008029 0.5012045888803455 0.5099656660999893 0.5181420551198473 0.5216989194103813 0.5256782108345647 0.5306477577009011 0.5379687747394314 
0.46281661290726167 0.05026201947625286 0.5126796646582021 0.5064246629440167 0.5018121292389324 0.5002846216682363 0.5001186795999613 0.4996980241882149 0.4998523153060002 0.5005201918486547 0.5001322639521075 0.4998108342879124 0.5002294328657713 0.5005079914997126 0.50984014348185 0.5153294063898588 0.5216811574402335 0.5256775848326652 0.5300448697847678 0.5373044627267625 
0.11887477410688588 0.6318879475976726 0.5126801744550002 0.506480467924642 0.5018103549438508 0.5005396131115782 0.500162105224577 0.5003181387876233 0.5000602513611113 0.5006125501982609 0.5001525732342074 0.4999596375630007 0.500213284917114 0.5012650480960673 0.5091010138623505 0.5158232032788495 0.5213738934403994 0.5256772984445 0.530450158368681 0.5373005977940701 
0.02869487562377665 0.05700831462189547 0.5127548778173427 0.5064270637140462 0.5018601254623333 0.5005299570658778 0.5001660766511792 0.5004932662975696 0.500075740032601 0.5005263420303617 0.5001328671338423 0.49994400194110356 0.5002348319561549 0.5001481131571156 0.5098371392505148 0.5157900425987761 0.521736098699495 0.5257473636998969 0.53010815107857 0.537336773307695 
0.3588720718679771 0.7495084650794899 0.5148755900915926 0.5065213090028416 0.5019257088331238 0.5005494458462157 0.5002703485191882 0.5006477475935438 0.5000589178248027 0.5006260171150714 0.5001292289897343 0.5002382562661787 0.5002529828226071 0.5012596233893739 0.5090452330766756 0.5170899592439924 0.5217224439536823 0.5257188852180328 0.5300477651603992 0.5373792123845755 
0.2372725318586456 0.9347887217618656 0.5127807642881244 0.5064831766414196 0.5019055338841455 0.5004144693945218 0.500162463009904 0.5004759547822423 0.500053727870154 0.5006116141722959 0.5001479582608862 0.5001379921884291 0.5002288002398663 0.5002098707094484 0.509822963022905 0.5158109029442673 0.5217439891995838 0.5257409739132931 0.5304386670457225 0.5374352086165026 
0.13796447363494752 0.07487421727876642 0.5126881317888274 0.5064307273936982 0.5018145836447835 0.5002721611240433 0.500159624775701 0.4997235960693778 0.5000199579883713 0.5005210971862365 0.5001324613372606 0.49977719838030243 0.5002308987454398 0.5001918172931935 0.5099970271085564 0.5181192069358983 0.5214088969847962 0.52567413051377 0.530046968855345 0.5373931652971707 
0.7210280225066451 0.30593137689600763 0.5127525946881613 0.5064827112921975 0.5018298782785556 0.5005233584373824 0.5001660057339171 0.5005298839554931 0.5000744266723296 0.5006125413887829 0.5001532103619084 0.49986372282137076 0.5002341444686964 0.501356973475435 0.5099975266383423 0.515318461650109 0.5217044214675651 0.5257469781269761 0.5301150614779955 0.5375063041018592 
0.06195513816419854 0.9258654606342787 0.5126904772214043 0.5064801457541213 0.5018126739472099 0.5003077134187687 0.5002304875201288 0.500501082608967 0.5000216857744199 0.5006332544364945 0.5001541783813866 0.5002641395807168 0.5002333142081616 0.5001722110574036 0.5103333465289912 0.5171403440887596 0.5217357583075517 0.5257362426956252 0.53005817219702 0.5360433901417042 
0.04874988251519191 0.17417611874972957 0.5126871794277296 0.5065005774532446 0.5019100422610934 0.500555994262758 0.5001848230606216 0.5004749617780009 0.4999942663850926 0.5003052000975594 0.5001334151207172 0.5000187383950426 0.500233455848491 0.5010727123882251 0.5098345277671621 0.5155156514633555 0.5216972928278656 0.5257381133507648 0.5300783404535315 0.5374161592845427 
0.6563453422069201 0.30593137689600763 0.5127033620847545 0.5064827112921975 0.5018298782785556 0.5005233584373824 0.5001605231772337 0.5005298839554931 0.5000744266723296 0.5006122245781138 0.5001345892539721 0.49986372282137076 0.5002341444686964 0.501356973475435 0.5099914302371545 0.515318461650109 0.5214300637170222 0.525748605139437 0.5301150614779955 0.5375063041018592 
0.16694291329235347 0.6175673857251969 0.5127861813185522 0.5064602114046924 0.5018916856328062 0.5006781097201483 0.5001617508029449 0.5005648442280456 0.4998823256088917 0.5006255496080868 0.5001518176045856 0.49994204239866813 0.5002157596547719 0.5013797203593586 0.5099612842659749 0.5157568437453335 0.5217450803725935 0.5256793276827618 0.530044721932702 0.5372855520936495 
0.6820096982991056 0.9117770104297991 0.512749414549088 0.5064849353536706 0.5019064965650206 0.5007305146666897 0.5002850221879526 0.5006023329422723 0.50006135476433 0.500625963084624 0.5001525067491583 0.5002605809690298 0.5002646093660962 0.5013619361813216 0.5102936268879594 0.5158162121039056 0.5217040622133766 0.5257408180519956 0.5304634324928864 0.5381848633665522 
0.33869705839557196 0.276586196252829 0.5126682032048895 0.506481687070889 0.5019155064293415 0.5006247322443849 0.5001208340369948 0.5003183035367202 0.4999886151642113 0.5006212546836931 0.5001518257993852 0.4999537177253024 0.5002334981742356 0.5001216459984731 0.5099695733224217 0.5153200665416328 0.5217043661755786 0.5256778826293218 0.5299083890213933 0.5374546421055864 
0.9827714387871829 0.25242823657577973 0.5126781333192114 0.5064893677691946 0.5034884124500378 0.5005562433312337 0.50015988413929 0.5005021164738535 0.49998578268934546 0.5005150425631216 0.5001292084351121 0.49987379448652214 0.5002505178038501 0.5001755666182672 0.5099665678988119 0.5181188799971788 0.5217315736826894 0.5257153726021836 0.5300571777300925 0.537459849742682 
0.2965499227884407 0.8872446753933818 0.5127501336671162 0.5064278041622147 0.5019063830694742 0.5007305146666897 0.5002822817422784 0.5005746391413428 0.50006205562015 0.5006260437623425 0.5001525067491583 0.5002637019010303 0.5002643181175853 0.5013570658771496 0.5099876907440164 0.5158162121039056 0.5217042948126128 0.5257370309061848 0.5304015410148728 0.5379617293647365 
0.4427855914338287 0.536878228354297 0.5127645535994487 0.5065659155366377 0.5018134959393161 0.5002888907409726 0.5001402277409883 0.5004660964389845 0.5000236553869228 0.5007145462396613 0.5001297181731369 0.5002382855257423 0.5002251278992493 0.5001658495056428 0.5098505890279189 0.5170899592439924 0.5214431012093673 0.525676337608633 0.5300478742307982 0.5360717280828291 
0.37154071694703666 0.20290663042325352 0.512680503665089 0.506402287189544 0.5019215926456762 0.5005535436769678 0.5001302413741482 0.4990545016939901 0.4998491887615853 0.5006188512527595 0.5001333593607913 0.499891099769179 0.5023749543277432 0.5002258979877091 0.5091479057730459 0.5155475587982145 0.521692262594825 0.5256595795383903 0.5299027377847486 0.5361126306584728 
0.18595898343717654 0.11131221136861283 0.5126700023061616 0.5064652284001003 0.501748209555333 0.500330141885771 0.5001296449984904 0.5004742139873966 0.4998769851772135 0.5006226851489228 0.5001309734714933 0.5001455930392997 0.5002500274927645 0.5001429321482098 0.5098761606426518 0.5157464087276681 0.5213846721259306 0.525665901242146 0.5300579618334088 0.5359997207543586 
0.22062410024075205 0.6610162974657057 0.5127027795513437 0.5064686559093984 0.5019055338841455 0.5004686882477632 0.500162463009904 0.5004759547822423 0.5000243318370436 0.5006116407097111 0.500133037671893 0.5001379921884291 0.5002288002398663 0.5002098707094484 0.509822963022905 0.5153919146475876 0.5217439891995838 0.5257390556153863 0.5300354496234767 0.5374352086165026 
0.5764477829081176 0.6668169021472067 0.5127790420908336 0.5064785277873369 0.5018177877847804 0.5014593972272849 0.5002301723977205 0.49968964034649965 0.5000541802188674 0.5006261590370409 0.5001547234488318 0.4998083200105865 0.5001431760573062 0.5002002774311001 0.5099720660738627 0.5155036629420724 0.5217052078356269 0.5256680014741524 0.5300541408024922 0.5373319879014347 
0.25125092920375147 0.8021137381156027 0.5127715115090539 0.5064720195448752 0.5019296554126104 0.5005662271195933 0.5001706653972003 0.49972117185469694 0.5000849662286965 0.5006081577434387 0.5001524311720797 0.5001910937897697 0.5002499503707383 0.5012342279608745 0.5098488435971159 0.5157650567157231 0.5217268605386547 0.5256778932747532 0.5300306277265774 0.5373087859113704 
0.14551700547445356 0.7384474686361739 0.5127790830111053 0.506460342221715 0.5018423792381506 0.5005496837015141 0.5001173083911411 0.5004845452482249 0.500055906509151 0.5006131793900589 0.5001293501953172 0.4999468742698031 0.5002314033709172 0.5011600075500927 0.509043600981502 0.5155547676698387 0.521740113784682 0.5256839105297524 0.5300638138585679 0.5373838881541613 
0.08723310677385601 0.9319504501279399 0.5128355784475662 0.5064943458342851 0.5018396066282285 0.5005140977730613 0.5002294177608462 0.5005353078523732 0.5000478816481784 0.5007019511433599 0.5001612659155442 0.5001894628133461 0.500223046671485 0.5010538039438969 0.5099231425533274 0.5168928163391604 0.5219436807790493 0.5257395911342512 0.5306443640908788 0.5373255830528185 
0.36735049475006787 0.5370135942510122 0.5127641685470469 0.5064665778132889 0.501813428090874 0.4976800226136734 0.5001203778384403 0.5003032779289608 0.5000247451749149 0.5006198879328748 0.5001296728276627 0.49993614390355534 0.5002336168500838 0.5002019557964709 0.5098783315357067 0.5155858317163916 0.5213688982383997 0.5256774105204352 0.5300420256243307 0.536064471040665 
0.15685001035844912 0.8551585693232793 0.5126789913200682 0.5064817463347836 0.501926933555438 0.5005622694857526 0.5001210507094453 0.5002911201062265 0.5000767965440244 0.5006212556841159 0.5001342364239696 0.49986539480139125 0.5002328755100792 0.5001216459984731 0.5099657049458123 0.5155001117312035 0.521395650162927 0.5256854588435346 0.5299083890213933 0.5373118241920212 
0.025283966896720994 0.2124857669331753 0.5148755900915926 0.506521940662973 0.5019257088331238 0.5002698061807037 0.5001403579542133 0.5004662868903872 0.4998775977761192 0.5006193925278171 0.5001285577845628 0.5002382562661787 0.5002529828226071 0.5012596233893739 0.5090452330766756 0.5170899592439924 0.5217224439536823 0.5256594848814069 0.5300478868121478 0.5373792123845755 
0.5520098199577115 0.28430364060109115 0.5127723975969631 0.5064650738626999 0.501923916237355 0.5005554820289644 0.5001605300900145 0.5004764719266275 0.4998539885511086 0.5006252372821458 0.5001451028184437 0.4998807203384284 0.5002521254947342 0.5012140778304031 0.5097656811630945 0.5154863820541487 0.5216794349997997 0.5256828041601966 0.5300479376963112 0.5373070286472603 
0.22300720329174656 0.26200881318070235 0.512779267460731 0.5064963817203149 0.501910047927973 0.5005647809893732 0.5001607959398267 0.5005255221458181 0.499986936501381 0.5005185154428948 0.5001528745437247 0.5000221928756313 0.5002505156081524 0.5011766826623323 0.509848459671164 0.515824189333139 0.5217054084220457 0.5257326601083357 0.5300571012947335 0.5374617072403671 
0.7005271105010714 0.7032888686259168 0.5127751670029636 0.5064817968899635 0.5018227345465115 0.5007257382984635 0.5002671876769509 0.5004671497427152 0.49999763216932624 0.5006264816827635 0.5001527055197735 0.4999556240147345 0.5002521107019207 0.5012387084088114 0.5100550077136478 0.5155276836959357 0.5217027228700285 0.5256932743365825 0.5300449876788859 0.5375470088621123 
0.25125092920375147 0.2971208699456059 0.5127715115090539 0.5064721097755894 0.5019296554126104 0.5005662271195933 0.5001706653972003 0.49972117185469694 0.5000748606176024 0.5006081723841507 0.5001524311720797 0.5001910937897697 0.5002499503707383 0.501200317683497 0.5098488435971159 0.5157650567157231 0.5217268605386547 0.5256778932747532 0.53003395143093 0.5373097744305964 
0.38509861620839697 0.3683707739632732 0.5126741328802068 0.5064533197525288 0.5017750428292947 0.5005690566949145 0.5001571733036086 0.5003174281072629 0.5000591570990146 0.5006129703432745 0.5001519961422702 0.49995556328472934 0.5002187909497129 0.5001601605718294 0.5097375109895476 0.515261562020276 0.521683186350093 0.5256753162334555 0.5300579981006297 0.5373494197874041 
0.0056172700788441055 0.014203918635367185 0.5127605653177394 0.5063343935476933 0.5017676573823394 0.5002927229600996 0.5001170748177369 0.5004679285071744 0.5000561229120873 0.5006134799407022 0.5001285436492018 0.4999710601986529 0.5001473423119037 0.5011600075500927 0.5098803831653422 0.5154606157822664 0.5214609144878194 0.5256633456590629 0.5300638138585679 0.5375165011331395 
0.3992936354818879 0.6548577530507426 0.5127015104473085 0.5064679327284402 0.5018186054134511 0.5015321964337398 0.5002301328806349 0.5004632704929144 0.5000251341393642 0.500612421325406 0.5001324947045822 0.5001886646955516 0.5002159220038431 0.5001787682376063 0.5091440172136885 0.5153960703414762 0.5213066241631306 0.5257390725237155 0.5300362160822905 0.5374049784832976 
0.5986474607653962 0.6730594370647708 0.5127116352354956 0.5064670337367072 0.5018181353361075 0.5002545282175039 0.5001569100336084 0.5005406152344504 0.5000416557099305 0.5006260879925473 0.5001516381578355 0.5001798303859356 0.5002155196630402 0.5010368801498161 0.5099937788630406 0.5153990479649636 0.5217076887692597 0.5257377122041683 0.5304107102954454 0.5356711740748684 
0.6461334985231763 0.8294683656320556 0.5127669381466458 0.5064905861304474 0.5019260434852995 0.5005293234007047 0.5002306165554055 0.5005516799851172 0.5001920533156751 0.5005206129133443 0.5001310889520727 0.49977475873245314 0.5002195835859022 0.5012306962810303 0.5099852594529579 0.5170758325883682 0.5217407990808504 0.5256933015855512 0.5300585265674582 0.5379877302356424 
0.31202503226831557 0.207154077170079 0.5127715104431395 0.5064252548475996 0.5019276238071537 0.5005490361156315 0.5002796969688038 0.5005600648187088 0.500080093571585 0.500520119283608 0.5001537366996243 0.5002312928254073 0.5002495179257707 0.5003178232835748 0.5100475332763161 0.5168956515496291 0.5217268326438247 0.5257377129604771 0.5306702762956287 0.5373682152569234 
0.10229195336256564 0.07695304432909562 0.5126870221297872 0.5064208300247021 0.5018135060204395 0.5002721611240433 0.5001555915659772 0.4991423918895478 0.4999942922601946 0.5005210971862365 0.5001324249353439 0.49978170440953107 0.5002305304786923 0.5001918172931935 0.5099674128636531 0.5153171336435187 0.5214088969847962 0.5256653881067626 0.5300456836585956 0.5373930062140404 
0.5164125115892915 0.2747694948508177 0.5127861948424766 0.5065012961081462 0.5019055338841455 0.5006873360397254 0.5002717592617065 0.5005015829693598 0.5000142065503325 0.5006330889217095 0.5001541342645154 0.5002649203259838 0.5002332993742619 0.5012821415664401 0.5103179057942352 0.5171800995575996 0.5217310005966076 0.5257364656655522 0.5304473147564932 0.5373192574122808 
0.39545965520740933 0.9659671552825142 0.5162478010332295 0.5066036139763462 0.5018139248539154 0.5007104050925743 0.5002794782183885 0.5003212605210012 0.5001856822221178 0.5006128963288741 0.5001314447956448 0.5002459422231577 0.5002484136532315 0.5012203865082406 0.5090960831336652 0.5153076297349005 0.5217016153169911 0.5257382980505569 0.5306471128654092 0.5375059062990158 
0.0 0.44137415927023027 0.5127526584733896 0.5065235485950039 0.5018176862070292 0.5003348520323865 0.5001289379841438 0.5003119808794656 0.5000764203469436 0.5006131457620447 0.5001259255017987 0.499935297370763 0.5002498614722674 0.5011384982400812 0.5097460304378992 0.5152760036378313 0.5213821215156157 0.5256821553250577 0.530045597206769 0.5360287656084421 
0.2545420941285992 0.026178366565512534 0.5126809592350133 0.5064211761047804 0.5018121290990466 0.5003077134187687 0.5001617071318837 0.49977687119438685 0.4998767638535056 0.5006223687660087 0.5001518597692054 0.4999393098803332 0.5002149759975828 0.5001680803976656 0.5092244284375129 0.5155462751520391 0.5214214906810599 0.5256744252584878 0.530023617006698 0.5360405343157354 
0.5071759388752873 0.6558781998419771 0.51270175509508 0.5064679327284402 0.5018186054134511 0.5015321964337398 0.5002306049663379 0.5005529635879573 0.5000251341393642 0.500612421325406 0.5001325080424476 0.5001886646955516 0.5002159220038431 0.5012568307699103 0.5091440172136885 0.5153960703414762 0.5213066241631306 0.5257390725237155 0.5300362160822905 0.5374049784832976 
0.46413876370283447 0.30593137689600763 0.5126723202953719 0.5064524403112075 0.5017766007909338 0.5005233584373824 0.5001570541654687 0.5005298839554931 0.5000744266723296 0.5006125413887829 0.5001532103619084 0.49986372282137076 0.500217905778063 0.5001638297063761 0.5097397095496132 0.5152504412889335 0.5217044214675651 0.5257469781269761 0.5301150614779955 0.5373492514375261 
0.2966170686956614 0.422291493885968 0.5127647931188534 0.5064911938070545 0.5019109951676648 0.5005290088325831 0.5001493360531096 0.5005027780424932 0.500075740032601 0.500610661622401 0.5001447234649352 0.4999413031430077 0.5002357135755459 0.5001481131571156 0.5098364743855219 0.5181288411146223 0.5217314308101726 0.5256934714991357 0.5304176108014916 0.5379856221723072 
0.10107384407905029 0.8484228611521398 0.5127714636338272 0.5064905242471847 0.5019260440040559 0.5005647066911283 0.5001822361422689 0.500571770952037 0.5000761920260128 0.5006316456864035 0.5001559592625492 0.500291850049963 0.5002518296218038 0.5013681703866486 0.5099886389690903 0.5157611236407988 0.5217270889325656 0.5257342851401975 0.5300479723841902 0.5374673402781178 
0.5438741696838136 0.8072211533937007 0.5126809084654417 0.5064658374999379 0.501922912961119 0.500563972294426 0.5001593086716799 0.500537893279226 0.5000574424375236 0.5006260781565919 0.5001451028184437 0.4999343650518011 0.5002325330310423 0.5012616955060476 0.5098757113397392 0.5155223205714533 0.5216899423862449 0.5256830128848675 0.5300597896021909 0.5372757566953773 
0.2176100328268665 0.30263609527542407 0.5127669381466458 0.5064905861304474 0.5019260434852995 0.5004143317786576 0.5001454443727491 0.5005516799851172 0.5000201785655867 0.5005205156682302 0.5001310889520727 0.4997773603974047 0.5002195835859022 0.5012306962810303 0.5099852594529579 0.5170758325883682 0.5217407990808504 0.5256933015855512 0.5300449197353304 0.5379877302356424 
0.10107384407905029 0.8335989980142908 0.5127714636338272 0.5064854283492801 0.5019264691952877 0.5005657931413431 0.5001822221916185 0.5005751250666057 0.5000761920260128 0.5006320368523244 0.5001530603100771 0.5002687872066175 0.5002518296218038 0.5013639785763274 0.5099885552815069 0.51575461060036 0.5217252202628817 0.5257347596485318 0.530032683678548 0.5374708977277252 
0.16009345389830504 0.20516699970159719 0.5126847446728775 0.5064727052003968 0.5018236400276286 0.5004164790986898 0.5001359027443033 0.5005601393518146 0.4998633883963821 0.5005182132951747 0.5001281354828341 0.4998647662731792 0.5002189026187386 0.5003119440205869 0.5098475790318724 0.515521924812734 0.521340878309956 0.5256797666415093 0.5299170578820829 0.5373096939040761 
0.33023829129513727 0.2891633050599107 0.512697041295623 0.5065593774102287 0.5019724854160517 0.5003021572287822 0.5001617344697411 0.5004752177310521 0.5000019520668202 0.500621541764108 0.5001314524838819 0.4997739521324145 0.5002196353278332 0.5011756420729022 0.5067239008174297 0.5157326841569784 0.5216758751305088 0.5256817771913024 0.530020407097431 0.5374258026292145 
0.5208847283401791 0.641011470996661 0.5127501942267928 0.5064862761939051 0.5018909693622613 0.50072944341864 0.500288590198599 0.5002944364622793 0.5000614323008633 0.5006211632451498 0.5001525067491583 0.500267313273206 0.4974124458164737 0.5012019789591595 0.5090856690141146 0.5153932994968451 0.5216841718038088 0.5257370309061848 0.5304015410148728 0.5379907852424661 
0.5055550717541495 0.13332752645350646 0.5128385155681563 0.5065989279490558 0.5019158619678457 0.5005419596764767 0.5002800761603623 0.5006505615410138 0.5001822960193716 0.5006227482789612 0.5001525016666554 0.5002418575574026 0.5002648186728782 0.5001917419856585 0.5099593853179878 0.518116433045746 0.5219479018931186 0.5257367482270481 0.5304329264138263 0.5384185584757843 
0.09472319771500215 0.30785092769711775 0.5127140337885572 0.506468934113443 0.5018500344185434 0.500526919971374 0.5001579595802838 0.500561084567654 0.5000714313508281 0.5006252299152515 0.5001311833662374 0.5000818107885043 0.5002290766915539 0.5012268919811801 0.509884412159571 0.5154660378081611 0.5216749354903519 0.5256658336537424 0.5300530161754232 0.5374434422808662 
0.43414836170029114 0.6719010128787561 0.5127637572722245 0.5065630270871849 0.5019186001274064 0.5002888907409726 0.5001402277409883 0.5004660964389845 0.5000236553869228 0.5007145462396613 0.5001297181731369 0.5002382855257423 0.5002251278992493 0.5001658495056428 0.5098678160709009 0.5171550674187003 0.5214431012093673 0.5257384708913571 0.5300478022423277 0.5360717280828291 
0.19614043099418724 0.5653454717724936 0.5127487123621527 0.5065908147022747 0.5019152095219414 0.5007284879379619 0.5002245057452809 0.500547401861603 0.5000764653889603 0.5006212494991573 0.5001536104883935 0.5002630970881943 0.5002478866908592 0.5011739799018128 0.509840146677924 0.515819588722282 0.5217505724600926 0.5256785893246403 0.530399700718247 0.5374548334343203 
0.15065614601387708 0.26142554124123885 0.5126774776559085 0.5064964409842094 0.5018163097750609 0.5005622950842855 0.5001595772732832 0.5005100842150235 0.4999868446294916 0.5005199676190064 0.5001334023010655 0.5000221864139762 0.5002325201155716 0.5011761128419586 0.5098494301914763 0.5155156507327282 0.5217054084220457 0.5256830254122499 0.5300570797227381 0.5360471316366819 
0.20342371518840632 0.45752901919087174 0.5127642005921975 0.5064673955592067 0.501812552174971 0.5005282230713961 0.5001374286896862 0.5004834881191398 0.4998805723426729 0.5006224290338095 0.5001516381578355 0.5001305134797474 0.5002148692144078 0.5001473081782346 0.5097798343011504 0.5155274426122757 0.5214216119712644 0.525738305268383 0.5303985740163892 0.5356410040468094 
0.5114498984679723 0.8853600694190457 0.5128423749647684 0.5065986032712517 0.5018126739472099 0.5005419016466919 0.5002805943385922 0.500501082608967 0.5001836434622489 0.5006332544364945 0.5001541783813866 0.5002641395807168 0.5013869796173842 0.5001722110574036 0.5103244696412238 0.5171403440887596 0.5217357583075517 0.5257362426956252 0.53005817219702 0.5383292740531722 
0.39545965520740933 0.7712308168039298 0.5127644935861977 0.506607350174294 0.501817875190262 0.5007139368222479 0.5002865746412498 0.500322291925098 0.5001758554554911 0.5006124766981768 0.5001283468109091 0.5002459422231577 0.5002474629390415 0.5012203865082406 0.5090960831336652 0.5153076264250993 0.5214268290131543 0.5257375818065152 0.5304501594368703 0.537492265300024 
0.7582422390365653 0.288245744025838 0.5127520005381057 0.5065830344099534 0.501819397589022 0.5006313354245789 0.5001658329680491 0.49918035872153527 0.499995256805756 0.5005145819229934 0.5001278466242448 0.4997992262827831 0.5001439839249959 0.5001216459984731 0.5099682733193833 0.5153269986301423 0.5217116262376922 0.5257141532881464 0.5299074783645256 0.536135654535186 
0.7955883813319303 0.27645675343676734 0.5126682032048895 0.506481687070889 0.5019155064293415 0.5006308516488248 0.5001210507094453 0.500313021963189 0.4999884962077543 0.5006212546836931 0.5001537086666288 0.4999585445279412 0.5002334981742356 0.5001216459984731 0.5099657049458123 0.5153038967254576 0.5217043661755786 0.525715754485408 0.5299083890213933 0.5375749285041714 
0.7886670325808454 0.21101457173207497 0.5127001646200273 0.5064847370290588 0.5019064364152727 0.5006315878863444 0.5001661203567218 0.5005660230316551 0.5000974906391302 0.500517816548949 0.5001327072921883 0.5002664757021488 0.5002522206342381 0.501356821491285 0.5099887847763633 0.5155270610036459 0.5213561114556384 0.5257413017797891 0.5299015363501759 0.5374154219731619 
0.36735049475006787 0.5772944140076758 0.5127641685470469 0.5064665778132889 0.5018177144673291 0.5005475612177241 0.5001202741966408 0.5003032779289608 0.5000628419011804 0.5006260097974311 0.5001332738769971 0.4999424849830278 0.5002336168500838 0.5013686991086665 0.5098783315357067 0.5155228634178195 0.5213691091821456 0.5256774105204352 0.5300420235766433 0.536064471040665 
0.33023829129513727 0.9389595612833519 0.512697041295623 0.5065593774102287 0.5019724854160517 0.5024671988190386 0.5001658992810742 0.5005014478491945 0.5000234448578565 0.500621541764108 0.5001535580280285 0.5002660774009858 0.5002504923308552 0.5011756420729022 0.5102172303732602 0.5157326841569784 0.5216867506787711 0.5257150746628724 0.5300579647609025 0.5374551115810082 
0.2292010676363186 0.8797104601154417 0.5127791094625518 0.5064818741825906 0.501926933555438 0.5005647553908402 0.5001376999859865 0.500313021963189 0.5000767965440244 0.5006224169986337 0.5001536959708279 0.49986540126304635 0.500250862918786 0.5001216459984731 0.5099625843945151 0.5158107492488094 0.521395650162927 0.5257346999389768 0.5299083890213933 0.5373118241920212 
0.1812493642358352 0.028044990696839495 0.5126809223387585 0.5064235230302471 0.5018126739472099 0.5003077134187687 0.5001617071318837 0.49972822935419237 0.4998767638535056 0.5006223687660087 0.5001518281594965 0.49994786478898834 0.5002150846467129 0.5001680803976656 0.5092244284375129 0.5155462751520391 0.5214214906810599 0.5256744252584878 0.530023617006698 0.5360433901417042 
0.4877452569228994 0.2762882960407906 0.5126809223387585 0.5064274263520568 0.5018126739472099 0.5003077134187687 0.5001617071318837 0.500472623097423 0.4998767638535056 0.5006223687660087 0.5001518281594965 0.49994786478898834 0.5002150846467129 0.5012520558363301 0.50985829639126 0.5155462751520391 0.5214211699494101 0.5256797538487483 0.5300230551703932 0.5360433901417042 
0.6035893368212217 0.6406251192511022 0.5127558590417801 0.5065503028666414 0.5018118530784039 0.5005509715857879 0.500227006512981 0.5005660744147208 0.5000764653889603 0.5007148052025127 0.5001540730051903 0.5001784702782879 0.5002329985875672 0.5011531446132599 0.5100002683167899 0.5180174627525638 0.5217511729608357 0.5257157083552538 0.5304468316736053 0.5374153209531595 
0.7552854530817661 0.25242823657577973 0.5126803106514388 0.5064893677691946 0.5034884124500378 0.5005552720846471 0.5001598550918094 0.5005021164738535 0.49998532987091926 0.50051229121487 0.5001292084351121 0.49987379448652214 0.5002503486367872 0.5001218450763494 0.5099665678988119 0.5181188799971788 0.5217315736826894 0.5257153726021836 0.5300456386697016 0.5374606147645523 
0.09019882366596882 0.09064499204591597 0.5126870221297872 0.5064219498431127 0.5017738968860829 0.5002721611240433 0.5001555372552267 0.49919884029718226 0.4999956426587569 0.5005153909872371 0.5001324249353439 0.49978170440953107 0.5002314701043893 0.5001918172931935 0.5099546212441485 0.5153171336435187 0.5214088969847962 0.5256648703136265 0.5300456836585956 0.5373920522966393 
0.19614043099418724 0.5771551780843053 0.5127487123621527 0.5065908147022747 0.5018623878634544 0.5007284879379619 0.5002258518576006 0.500547401861603 0.5000764653889603 0.500620321267357 0.5001535907870687 0.5002600726106482 0.5002478866908592 0.5011739799018128 0.509840146677924 0.515819588722282 0.5217505724600926 0.5256785899075691 0.5304007915786942 0.5373981380165521 
0.5052023221261503 0.20651742467518386 0.5127526879503067 0.5064914105617438 0.5019207044464873 0.500526130347361 0.5002270627844546 0.5005289519645946 0.5000643284295913 0.5005124102732108 0.5001536811330821 0.5002371255603332 0.5002191557176415 0.5012277683193642 0.5067269041709574 0.5171838689746475 0.5217043653268185 0.5257467717074604 0.5299128492874026 0.5373083572830233 
0.2913170284338624 0.9735642430828828 0.5127396009287299 0.5064830137278964 0.5017748228269224 0.5004047305212838 0.5001657524553543 0.5005341925268478 0.5000425630881546 0.5005159374542701 0.5001537963795152 0.4998735558840263 0.5002524061975757 0.5001636932647956 0.509964478765059 0.5152544140398498 0.5217000153073871 0.5257148500014492 0.5306459221382885 0.5374087324701482 
0.5046068910531576 0.5449985006147929 0.512678193606264 0.5064905861304474 0.5019260434852995 0.5005492092297255 0.5002306165554055 0.5005502044899903 0.5000221621251013 0.5005205941765116 0.5001334799103047 0.5000186283088913 0.5002326960055923 0.5012306962810303 0.5097110281224098 0.5170758325883682 0.5217049954542992 0.5256933015855512 0.5300584713471387 0.5374620584290356 
0.6481397471735647 0.8294683656320556 0.5127662261960911 0.5064905861304474 0.5019260434852995 0.5005293234007047 0.5002306165554055 0.5005542733132191 0.5001920533156751 0.5005206129133443 0.5001526518900921 0.49977475873245314 0.5002195835859022 0.5012306962810303 0.5099723697999049 0.5170758325883682 0.5217407990808504 0.5256933015855512 0.5304076460242897 0.5379907483027041 
0.2835344115722151 0.4406703645871577 0.512760248385815 0.5064664391944113 0.501817716064953 0.5002659222920854 0.5001595460488308 0.5005569340783571 0.5000615275786534 0.5006260391024964 0.5001292403592124 0.49993460460599437 0.5002526572333698 0.5012611208951938 0.5098784698498517 0.515528665359677 0.5216900550593492 0.5256830075326259 0.5300579714482571 0.5360605854401146 
0.7080596136826192 0.02060655871351269 0.5126912025918222 0.5064865376686265 0.5018146477900294 0.5005359704026865 0.5002309479473781 0.4997519802308537 0.49999827041426326 0.500517814547292 0.500132396144206 0.4998389764235169 0.5002505430920542 0.5001722720297258 0.5100518047065713 0.5171325274765042 0.5217319051166779 0.5257365219910817 0.5300558053817279 0.5374572919099144 
0.5391669733259001 0.838136409177879 0.5126809084654417 0.5064658374999379 0.501922912961119 0.5005415331523674 0.5001620235919928 0.5005005857841768 0.5000574149344097 0.5006245846519831 0.5001451028184437 0.4999379827373165 0.5002325330310423 0.5012616955060476 0.5098757113397392 0.5155223205714533 0.5216906140789693 0.5256830305329175 0.5300597896021909 0.5372844768735671 
0.27330685361623563 0.07365256734972019 0.5126811134523811 0.506454004734583 0.5017677570222356 0.5005157564230337 0.5001360417649219 0.5005007613765425 0.5000744266723296 0.5005082602597393 0.5001345480949383 0.4998469532475814 0.5002246301683252 0.5012063270083109 0.5098403290751627 0.5153183957416247 0.5216781281521109 0.5256812953985357 0.5299969767472226 0.5362196272400974 
0.5764477829081176 0.10508780006882484 0.5127773941445515 0.5064158171279403 0.5019264974624171 0.5004164662195075 0.5001569541315721 0.5005597439582159 0.500054313651405 0.5006263645767843 0.5001310084542072 0.4998083200105865 0.5001431760573062 0.5012094252322576 0.5099851958207596 0.5170168620885124 0.5217052078356269 0.5256929830136893 0.530053288943726 0.5379943848078009 
0.8442750414148935 0.8023744381222457 0.5126860989306351 0.5065214277127978 0.5018893519653591 0.500515335177712 0.5001357869064065 0.5005746686697712 0.5000591736113167 0.50062127829386 0.5001529451539266 0.5002087808897278 0.5002185488162862 0.5012507158084553 0.5098493142759786 0.5155225938796227 0.5214390088625013 0.5257397980934673 0.5306552356214237 0.5375364743990076 
0.5217679953482783 0.30593137689600763 0.5127033620847545 0.5064827112921975 0.5018298782785556 0.5005233729110404 0.5001606884906707 0.5002873734475579 0.5000744266723296 0.5006120614124558 0.5001345892539721 0.49986829779529873 0.5002341444686964 0.5012002119942127 0.5099914302371545 0.515318461650109 0.5214300637170222 0.5257369308686904 0.5301150614779955 0.5375063041018592 
0.07500398668051086 0.6693896438463873 0.5126950457677313 0.5064557180341255 0.5018178905533537 0.5007165491332239 0.500161282228966 0.5004632776839789 0.4998759823080844 0.5006263900366641 0.500145358128483 0.4999486124146751 0.5002155785608722 0.5014114830214597 0.5091915937276377 0.5155409856434284 0.52168003406525 0.5257378320994285 0.5300182198372819 0.537306935340399 
0.22927605473938778 0.8335989980142908 0.5127799952391905 0.5064854283492801 0.5019263940474757 0.5005657931413431 0.5001822221916185 0.5005751250666057 0.5000762117837515 0.5006320368523244 0.5001530603100771 0.5002687872066175 0.5002513016270546 0.5013540485544652 0.5099887978280473 0.5158113963684602 0.5217432533441025 0.5257347596485318 0.530032683678548 0.5374708977277252 
0.7059011149990229 0.9399598906629109 0.5128355784475662 0.5064944475429438 0.5018410989796289 0.5005140977730613 0.5002294177608462 0.5005353078523732 0.5000478816481784 0.500700364536264 0.500161275972223 0.5001931478125939 0.500223046671485 0.5010538039438969 0.5100550908744387 0.5168479609471366 0.5219436807790493 0.5257396509605128 0.5306295556244792 0.5373255830528185 
0.3900952718206938 0.8359285356984053 0.5127020521717334 0.5064817498676045 0.5018186054134511 0.5014669404158808 0.5002300901735066 0.5004632704929144 0.5000757595081162 0.500612421325406 0.5001536561591606 0.5001886646955516 0.5002159220038431 0.5001787682376063 0.5099680200786433 0.5153960703414762 0.521701867192814 0.5257390720366634 0.530036478424471 0.5375719731378217 
0.40818070080611124 0.6705349369474198 0.5127020521717334 0.5064816177253072 0.5019244331525243 0.5014669404158808 0.5002313815242252 0.5005150404191742 0.5000251341393642 0.500612421325406 0.5001534154279065 0.5001886646955516 0.5002348131567271 0.5001787682376063 0.5099680200786433 0.5153960703414762 0.5217018861027608 0.5257390725237155 0.5300366093094568 0.5375719731378217 
0.3135566120647059 0.207154077170079 0.5127704487515476 0.5064252548475996 0.5018124374366623 0.5005490361156315 0.5002796969688038 0.5005603227941373 0.5000056919408445 0.500520119283608 0.5001323834708381 0.5002312928254073 0.5002279887940826 0.5003178232835748 0.5100554576214233 0.5169705969418878 0.5216969461234618 0.5257377129604771 0.5306702762956287 0.5373675423345111 
0.18925128759364912 0.44529592150126884 0.5126812897254904 0.5064640435093167 0.50174944868612 0.500330141885771 0.5001296449984904 0.5004718144904196 0.4998819740512699 0.5006226836433392 0.5001309734714933 0.5001488099085033 0.5002500274927645 0.5012537159803553 0.5098761606426518 0.5153137175799002 0.5213846721259306 0.5256625904673596 0.5300580010619423 0.5359997207543586 
0.25230051253847907 0.11009641221680316 0.5127716371313122 0.5064720195448752 0.5018170656301314 0.5005662271195933 0.5001568201146719 0.49972117185469694 0.5000849662286965 0.5006081577434387 0.5001524311720797 0.5001910937897697 0.5001415627060606 0.5012342279608745 0.5098481882180524 0.5157650567157231 0.5217060710372908 0.5256778932747532 0.5300313944491573 0.5373087859113704 
0.4864199802660699 0.952363674350323 0.5124003311669788 0.5064943777416986 0.5018150453489644 0.5002913115893183 0.5001603879271409 0.5005739567392896 0.5000639832196586 0.500625780922594 0.5001482286143052 0.5001462407945021 0.500253134354713 0.5012644680205167 0.5090967385453052 0.5183263922469694 0.5216884490239102 0.5257382017245307 0.5300579510190183 0.5380026955531599 
0.277134916375388 0.4406703645871577 0.512760248385815 0.5064664391944113 0.501817716064953 0.5002655676345807 0.5001595460488308 0.5002913141844424 0.5000177208796636 0.5006127054599316 0.5001292403592124 0.4999401865891939 0.5002526451150471 0.5012171970144481 0.5098784698498517 0.515528665359677 0.5216900550593492 0.5256830075326259 0.5300248672213835 0.5360605854401146 
0.8296184066876369 0.8212891834277296 0.5126860562301215 0.5065164326798504 0.5019219160569393 0.500515335177712 0.5001357869064065 0.5005746686697712 0.5000734983851808 0.50062127829386 0.5001529445070827 0.5002087808897278 0.5002185488162862 0.501252037063408 0.5098493142759786 0.5155233432385707 0.5216838200762175 0.5257397980934673 0.5306552356214237 0.537538980757872 
0.20342371518840632 0.4771423267169562 0.5127637935113282 0.5064673955592067 0.5017747758688673 0.5005296893520664 0.5001374286896862 0.5004834881191398 0.4998805723426729 0.5006224738906331 0.5001516381578355 0.5001305134797474 0.5002148692144078 0.5001473081782346 0.5097796780221806 0.5155031850260153 0.5213782511742975 0.525738305268383 0.5303985740163892 0.5356410040468094 
0.47616050120856873 0.9393654261198069 0.5126826673006818 0.5064943777416986 0.5019140982062887 0.5005503125574937 0.5001606517216214 0.500287996355785 0.5000201765206687 0.5006188275447492 0.5001482286143052 0.5001518227777015 0.5002531222363903 0.5012205441397711 0.5090967385453052 0.5183263922469694 0.5216884490239102 0.5257383208098529 0.5300248467921448 0.5380026955531599 
