128.76976233904878 166.0553332069532 
205.09730707826753 63.30404259712477 
138.93486345006448 155.01052367056266 
164.06309531399955 128.9709379420849 
191.599723296576 85.91039078519545 
157.27296037240185 136.49063168910232 
182.05103828027228 105.93088869721124 
116.25303310204576 175.04284435849422 
151.14183625424425 143.25828464576327 
56.98197955712837 206.3942872156315 
187.76758487495448 91.70912216803849 
50.867579913568235 208.11436426393539 
106.4707334447227 182.56799780352077 
185.57205366508708 100.20049039145499 
208.26424314453263 1.2514532506640999E-14 
23.26446050753874 209.20055149562273 
116.36877300331797 173.36562020528004 
1.3137103173568694E-14 214.54517633517284 
181.54593208617052 106.57868362475915 
171.14733352718784 124.29861049607294 
106.87006727316805 179.33969585571623 
174.62461299631403 119.84797873084305 
82.29561465834807 194.0216361715265 
182.63762309691282 103.08041890170489 
182.05103828027228 105.93088869721124 
179.93391559114184 109.26198320021764 
83.23175904005845 193.48804934966782 
161.9801372290703 131.2943155208243 
128.06460211884652 167.5458261776161 
199.97617475070365 65.07717289256108 
116.23197083782449 175.18375644284237 
158.8493417241308 135.7473195106973 
59.0658968749885 201.79897897978492 
0.33166512920859453 211.61458241578924 
183.60978166555577 100.76137853214942 
75.36151315896961 197.0846166246469 
4.296001416944715 209.7675875035056 
179.14461919958998 117.8877636830314 
1.1149468372010136 210.9103314287487 
129.22050860901538 166.1892498978435 
129.24154556440993 166.1850819220848 
129.22050860901538 166.1892498978435 
129.06866623170598 166.78285141787563 
205.56437527037627 64.81444748259933 
205.56437527037627 64.81444748259933 
139.38203789458618 157.25789359781606 
164.68367790061166 129.4587814641927 
191.82128551337325 86.00973590063083 
158.80214550576537 137.60371569353464 
153.0507649667573 145.00389087301187 
191.71271556789222 98.75005128963566 
213.606880669839 24.368835551730502 
215.16125488644636 1.2928971761021137E-14 
213.46373613562102 24.74235631652248 
213.61411318642882 24.353484100769037 
212.13802754087558 34.97532247271701 
212.7901766855545 27.590065948688657 
215.10580916871848 3.230402286122621 
116.44193350741685 174.92795568870417 
118.70222882721266 173.41433154064796 
116.65386923912654 174.7742743482752 
118.70222882721266 173.41433154064796 
117.30149687939443 174.35028337282353 
1.342575395262517E-14 219.25920129743045 
172.76558542895728 128.23127880686908 
107.64107948315939 180.63353891925107 
106.87537773286178 186.0101824871082 
107.80499395847109 180.47395807009818 
175.29112017249744 125.86539203215662 
183.30251162202507 104.75401343708464 
183.30596047581585 104.58602217930529 
183.223912548658 106.61335453071511 
183.223912548658 106.61335453071511 
183.223912548658 106.61335453071511 
84.83600747711552 194.00650722937309 
200.0391803206313 65.09767645691062 
116.35796028046563 175.2008337998966 
116.29075137543288 176.17867919896014 
159.48785811752413 136.29297420416975 
60.15746842825521 205.69089235344543 
0.6501764335987845 211.67166116295238 
0.33222311219479644 211.97059613632112 
183.85491273419348 100.89590156340047 
6.540854111599632 210.67041705931524 
180.03549553198542 118.47401304409776 
222.0335707603637 1.3341927048503482E-14 
1.3764934619279394E-14 224.79844194853695 
84.8792650345697 194.10543040931205 
60.29111348127166 210.26102234425758 
9.38513877635317 211.0491457438932 
107.6705467959362 180.68298830246866 
192.1621364689382 86.16256826535593 
212.1449769092124 34.97646821919811 
139.48585545001407 157.375025836171 
205.6338550100978 64.83635444451996 
61.69370646317066 206.52895885281671 
129.22751289869322 166.19825804724766 
154.19100638000083 146.08418237949837 
116.45340172638804 174.94518412213526 
200.53007097066487 67.22138633446522 
