-18380.0 -19408.0 
-18380.0 -19408.0 
-19130.0 -18728.0 
-19068.0 -18838.0 
-19039.0 -18882.0 
-18999.0 -18971.0 
-19010.0 -18905.0 
-18659.0 -19312.0 
-18776.0 -19215.0 
-19101.0 -18805.0 
-18536.0 -19386.0 
-18555.0 -19346.0 
-18607.0 -19323.0 
-18478.0 -19391.0 
-18917.0 -19066.0 
-18478.0 -19391.0 
-18425.0 -19392.0 
-19022.0 -18903.0 
-19100.0 -18824.0 
-18733.0 -19217.0 
-18726.0 -19256.0 
-18593.0 -19335.0 
-18918.0 -19037.0 
-18949.0 -19002.0 
-18972.0 -18985.0 
-18839.0 -19155.0 
-19114.0 -18770.0 
-19114.0 -18770.0 
-18856.0 -19128.0 
-18800.0 -19172.0 
-18856.0 -19128.0 
-18877.0 -19096.0 
-19120.0 -18743.0 
-18781.0 -19188.0 
-18972.0 -18985.0 
-18890.0 -19089.0 
-18676.0 -19286.0 
-18543.0 -19372.0 
-18867.0 -19105.0 
-18890.0 -19089.0 
-18676.0 -19286.0 
-18824.0 -19163.0 
-18698.0 -19262.0 
-18941.0 -19024.0 
-18727.0 -19234.0 
-18659.0 -19312.0 
-18402.0 -19401.0 
-18543.0 -19372.0 
-18949.0 -19002.0 
-18999.0 -18971.0 
-18917.0 -19066.0 
-18593.0 -19335.0 
-18607.0 -19323.0 
-18839.0 -19155.0 
-18824.0 -19163.0 
-18407.0 -19395.0 
-18555.0 -19346.0 
-18681.0 -19268.0 
-19120.0 -18743.0 
-18867.0 -19105.0 
-18935.0 -19027.0 
-18791.0 -19187.0 
-18698.0 -19262.0 
-18425.0 -19392.0 
-18935.0 -19027.0 
-19100.0 -18824.0 
-18685.0 -19265.0 
-18799.0 -19178.0 
-19010.0 -18905.0 
-18727.0 -19234.0 
-18732.0 -19223.0 
-18402.0 -19401.0 
-18536.0 -19386.0 
-18918.0 -19037.0 
-18732.0 -19223.0 
-18941.0 -19024.0 
-18799.0 -19178.0 
-18791.0 -19187.0 
-18681.0 -19268.0 
-18407.0 -19395.0 
-18726.0 -19256.0 
-18685.0 -19265.0 
-18781.0 -19188.0 
-18972.0 -18985.0 
-18676.0 -19286.0 
-18659.0 -19312.0 
-18824.0 -19163.0 
-19120.0 -18743.0 
-18425.0 -19392.0 
-18536.0 -19386.0 
-18918.0 -19037.0 
-18407.0 -19395.0 
-18685.0 -19265.0 
-18918.0 -19037.0 
-18536.0 -19386.0 
-18685.0 -19265.0 
-18659.0 -19312.0 
-18659.0 -19312.0 
-18824.0 -19163.0 
-18824.0 -19163.0 
