2.125784655904217632e-04
1.929008332019206792e-04
1.955935788053264580e-04
2.095706920346447730e-04
1.981960661359772127e-04
1.958024367189768115e-04
2.085504555846654255e-04
1.846332338471250601e-04
2.089100315375107524e-04
2.043091493716740043e-04
2.079086209696299396e-04
2.059936016981367814e-04
2.107754287924838471e-04
2.081823070362727967e-04
2.022221852799639273e-04
1.996738983264760158e-04
2.079431500145344431e-04
2.210213659922002612e-04
2.091601379113971289e-04
2.139401702887610667e-04
2.024357646945638240e-04
2.083877682656348480e-04
2.016959477024822176e-04
2.250667085445575289e-04
2.016075623459321047e-04
2.288158048367944025e-04
2.076224781580859869e-04
2.014254346393260257e-04
1.866888290373905346e-04
2.112564811942598648e-04
2.164647358410730848e-04
