-18671.0 -19317.0 
-19404.0 -18223.0 
-18671.0 -19317.0 
-19404.0 -18223.0 
-18796.0 -19281.0 
-19359.0 -18484.0 
-19387.0 -18381.0 
-18934.0 -19126.0 
-19317.0 -18599.0 
-18981.0 -19110.0 
-18720.0 -19298.0 
-18841.0 -19244.0 
-19278.0 -18618.0 
-19394.0 -18306.0 
-19394.0 -18306.0 
-18898.0 -19179.0 
-19219.0 -18763.0 
-19375.0 -18427.0 
-19375.0 -18427.0 
-19318.0 -18544.0 
-19250.0 -18698.0 
-19169.0 -18867.0 
-18841.0 -19244.0 
-18859.0 -19198.0 
-19176.0 -18815.0 
-18982.0 -19075.0 
-19018.0 -19059.0 
-19118.0 -18932.0 
-19199.0 -18811.0 
-19122.0 -18894.0 
-19330.0 -18525.0 
-18870.0 -19189.0 
-18673.0 -19310.0 
-18720.0 -19298.0 
-18700.0 -19304.0 
-19266.0 -18654.0 
-19330.0 -18525.0 
-19213.0 -18786.0 
-19071.0 -18991.0 
-18902.0 -19160.0 
-19235.0 -18699.0 
-19232.0 -18739.0 
-18994.0 -19071.0 
-19075.0 -18961.0 
-19277.0 -18640.0 
-19082.0 -18946.0 
-18859.0 -19198.0 
-18700.0 -19304.0 
-19213.0 -18786.0 
-18921.0 -19155.0 
-18918.0 -19159.0 
-19030.0 -19038.0 
-19062.0 -19003.0 
-19266.0 -18654.0 
-19018.0 -19059.0 
-18994.0 -19071.0 
-19131.0 -18881.0 
-19181.0 -18814.0 
-19097.0 -18943.0 
-19232.0 -18739.0 
-19030.0 -19038.0 
-19059.0 -19005.0 
-19039.0 -19007.0 
-18870.0 -19189.0 
-19081.0 -18956.0 
-19161.0 -18873.0 
-19250.0 -18698.0 
-19199.0 -18811.0 
-19234.0 -18717.0 
-18921.0 -19155.0 
-19106.0 -18938.0 
-19034.0 -19023.0 
-19034.0 -19023.0 
-19267.0 -18647.0 
-19327.0 -18533.0 
-19234.0 -18717.0 
-19046.0 -19006.0 
-19148.0 -18874.0 
-19106.0 -18938.0 
-19131.0 -18881.0 
-19122.0 -18894.0 
-19071.0 -18991.0 
-19169.0 -18867.0 
-19141.0 -18875.0 
-19097.0 -18943.0 
-19141.0 -18875.0 
-19327.0 -18533.0 
-19161.0 -18873.0 
-19318.0 -18544.0 
-19118.0 -18932.0 
-19176.0 -18815.0 
-19148.0 -18874.0 
-19046.0 -19006.0 
-19075.0 -18961.0 
-19181.0 -18814.0 
-18673.0 -19310.0 
-19277.0 -18640.0 
-19267.0 -18647.0 
-19039.0 -19007.0 
-18902.0 -19160.0 
