-19387.0 -18432.0 
-19387.0 -18432.0 
-18390.0 -19483.0 
-18692.0 -19321.0 
-18489.0 -19438.0 
-18793.0 -19265.0 
-18561.0 -19417.0 
-18588.0 -19379.0 
-18900.0 -19156.0 
-19095.0 -18912.0 
-18742.0 -19284.0 
-19137.0 -18898.0 
-18465.0 -19449.0 
-19315.0 -18595.0 
-19070.0 -18958.0 
-18994.0 -19055.0 
-19325.0 -18556.0 
-18627.0 -19360.0 
-19329.0 -18490.0 
-18929.0 -19107.0 
-18728.0 -19307.0 
-19139.0 -18839.0 
-19012.0 -19012.0 
-19358.0 -18477.0 
-18929.0 -19107.0 
-18819.0 -19202.0 
-19039.0 -18969.0 
-18465.0 -19449.0 
-19219.0 -18739.0 
-19160.0 -18821.0 
-18850.0 -19163.0 
-19036.0 -18998.0 
-18561.0 -19417.0 
-19221.0 -18696.0 
-19189.0 -18777.0 
-19189.0 -18777.0 
-18627.0 -19360.0 
-18793.0 -19265.0 
-19325.0 -18556.0 
-19312.0 -18621.0 
-18962.0 -19060.0 
-19107.0 -18902.0 
-18949.0 -19070.0 
-18619.0 -19366.0 
-19358.0 -18477.0 
-18729.0 -19290.0 
-18900.0 -19156.0 
-19070.0 -18958.0 
-19336.0 -18485.0 
-19160.0 -18821.0 
-19012.0 -19012.0 
-18819.0 -19202.0 
-18829.0 -19165.0 
-19268.0 -18644.0 
-19258.0 -18656.0 
-19296.0 -18630.0 
-19296.0 -18630.0 
-18850.0 -19163.0 
-19208.0 -18741.0 
-19149.0 -18824.0 
-18823.0 -19176.0 
-19253.0 -18672.0 
-19243.0 -18673.0 
-18994.0 -19055.0 
-18953.0 -19069.0 
-18821.0 -19197.0 
-19276.0 -18643.0 
-18949.0 -19070.0 
-18619.0 -19366.0 
-19276.0 -18643.0 
-19195.0 -18753.0 
-19227.0 -18684.0 
-19194.0 -18760.0 
-19234.0 -18676.0 
-19036.0 -18998.0 
-19139.0 -18839.0 
-19107.0 -18902.0 
-19254.0 -18660.0 
-19202.0 -18749.0 
-18962.0 -19060.0 
-19227.0 -18684.0 
-19039.0 -18969.0 
-19221.0 -18696.0 
-19149.0 -18824.0 
-19333.0 -18488.0 
-19194.0 -18760.0 
-18828.0 -19172.0 
-19312.0 -18621.0 
-19234.0 -18676.0 
-19202.0 -18749.0 
-18821.0 -19197.0 
-19329.0 -18490.0 
-19137.0 -18898.0 
-18823.0 -19176.0 
-18828.0 -19172.0 
-19254.0 -18660.0 
-19227.0 -18684.0 
-19221.0 -18696.0 
-19312.0 -18621.0 
-19234.0 -18676.0 
