3.810229857641806903e-04
2.596216138196881388e-04
3.710868824902866479e-04
3.304163588646786306e-04
2.851883943648566015e-04
2.924714124024254541e-04
3.677092452832456723e-04
2.534223084816913637e-04
3.868235550011517049e-04
2.830483251569979432e-04
2.818447952940447113e-04
2.882295647301135106e-04
2.695294059980598927e-04
3.176913688937116299e-04
4.893227081782379907e-04
3.013344810124877603e-04
3.722692712739057871e-04
3.736358291863424008e-04
3.448464519458740063e-04
4.649719953138867603e-04
3.246900530889450069e-04
3.338347032948190047e-04
3.005152471606292622e-04
3.518323722422182797e-04
2.838524539244412399e-04
3.289878968074345066e-04
3.257295145487141544e-04
4.929469635975138129e-04
2.934476715825391031e-04
2.467915567645778577e-04
3.832836416191524984e-04
