1	359.6109263383308
2	359.6109263383308
3	233.883382233669
4	65.2343244960585
5	46.21543739870112
6	46.215371307293395
7	21.12299173001028
8	21.12299173001028
9	18.03470356541932
10	15.477322824568134
11	15.477322824568134
12	14.090745476880764
13	12.3785002589332
14	11.391085497328653
15	9.41806045416786
16	9.41806045416786
17	3.51187237739338
18	3.51187237739338
19	3.51187237739338
20	3.51187237739338
21	1.4990792974347913
22	1.4990792974347913
23	1.4990792974347913
24	1.4309163961182565
25	1.395622426921251
26	1.2982221181556228
27	1.2982221181556228
28	0.9076618999001774
29	0.9076618999001774
30	0.9076618999001774
31	0.9035503627602586
32	0.9035503627602586
33	0.8287665703417693
34	0.7164847954700626
35	0.5769971950958861
36	0.5769971950958861
37	0.5769971950958861
38	0.5769971950958861
39	0.5769971950958861
40	0.5769971950958861
41	0.57138684176689
42	0.5579059969676747
43	0.48401602444469777
44	0.48401602444469777
45	0.4839049006923049
46	0.4481857786219103
47	0.44197024589057626
48	0.4176465251501761
49	0.3371245030718251
50	0.3371245030718251
51	0.3371245030718251
52	0.3371245030718251
53	0.33463838672804497
54	0.33427838432062085
55	0.33281048686620684
56	0.3285675942385856
57	0.32406038268992715
58	0.3106119051379748
59	0.3106119051379748
60	0.30317283007604984
61	0.2889738042776809
62	0.2889738042776809
63	0.2436379445186798
64	0.2436379445186798
65	0.22468223627293998
66	0.2231045458428973
67	0.21535767459669455
68	0.21535767459669455
69	0.21391145218657537
70	0.21391145218657537
71	0.2099935409866773
72	0.2099935409866773
73	0.20429383499668172
74	0.20428528978923158
75	0.20136483847071027
76	0.20136483847071027
77	0.20136483847071027
78	0.20136483847071027
79	0.20136483847071027
80	0.19835062202671172
81	0.19835062202671172
82	0.19835062202671172
83	0.19835062202671172
84	0.19832573749215476
85	0.19812420987147383
86	0.19812420987147383
87	0.19812420987147383
88	0.1980411438466414
89	0.19798346402533012
90	0.1978013102467304
91	0.1978013102467304
92	0.197159388583727
93	0.197159388583727
94	0.19714199007477623
95	0.1971068506219053
96	0.19701165034400375
97	0.19695066756072055
98	0.1966123061415284
99	0.19653186973608675
100	0.19653186973608675
101	0.19541318025845986
102	0.19541216431802655
103	0.19541216431802655
104	0.1954077364457084
105	0.19499637965364197
106	0.1945124324203185
107	0.1945116336920841
108	0.19450558851135602
109	0.1940463122699389
110	0.1940463122699389
111	0.19404531977801565
112	0.19398026415069006
113	0.19397757663900722
114	0.1939523058872539
115	0.19378283146955375
116	0.19373634090732247
117	0.19372704522464707
118	0.19372704522464707
119	0.19367482998492427
120	0.1936169405362328
121	0.19361565788990803
122	0.1935866849681893
123	0.19358621599989823
124	0.19358423644490133
125	0.19354411369500507
126	0.1934267707348791
127	0.1934170812238052
128	0.193400388146547
129	0.193399830364005
130	0.19338516150794371
131	0.19322537344962779
132	0.19319666093614157
133	0.19322821115472916
134	0.19322821115472916
135	0.19322821115472916
136	0.19322821115472916
137	0.19309179978627994
138	0.19314488794290927
139	0.19314488794290927
140	0.19305789857917613
141	0.19305789857917613
142	0.19311578784435707
143	0.1929223674270196
144	0.19287666583534474
145	0.1927830666166095
146	0.19278305438272897
147	0.192765256940482
148	0.192765256940482
149	0.19276520972223712
150	0.19209606995078282
151	0.19209606995078282
152	0.19209606995078282
153	0.19207755666526374
154	0.19199168513566064
155	0.19199168513566064
156	0.19199168513566064
157	0.19151974495016827
158	0.19151974495016827
159	0.19151974495016827
160	0.19150375942480669
161	0.19148576326803415
162	0.19144964301634168
163	0.19144964301634168
164	0.19144961751509632
165	0.19139807308146306
166	0.1913176413806903
167	0.19120574595403908
168	0.1912039489117359
169	0.19119709038516253
170	0.19119613733788013
171	0.19119613733788013
172	0.19049590077400058
173	0.19049590077400058
174	0.19049590077400058
175	0.19049585009420064
176	0.19049585009420064
177	0.19049585009420064
178	0.19033645112072722
179	0.18868309513013345
180	0.18868309513013345
181	0.18868309513013345
182	0.188109953194319
183	0.18781995667041157
184	0.18781995667041157
185	0.18781995667041157
186	0.1877681823829972
187	0.1877681823829972
188	0.1877681823829972
189	0.1877681823829972
190	0.1877681823829972
191	0.1877681823829972
192	0.18770213320204343
193	0.18768654983974303
194	0.18698215368195323
195	0.18698215368195323
196	0.186934140244144
197	0.186934140244144
198	0.186934140244144
199	0.18692406887599083
200	0.18692399934989998
201	0.18692399934989998
202	0.18680256734211598
203	0.18680256734211598
204	0.18678876961014665
205	0.18678876961014665
206	0.18664796365611472
207	0.18664406024668823
208	0.18664406024668823
209	0.18663425212351614
210	0.18663425212351614
211	0.18663382738824075
212	0.1863930233110056
213	0.18633701083069384
214	0.18633701083069384
215	0.18633686117483442
216	0.18632957192115326
217	0.18607172766508745
218	0.18607172766508745
219	0.18606536613792332
220	0.18606536613792332
221	0.18606536613792332
222	0.18605519189382522
223	0.18605519189382522
224	0.18605519189382522
225	0.1860483037381691
226	0.1860483037381691
227	0.1860483037381691
228	0.1860483037381691
229	0.1860483037381691
230	0.1860483037381691
231	0.18604830330108846
232	0.18603269437346256
233	0.1859849012124976
234	0.1859849012124976
235	0.18596367566001362
236	0.18596367566001362
237	0.1859282107645115
238	0.18590260533522576
239	0.18589719228647483
240	0.18555799831495323
241	0.18553178917710236
242	0.18553178917710236
243	0.18553178917710236
244	0.18553178917710236
245	0.18553015942516254
246	0.18553015942516254
247	0.18552923429629906
248	0.18552923429629906
249	0.18552923429629906
250	0.18540052946428584
251	0.1853986341766702
252	0.1853986341766702
253	0.1853986341766702
254	0.18534791431108605
255	0.18534791431108605
256	0.18534791431108605
257	0.18534791431108605
258	0.18534791431108605
259	0.18528022916830458
260	0.18524384659232618
261	0.18524384659232618
262	0.1852142399539479
263	0.18516895042573003
264	0.1850095115524729
265	0.1850095115524729
266	0.1850095115524729
267	0.1850095115524729
268	0.1850095115524729
269	0.1850095115524729
270	0.1850095115524729
271	0.1850095115524729
272	0.18489346883993243
273	0.18489346883993243
274	0.18489346883993243
275	0.18489346883993243
276	0.18489346883993243
277	0.18489346883993243
278	0.18489346883993243
279	0.18489346883993243
280	0.18486963142647378
281	0.18486556994663467
282	0.18486556994663467
283	0.18486556994663467
284	0.18486556994663467
285	0.18486556994663467
286	0.18486556994663467
287	0.18486556994663467
288	0.18485946396269373
289	0.18485946396269373
290	0.18468516730481493
291	0.18468516730481493
292	0.18461385641862302
293	0.18461385641862302
294	0.18461385641862302
295	0.18460143760351827
296	0.18460143760351827
297	0.18460143760351827
298	0.18457503970100061
299	0.18457503970100061
300	0.18457503970100061
301	0.18453810050310934
302	0.18453810050310934
303	0.18453810050310934
304	0.18453630461871662
305	0.18453630461871662
306	0.18452927261486493
307	0.18452927261486493
308	0.18452927261486493
309	0.18452927261486493
310	0.18452927261486493
311	0.18452927261486493
312	0.18452850979603955
313	0.18452850979603955
314	0.18450792980283431
315	0.18433376000701618
316	0.18433376000701618
317	0.18433376000701618
318	0.18432243855188252
319	0.18432243855188252
320	0.18432243855188252
321	0.1843179376276746
322	0.1843179376276746
323	0.1843179376276746
324	0.1843179376276746
325	0.1843179376276746
326	0.1843179376276746
327	0.1843179376276746
328	0.1843179376276746
329	0.1843179376276746
330	0.1843179376276746
331	0.1843179376276746
332	0.1843179376276746
333	0.18431456647555888
334	0.184286166551275
335	0.18428525621542108
336	0.18428525621542108
337	0.18428525621542108
338	0.18428525621542108
339	0.18427791379809155
340	0.18420592265146665
341	0.18417833511239226
342	0.18417833511239226
343	0.18417833511239226
344	0.18417832881625237
345	0.18409838201397152
346	0.18409838201397152
347	0.18409838201397152
348	0.1840774280845889
349	0.1840774280845889
350	0.1840774280845889
351	0.1840774280845889
352	0.1840774280845889
353	0.18405959393093982
354	0.18405959393093982
355	0.18405959393093982
356	0.18405959393093982
357	0.18405822033523528
358	0.18405822033523528
359	0.18405822033523528
360	0.18405822033523528
361	0.18405822033523528
362	0.18405822033523528
363	0.18405822033523528
364	0.18405822033523528
365	0.18405822033523528
366	0.18405486150109987
367	0.18405486150109987
368	0.18404848528991138
369	0.18404848528991138
370	0.18404848528991138
371	0.18404848528991138
372	0.18404848528991138
373	0.18404848528991138
374	0.18404848528991138
375	0.1840447992552238
376	0.1840447992552238
377	0.1840447992552238
378	0.18404410031025817
379	0.18404410031025817
380	0.18404410031025817
381	0.18404410031025817
382	0.1840439292216077
383	0.1840439292216077
384	0.18399155533805472
385	0.18399155533805472
386	0.18399155533805472
387	0.18399145012717993
388	0.18399145012717993
389	0.18399145012717993
390	0.18399145012717993
391	0.18399141200846014
392	0.18399141200846014
393	0.1838395133527311
394	0.1838395133527311
395	0.1836486678854207
396	0.1836486678854207
397	0.1836486678854207
398	0.1836486678854207
399	0.1836486678854207
400	0.18363605296439967
401	0.18363605296439967
402	0.18358800888838112
403	0.18358800888838112
404	0.18358052412760073
405	0.18356941722194856
406	0.18356941722194856
407	0.18356972825062343
408	0.18350333801835625
409	0.18348900520926828
410	0.18348884733214
411	0.1834860623008079
412	0.18348540982740655
413	0.18348540982740655
414	0.18319044802465417
415	0.18319044802465417
416	0.18314263668382352
417	0.18314263668382352
418	0.18314263668382352
419	0.18290537499617635
420	0.18290537499617635
421	0.18290537499617635
422	0.18290537499617635
423	0.18290537499617635
424	0.18290537499617635
425	0.18284633986718715
426	0.18284633986718715
427	0.18284633986718715
428	0.18279583037348454
429	0.18274698072311205
430	0.18271166649426987
431	0.1826445520390515
432	0.18258159494460632
433	0.18258159494460632
434	0.18258159494460632
435	0.18248772082023215
436	0.18248772082023215
437	0.18248772082023215
438	0.18248100271515105
439	0.18244582229339146
440	0.18244580293784898
441	0.1824451615139317
442	0.1823519050009133
443	0.1823519050009133
444	0.1823507758887965
445	0.18234023363494112
446	0.18234023363494112
447	0.18234023363494112
448	0.18234023363494112
449	0.18230639663094433
450	0.18230630299296674
451	0.18222858127423058
452	0.18222858127423058
453	0.18222858127423058
454	0.18222858127423058
455	0.18222858127423058
456	0.18222858127423058
457	0.18222858127423058
458	0.18219456685886423
459	0.18218474259171644
460	0.18218474259171644
461	0.18218474259171644
462	0.18218474259171644
463	0.18218474259171644
464	0.18218474259171644
465	0.18218474259171644
466	0.18218474259171644
467	0.18218474259171644
468	0.18218474259171644
469	0.18218474259171644
470	0.18218474259171644
471	0.18218474259171644
472	0.18186308391069939
473	0.18186308391069939
474	0.18186308391069939
475	0.18186308391069939
476	0.18186299852026896
477	0.18186299852026896
478	0.18185339846335605
479	0.18185339846335605
480	0.1818533873064948
481	0.1818533873064948
482	0.1818533873064948
483	0.18181074371329875
484	0.18181074371329875
485	0.18181028791416148
486	0.18181028791416148
487	0.18181028791416148
488	0.18181028791416148
489	0.18181028791416148
490	0.18181028791416148
491	0.18181028791416148
492	0.18181028791416148
493	0.18181028791416148
494	0.18181028791416148
495	0.18181028791416148
496	0.18181028791416148
497	0.1818102680103427
498	0.1818102680103427
499	0.1818102680103427
500	0.1818102680103427
501	0.1818102680103427
502	0.1818102680103427
503	0.18180632239023264
504	0.18180632239023264
505	0.18180632239023264
506	0.18180632239023264
507	0.1817988660897231
508	0.1817988660897231
509	0.1817988660897231
510	0.1817988660897231
511	0.1817988660897231
512	0.18179488175022016
513	0.18179411716433372
514	0.18179341806567642
515	0.18166275163061327
516	0.18166275163061327
517	0.18166275163061327
518	0.1816103940875327
519	0.1816103940875327
520	0.1816103940875327
521	0.1816103940875327
522	0.1816103940875327
523	0.1816103940875327
524	0.1816103940875327
525	0.18151690455445574
526	0.18151690455445574
527	0.18151690455445574
528	0.18151690455445574
529	0.18151690455445574
530	0.1815168590835906
531	0.18149683062583047
532	0.18149683062583047
533	0.18148908133602437
534	0.18148908133602437
535	0.18148908133602437
536	0.18148908133602437
537	0.18148759507729065
538	0.18148759507729065
539	0.18148759507729065
540	0.18148720866537707
541	0.18148720866537707
542	0.18148241449305175
543	0.18145234117733836
544	0.18145234117733836
545	0.1814469157726478
546	0.1814469157726478
547	0.1814469157726478
548	0.1814469157726478
549	0.18135245679799925
550	0.18102217349307248
551	0.18102217349307248
552	0.18102217349307248
553	0.18102217349307248
554	0.18091644527669964
555	0.18091644527669964
556	0.18091644527669964
557	0.18091644527669964
558	0.18088143717077057
559	0.18088143717077057
560	0.18088143717077057
561	0.18088143717077057
562	0.18088143717077057
563	0.18088143717077057
564	0.18088134315522172
565	0.18088134315522172
566	0.18088134315522172
567	0.18088134315522172
568	0.18088134315522172
569	0.18088134315522172
570	0.18088134315522172
571	0.18088038745087265
572	0.18088038745087265
573	0.18088038745087265
574	0.18088038745087265
575	0.18087456333504856
576	0.18087456333504856
577	0.18087456333504856
578	0.18087456333504856
579	0.18087456333504856
580	0.18087456333504856
581	0.18086356889403224
582	0.18086356889403224
583	0.18085774491169657
584	0.18085774491169657
585	0.1807680406288652
586	0.1807680406288652
587	0.18057874969138082
588	0.18053963923087593
589	0.18053963923087593
590	0.18053963923087593
591	0.18053963923087593
592	0.18053963923087593
593	0.1804691833232878
594	0.1804673886288195
595	0.1804673886288195
596	0.18046733926352615
597	0.18038004207475405
598	0.18038004207475405
599	0.17986122271922747
600	0.17986122271922747
601	0.17986122271922747
602	0.17986122271922747
603	0.17983914706142026
604	0.17982525555864642
605	0.17982525555864642
606	0.17982525555864642
607	0.17978407569352362
608	0.17978407569352362
609	0.17978407569352362
610	0.17978407569352362
611	0.17978407569352362
612	0.17978407569352362
613	0.17978407569352362
614	0.17976343718446416
615	0.1797145824338659
616	0.17970984725275582
617	0.17970984725275582
618	0.17970984725275582
619	0.1797088572100437
620	0.1797088572100437
621	0.17968351082180892
622	0.17968351082180892
623	0.17968351082180892
624	0.1796740986643022
625	0.17967334494649018
626	0.17967334494649018
627	0.17967334494649018
628	0.17967334494649018
629	0.17966912963985343
630	0.17966912963985343
631	0.17966912963985343
632	0.17966912963985343
633	0.17964439086706613
634	0.17964439086706613
635	0.17957970487960456
636	0.17957251121444298
637	0.17957251121444298
638	0.17957251121444298
639	0.17957251121444298
640	0.17955099447921327
641	0.17954518838296157
642	0.1795436465028089
643	0.1795436465028089
644	0.1795436465028089
645	0.1795373928132897
646	0.1795373928132897
647	0.17953166993789949
648	0.1793825633169842
649	0.1793825633169842
650	0.17933984114196896
651	0.1793299045830894
652	0.1793299045830894
653	0.1793299045830894
654	0.179310047921883
655	0.179310047921883
656	0.179310047921883
657	0.179310047921883
658	0.179310047921883
659	0.1792615352527038
660	0.1792532107493529
661	0.17924781798806
662	0.17924781798806
663	0.17924781798806
664	0.17906080345816652
665	0.17906080345816652
666	0.17906080345816652
667	0.17900937789692387
668	0.17900935610301508
669	0.17900830193209294
670	0.17900657489767394
671	0.17900657489767394
672	0.17900657489767394
673	0.17898097520117
674	0.17854450123193433
675	0.17854450123193433
676	0.17845908489225812
677	0.17845908489225812
678	0.17845908489225812
679	0.17845908489225812
680	0.17845908489225812
681	0.17837785557863786
682	0.17837785557863786
683	0.17837785557863786
684	0.17837785557863786
685	0.17837785557863786
686	0.1783629698800289
687	0.1783629698800289
688	0.17835762617207526
689	0.17835762617207526
690	0.17831388380324353
691	0.17820752834645934
692	0.17820752834645934
693	0.17820752834645934
694	0.1782072497378173
695	0.1782072497378173
696	0.1782072497378173
697	0.17820287825797218
698	0.17820287825797218
699	0.1782012109128787
700	0.1782012109128787
701	0.1782012109128787
702	0.1782012109128787
703	0.1782012109128787
704	0.17819594379583026
705	0.17818780415126723
706	0.17818780415126723
707	0.17818780415126723
708	0.178172222131169
709	0.178172222131169
710	0.178172222131169
711	0.178172222131169
712	0.178172222131169
713	0.178172222131169
714	0.178172222131169
715	0.178172222131169
716	0.178172222131169
717	0.17811892137573393
718	0.17811892137573393
719	0.17811892137573393
720	0.17811892137573393
721	0.17809371062469923
722	0.17809371062469923
723	0.17809371062469923
724	0.17809371062469923
725	0.17809371062469923
726	0.17803765432256674
727	0.17803765432256674
728	0.17803765432256674
729	0.17803765432256674
730	0.17803765432256674
731	0.178044963963938
732	0.1780419359151286
733	0.1780419359151286
734	0.17804122101780823
735	0.17804122101780823
736	0.17804122101780823
737	0.17804119401671442
738	0.17804119401671442
739	0.17804119401671442
740	0.17804119401671442
741	0.17803756862680842
742	0.17803756862680842
743	0.17803756862680842
744	0.17803756862680842
745	0.17802031217938655
746	0.17802031217938655
747	0.17801986707382073
748	0.17798509824455594
749	0.17798509824455594
750	0.17798509824455594
751	0.17798509824455594
752	0.1779752519850723
753	0.1779752519850723
754	0.1779752519850723
755	0.1779752519850723
756	0.1779752519850723
757	0.1779752519850723
758	0.1779717177935601
759	0.1779717177935601
760	0.1779717177935601
761	0.17797643471584623
762	0.1779433287211721
763	0.1779433287211721
764	0.1779433287211721
765	0.1779433287211721
766	0.1779433287211721
767	0.1779433287211721
768	0.1778579730608592
769	0.1778579730608592
770	0.1778579730608592
771	0.1778579730608592
772	0.1778579730608592
773	0.1778579730608592
774	0.17774438428796907
775	0.17774438428796907
776	0.17774438428796907
777	0.17774438428796907
778	0.17774438428796907
779	0.17774438428796907
780	0.17774372367645322
781	0.17774372367645322
782	0.17774372367645322
783	0.17774173791261005
784	0.1777357343303771
785	0.17772940329338247
786	0.17772940329338247
787	0.1777186053397956
788	0.1777186053397956
789	0.17756741627296269
790	0.17756741627296269
791	0.17756741627296269
792	0.17713819980258771
793	0.17713819980258771
794	0.17713819980258771
795	0.17713819980258771
796	0.17713081241323422
797	0.17713081241323422
798	0.17713081241323422
799	0.1771285995770848
800	0.1771285995770848
801	0.17712817457211105
802	0.17712817457211105
803	0.1771152678414716
804	0.17711201768299759
805	0.17711201768299759
806	0.17711201768299759
807	0.17711201768299759
808	0.17711201768299759
809	0.17711201768299759
810	0.17711201768299759
811	0.17711201768299759
812	0.17711191457643513
813	0.17711191457643513
814	0.1771118859999333
815	0.1771118859999333
816	0.1771118859999333
817	0.1771118859999333
818	0.17711187093399822
819	0.17711187093399822
820	0.17710527582564078
821	0.17710527582564078
822	0.17710527582564078
823	0.17710527582564078
824	0.17710527582564078
825	0.17710527582564078
826	0.17709360206711774
827	0.17709360174769306
828	0.17709360174769306
829	0.17709360174769306
830	0.17708951466731315
831	0.17708951466731315
832	0.17680218631065925
833	0.17680218631065925
834	0.17680218631065925
835	0.17680218631065925
836	0.17675506087895002
837	0.17675506087895002
838	0.17675506087895002
839	0.1767039961358004
840	0.1767039961358004
841	0.1767039961358004
842	0.1767038844124846
843	0.1767038844124846
844	0.17670388403164217
845	0.1767021073678824
846	0.17666374434738313
847	0.17666206463948309
848	0.1765346639662695
849	0.17653254386899173
850	0.17653254386899173
851	0.17653254386899173
852	0.17642650281107194
853	0.17642650281107194
854	0.17642445342547303
855	0.17641295256494144
856	0.17641295256494144
857	0.17641295256494144
858	0.17640564344275927
859	0.17640564344275927
860	0.17640564344275927
861	0.17640564344275927
862	0.17640564344275927
863	0.17640564344275927
864	0.17640564344275927
865	0.17640564344275927
866	0.17640564344275927
867	0.1763426453561377
868	0.1763426453561377
869	0.1763424828241308
870	0.1763424828241308
871	0.1763424828241308
872	0.1763424828241308
873	0.1763424828241308
874	0.17632070539322767
875	0.17632070539322767
876	0.17632070539322767
877	0.17632070539322767
878	0.17632070539322767
879	0.17632070539322767
880	0.17632070539322767
881	0.17632070539322767
882	0.17632070539322767
883	0.17632070539322767
884	0.17632070539322767
885	0.17632070539322767
886	0.17632070539322767
887	0.17632070539322767
888	0.17632070539322767
889	0.17632070539322767
890	0.17630139689429494
891	0.1762903118595411
892	0.1762903118595411
893	0.1762903118595411
894	0.1762903118595411
895	0.17620414229117953
896	0.17620414229117953
897	0.17620414229117953
898	0.17590530721784556
899	0.17580875597247891
900	0.17580875597247891
901	0.17580875597247891
902	0.17580875597247891
903	0.17580875597247891
904	0.17578956018440195
905	0.17578956018440195
906	0.17578956018440195
907	0.17578956018440195
908	0.17578956018440195
909	0.1757884422205095
910	0.1757884422205095
911	0.17578288869128395
912	0.17578288869128395
913	0.17578288869128395
914	0.17578288869128395
915	0.17578288869128395
916	0.17578288869128395
917	0.1757588900393183
918	0.1755990520783006
919	0.1755990520783006
920	0.1755588378102819
921	0.1755588378102819
922	0.17554124145584174
923	0.17554124145584174
924	0.17512604725086875
925	0.17512604725086875
926	0.17511765372439642
927	0.1750857689566632
928	0.1750857689566632
929	0.1750627828580003
930	0.17499809247852352
931	0.17499809247852352
932	0.1749803750530695
933	0.1749803750530695
934	0.1749803750530695
935	0.17497793168557563
936	0.17497793168557563
937	0.17497793168557563
938	0.17497793168557563
939	0.17497793168557563
940	0.17497793168557563
941	0.17497793168557563
942	0.17497778380677087
943	0.17497778380677087
944	0.17497778380677087
945	0.17497778380677087
946	0.17497778380677087
947	0.17494708349338664
948	0.17494708349338664
949	0.17494708349338664
950	0.17494708349338664
951	0.17494708349338664
952	0.17494708349338664
953	0.1749430591437353
954	0.1749430591437353
955	0.1749430591437353
956	0.1749430591437353
957	0.17494305807064625
958	0.17494153070709104
959	0.17494153070709104
960	0.17493147601509268
961	0.17493147601509268
962	0.17493147601509268
963	0.17493147601509268
964	0.17493147601509268
965	0.1749310134193151
966	0.1749310134193151
967	0.1749310134193151
968	0.1749310134193151
969	0.1749310134193151
970	0.1749310134193151
971	0.1749310134193151
972	0.1749310134193151
973	0.17492799404492046
974	0.17492799404492046
975	0.17492799404492046
976	0.17491614619978715
977	0.17491373498261256
978	0.17491373498261256
979	0.17491373498261256
980	0.1748465477471421
981	0.1748465477471421
982	0.1748465477471421
983	0.1748465477471421
984	0.1748465477471421
985	0.1748465477471421
986	0.1748465477471421
987	0.1748465477471421
988	0.17484581937994628
989	0.17484581937994628
990	0.17484581937994628
991	0.17484581937994628
992	0.17484581937994628
993	0.17484581937994628
994	0.17484581937994628
995	0.17484250123357153
996	0.17484250123357153
997	0.17484250123357153
998	0.17484250123357153
999	0.17484250123357153
1000	0.17484249221893283