-19130.0 -18639.0 
-18206.0 -19505.0 
-18400.0 -19476.0 
-19061.0 -18879.0 
-18254.0 -19480.0 
-18463.0 -19436.0 
-19065.0 -18769.0 
-19001.0 -18892.0 
-18900.0 -19082.0 
-18652.0 -19322.0 
-18502.0 -19414.0 
-18974.0 -18990.0 
-18400.0 -19476.0 
-18830.0 -19155.0 
-18918.0 -19060.0 
-19080.0 -18725.0 
-18859.0 -19092.0 
-18509.0 -19374.0 
-18993.0 -18934.0 
-18765.0 -19230.0 
-18611.0 -19326.0 
-19077.0 -18765.0 
-18471.0 -19415.0 
-18704.0 -19279.0 
-18248.0 -19489.0 
-18835.0 -19126.0 
-19108.0 -18648.0 
-18928.0 -19046.0 
-18665.0 -19295.0 
-18980.0 -18959.0 
-19100.0 -18674.0 
-18933.0 -19009.0 
-19100.0 -18674.0 
-18565.0 -19361.0 
-18772.0 -19202.0 
-18854.0 -19112.0 
-18938.0 -19006.0 
-19082.0 -18708.0 
-18669.0 -19293.0 
-19082.0 -18708.0 
-18586.0 -19331.0 
-18993.0 -18934.0 
-18980.0 -18959.0 
-18710.0 -19260.0 
-18583.0 -19342.0 
-18784.0 -19191.0 
-18802.0 -19158.0 
-18541.0 -19364.0 
-18705.0 -19262.0 
-18741.0 -19237.0 
-18583.0 -19342.0 
-18605.0 -19330.0 
-18974.0 -18990.0 
-18248.0 -19489.0 
-18938.0 -19006.0 
-19001.0 -18892.0 
-18527.0 -19367.0 
-18565.0 -19361.0 
-18527.0 -19367.0 
-18732.0 -19252.0 
-18928.0 -19046.0 
-18854.0 -19112.0 
-18835.0 -19126.0 
-18789.0 -19159.0 
-18749.0 -19234.0 
-18727.0 -19254.0 
-18669.0 -19293.0 
-18772.0 -19202.0 
-18786.0 -19175.0 
-19061.0 -18879.0 
-19108.0 -18648.0 
-18541.0 -19364.0 
-18802.0 -19158.0 
-18704.0 -19279.0 
-18859.0 -19092.0 
-18509.0 -19374.0 
-18784.0 -19191.0 
-18788.0 -19163.0 
-18749.0 -19234.0 
-18741.0 -19237.0 
-18727.0 -19254.0 
-18732.0 -19252.0 
-18254.0 -19480.0 
-18471.0 -19415.0 
-18786.0 -19175.0 
-19065.0 -18769.0 
-18933.0 -19009.0 
-18787.0 -19169.0 
-18787.0 -19169.0 
-19077.0 -18765.0 
-18605.0 -19330.0 
-19100.0 -18674.0 
-19082.0 -18708.0 
-18938.0 -19006.0 
-19001.0 -18892.0 
-18772.0 -19202.0 
-18541.0 -19364.0 
-18859.0 -19092.0 
-18741.0 -19237.0 
-18787.0 -19169.0 
