-19380.0 -18302.0 
-18329.0 -19590.0 
-18329.0 -19590.0 
-19380.0 -18302.0 
-19354.0 -18391.0 
-19337.0 -18424.0 
-19360.0 -18306.0 
-18619.0 -19404.0 
-19331.0 -18507.0 
-19106.0 -18986.0 
-18393.0 -19571.0 
-18338.0 -19576.0 
-19120.0 -18928.0 
-18678.0 -19392.0 
-18504.0 -19497.0 
-18565.0 -19451.0 
-18695.0 -19351.0 
-19176.0 -18866.0 
-18966.0 -19119.0 
-18608.0 -19449.0 
-19230.0 -18720.0 
-18393.0 -19571.0 
-19281.0 -18593.0 
-19194.0 -18821.0 
-18542.0 -19486.0 
-18902.0 -19174.0 
-18449.0 -19537.0 
-18870.0 -19219.0 
-19064.0 -19023.0 
-19149.0 -18869.0 
-19279.0 -18639.0 
-19024.0 -19052.0 
-18683.0 -19391.0 
-19217.0 -18797.0 
-18616.0 -19436.0 
-19064.0 -19023.0 
-19309.0 -18520.0 
-18474.0 -19533.0 
-19106.0 -18986.0 
-18911.0 -19149.0 
-19265.0 -18679.0 
-18880.0 -19183.0 
-18934.0 -19140.0 
-18969.0 -19105.0 
-19255.0 -18697.0 
-19219.0 -18766.0 
-18812.0 -19254.0 
-18879.0 -19198.0 
-18934.0 -19140.0 
-18824.0 -19229.0 
-18504.0 -19497.0 
-19304.0 -18549.0 
-18730.0 -19330.0 
-18449.0 -19537.0 
-19194.0 -18821.0 
-19007.0 -19068.0 
-19219.0 -18766.0 
-18708.0 -19343.0 
-19007.0 -19068.0 
-19026.0 -19029.0 
-18807.0 -19274.0 
-19136.0 -18906.0 
-19279.0 -18639.0 
-18984.0 -19092.0 
-19130.0 -18918.0 
-18984.0 -19092.0 
-18723.0 -19341.0 
-18822.0 -19244.0 
-19289.0 -18578.0 
-18747.0 -19324.0 
-18474.0 -19533.0 
-19230.0 -18720.0 
-18845.0 -19224.0 
-19255.0 -18697.0 
-19265.0 -18679.0 
-18788.0 -19292.0 
-19304.0 -18549.0 
-18459.0 -19534.0 
-19289.0 -18578.0 
-19039.0 -19027.0 
-19139.0 -18886.0 
-18547.0 -19477.0 
-18759.0 -19307.0 
-18547.0 -19477.0 
-18774.0 -19296.0 
-18845.0 -19224.0 
-18771.0 -19302.0 
-18788.0 -19292.0 
-19217.0 -18797.0 
-19176.0 -18866.0 
-18807.0 -19274.0 
-18565.0 -19451.0 
-18747.0 -19324.0 
-19139.0 -18886.0 
-19320.0 -18514.0 
-18911.0 -19149.0 
-19039.0 -19027.0 
-18759.0 -19307.0 
-19320.0 -18514.0 
-19007.0 -19068.0 
