-19148.0 -18555.0 
-18353.0 -19395.0 
-18353.0 -19395.0 
-19148.0 -18555.0 
-18523.0 -19323.0 
-19108.0 -18655.0 
-19110.0 -18597.0 
-18816.0 -19084.0 
-18437.0 -19338.0 
-19091.0 -18689.0 
-18720.0 -19161.0 
-18396.0 -19376.0 
-18408.0 -19355.0 
-18550.0 -19289.0 
-18587.0 -19281.0 
-18976.0 -18867.0 
-18766.0 -19088.0 
-19025.0 -18810.0 
-18885.0 -18967.0 
-18682.0 -19194.0 
-18720.0 -19161.0 
-18588.0 -19253.0 
-18983.0 -18819.0 
-18958.0 -18882.0 
-18664.0 -19217.0 
-18682.0 -19194.0 
-18919.0 -18944.0 
-18746.0 -19122.0 
-19110.0 -18597.0 
-18523.0 -19323.0 
-18826.0 -19043.0 
-19027.0 -18780.0 
-18664.0 -19217.0 
-18934.0 -18921.0 
-18635.0 -19240.0 
-18917.0 -18952.0 
-18764.0 -19102.0 
-19033.0 -18740.0 
-18992.0 -18813.0 
-18866.0 -18996.0 
-18934.0 -18921.0 
-18635.0 -19240.0 
-18617.0 -19246.0 
-18550.0 -19289.0 
-19027.0 -18780.0 
-18371.0 -19393.0 
-19071.0 -18698.0 
-18952.0 -18898.0 
-19040.0 -18728.0 
-18746.0 -19122.0 
-18952.0 -18898.0 
-19062.0 -18718.0 
-18877.0 -18974.0 
-18371.0 -19393.0 
-18433.0 -19340.0 
-18872.0 -18994.0 
-18617.0 -19246.0 
-18755.0 -19118.0 
-18976.0 -18867.0 
-18433.0 -19340.0 
-18437.0 -19338.0 
-18828.0 -19036.0 
-18826.0 -19043.0 
-19065.0 -18712.0 
-18917.0 -18952.0 
-19040.0 -18728.0 
-19071.0 -18698.0 
-18816.0 -19084.0 
-18755.0 -19118.0 
-18983.0 -18819.0 
-19062.0 -18718.0 
-18992.0 -18813.0 
-19065.0 -18712.0 
-18828.0 -19036.0 
-18877.0 -18974.0 
-19034.0 -18738.0 
-18587.0 -19281.0 
-19034.0 -18738.0 
-19033.0 -18740.0 
-18588.0 -19253.0 
-18872.0 -18994.0 
-18766.0 -19088.0 
-19025.0 -18810.0 
-19148.0 -18555.0 
-18682.0 -19194.0 
-19110.0 -18597.0 
-18523.0 -19323.0 
-18635.0 -19240.0 
-18983.0 -18819.0 
-18877.0 -18974.0 
-18587.0 -19281.0 
-19033.0 -18740.0 
-18588.0 -19253.0 
-18877.0 -18974.0 
-18859.0 -19027.0 
-18872.0 -18994.0 
-18872.0 -18994.0 
-18588.0 -19253.0 
-18437.0 -19338.0 
-18635.0 -19240.0 
