-19330.0 -18362.0 
-18523.0 -19438.0 
-18523.0 -19438.0 
-19330.0 -18362.0 
-19290.0 -18589.0 
-19294.0 -18436.0 
-18631.0 -19387.0 
-19074.0 -18958.0 
-18565.0 -19391.0 
-19142.0 -18815.0 
-18691.0 -19322.0 
-18532.0 -19398.0 
-19135.0 -18875.0 
-19044.0 -18960.0 
-19252.0 -18635.0 
-19178.0 -18807.0 
-19203.0 -18748.0 
-19182.0 -18761.0 
-18740.0 -19302.0 
-19252.0 -18635.0 
-19008.0 -19028.0 
-18740.0 -19302.0 
-18771.0 -19298.0 
-18934.0 -19117.0 
-18646.0 -19352.0 
-19307.0 -18399.0 
-18794.0 -19277.0 
-18777.0 -19278.0 
-18564.0 -19393.0 
-18939.0 -19098.0 
-18986.0 -19062.0 
-18883.0 -19190.0 
-19041.0 -18994.0 
-18904.0 -19126.0 
-18986.0 -19062.0 
-19225.0 -18686.0 
-19029.0 -19012.0 
-19095.0 -18912.0 
-19118.0 -18890.0 
-19008.0 -19028.0 
-19118.0 -18890.0 
-19238.0 -18660.0 
-18802.0 -19242.0 
-19306.0 -18426.0 
-18963.0 -19094.0 
-19238.0 -18660.0 
-18680.0 -19342.0 
-19093.0 -18927.0 
-19225.0 -18686.0 
-19307.0 -18399.0 
-19165.0 -18814.0 
-18975.0 -19083.0 
-18856.0 -19205.0 
-19215.0 -18717.0 
-18856.0 -19205.0 
-18691.0 -19322.0 
-19093.0 -18927.0 
-18888.0 -19162.0 
-19029.0 -19012.0 
-18664.0 -19350.0 
-18839.0 -19217.0 
-18839.0 -19217.0 
-18873.0 -19192.0 
-19212.0 -18726.0 
-18975.0 -19083.0 
-19095.0 -18912.0 
-18873.0 -19192.0 
-19135.0 -18875.0 
-18892.0 -19150.0 
-18802.0 -19242.0 
-18664.0 -19350.0 
-18815.0 -19223.0 
-18680.0 -19342.0 
-19215.0 -18717.0 
-18646.0 -19352.0 
-19041.0 -18994.0 
-19212.0 -18726.0 
-18963.0 -19094.0 
-18827.0 -19221.0 
-18901.0 -19142.0 
-18888.0 -19162.0 
-19182.0 -18761.0 
-19165.0 -18814.0 
-18827.0 -19221.0 
-18809.0 -19229.0 
-18532.0 -19398.0 
-18934.0 -19117.0 
-19294.0 -18436.0 
-18809.0 -19229.0 
-18812.0 -19224.0 
-18892.0 -19150.0 
-18771.0 -19298.0 
-18794.0 -19277.0 
-18904.0 -19126.0 
-19306.0 -18426.0 
-18939.0 -19098.0 
-19142.0 -18815.0 
-18902.0 -19135.0 
-18902.0 -19135.0 
-18901.0 -19142.0 
