-21232.0 -22187.0 
-21232.0 -22187.0 
-21797.0 -21733.0 
-21382.0 -22107.0 
-21346.0 -22113.0 
-21436.0 -22073.0 
-21734.0 -21763.0 
-21486.0 -22024.0 
-21749.0 -21742.0 
-21490.0 -21997.0 
-21283.0 -22166.0 
-21584.0 -21948.0 
-21400.0 -22083.0 
-21329.0 -22137.0 
-21441.0 -22047.0 
-21492.0 -21979.0 
-21695.0 -21829.0 
-21616.0 -21919.0 
-21539.0 -21953.0 
-21523.0 -21972.0 
-21690.0 -21860.0 
-21725.0 -21798.0 
-21304.0 -22140.0 
-21724.0 -21819.0 
-21708.0 -21820.0 
-21742.0 -21755.0 
-21402.0 -22075.0 
-21450.0 -22036.0 
-21616.0 -21919.0 
-21590.0 -21938.0 
-21652.0 -21872.0 
-21650.0 -21888.0 
-21725.0 -21798.0 
-21524.0 -21957.0 
-21633.0 -21890.0 
-21590.0 -21938.0 
-21283.0 -22166.0 
-21631.0 -21899.0 
-21631.0 -21899.0 
-21290.0 -22154.0 
-21539.0 -21953.0 
-21329.0 -22137.0 
-21290.0 -22154.0 
-21670.0 -21864.0 
-21670.0 -21864.0 
-21486.0 -22024.0 
-21749.0 -21742.0 
-21304.0 -22140.0 
-21450.0 -22036.0 
-21695.0 -21829.0 
-21680.0 -21863.0 
-21285.0 -22159.0 
-21584.0 -21948.0 
-21652.0 -21872.0 
-21448.0 -22039.0 
-21680.0 -21863.0 
-21448.0 -22039.0 
-21492.0 -21979.0 
-21523.0 -21972.0 
-21690.0 -21860.0 
-21401.0 -22077.0 
-21285.0 -22159.0 
-21524.0 -21957.0 
-21650.0 -21888.0 
-21401.0 -22077.0 
-21724.0 -21819.0 
-21725.0 -21798.0 
-21631.0 -21899.0 
-21539.0 -21953.0 
-21749.0 -21742.0 
-21695.0 -21829.0 
-21680.0 -21863.0 
-21523.0 -21972.0 
-21724.0 -21819.0 
-21695.0 -21829.0 
-21725.0 -21798.0 
-21539.0 -21953.0 
-21539.0 -21953.0 
-21725.0 -21798.0 
-21724.0 -21819.0 
-21680.0 -21863.0 
-21680.0 -21863.0 
-21523.0 -21972.0 
-21695.0 -21829.0 
-21724.0 -21819.0 
-21695.0 -21829.0 
-21695.0 -21829.0 
-21695.0 -21829.0 
-21539.0 -21953.0 
-21695.0 -21829.0 
-21695.0 -21829.0 
-21680.0 -21863.0 
-21725.0 -21798.0 
-21695.0 -21829.0 
-21695.0 -21829.0 
-21695.0 -21829.0 
-21695.0 -21829.0 
-21724.0 -21819.0 
-21523.0 -21972.0 
-21725.0 -21798.0 
