-18158.0 -19635.0 
-19316.0 -18331.0 
-18158.0 -19635.0 
-19274.0 -18500.0 
-19280.0 -18402.0 
-19214.0 -18642.0 
-18981.0 -18989.0 
-18216.0 -19586.0 
-19106.0 -18810.0 
-18870.0 -19127.0 
-18933.0 -19067.0 
-18225.0 -19565.0 
-18264.0 -19563.0 
-18619.0 -19363.0 
-18525.0 -19408.0 
-18721.0 -19243.0 
-18800.0 -19178.0 
-18636.0 -19328.0 
-18713.0 -19268.0 
-18990.0 -18948.0 
-18882.0 -19091.0 
-19299.0 -18341.0 
-19152.0 -18723.0 
-18957.0 -19002.0 
-19224.0 -18553.0 
-18418.0 -19473.0 
-19068.0 -18852.0 
-18570.0 -19384.0 
-18410.0 -19499.0 
-18435.0 -19465.0 
-19033.0 -18925.0 
-18521.0 -19427.0 
-19124.0 -18725.0 
-19253.0 -18514.0 
-18216.0 -19586.0 
-18304.0 -19527.0 
-19218.0 -18591.0 
-18596.0 -19376.0 
-18771.0 -19219.0 
-18390.0 -19503.0 
-18752.0 -19239.0 
-18667.0 -19314.0 
-19052.0 -18884.0 
-18938.0 -19023.0 
-19238.0 -18550.0 
-18821.0 -19169.0 
-19062.0 -18874.0 
-19121.0 -18748.0 
-18937.0 -19056.0 
-18283.0 -19554.0 
-18835.0 -19136.0 
-18833.0 -19164.0 
-18371.0 -19511.0 
-18850.0 -19134.0 
-18558.0 -19395.0 
-19117.0 -18767.0 
-19090.0 -18817.0 
-19189.0 -18653.0 
-18335.0 -19523.0 
-19167.0 -18697.0 
-18896.0 -19088.0 
-18335.0 -19523.0 
-19290.0 -18369.0 
-18788.0 -19203.0 
-19160.0 -18699.0 
-19218.0 -18591.0 
-18945.0 -19013.0 
-18688.0 -19275.0 
-19280.0 -18402.0 
-19176.0 -18672.0 
-19290.0 -18369.0 
-18606.0 -19368.0 
-18460.0 -19459.0 
-19071.0 -18822.0 
-18498.0 -19438.0 
-18896.0 -19088.0 
-19015.0 -18932.0 
-19015.0 -18932.0 
-18772.0 -19205.0 
-18480.0 -19449.0 
-18371.0 -19511.0 
-18636.0 -19328.0 
-18296.0 -19537.0 
-18291.0 -19544.0 
-19052.0 -18884.0 
-19117.0 -18767.0 
-18498.0 -19438.0 
-19253.0 -18514.0 
-18480.0 -19449.0 
-18686.0 -19279.0 
-18679.0 -19295.0 
-19176.0 -18672.0 
-18460.0 -19459.0 
-19033.0 -18925.0 
-18667.0 -19314.0 
-18679.0 -19295.0 
-18558.0 -19395.0 
-19073.0 -18820.0 
-18990.0 -18948.0 
-19189.0 -18653.0 
