-19278.0 -18428.0 
-18157.0 -19638.0 
-18157.0 -19638.0 
-19278.0 -18428.0 
-19273.0 -18535.0 
-18907.0 -19124.0 
-18189.0 -19610.0 
-18258.0 -19601.0 
-18469.0 -19495.0 
-18918.0 -19069.0 
-19248.0 -18596.0 
-19145.0 -18722.0 
-19123.0 -18817.0 
-19046.0 -18882.0 
-19036.0 -18916.0 
-19197.0 -18637.0 
-18690.0 -19325.0 
-19273.0 -18535.0 
-18785.0 -19244.0 
-18413.0 -19514.0 
-19176.0 -18715.0 
-19011.0 -18945.0 
-18947.0 -19017.0 
-18294.0 -19573.0 
-19140.0 -18760.0 
-19226.0 -18623.0 
-18482.0 -19454.0 
-18669.0 -19329.0 
-19014.0 -18919.0 
-18475.0 -19468.0 
-18878.0 -19130.0 
-18535.0 -19427.0 
-19248.0 -18596.0 
-19184.0 -18669.0 
-19080.0 -18839.0 
-18387.0 -19521.0 
-18657.0 -19346.0 
-18626.0 -19361.0 
-18970.0 -19006.0 
-18619.0 -19377.0 
-18525.0 -19438.0 
-18707.0 -19284.0 
-18559.0 -19420.0 
-18258.0 -19601.0 
-19088.0 -18829.0 
-18816.0 -19169.0 
-18576.0 -19398.0 
-18988.0 -18966.0 
-19138.0 -18773.0 
-19192.0 -18657.0 
-18991.0 -18956.0 
-18985.0 -18996.0 
-18823.0 -19158.0 
-18512.0 -19451.0 
-18294.0 -19573.0 
-18801.0 -19218.0 
-18360.0 -19536.0 
-18310.0 -19553.0 
-18189.0 -19610.0 
-18413.0 -19514.0 
-18332.0 -19541.0 
-18846.0 -19156.0 
-18599.0 -19381.0 
-18942.0 -19044.0 
-18730.0 -19277.0 
-19226.0 -18623.0 
-18749.0 -19264.0 
-18758.0 -19248.0 
-19069.0 -18872.0 
-18809.0 -19190.0 
-18576.0 -19398.0 
-18391.0 -19519.0 
-18870.0 -19139.0 
-18801.0 -19218.0 
-18360.0 -19536.0 
-18703.0 -19296.0 
-18767.0 -19247.0 
-18944.0 -19039.0 
-18809.0 -19190.0 
-18310.0 -19553.0 
-19138.0 -18773.0 
-18599.0 -19381.0 
-18332.0 -19541.0 
-19177.0 -18694.0 
-19123.0 -18817.0 
-18657.0 -19346.0 
-18846.0 -19156.0 
-18730.0 -19277.0 
-18928.0 -19060.0 
-18978.0 -19001.0 
-19177.0 -18694.0 
-18703.0 -19296.0 
-18870.0 -19139.0 
-18469.0 -19495.0 
-18559.0 -19420.0 
-18928.0 -19060.0 
-19070.0 -18861.0 
-18749.0 -19264.0 
-18626.0 -19361.0 
-19070.0 -18861.0 
