-18186.0 -19568.0 
-19202.0 -18551.0 
-19202.0 -18551.0 
-18186.0 -19568.0 
-19193.0 -18622.0 
-18590.0 -19375.0 
-19084.0 -18809.0 
-19005.0 -18905.0 
-18542.0 -19380.0 
-18689.0 -19291.0 
-18330.0 -19528.0 
-19062.0 -18896.0 
-18737.0 -19232.0 
-18507.0 -19417.0 
-19193.0 -18622.0 
-18286.0 -19530.0 
-19064.0 -18858.0 
-19003.0 -18943.0 
-18938.0 -19031.0 
-19160.0 -18673.0 
-18825.0 -19152.0 
-18641.0 -19313.0 
-18252.0 -19537.0 
-18912.0 -19063.0 
-19160.0 -18673.0 
-18849.0 -19106.0 
-18600.0 -19354.0 
-18244.0 -19555.0 
-18630.0 -19339.0 
-18793.0 -19168.0 
-18471.0 -19418.0 
-19045.0 -18904.0 
-18799.0 -19158.0 
-18539.0 -19397.0 
-19129.0 -18724.0 
-18693.0 -19266.0 
-19101.0 -18769.0 
-18846.0 -19136.0 
-18372.0 -19504.0 
-19154.0 -18693.0 
-19129.0 -18724.0 
-18372.0 -19504.0 
-18427.0 -19470.0 
-18778.0 -19215.0 
-18941.0 -18998.0 
-18404.0 -19476.0 
-18278.0 -19535.0 
-18722.0 -19257.0 
-19089.0 -18781.0 
-18401.0 -19486.0 
-18958.0 -18975.0 
-18898.0 -19066.0 
-18706.0 -19262.0 
-18836.0 -19139.0 
-18758.0 -19231.0 
-19105.0 -18751.0 
-18925.0 -19039.0 
-18631.0 -19319.0 
-19154.0 -18693.0 
-19067.0 -18842.0 
-18346.0 -19520.0 
-18518.0 -19404.0 
-18853.0 -19091.0 
-18878.0 -19085.0 
-18226.0 -19562.0 
-19067.0 -18842.0 
-18945.0 -18983.0 
-18783.0 -19192.0 
-18346.0 -19520.0 
-19115.0 -18746.0 
-18641.0 -19313.0 
-18863.0 -19086.0 
-18984.0 -18959.0 
-18455.0 -19444.0 
-18444.0 -19450.0 
-18456.0 -19431.0 
-18892.0 -19082.0 
-18200.0 -19565.0 
-18783.0 -19192.0 
-18984.0 -18959.0 
-18469.0 -19428.0 
-18689.0 -19291.0 
-18600.0 -19354.0 
-18427.0 -19470.0 
-18444.0 -19450.0 
-18969.0 -18968.0 
-18758.0 -19231.0 
-18226.0 -19562.0 
-18925.0 -19039.0 
-18778.0 -19215.0 
-18401.0 -19486.0 
-18722.0 -19257.0 
-18969.0 -18968.0 
-19115.0 -18746.0 
-18942.0 -18992.0 
-19045.0 -18904.0 
-18518.0 -19404.0 
-19003.0 -18943.0 
-18200.0 -19565.0 
-19089.0 -18781.0 
