-19244.0 -18582.0 
-18095.0 -19649.0 
-18095.0 -19649.0 
-19244.0 -18582.0 
-18189.0 -19603.0 
-18249.0 -19593.0 
-18560.0 -19424.0 
-18645.0 -19371.0 
-18928.0 -19101.0 
-19009.0 -18989.0 
-18375.0 -19531.0 
-19122.0 -18830.0 
-18974.0 -18999.0 
-18940.0 -19060.0 
-18597.0 -19372.0 
-19098.0 -18845.0 
-18510.0 -19432.0 
-18571.0 -19400.0 
-18324.0 -19552.0 
-19070.0 -18887.0 
-18710.0 -19283.0 
-18747.0 -19267.0 
-18684.0 -19327.0 
-18684.0 -19327.0 
-19123.0 -18794.0 
-18888.0 -19119.0 
-19011.0 -18955.0 
-18882.0 -19142.0 
-18489.0 -19467.0 
-18581.0 -19380.0 
-18136.0 -19634.0 
-19048.0 -18888.0 
-19191.0 -18688.0 
-18790.0 -19222.0 
-18375.0 -19531.0 
-18425.0 -19488.0 
-19093.0 -18871.0 
-18271.0 -19576.0 
-18404.0 -19504.0 
-18803.0 -19190.0 
-19232.0 -18633.0 
-18459.0 -19482.0 
-18848.0 -19174.0 
-18748.0 -19243.0 
-18792.0 -19203.0 
-18301.0 -19568.0 
-18953.0 -19055.0 
-18404.0 -19504.0 
-18479.0 -19468.0 
-18972.0 -19024.0 
-18324.0 -19552.0 
-19045.0 -18915.0 
-19172.0 -18724.0 
-19042.0 -18944.0 
-18766.0 -19227.0 
-18162.0 -19605.0 
-19021.0 -18946.0 
-19138.0 -18789.0 
-19238.0 -18605.0 
-19171.0 -18750.0 
-18699.0 -19307.0 
-18866.0 -19151.0 
-18261.0 -19578.0 
-18645.0 -19371.0 
-18141.0 -19620.0 
-18972.0 -19024.0 
-18754.0 -19229.0 
-19156.0 -18785.0 
-18824.0 -19187.0 
-19044.0 -18926.0 
-18505.0 -19440.0 
-18905.0 -19109.0 
-18699.0 -19307.0 
-18848.0 -19174.0 
-19213.0 -18652.0 
-19207.0 -18664.0 
-19175.0 -18712.0 
-18301.0 -19568.0 
-19241.0 -18602.0 
-19207.0 -18664.0 
-19158.0 -18775.0 
-19179.0 -18701.0 
-18710.0 -19283.0 
-19171.0 -18750.0 
-18866.0 -19151.0 
-18425.0 -19488.0 
-18824.0 -19187.0 
-18459.0 -19482.0 
-19232.0 -18633.0 
-19213.0 -18652.0 
-19181.0 -18691.0 
-18905.0 -19109.0 
-18505.0 -19440.0 
-18953.0 -19055.0 
-19158.0 -18775.0 
-18162.0 -19605.0 
-19093.0 -18871.0 
-18136.0 -19634.0 
-18141.0 -19620.0 
-18747.0 -19267.0 
