-18424.0 -19349.0 
-19499.0 -18178.0 
-18424.0 -19349.0 
-19479.0 -18302.0 
-18547.0 -19345.0 
-18744.0 -19263.0 
-19316.0 -18619.0 
-19003.0 -19020.0 
-19283.0 -18656.0 
-19400.0 -18409.0 
-19318.0 -18575.0 
-19366.0 -18558.0 
-18679.0 -19269.0 
-19255.0 -18670.0 
-19396.0 -18476.0 
-19437.0 -18328.0 
-19251.0 -18710.0 
-19372.0 -18517.0 
-18858.0 -19162.0 
-19414.0 -18350.0 
-18823.0 -19167.0 
-19050.0 -18952.0 
-18949.0 -19056.0 
-18591.0 -19311.0 
-19412.0 -18389.0 
-18818.0 -19182.0 
-18591.0 -19311.0 
-19078.0 -18945.0 
-19143.0 -18879.0 
-19109.0 -18902.0 
-18747.0 -19222.0 
-18547.0 -19345.0 
-18978.0 -19052.0 
-19191.0 -18792.0 
-19095.0 -18920.0 
-19437.0 -18328.0 
-18787.0 -19185.0 
-18915.0 -19109.0 
-19227.0 -18742.0 
-18614.0 -19302.0 
-18616.0 -19289.0 
-19178.0 -18810.0 
-19039.0 -18986.0 
-19030.0 -18999.0 
-18935.0 -19079.0 
-18897.0 -19111.0 
-18668.0 -19278.0 
-19344.0 -18568.0 
-18946.0 -19077.0 
-19227.0 -18742.0 
-19372.0 -18517.0 
-19251.0 -18710.0 
-19395.0 -18487.0 
-19211.0 -18754.0 
-18764.0 -19215.0 
-18640.0 -19285.0 
-18986.0 -19045.0 
-18877.0 -19124.0 
-19101.0 -18919.0 
-18640.0 -19285.0 
-18871.0 -19136.0 
-19179.0 -18794.0 
-18773.0 -19207.0 
-19109.0 -18902.0 
-19395.0 -18487.0 
-19344.0 -18568.0 
-19030.0 -18999.0 
-19047.0 -18974.0 
-19274.0 -18666.0 
-19160.0 -18818.0 
-19204.0 -18770.0 
-19146.0 -18840.0 
-19204.0 -18770.0 
-18871.0 -19136.0 
-19078.0 -18945.0 
-18986.0 -19045.0 
-18754.0 -19221.0 
-18775.0 -19195.0 
-19414.0 -18350.0 
-19143.0 -18879.0 
-18915.0 -19109.0 
-18935.0 -19079.0 
-19208.0 -18757.0 
-18776.0 -19186.0 
-19144.0 -18861.0 
-18888.0 -19121.0 
-19151.0 -18828.0 
-19144.0 -18861.0 
-18858.0 -19162.0 
-18668.0 -19278.0 
-18679.0 -19269.0 
-19160.0 -18818.0 
-19406.0 -18399.0 
-19406.0 -18399.0 
-19151.0 -18828.0 
-19396.0 -18476.0 
-19047.0 -18974.0 
-19146.0 -18840.0 
-19274.0 -18666.0 
-18888.0 -19121.0 
