-19503.0 -18200.0 
-18669.0 -19183.0 
-19503.0 -18200.0 
-18669.0 -19183.0 
-18891.0 -19078.0 
-19245.0 -18703.0 
-19476.0 -18291.0 
-18730.0 -19170.0 
-19159.0 -18835.0 
-18790.0 -19151.0 
-18948.0 -19056.0 
-18730.0 -19170.0 
-19234.0 -18732.0 
-19014.0 -18998.0 
-18832.0 -19132.0 
-18790.0 -19151.0 
-19120.0 -18883.0 
-19477.0 -18231.0 
-18857.0 -19106.0 
-19285.0 -18684.0 
-19083.0 -18887.0 
-19014.0 -18998.0 
-18857.0 -19106.0 
-19131.0 -18859.0 
-19294.0 -18667.0 
-19430.0 -18301.0 
-19051.0 -18958.0 
-19365.0 -18492.0 
-19410.0 -18428.0 
-19355.0 -18498.0 
-18983.0 -19013.0 
-19350.0 -18537.0 
-19423.0 -18375.0 
-18832.0 -19132.0 
-19051.0 -18958.0 
-19187.0 -18786.0 
-19172.0 -18817.0 
-19200.0 -18772.0 
-19305.0 -18622.0 
-19390.0 -18449.0 
-19058.0 -18929.0 
-19429.0 -18337.0 
-19446.0 -18295.0 
-19375.0 -18470.0 
-19429.0 -18337.0 
-19390.0 -18449.0 
-19414.0 -18400.0 
-19206.0 -18737.0 
-19131.0 -18859.0 
-19059.0 -18908.0 
-19172.0 -18817.0 
-19305.0 -18622.0 
-19203.0 -18741.0 
-18978.0 -19026.0 
-19375.0 -18470.0 
-19480.0 -18229.0 
-19423.0 -18375.0 
-19187.0 -18786.0 
-19072.0 -18903.0 
-19294.0 -18667.0 
-19414.0 -18400.0 
-19285.0 -18684.0 
-19480.0 -18229.0 
-19057.0 -18950.0 
-19319.0 -18571.0 
-19410.0 -18428.0 
-18949.0 -19038.0 
-18948.0 -19056.0 
-19306.0 -18600.0 
-19446.0 -18295.0 
-19336.0 -18549.0 
-19310.0 -18585.0 
-19331.0 -18561.0 
-18961.0 -19033.0 
-18983.0 -19013.0 
-18951.0 -19034.0 
-19316.0 -18583.0 
-18961.0 -19033.0 
-19072.0 -18903.0 
-19200.0 -18772.0 
-19120.0 -18883.0 
-19083.0 -18887.0 
-19331.0 -18561.0 
-19319.0 -18571.0 
-18978.0 -19026.0 
-19345.0 -18542.0 
-19355.0 -18498.0 
-19345.0 -18542.0 
-19307.0 -18595.0 
-19349.0 -18540.0 
-19057.0 -18950.0 
-19335.0 -18553.0 
-19335.0 -18553.0 
-19307.0 -18595.0 
-19206.0 -18737.0 
-19203.0 -18741.0 
-19430.0 -18301.0 
-19059.0 -18908.0 
-19306.0 -18600.0 
-19316.0 -18583.0 
