-19468.0 -18259.0 
-18552.0 -19390.0 
-19468.0 -18259.0 
-18552.0 -19390.0 
-19442.0 -18323.0 
-18598.0 -19371.0 
-19356.0 -18629.0 
-18822.0 -19226.0 
-18746.0 -19298.0 
-18770.0 -19258.0 
-19017.0 -19060.0 
-19283.0 -18720.0 
-19360.0 -18565.0 
-18682.0 -19309.0 
-18978.0 -19063.0 
-19392.0 -18535.0 
-18944.0 -19109.0 
-18921.0 -19129.0 
-19075.0 -18969.0 
-18833.0 -19184.0 
-19168.0 -18891.0 
-18693.0 -19305.0 
-19440.0 -18372.0 
-18854.0 -19174.0 
-19021.0 -19018.0 
-19289.0 -18685.0 
-19414.0 -18432.0 
-19316.0 -18651.0 
-18770.0 -19258.0 
-18652.0 -19340.0 
-19123.0 -18943.0 
-19434.0 -18380.0 
-19226.0 -18807.0 
-18628.0 -19343.0 
-18974.0 -19081.0 
-19395.0 -18494.0 
-19254.0 -18734.0 
-18822.0 -19226.0 
-19103.0 -18954.0 
-19072.0 -18986.0 
-19188.0 -18845.0 
-19199.0 -18817.0 
-18885.0 -19134.0 
-19304.0 -18681.0 
-19040.0 -19008.0 
-19190.0 -18827.0 
-18652.0 -19340.0 
-18628.0 -19343.0 
-19103.0 -18954.0 
-19375.0 -18542.0 
-19399.0 -18462.0 
-18746.0 -19298.0 
-19130.0 -18908.0 
-19395.0 -18494.0 
-19144.0 -18893.0 
-18897.0 -19130.0 
-19050.0 -18995.0 
-18974.0 -19081.0 
-19414.0 -18432.0 
-19434.0 -18380.0 
-19131.0 -18899.0 
-19232.0 -18781.0 
-19237.0 -18769.0 
-18942.0 -19114.0 
-19250.0 -18744.0 
-18881.0 -19153.0 
-19403.0 -18443.0 
-18870.0 -19163.0 
-19176.0 -18865.0 
-19309.0 -18667.0 
-19237.0 -18769.0 
-19250.0 -18744.0 
-19316.0 -18651.0 
-19041.0 -19001.0 
-19313.0 -18664.0 
-19405.0 -18440.0 
-19399.0 -18462.0 
-18877.0 -19154.0 
-18833.0 -19184.0 
-19372.0 -18550.0 
-19178.0 -18856.0 
-19199.0 -18817.0 
-19050.0 -18995.0 
-19360.0 -18565.0 
-19123.0 -18943.0 
-18870.0 -19163.0 
-19232.0 -18781.0 
-19254.0 -18734.0 
-19176.0 -18865.0 
-19372.0 -18550.0 
-19144.0 -18893.0 
-19130.0 -18908.0 
-18686.0 -19307.0 
-18942.0 -19114.0 
-19226.0 -18807.0 
-18897.0 -19130.0 
-18693.0 -19305.0 
-19021.0 -19018.0 
-19178.0 -18856.0 
-19072.0 -18986.0 
