-18639.0 -19401.0 
-18639.0 -19401.0 
-19427.0 -18324.0 
-18818.0 -19314.0 
-19423.0 -18411.0 
-19371.0 -18515.0 
-18864.0 -19285.0 
-18692.0 -19385.0 
-19033.0 -19119.0 
-19388.0 -18497.0 
-19301.0 -18737.0 
-19287.0 -18782.0 
-19170.0 -18982.0 
-18762.0 -19317.0 
-19058.0 -19097.0 
-19347.0 -18619.0 
-19332.0 -18710.0 
-18717.0 -19360.0 
-19370.0 -18579.0 
-18717.0 -19360.0 
-19422.0 -18430.0 
-19211.0 -18868.0 
-19142.0 -18992.0 
-18869.0 -19243.0 
-19422.0 -18430.0 
-19388.0 -18497.0 
-19256.0 -18821.0 
-19287.0 -18782.0 
-19087.0 -19037.0 
-18751.0 -19324.0 
-18947.0 -19204.0 
-19173.0 -18949.0 
-18751.0 -19324.0 
-18692.0 -19385.0 
-19255.0 -18843.0 
-19130.0 -18994.0 
-19195.0 -18927.0 
-19334.0 -18677.0 
-19079.0 -19067.0 
-19301.0 -18737.0 
-19235.0 -18856.0 
-18907.0 -19238.0 
-19198.0 -18903.0 
-19365.0 -18596.0 
-19256.0 -18821.0 
-19128.0 -19020.0 
-18919.0 -19212.0 
-19235.0 -18856.0 
-19063.0 -19081.0 
-19198.0 -18903.0 
-19344.0 -18643.0 
-19344.0 -18643.0 
-19334.0 -18677.0 
-19107.0 -19031.0 
-19011.0 -19127.0 
-18864.0 -19285.0 
-19365.0 -18596.0 
-19211.0 -18868.0 
-19182.0 -18928.0 
-19332.0 -18710.0 
-18887.0 -19241.0 
-18955.0 -19189.0 
-18887.0 -19241.0 
-19067.0 -19070.0 
-18985.0 -19169.0 
-19005.0 -19133.0 
-19107.0 -19031.0 
-18912.0 -19223.0 
-18978.0 -19177.0 
-19005.0 -19133.0 
-19121.0 -19022.0 
-18965.0 -19185.0 
-18993.0 -19150.0 
-18993.0 -19150.0 
-18947.0 -19204.0 
-18991.0 -19153.0 
-19121.0 -19022.0 
-19370.0 -18579.0 
-18762.0 -19317.0 
-18965.0 -19185.0 
-19177.0 -18940.0 
-19087.0 -19037.0 
-18985.0 -19169.0 
-19011.0 -19127.0 
-19177.0 -18940.0 
-18912.0 -19223.0 
-18955.0 -19189.0 
-18975.0 -19178.0 
-19255.0 -18843.0 
-19079.0 -19067.0 
-18991.0 -19153.0 
-18975.0 -19178.0 
-18918.0 -19214.0 
-18918.0 -19214.0 
-18907.0 -19238.0 
-18919.0 -19212.0 
-18869.0 -19243.0 
-19067.0 -19070.0 
-19182.0 -18928.0 
-19107.0 -19031.0 
