0.3786357944393378	8555.111319965528
0.9943925571445222	8711.686681082509
0.7285059813692019	7878.914939935587
0.3220052319067118	6972.599318506962
0.31748452089524337	7009.51462498035
0.38023703479250104	6748.802099712881
0.6838279803204299	11361.163817896422
0.7240054020678236	9180.324032299555
0.9109270939801736	8403.907018903645
0.3476083138339432	7272.295702780051
0.17083277087463455	7438.611787377841
0.20905864472140478	8817.58273009031
0.8577651857709939	6289.284379254613
0.5630182961316498	7860.953812970213
0.5369174309304177	8276.034356750466
0.7142281536267411	7513.510728762019
0.23142667463614974	4902.858311508703
0.9229801849581102	6716.675909983509
0.43911718926023213	8192.544130338896
0.9397615646901141	8679.058072951977
0.5721519355446285	7173.0579028277525
0.851677368859095	6593.7006796190635
0.8084946510407297	6969.348280607598
0.8543089132410481	7513.852632249869
0.2872875067018641	7567.582944899291
0.819356251926085	8922.128816714578
0.02297828892995013	7728.974964250555
0.8730868335754017	8108.727259575333
0.273262847627467	10126.868236871074
0.8410213342325159	4909.07302474149
0.29287258632681845	7446.568252122182
0.28564757560923804	8135.837872281373
0.9247370471870525	7782.4799710456855
0.6280373810926132	6125.292422822103
0.6877312164638588	9519.251634516226
0.9267529254687001	7538.805111359313
0.9895592803472234	9204.714207698857
0.7352554808469365	5260.509818780036
0.7452796965456987	8576.044091238058
0.10722200775486468	7986.896307425441
0.837108936728548	8814.678755204282
0.34522992306678446	5326.2242027887805
0.6550427158210014	5530.842103039061
0.5143593770406155	7716.677349031868
0.1768242225717921	10413.160090382375
0.37912475060500095	6088.785012542352
0.26739008774967177	7720.60459047273
0.8958900753534775	6226.85002516723
0.20467473139411985	7264.818937573463
0.5895730693052389	7805.243322932023
0.16813331871259118	9923.62925736958
0.21000583028325115	7877.42395379891
0.4393894773709409	7196.512614939274
0.6021485406092334	11013.777877113216
0.07590933802545974	8182.228378471397
0.8600390806270364	9506.181460075453
0.7043601786653688	9116.426535023244
0.1690012914414981	6572.256390033439
0.3749523015334031	9555.050988586287
0.6154596945921845	8511.254436300844
0.9231172290640516	6886.8877785551795
0.3348510656998144	6694.371169524221
0.9049043110677051	7335.2395521139115
0.7529987441992644	6683.0376665223885
0.8121176630606062	6518.811068358811
0.4618701075871594	6558.4876007784915
0.8475429674013643	8326.687216699584
0.09491676020381301	9730.49914827919
0.17150214332713953	7558.290703175273
0.8152030164604064	9992.075397475188
0.42520007192533116	6008.501446151933
0.8479011964138804	6743.249977163817
0.3773804793662553	8248.66898249737
0.09173416718954575	9106.1532012314
0.7380529050938807	7315.928791102453
0.8856197206731153	8160.222521026348
0.06413791306170946	10210.477783694481
0.04291584490332967	8802.906250108572
0.56150972159476	8691.43458844662
0.8734631367428628	8464.371936764841
0.7493991153422394	7080.855259233994
0.3229532154242889	7979.4180154528485
0.5088852148466969	9505.592778328564
0.48364308699213077	8444.800469557764
0.8080496823194722	5959.052361518789
0.8299856722541226	9285.5191151198
0.9400385019818807	8007.717255940685
0.1717666945050601	6807.507469234606
0.5232300181278321	7415.984244454775
0.35023047698248433	7878.277178635835
0.6700943597113151	9468.958614459845
0.8109960703434055	7775.563313725358
0.9277298607875126	7308.703881181644
0.7605909506770641	8355.477067340476
0.8588145580494082	6158.789365493012
0.8601941309779244	7052.679663502553
0.02650881385543069	6821.127878180625
0.27462439421592466	7557.6305917006475
0.28935229559451436	6623.682546491575
0.5178611257064021	7508.787674376627
