2.501618552345327359e-02
1.419619084368575063e-02
1.804956021560946700e-02
1.383984127050559088e-03
4.452983091024793200e-02
3.740553367230049081e-02
3.850128004076451560e-02
1.020070977784678402e-02
4.388844281594989115e-04
5.735293495488191957e-03
7.071033890661030177e-03
9.031171074535960033e-03
1.063038148951441809e-02
6.538301297932383460e-02
4.823123152720077550e-02
5.662867342235516216e-03
1.749941906504069375e-02
5.561326175966964207e-03
8.137079369963330557e-04
7.346599737137973762e-02
6.648646616868799340e-03
3.963701438890283868e-02
2.549326584805920726e-02
4.781557112289240921e-03
4.553252361774661264e-03
7.649881262775549452e-03
1.971027776628692108e-02
1.500133433072826927e-02
2.882109419789598281e-02
3.587265704107500675e-04
2.324055400833646007e-02
