-19086.0 -18769.0 
-18372.0 -19478.0 
-18372.0 -19478.0 
-18822.0 -19195.0 
-18497.0 -19406.0 
-18565.0 -19368.0 
-18514.0 -19391.0 
-18922.0 -19066.0 
-19052.0 -18808.0 
-19051.0 -18844.0 
-18455.0 -19420.0 
-18681.0 -19305.0 
-18710.0 -19276.0 
-18522.0 -19369.0 
-18980.0 -19000.0 
-18731.0 -19236.0 
-18836.0 -19151.0 
-19064.0 -18804.0 
-18785.0 -19220.0 
-18416.0 -19422.0 
-18455.0 -19420.0 
-18893.0 -19067.0 
-18375.0 -19441.0 
-19034.0 -18855.0 
-18965.0 -19013.0 
-18987.0 -18967.0 
-18878.0 -19112.0 
-18937.0 -19019.0 
-18729.0 -19256.0 
-18792.0 -19196.0 
-18759.0 -19229.0 
-18994.0 -18940.0 
-18613.0 -19331.0 
-18987.0 -18967.0 
-18619.0 -19319.0 
-18759.0 -19229.0 
-18650.0 -19311.0 
-19008.0 -18910.0 
-19014.0 -18884.0 
-18788.0 -19200.0 
-18925.0 -19044.0 
-18497.0 -19406.0 
-18704.0 -19281.0 
-18519.0 -19372.0 
-18597.0 -19332.0 
-18582.0 -19345.0 
-18596.0 -19343.0 
-18392.0 -19439.0 
-18685.0 -19285.0 
-19002.0 -18929.0 
-18400.0 -19428.0 
-19064.0 -18804.0 
-19008.0 -18910.0 
-18883.0 -19081.0 
-18851.0 -19138.0 
-18890.0 -19077.0 
-18880.0 -19092.0 
-18686.0 -19283.0 
-18373.0 -19462.0 
-18729.0 -19256.0 
-18578.0 -19354.0 
-18965.0 -19013.0 
-18980.0 -19000.0 
-18860.0 -19125.0 
-18633.0 -19317.0 
-18650.0 -19311.0 
-18836.0 -19151.0 
-18637.0 -19313.0 
-18373.0 -19462.0 
-18578.0 -19354.0 
-18929.0 -19042.0 
-18994.0 -18940.0 
-18930.0 -19031.0 
-19019.0 -18879.0 
-18416.0 -19422.0 
-19029.0 -18874.0 
-19002.0 -18929.0 
-18851.0 -19138.0 
-18839.0 -19146.0 
-19025.0 -18877.0 
-18822.0 -19195.0 
-18400.0 -19428.0 
-18565.0 -19368.0 
-18930.0 -19031.0 
-18880.0 -19092.0 
-19030.0 -18865.0 
-18937.0 -19019.0 
-18867.0 -19121.0 
-18860.0 -19125.0 
-19051.0 -18844.0 
-18785.0 -19220.0 
-19030.0 -18865.0 
-18839.0 -19146.0 
-19014.0 -18884.0 
-18868.0 -19120.0 
-18681.0 -19305.0 
-18392.0 -19439.0 
-18868.0 -19120.0 
-18731.0 -19236.0 
-18634.0 -19314.0 
