-18381.0 -19466.0 
-19123.0 -18606.0 
-18381.0 -19466.0 
-19123.0 -18606.0 
-18568.0 -19368.0 
-18926.0 -19036.0 
-19105.0 -18671.0 
-18469.0 -19371.0 
-18428.0 -19433.0 
-19053.0 -18806.0 
-18820.0 -19161.0 
-18888.0 -19045.0 
-18388.0 -19439.0 
-19055.0 -18741.0 
-18933.0 -18970.0 
-18614.0 -19313.0 
-19034.0 -18821.0 
-18694.0 -19261.0 
-18586.0 -19357.0 
-18435.0 -19386.0 
-18746.0 -19216.0 
-18830.0 -19115.0 
-18839.0 -19104.0 
-18638.0 -19282.0 
-18636.0 -19309.0 
-18789.0 -19165.0 
-18872.0 -19078.0 
-19083.0 -18686.0 
-18765.0 -19185.0 
-18663.0 -19278.0 
-18711.0 -19231.0 
-19070.0 -18708.0 
-18586.0 -19357.0 
-18663.0 -19278.0 
-18978.0 -18913.0 
-19062.0 -18737.0 
-18694.0 -19261.0 
-18614.0 -19313.0 
-18746.0 -19216.0 
-18946.0 -18932.0 
-18998.0 -18847.0 
-18856.0 -19089.0 
-18779.0 -19181.0 
-18937.0 -18949.0 
-19070.0 -18708.0 
-18856.0 -19089.0 
-19083.0 -18686.0 
-18872.0 -19078.0 
-18990.0 -18874.0 
-18933.0 -18970.0 
-18724.0 -19230.0 
-18888.0 -19045.0 
-18963.0 -18916.0 
-18982.0 -18893.0 
-18724.0 -19230.0 
-18765.0 -19185.0 
-19016.0 -18832.0 
-18962.0 -18922.0 
-19016.0 -18832.0 
-19005.0 -18837.0 
-18830.0 -19115.0 
-18453.0 -19374.0 
-18937.0 -18949.0 
-18469.0 -19371.0 
-18711.0 -19231.0 
-18946.0 -18932.0 
-18998.0 -18847.0 
-18447.0 -19378.0 
-18982.0 -18893.0 
-19053.0 -18806.0 
-18435.0 -19386.0 
-18820.0 -19161.0 
-18779.0 -19181.0 
-18789.0 -19165.0 
-18988.0 -18880.0 
-18990.0 -18874.0 
-18447.0 -19378.0 
-18388.0 -19439.0 
-19062.0 -18737.0 
-19005.0 -18837.0 
-18988.0 -18880.0 
-18962.0 -18922.0 
-18453.0 -19374.0 
-18978.0 -18913.0 
-18636.0 -19309.0 
-18638.0 -19282.0 
-19055.0 -18741.0 
-19123.0 -18606.0 
-18586.0 -19357.0 
-18663.0 -19278.0 
-18856.0 -19089.0 
-18711.0 -19231.0 
-18820.0 -19161.0 
-18990.0 -18874.0 
-18962.0 -18922.0 
-18453.0 -19374.0 
-19055.0 -18741.0 
-18453.0 -19374.0 
-18962.0 -18922.0 
-18453.0 -19374.0 
