-18291.0 -19548.0 
-19033.0 -18741.0 
-18291.0 -19548.0 
-18298.0 -19519.0 
-18388.0 -19513.0 
-19020.0 -18837.0 
-18908.0 -19061.0 
-18618.0 -19392.0 
-18976.0 -18930.0 
-18770.0 -19273.0 
-19011.0 -18865.0 
-18568.0 -19403.0 
-18895.0 -19101.0 
-18636.0 -19365.0 
-19011.0 -18865.0 
-18872.0 -19110.0 
-18433.0 -19480.0 
-18924.0 -19038.0 
-18472.0 -19476.0 
-18976.0 -18930.0 
-18934.0 -18994.0 
-18806.0 -19193.0 
-18828.0 -19186.0 
-18745.0 -19286.0 
-18949.0 -18965.0 
-18803.0 -19214.0 
-18919.0 -19040.0 
-18963.0 -18939.0 
-18870.0 -19129.0 
-18949.0 -18965.0 
-18777.0 -19247.0 
-18654.0 -19341.0 
-18409.0 -19496.0 
-18728.0 -19303.0 
-18684.0 -19334.0 
-18683.0 -19336.0 
-18785.0 -19234.0 
-18488.0 -19460.0 
-18831.0 -19165.0 
-18745.0 -19286.0 
-18488.0 -19460.0 
-18618.0 -19392.0 
-18696.0 -19316.0 
-18836.0 -19163.0 
-18409.0 -19496.0 
-18508.0 -19442.0 
-18388.0 -19513.0 
-18785.0 -19234.0 
-18841.0 -19146.0 
-18425.0 -19489.0 
-19013.0 -18847.0 
-18854.0 -19130.0 
-18647.0 -19356.0 
-18728.0 -19303.0 
-18963.0 -18939.0 
-19020.0 -18837.0 
-18935.0 -18988.0 
-18568.0 -19403.0 
-18803.0 -19214.0 
-18895.0 -19101.0 
-18508.0 -19442.0 
-18649.0 -19344.0 
-18935.0 -18988.0 
-18777.0 -19247.0 
-18543.0 -19425.0 
-18556.0 -19414.0 
-18528.0 -19436.0 
-18696.0 -19316.0 
-18476.0 -19470.0 
-18543.0 -19425.0 
-18712.0 -19309.0 
-18850.0 -19138.0 
-18556.0 -19414.0 
-18934.0 -18994.0 
-18528.0 -19436.0 
-18425.0 -19489.0 
-18639.0 -19358.0 
-18550.0 -19421.0 
-18476.0 -19470.0 
-18298.0 -19519.0 
-18841.0 -19146.0 
-18707.0 -19310.0 
-18924.0 -19038.0 
-18518.0 -19441.0 
-18433.0 -19480.0 
-18850.0 -19138.0 
-19013.0 -18847.0 
-18707.0 -19310.0 
-18712.0 -19309.0 
-18550.0 -19421.0 
-18654.0 -19341.0 
-18828.0 -19186.0 
-18806.0 -19193.0 
-18523.0 -19439.0 
-18472.0 -19476.0 
-18523.0 -19439.0 
-18518.0 -19441.0 
-18683.0 -19336.0 
-18854.0 -19130.0 
-18639.0 -19358.0 
