-19117.0 -18754.0 
-18369.0 -19369.0 
-19117.0 -18754.0 
-18498.0 -19359.0 
-18547.0 -19336.0 
-18829.0 -19119.0 
-18695.0 -19222.0 
-19066.0 -18844.0 
-18752.0 -19201.0 
-18995.0 -18938.0 
-18951.0 -18966.0 
-18755.0 -19184.0 
-18908.0 -18993.0 
-18963.0 -18948.0 
-18893.0 -19043.0 
-18772.0 -19148.0 
-19077.0 -18785.0 
-18870.0 -19062.0 
-18774.0 -19129.0 
-18602.0 -19287.0 
-18661.0 -19249.0 
-18602.0 -19287.0 
-19111.0 -18776.0 
-18997.0 -18895.0 
-18835.0 -19085.0 
-18674.0 -19228.0 
-18878.0 -19049.0 
-18622.0 -19251.0 
-18613.0 -19255.0 
-18917.0 -18986.0 
-19078.0 -18779.0 
-18608.0 -19283.0 
-19019.0 -18876.0 
-18844.0 -19078.0 
-19001.0 -18884.0 
-18844.0 -19078.0 
-18917.0 -18986.0 
-18893.0 -19043.0 
-19020.0 -18871.0 
-18674.0 -19228.0 
-19077.0 -18785.0 
-18661.0 -19249.0 
-18997.0 -18895.0 
-19066.0 -18844.0 
-18835.0 -19085.0 
-19001.0 -18884.0 
-18773.0 -19138.0 
-18774.0 -19129.0 
-19020.0 -18871.0 
-18913.0 -18992.0 
-18773.0 -19138.0 
-18622.0 -19251.0 
-18608.0 -19283.0 
-18613.0 -19255.0 
-19111.0 -18776.0 
-18913.0 -18992.0 
-19078.0 -18779.0 
-19117.0 -18754.0 
-18917.0 -18986.0 
-18893.0 -19043.0 
-18674.0 -19228.0 
-19077.0 -18785.0 
-18661.0 -19249.0 
-19001.0 -18884.0 
-18774.0 -19129.0 
-18773.0 -19138.0 
-19111.0 -18776.0 
-18913.0 -18992.0 
-18674.0 -19228.0 
-19117.0 -18754.0 
-18661.0 -19249.0 
-18893.0 -19043.0 
-19117.0 -18754.0 
-19077.0 -18785.0 
-18674.0 -19228.0 
-19001.0 -18884.0 
-19001.0 -18884.0 
-19117.0 -18754.0 
-19077.0 -18785.0 
-19077.0 -18785.0 
-18774.0 -19129.0 
-18674.0 -19228.0 
-19117.0 -18754.0 
-19117.0 -18754.0 
-19001.0 -18884.0 
-19001.0 -18884.0 
-19117.0 -18754.0 
-18674.0 -19228.0 
-18774.0 -19129.0 
-18674.0 -19228.0 
-19001.0 -18884.0 
-19117.0 -18754.0 
-19117.0 -18754.0 
-18755.0 -19184.0 
-18774.0 -19129.0 
-18774.0 -19129.0 
-19117.0 -18754.0 
-19083.0 -18778.0 
-19077.0 -18785.0 
-19038.0 -18858.0 
