-19121.0 -18618.0 
-19121.0 -18618.0 
-18364.0 -19407.0 
-18364.0 -19407.0 
-18525.0 -19352.0 
-18483.0 -19371.0 
-18766.0 -19180.0 
-19106.0 -18691.0 
-18573.0 -19345.0 
-18885.0 -19088.0 
-18433.0 -19382.0 
-19105.0 -18748.0 
-18812.0 -19171.0 
-18383.0 -19396.0 
-19119.0 -18662.0 
-18428.0 -19391.0 
-18749.0 -19212.0 
-18970.0 -18936.0 
-19068.0 -18775.0 
-18714.0 -19231.0 
-18859.0 -19091.0 
-18636.0 -19305.0 
-18999.0 -18929.0 
-18498.0 -19353.0 
-18661.0 -19277.0 
-19050.0 -18824.0 
-19042.0 -18854.0 
-18684.0 -19238.0 
-18962.0 -18986.0 
-18574.0 -19327.0 
-18714.0 -19231.0 
-18819.0 -19113.0 
-19089.0 -18774.0 
-18672.0 -19250.0 
-18855.0 -19104.0 
-19042.0 -18854.0 
-18644.0 -19285.0 
-18889.0 -19058.0 
-19014.0 -18913.0 
-19064.0 -18797.0 
-18747.0 -19214.0 
-19050.0 -18824.0 
-18816.0 -19161.0 
-18610.0 -19306.0 
-19029.0 -18884.0 
-19064.0 -18797.0 
-19119.0 -18662.0 
-18818.0 -19131.0 
-18947.0 -19002.0 
-18969.0 -18959.0 
-19106.0 -18691.0 
-18597.0 -19317.0 
-19014.0 -18913.0 
-18969.0 -18959.0 
-18947.0 -19002.0 
-18766.0 -19180.0 
-18836.0 -19106.0 
-18383.0 -19396.0 
-18835.0 -19108.0 
-18598.0 -19311.0 
-18898.0 -19034.0 
-18672.0 -19250.0 
-18962.0 -18986.0 
-19027.0 -18892.0 
-18999.0 -18929.0 
-19103.0 -18756.0 
-19029.0 -18884.0 
-19027.0 -18892.0 
-18493.0 -19364.0 
-18911.0 -19027.0 
-18907.0 -19031.0 
-19103.0 -18756.0 
-18818.0 -19131.0 
-18684.0 -19238.0 
-18661.0 -19277.0 
-18747.0 -19214.0 
-18927.0 -19016.0 
-18933.0 -19014.0 
-18927.0 -19016.0 
-18933.0 -19014.0 
-18644.0 -19285.0 
-18433.0 -19382.0 
-19089.0 -18774.0 
-18911.0 -19027.0 
-18610.0 -19306.0 
-18812.0 -19171.0 
-18493.0 -19364.0 
-18816.0 -19161.0 
-18891.0 -19057.0 
-18895.0 -19043.0 
-18895.0 -19043.0 
-18597.0 -19317.0 
-18574.0 -19327.0 
-18428.0 -19391.0 
-18893.0 -19051.0 
-18636.0 -19305.0 
-19105.0 -18748.0 
-18893.0 -19051.0 
-18573.0 -19345.0 
-18970.0 -18936.0 
