-1.910800000000000000e+04 -1.866000000000000000e+04
-1.909000000000000000e+04 -1.873500000000000000e+04
-1.909000000000000000e+04 -1.873500000000000000e+04
-1.909000000000000000e+04 -1.873500000000000000e+04
-1.909000000000000000e+04 -1.873500000000000000e+04
-1.909000000000000000e+04 -1.873500000000000000e+04
-1.905700000000000000e+04 -1.879100000000000000e+04
-1.905700000000000000e+04 -1.879100000000000000e+04
-1.905700000000000000e+04 -1.879100000000000000e+04
-1.905700000000000000e+04 -1.879100000000000000e+04
-1.905700000000000000e+04 -1.879100000000000000e+04
-1.905700000000000000e+04 -1.879100000000000000e+04
-1.902600000000000000e+04 -1.884500000000000000e+04
-1.902600000000000000e+04 -1.884500000000000000e+04
-1.902600000000000000e+04 -1.884500000000000000e+04
-1.902600000000000000e+04 -1.884500000000000000e+04
-1.902600000000000000e+04 -1.884500000000000000e+04
-1.902600000000000000e+04 -1.884500000000000000e+04
-1.902600000000000000e+04 -1.884500000000000000e+04
-1.902600000000000000e+04 -1.884500000000000000e+04
-1.902600000000000000e+04 -1.884500000000000000e+04
-1.898900000000000000e+04 -1.888800000000000000e+04
-1.898900000000000000e+04 -1.888800000000000000e+04
-1.898900000000000000e+04 -1.888800000000000000e+04
-1.898900000000000000e+04 -1.888800000000000000e+04
-1.898900000000000000e+04 -1.888800000000000000e+04
-1.898900000000000000e+04 -1.888800000000000000e+04
-1.898900000000000000e+04 -1.888800000000000000e+04
-1.898900000000000000e+04 -1.888800000000000000e+04
-1.895000000000000000e+04 -1.895400000000000000e+04
-1.895000000000000000e+04 -1.895400000000000000e+04
-1.895000000000000000e+04 -1.895400000000000000e+04
-1.895000000000000000e+04 -1.895400000000000000e+04
-1.895000000000000000e+04 -1.895400000000000000e+04
-1.895000000000000000e+04 -1.895400000000000000e+04
-1.895000000000000000e+04 -1.895400000000000000e+04
-1.895000000000000000e+04 -1.895400000000000000e+04
-1.895000000000000000e+04 -1.895400000000000000e+04
-1.895000000000000000e+04 -1.895400000000000000e+04
-1.895000000000000000e+04 -1.895400000000000000e+04
-1.895000000000000000e+04 -1.895400000000000000e+04
-1.895000000000000000e+04 -1.895400000000000000e+04
-1.891500000000000000e+04 -1.900300000000000000e+04
-1.891500000000000000e+04 -1.900300000000000000e+04
-1.891500000000000000e+04 -1.900300000000000000e+04
-1.891500000000000000e+04 -1.900300000000000000e+04
-1.891500000000000000e+04 -1.900300000000000000e+04
-1.891500000000000000e+04 -1.900300000000000000e+04
-1.891500000000000000e+04 -1.900300000000000000e+04
-1.891500000000000000e+04 -1.900300000000000000e+04
-1.891500000000000000e+04 -1.900300000000000000e+04
-1.891500000000000000e+04 -1.900300000000000000e+04
-1.891500000000000000e+04 -1.900300000000000000e+04
-1.891500000000000000e+04 -1.900300000000000000e+04
-1.891500000000000000e+04 -1.900300000000000000e+04
-1.891500000000000000e+04 -1.900300000000000000e+04
-1.891500000000000000e+04 -1.900300000000000000e+04
-1.891500000000000000e+04 -1.900300000000000000e+04
-1.891500000000000000e+04 -1.900300000000000000e+04
-1.891500000000000000e+04 -1.900300000000000000e+04
-1.891500000000000000e+04 -1.900300000000000000e+04
-1.891500000000000000e+04 -1.900300000000000000e+04
-1.891500000000000000e+04 -1.900300000000000000e+04
-1.891500000000000000e+04 -1.900300000000000000e+04
-1.887300000000000000e+04 -1.901700000000000000e+04
-1.887300000000000000e+04 -1.901700000000000000e+04
-1.883000000000000000e+04 -1.904300000000000000e+04
-1.883000000000000000e+04 -1.904300000000000000e+04
-1.880100000000000000e+04 -1.908000000000000000e+04
-1.880100000000000000e+04 -1.908000000000000000e+04
-1.880100000000000000e+04 -1.908000000000000000e+04
-1.880100000000000000e+04 -1.908000000000000000e+04
-1.880100000000000000e+04 -1.908000000000000000e+04
-1.880100000000000000e+04 -1.908000000000000000e+04
-1.880100000000000000e+04 -1.908000000000000000e+04
-1.880100000000000000e+04 -1.908000000000000000e+04
-1.880100000000000000e+04 -1.908000000000000000e+04
-1.880100000000000000e+04 -1.908000000000000000e+04
-1.880100000000000000e+04 -1.908000000000000000e+04
-1.880100000000000000e+04 -1.908000000000000000e+04
-1.880100000000000000e+04 -1.908000000000000000e+04
-1.880100000000000000e+04 -1.908000000000000000e+04
-1.880100000000000000e+04 -1.908000000000000000e+04
-1.874600000000000000e+04 -1.910200000000000000e+04
-1.874600000000000000e+04 -1.910200000000000000e+04
-1.874600000000000000e+04 -1.910200000000000000e+04
-1.874600000000000000e+04 -1.910200000000000000e+04
-1.874600000000000000e+04 -1.910200000000000000e+04
-1.869000000000000000e+04 -1.914400000000000000e+04
-1.869000000000000000e+04 -1.914400000000000000e+04
-1.869000000000000000e+04 -1.914400000000000000e+04
-1.869000000000000000e+04 -1.914400000000000000e+04
-1.869000000000000000e+04 -1.914400000000000000e+04
-1.869000000000000000e+04 -1.914400000000000000e+04
-1.869000000000000000e+04 -1.914400000000000000e+04
-1.869000000000000000e+04 -1.914400000000000000e+04
-1.869000000000000000e+04 -1.914400000000000000e+04
-1.869000000000000000e+04 -1.914400000000000000e+04
-1.869000000000000000e+04 -1.914400000000000000e+04
-1.869000000000000000e+04 -1.914400000000000000e+04
