-1.899000000000000000e+04 -1.894100000000000000e+04
-1.899000000000000000e+04 -1.894100000000000000e+04
-1.899000000000000000e+04 -1.894100000000000000e+04
-1.899000000000000000e+04 -1.894100000000000000e+04
-1.899000000000000000e+04 -1.894100000000000000e+04
-1.899000000000000000e+04 -1.894100000000000000e+04
-1.899000000000000000e+04 -1.894100000000000000e+04
-1.899000000000000000e+04 -1.894100000000000000e+04
-1.899000000000000000e+04 -1.894100000000000000e+04
-1.899000000000000000e+04 -1.894100000000000000e+04
-1.899000000000000000e+04 -1.894100000000000000e+04
-1.899000000000000000e+04 -1.894100000000000000e+04
-1.899000000000000000e+04 -1.894100000000000000e+04
-1.897700000000000000e+04 -1.894900000000000000e+04
-1.897700000000000000e+04 -1.894900000000000000e+04
-1.897700000000000000e+04 -1.894900000000000000e+04
-1.897700000000000000e+04 -1.894900000000000000e+04
-1.897700000000000000e+04 -1.894900000000000000e+04
-1.896100000000000000e+04 -1.896700000000000000e+04
-1.896100000000000000e+04 -1.896700000000000000e+04
-1.896100000000000000e+04 -1.896700000000000000e+04
-1.896100000000000000e+04 -1.896700000000000000e+04
-1.896100000000000000e+04 -1.896700000000000000e+04
-1.896100000000000000e+04 -1.896700000000000000e+04
-1.896100000000000000e+04 -1.896700000000000000e+04
-1.896100000000000000e+04 -1.896700000000000000e+04
-1.896100000000000000e+04 -1.896700000000000000e+04
-1.896100000000000000e+04 -1.896700000000000000e+04
-1.894500000000000000e+04 -1.897800000000000000e+04
-1.894500000000000000e+04 -1.897800000000000000e+04
-1.894500000000000000e+04 -1.897800000000000000e+04
-1.894500000000000000e+04 -1.897800000000000000e+04
-1.894500000000000000e+04 -1.897800000000000000e+04
-1.894500000000000000e+04 -1.897800000000000000e+04
-1.894500000000000000e+04 -1.897800000000000000e+04
-1.894500000000000000e+04 -1.897800000000000000e+04
-1.892600000000000000e+04 -1.899300000000000000e+04
-1.892600000000000000e+04 -1.899300000000000000e+04
-1.892600000000000000e+04 -1.899300000000000000e+04
-1.892600000000000000e+04 -1.899300000000000000e+04
-1.892600000000000000e+04 -1.899300000000000000e+04
-1.892600000000000000e+04 -1.899300000000000000e+04
-1.890200000000000000e+04 -1.902600000000000000e+04
-1.890200000000000000e+04 -1.902600000000000000e+04
-1.890200000000000000e+04 -1.902600000000000000e+04
-1.890200000000000000e+04 -1.902600000000000000e+04
-1.890200000000000000e+04 -1.902600000000000000e+04
-1.890200000000000000e+04 -1.902600000000000000e+04
-1.890200000000000000e+04 -1.902600000000000000e+04
-1.890200000000000000e+04 -1.902600000000000000e+04
-1.890200000000000000e+04 -1.902600000000000000e+04
-1.890200000000000000e+04 -1.902600000000000000e+04
-1.890200000000000000e+04 -1.902600000000000000e+04
-1.890200000000000000e+04 -1.902600000000000000e+04
-1.890200000000000000e+04 -1.902600000000000000e+04
-1.890200000000000000e+04 -1.902600000000000000e+04
-1.890200000000000000e+04 -1.902600000000000000e+04
-1.890200000000000000e+04 -1.902600000000000000e+04
-1.890200000000000000e+04 -1.902600000000000000e+04
-1.890200000000000000e+04 -1.902600000000000000e+04
-1.890200000000000000e+04 -1.902600000000000000e+04
-1.890200000000000000e+04 -1.902600000000000000e+04
-1.890200000000000000e+04 -1.902600000000000000e+04
-1.890200000000000000e+04 -1.902600000000000000e+04
-1.890200000000000000e+04 -1.902600000000000000e+04
-1.885200000000000000e+04 -1.905400000000000000e+04
-1.885200000000000000e+04 -1.905400000000000000e+04
-1.885200000000000000e+04 -1.905400000000000000e+04
-1.885200000000000000e+04 -1.905400000000000000e+04
-1.885200000000000000e+04 -1.905400000000000000e+04
-1.883700000000000000e+04 -1.908200000000000000e+04
-1.883700000000000000e+04 -1.908200000000000000e+04
-1.883700000000000000e+04 -1.908200000000000000e+04
-1.883700000000000000e+04 -1.908200000000000000e+04
-1.883700000000000000e+04 -1.908200000000000000e+04
-1.883700000000000000e+04 -1.908200000000000000e+04
-1.883700000000000000e+04 -1.908200000000000000e+04
-1.883700000000000000e+04 -1.908200000000000000e+04
-1.883700000000000000e+04 -1.908200000000000000e+04
-1.883700000000000000e+04 -1.908200000000000000e+04
-1.883700000000000000e+04 -1.908200000000000000e+04
-1.883700000000000000e+04 -1.908200000000000000e+04
-1.883700000000000000e+04 -1.908200000000000000e+04
-1.883700000000000000e+04 -1.908200000000000000e+04
-1.883700000000000000e+04 -1.908200000000000000e+04
-1.883700000000000000e+04 -1.908200000000000000e+04
-1.883700000000000000e+04 -1.908200000000000000e+04
-1.883700000000000000e+04 -1.908200000000000000e+04
-1.879700000000000000e+04 -1.911500000000000000e+04
-1.879700000000000000e+04 -1.911500000000000000e+04
-1.879700000000000000e+04 -1.911500000000000000e+04
-1.879700000000000000e+04 -1.911500000000000000e+04
-1.879700000000000000e+04 -1.911500000000000000e+04
-1.879700000000000000e+04 -1.911500000000000000e+04
-1.879700000000000000e+04 -1.911500000000000000e+04
-1.879700000000000000e+04 -1.911500000000000000e+04
-1.879700000000000000e+04 -1.911500000000000000e+04
-1.879700000000000000e+04 -1.911500000000000000e+04
-1.875700000000000000e+04 -1.913000000000000000e+04
-1.875700000000000000e+04 -1.913000000000000000e+04
