5.653878291148910955e-04
7.970513089020084740e-04
4.434121001339061743e-04
8.745870682500035426e-04
2.633067452000052624e-04
4.966958546529201719e-04
8.469826172091240090e-04
3.774670875311932679e-04
1.401171359414820922e-03
6.067792782799944244e-04
1.265186157817096372e-03
2.987872056008285824e-04
7.398733147331065969e-04
3.055419001153671099e-04
7.287182810826513474e-04
7.620299786357279071e-04
6.545917318693510872e-04
5.195183665654902645e-04
7.928588959565602626e-04
7.475301020594653104e-04
7.228696661824310582e-04
9.349954880661024955e-04
6.926400722895300569e-04
7.477886996894062303e-04
4.524573083460775883e-04
5.016245606385319033e-04
1.187437900911474283e-03
1.019411757807694432e-03
1.371477913951585923e-03
5.380927223566668843e-04
8.368942199081697182e-04
