-15867.0 -16732.0 
-16561.0 -16094.0 
-16561.0 -16094.0 
-15867.0 -16732.0 
-16055.0 -16689.0 
-15938.0 -16715.0 
-16531.0 -16214.0 
-16540.0 -16131.0 
-16462.0 -16328.0 
-15938.0 -16715.0 
-16267.0 -16514.0 
-16464.0 -16264.0 
-16191.0 -16575.0 
-16170.0 -16596.0 
-16071.0 -16669.0 
-16099.0 -16646.0 
-16540.0 -16131.0 
-16405.0 -16374.0 
-16226.0 -16525.0 
-16071.0 -16669.0 
-16499.0 -16217.0 
-16490.0 -16256.0 
-16281.0 -16497.0 
-16140.0 -16604.0 
-16365.0 -16404.0 
-16432.0 -16333.0 
-16099.0 -16646.0 
-16408.0 -16346.0 
-16170.0 -16596.0 
-16335.0 -16424.0 
-16350.0 -16423.0 
-16281.0 -16497.0 
-16390.0 -16384.0 
-16390.0 -16384.0 
-16200.0 -16552.0 
-16319.0 -16445.0 
-16200.0 -16552.0 
-16107.0 -16626.0 
-16373.0 -16396.0 
-16324.0 -16441.0 
-16354.0 -16410.0 
-16494.0 -16234.0 
-16201.0 -16535.0 
-16291.0 -16477.0 
-16140.0 -16604.0 
-16310.0 -16453.0 
-16373.0 -16396.0 
-16291.0 -16477.0 
-16409.0 -16341.0 
-16111.0 -16620.0 
-16328.0 -16430.0 
-16226.0 -16525.0 
-16476.0 -16262.0 
-16424.0 -16336.0 
-16126.0 -16608.0 
-16203.0 -16532.0 
-16217.0 -16529.0 
-16124.0 -16611.0 
-16476.0 -16262.0 
-16297.0 -16456.0 
-16296.0 -16458.0 
-16494.0 -16234.0 
-16495.0 -16224.0 
-16107.0 -16626.0 
-16405.0 -16374.0 
-16111.0 -16620.0 
-16424.0 -16336.0 
-16432.0 -16333.0 
-16294.0 -16467.0 
-16294.0 -16467.0 
-16310.0 -16453.0 
-16124.0 -16611.0 
-16490.0 -16256.0 
-16354.0 -16410.0 
-16328.0 -16430.0 
-16219.0 -16526.0 
-16495.0 -16224.0 
-16408.0 -16346.0 
-16499.0 -16217.0 
-16409.0 -16341.0 
-16126.0 -16608.0 
-16217.0 -16529.0 
-16203.0 -16532.0 
-16350.0 -16423.0 
-16297.0 -16456.0 
-16464.0 -16264.0 
-16219.0 -16526.0 
-16099.0 -16646.0 
-16476.0 -16262.0 
-16328.0 -16430.0 
-16495.0 -16224.0 
-16499.0 -16217.0 
-16217.0 -16529.0 
-16350.0 -16423.0 
-16297.0 -16456.0 
-16495.0 -16224.0 
-16297.0 -16456.0 
-16495.0 -16224.0 
-16099.0 -16646.0 
-16099.0 -16646.0 
