1	6.296997661944377E8
2	5.0488091816252065E8
3	5.0488091816252065E8
4	3.2411448891810054E8
5	3.2411448891810054E8
6	3.2411448891810054E8
7	3.2411448891810054E8
8	1.996123119579217E8
9	1.996123119579217E8
10	1.653518032225897E8
11	1.653518032225897E8
12	1.2037497675580385E8
13	1.2037497675580385E8
14	1.1816015859236443E8
15	1.1095291638432047E8
16	9.036514207531269E7
17	9.036514207531269E7
18	9.036514207531269E7
19	7.529925962487498E7
20	6.273886732369142E7
21	6.151872868237219E7
22	5.653699372503175E7
23	4.898053779149281E7
24	4.48197123474834E7
25	3.868552686449595E7
26	3.488933267255409E7
27	3.1730005844904955E7
28	3.1730005844904955E7
29	2.8299091131362513E7
30	2.6379560299890604E7
31	1.893191945694948E7
32	1.893191945694948E7
33	1.893191945694948E7
34	1.4818272327931117E7
35	1.4818272327931117E7
36	1.4818272327931117E7
37	1.2942322200622102E7
38	1.2237089755981231E7
39	1.2237089755981231E7
40	1.1402620807543563E7
41	1.1049152538308127E7
42	1.0228263737531051E7
43	8942259.315442609
44	8154802.835694038
45	7641923.557863936
46	7200224.098906674
47	6734770.506453798
48	5889421.964413603
49	5889421.964413603
50	4922443.423687068
51	4922443.423687068
52	4922443.423687068
53	4712564.85890696
54	4128387.9606142463
55	3992873.184143991
56	3837713.817869207
57	3652317.9872603687
58	3410942.0306517836
59	3099396.1166650904
60	2618458.695139975
61	2618458.695139975
62	2443010.1783413175
63	2443010.1783413175
64	2183849.549841221
65	2067567.9494908864
66	1765338.5598702703
67	1765338.5598702703
68	1765338.5598702703
69	1616129.632238283
70	1391894.177774391
71	1117631.7252925055
72	1117631.7252925055
73	1117631.7252925055
74	1117631.7252925055
75	989952.5901737326
76	989952.5901737326
77	989952.5901737326
78	874724.3140133866
79	833458.3279366086
80	808903.5735372653
81	749238.4387182154
82	566883.8938936092
83	514887.50819352025
84	514887.50819352025
85	481026.5613254516
86	442485.6377390209
87	442485.6377390209
88	442485.6377390209
89	442485.6377390209
90	376615.2113854503
91	376615.2113854503
92	311685.7241808394
93	311685.7241808394
94	311685.7241808394
95	277016.63318574
96	277016.63318574
97	207650.3970559628
98	196179.6056271494
99	196179.6056271494
100	196179.6056271494
101	196179.6056271494
102	191691.5889955487
103	179122.30079178954
104	157295.85317265458
105	137605.6219643434
106	125375.61721107744
107	125375.61721107744
108	113886.02353959947
109	113886.02353959947
110	111120.09466748044
111	106460.91789043219
112	74009.51241212095
113	74009.51241212095
114	69382.38216218229
115	69382.38216218229
116	68881.28863047359
117	63636.583526977454
118	61719.419481381134
119	56334.8503419867
120	56334.8503419867
121	40706.59148487102
122	40706.59148487102
123	40706.59148487102
124	38321.212643039726
125	35948.134943980236
126	33830.17598940128
127	31806.021358139347
128	24018.28039248244
129	20739.71139802395
130	20739.71139802395
131	17138.933199476473
132	13948.39373455217
133	13948.39373455217
134	11847.949720845569
135	11847.949720845569
136	11847.949720845569
137	11847.949720845569
138	11847.949720845569
139	9743.133861457814
140	9743.133861457814
141	9658.03859921524
142	9275.548287438074
143	8866.093713641412
144	8448.9800587097
145	7044.74111496918
146	6743.861560991354
147	6743.861560991354
148	6312.708462372814
149	6251.709348563949
150	5909.097429788143
151	5076.815017297302
152	5076.815017297302
153	4512.039996566287
154	4468.044115280959
155	4468.044115280959
156	4248.552008467743
157	3923.5331164332533
158	3923.5331164332533
159	3664.5924214638485
160	3593.4618740577657
161	3237.004345812991
162	3237.004345812991
163	3095.6463962237917
164	2914.74875044916
165	2914.74875044916
166	2889.3114544872697
167	2655.723701769371
168	2655.723701769371
169	2496.3431513725964
170	2496.3431513725964
171	2398.5264574880853
172	2261.930997433805
173	2224.220145668195
174	2224.220145668195
175	1968.0781457871149
176	1968.0781457871149
177	1778.5920337958316
178	1778.5920337958316
179	1773.1286813596478
180	1667.6668346209472
181	1490.010577016542
182	1490.010577016542
183	1448.5354020861616
184	1448.5354020861616
185	1422.0198281668559
186	1422.0198281668559
187	1422.0198281668559
188	1309.2830693367482
189	1306.2922990246336
190	1292.1291821815262
191	1279.038400926433
192	1195.599026269947
193	1195.599026269947
194	1107.4852999571951
195	1107.4852999571951
196	1107.4852999571951
197	1107.4852999571951
198	1064.7646517071046
199	1050.2387975036518
200	886.7663940976754
201	886.7663940976754
202	854.4498552407548
203	854.4498552407548
204	854.4498552407548
205	774.8669619002736
206	761.4452739591428
207	716.6712971370999
208	716.6712971370999
209	716.6712971370999
210	636.1658392237155
211	636.1658392237155
212	584.0454348300893
213	584.0454348300893
214	584.0454348300893
215	584.0454348300893
216	584.0454348300893
217	584.0454348300893
218	502.295614748135
219	502.295614748135
220	488.4102498514709
221	488.4102498514709
222	488.4102498514709
223	488.4102498514709
224	434.90234200429273
225	434.90234200429273
226	434.90234200429273
227	430.70537769630687
228	426.04057623656917
229	426.04057623656917
230	382.3540760606057
231	369.12922636925896
232	369.12922636925896
233	367.1169643097691
234	367.1169643097691
235	360.8525646144625
236	357.28537640215234
237	357.28537640215234
238	356.3608573574435
239	356.3608573574435
240	353.61582221823784
241	350.6089128462711
242	348.13219686358093
243	334.20598969565873
244	328.9084018566666
245	328.9084018566666
246	327.110986483476
247	321.2631439645568
248	321.2631439645568
249	319.7441847444725
250	319.7441847444725
251	317.7254377318555
252	316.5120134758703
253	316.5120134758703
254	316.5120134758703
255	316.5120134758703
256	313.82542499425017
257	312.72796815094307
258	312.72796815094307
259	312.72796815094307
260	312.72796815094307
261	312.72796815094307
262	312.72796815094307
263	312.21256379986323
264	312.1507332345597
265	311.73434985982897
266	310.8632762828613
267	310.0099554169156
268	305.04662989444614
269	305.04662989444614
270	305.04662989444614
271	305.0090689914427
272	302.7946493249449
273	300.74577734535626
274	300.74577734535626
275	300.74577734535626
276	300.74577734535626
277	300.74577734535626
278	298.9321308808435
279	296.47709438944486
280	296.30784317920234
281	296.30784317920234
282	296.30784317920234
283	296.30784317920234
284	296.06922430625906
285	294.60573462632215
286	294.20879366654503
287	294.20879366654503
288	294.20879366654503
289	293.42086410539474
290	290.222739102906
291	290.222739102906
292	289.58682165371874
293	288.5016611208355
294	288.5016611208355
295	288.5016611208355
296	288.3567854440569
297	288.3567854440569
298	288.3567854440569
299	288.16390884817724
300	287.9768733968241
301	287.5545080517677
302	287.5545080517677
303	286.55733883342145
304	286.55733883342145
305	286.24832753599435
306	286.24832753599435
307	285.0274550381336
308	284.97858369410386
309	284.97858369410386
310	284.97858369410386
311	284.3154211538927
312	283.74755387192016
313	283.7399156832705
314	283.31956415434297
315	282.60846179570734
316	281.98726337886205
317	281.98726337886205
318	281.98726337886205
319	281.98726337886205
320	280.79421184308677
321	280.793339751517
322	280.793339751517
323	280.793339751517
324	280.793339751517
325	280.72435103420605
326	280.5992770926812
327	280.0096113027164
328	279.9137204064326
329	279.074994698297
330	279.074994698297
331	278.9745483136735
332	278.9745483136735
333	278.3214556362398
334	277.9803118193892
335	277.9803118193892
336	277.9803118193892
337	277.9803118193892
338	277.9803118193892
339	277.93110470833767
340	277.93110470833767
341	277.7813094166112
342	277.4927577351294
343	277.4927577351294
344	277.08046170563244
345	277.00185732870375
346	276.92552387600756
347	276.92552387600756
348	276.82953722908087
349	276.4577388540397
350	276.10743386564695
351	275.632332600404
352	275.632332600404
353	275.57049327765355
354	275.2004815815875
355	275.2004815815875
356	275.2004815815875
357	274.8991867967813
358	274.8991867967813
359	274.80354653655473
360	274.80354653655473
361	274.80354653655473
362	274.80354653655473
363	274.80354653655473
364	274.80354653655473
365	274.67794534534823
366	274.67794534534823
367	274.67794534534823
368	274.67794534534823
369	274.2980801912183
370	273.89251757090625
371	273.89251757090625
372	273.89251757090625
373	273.89251757090625
374	273.89251757090625
375	273.89251757090625
376	273.89251757090625
377	273.89251757090625
378	273.89251757090625
379	273.6020307975052
380	273.6020307975052
381	273.6020307975052
382	273.6020307975052
383	273.6020307975052
384	273.6020307975052
385	273.6020307975052
386	273.12674436238484
387	273.12674436238484
388	273.12674436238484
389	273.12674436238484
390	273.12674436238484
391	272.9819763642851
392	272.9819763642851
393	272.8365657992793
394	272.8365657992793
395	272.8365657992793
396	272.81282290381625
397	272.7512573835879
398	272.69183856849287
399	272.69183856849287
400	272.29559827802655
401	272.1749172992814
402	272.1749172992814
403	271.99903481812174
404	271.76364242948114
405	271.64352319110225
406	271.64352319110225
407	271.64352319110225
408	270.79948963918173
409	270.79948963918173
410	270.79948963918173
411	270.79948963918173
412	270.41640524704104
413	270.41640524704104
414	270.41640524704104
415	270.41640524704104
416	270.40692259790967
417	269.9038948234345
418	269.9038948234345
419	269.9038948234345
420	269.9038948234345
421	269.8753650547917
422	269.8753650547917
423	269.86739312223597
424	269.86739312223597
425	269.86739312223597
426	269.73182384533226
427	269.3930791297882
428	269.59922768482295
429	269.59922768482295
430	269.4824549943296
431	269.4824549943296
432	269.4929858357932
433	269.4929858357932
434	269.49296774651236
435	269.49296774651236
436	269.49296774651236
437	269.49296774651236
438	269.2641936865298
439	269.2641936865298
440	269.2025715962584
441	269.2025715962584
442	269.2025715962584
443	269.2025715962584
444	269.2025715962584
445	269.1732272873091
446	269.1732272873091
447	269.1732272873091
448	269.1732272873091
449	269.04747359941683
450	269.04747359941683
451	269.04747359941683
452	269.04747359941683
453	269.04747359941683
454	269.04746708677874
455	269.04746708677874
456	268.8470509534164
457	268.797709537062
458	268.797709537062
459	268.797709537062
460	268.7280392330178
461	268.7280392330178
462	268.7280392330178
463	268.7280392330178
464	268.7280392330178
465	268.764638001334
466	268.764638001334
467	268.7469524578377
468	268.7469524578377
469	268.7469524578377
470	268.72603816638974
471	268.72603816638974
472	268.6783939829879
473	268.6783939829879
474	268.6783939829879
475	268.6783939829879
476	268.6783939829879
477	268.6779298057053
478	268.5923097996599
479	268.5923097996599
480	268.5923097996599
481	268.5300211529172
482	268.5300211529172
483	268.456027508177
484	268.32170199149624
485	268.32170199149624
486	268.32170199149624
487	268.32170199149624
488	268.2259117367288
489	268.2259117367288
490	268.2259117367288
491	268.2259117367288
492	268.0736453177017
493	268.0736453177017
494	268.0736453177017
495	268.0736453177017
496	268.0736453177017
497	268.0736453177017
498	268.0736453177017
499	268.04657635030003
500	268.04657635030003
501	268.0417941183827
502	267.8926046961702
503	267.8926046961702
504	267.7679751120233
505	267.7679751120233
506	267.0965740742993
507	267.0965740742993
508	267.0965740742993
509	267.0965740742993
510	267.0965740742993
511	267.6596451221723
512	267.6596451221723
513	267.47523706924784
514	267.47523706924784
515	267.47523706924784
516	267.4107740384153
517	267.2340007443948
518	267.2340007443948
519	267.2340007443948
520	267.2340007443948
521	267.2340007443948
522	267.2340007443948
523	267.2340007443948
524	267.2340007443948
525	267.22645912906023
526	267.22645912906023
527	267.22645912906023
528	267.22645912906023
529	267.21840763937286
530	266.9486579108764
531	266.9411779984851
532	266.9411779984851
533	266.9411779984851
534	266.9411779984851
535	266.78689659000247
536	266.78689659000247
537	266.78689659000247
538	266.78689659000247
539	266.78689659000247
540	266.78689659000247
541	266.78689659000247
542	266.78689659000247
543	266.5894696767072
544	266.5894696767072
545	266.5894696767072
546	266.5894696767072
547	266.5894696767072
548	266.5894696767072
549	266.5894696767072
550	266.5894696767072
551	266.5894696767072
552	266.55839165764553
553	266.5559040677975
554	266.5559040677975
555	266.40248719371226
556	266.40248719371226
557	266.40248719371226
558	266.3821479177272
559	266.40248719371226
560	266.3205033320531
561	266.29633995745843
562	266.29633995745843
563	266.29633995745843
564	266.29633995745843
565	266.11673258695487
566	266.0241742653557
567	266.0241742653557
568	266.0241742653557
569	266.0241742653557
570	266.0241742653557
571	266.0241742653557
572	266.0241742653557
573	265.9811928801308
574	265.9811928801308
575	265.9811928801308
576	265.9811928801308
577	265.9811928801308
578	265.76773815381137
579	265.97166185468916
580	265.97166185468916
581	265.97166185468916
582	265.92499899985927
583	265.96790233844064
584	265.96790233844064
585	265.8086307626451
586	265.8086307626451
587	265.80279946867677
588	265.80279946867677
589	265.791660007823
590	265.791660007823
591	265.791660007823
592	265.80279946867677
593	265.80279946867677
594	265.80279946867677
595	265.80279946867677
596	265.69230094027046
597	265.69230094027046
598	265.69230094027046
599	265.69230094027046
600	265.69230094027046
601	265.5313640437746
602	265.5313640437746
603	265.5313640437746
604	265.5313640437746
605	265.5313640437746
606	265.5313640437746
607	265.5313640437746
608	265.5313640437746
609	265.5313640437746
610	265.5313640437746
611	265.5313640437746
612	265.5313640437746
613	265.5313640437746
614	265.5313640437746
615	265.5313640437746
616	265.5313640437746
617	265.5313640437746
618	265.5313640437746
619	265.5313640437746
620	265.50833862285083
621	265.42180255141636
622	265.42180255141636
623	265.42180255141636
624	265.42180255141636
625	265.28250887504817
626	265.2211078090761
627	265.19505212638256
628	265.2211078090761
629	265.2211078090761
630	265.2211078090761
631	265.2211078090761
632	265.2211078090761
633	265.2211078090761
634	265.2078290858265
635	265.20588290758815
636	265.20588290758815
637	265.20588290758815
638	265.20588290758815
639	265.20588290758815
640	265.20588290758815
641	265.20588290758815
642	265.0002229604119
643	265.0002229604119
644	265.0002229604119
645	265.0002229604119
646	265.0002229604119
647	265.0002229604119
648	264.99997442743535
649	264.99997442743535
650	264.95790352393385
651	264.95790352393385
652	264.95790352393385
653	264.95790352393385
654	264.95790352393385
655	264.95790352393385
656	264.83073630268996
657	264.83073630268996
658	264.83073630268996
659	264.7615803795454
660	264.7615803795454
661	264.7615803795454
662	264.72863689917637
663	264.72863689917637
664	264.72863689917637
665	264.72863689917637
666	264.71192599502496
667	264.71192599502496
668	264.71192599502496
669	264.70587476461804
670	264.70587476461804
671	264.71181198357374
672	264.71181198357374
673	264.71181198357374
674	264.51192041869183
675	264.48611618919034
676	264.48576841005564
677	264.48576841005564
678	264.3750611486213
679	264.3750611486213
680	264.3750611486213
681	264.3750611486213
682	264.3750611486213
683	264.3750611486213
684	264.3750611486213
685	264.3750611486213
686	264.30556889323213
687	264.35445729641356
688	264.35445729641356
689	264.3539483660536
690	264.3539483660536
691	264.3438125873237
692	264.33091534645024
693	264.31580642234275
694	264.117269660383
695	264.117269660383
696	264.117269660383
697	264.117269660383
698	264.117269660383
699	264.117269660383
700	264.117269660383
701	264.117269660383
702	264.117269660383
703	264.11191097449836
704	264.11191097449836
705	264.11191097449836
706	264.06782051520383
707	264.06782051520383
708	263.9706563744393
709	263.9706563744393
710	263.9706563744393
711	263.9706563744393
712	263.9706563744393
713	263.9706563744393
714	263.9706563744393
715	263.9706563744393
716	263.9603232236097
717	263.9140705124831
718	263.9140705124831
719	263.9140705124831
720	263.8887541504356
721	263.8887541504356
722	263.8887541504356
723	263.7263024948354
724	263.7263024948354
725	263.71410092170987
726	263.7961328615569
727	263.7961328615569
728	263.7713862078357
729	263.7713862078357
730	263.67944439122715
731	263.67944439122715
732	263.6466551990254
733	263.6147270837551
734	263.6147270837551
735	263.6147270837551
736	263.6147270837551
737	263.59672449055256
738	263.59672449055256
739	263.59511317490393
740	263.59511317490393
741	263.59500041442084
742	263.59500041442084
743	263.59500041442084
744	263.59500041442084
745	263.54468556507913
746	263.54468556507913
747	263.54468556507913
748	263.54468556507913
749	263.54468556507913
750	263.41878326911643
751	263.41878326911643
752	263.41878326911643
753	263.41878326911643
754	263.41878326911643
755	263.41723231936396
756	263.41723231936396
757	263.41137114639844
758	263.41137114639844
759	263.41137114639844
760	263.3499276536021
761	263.3132939866978
762	263.3132939866978
763	263.3132939866978
764	263.2558075861102
765	263.2558075861102
766	263.2558075861102
767	263.2558075861102
768	263.2558075861102
769	263.2558075861102
770	263.25554329674833
771	263.25554329674833
772	263.25554329674833
773	263.25554329674833
774	263.25554329674833
775	263.2785190550869
776	263.2785190550869
777	263.2785190550869
778	263.1906859950339
779	263.1906859950339
780	263.1906859950339
781	263.1906859950339
782	263.1860376323324
783	263.1860376323324
784	263.1860376323324
785	263.1860376323324
786	263.13365413537224
787	263.1260811662865
788	263.1260811662865
789	263.1256640377167
790	263.1252275314271
791	263.1251995948294
792	263.11713621419347
793	263.11713621419347
794	262.9432257756762
795	262.9432257756762
796	262.9432257756762
797	263.08995636079925
798	263.0614987288866
799	263.0614987288866
800	263.0614987288866
801	263.06147524419714
802	263.06147524419714
803	263.06147524419714
804	263.06718946282547
805	263.06718946282547
806	263.06718946282547
807	263.06718946282547
808	263.06718946282547
809	263.07441489346377
810	263.07441489346377
811	263.07441489346377
812	263.0726146167824
813	263.0643564300002
814	263.0643564300002
815	263.0643564300002
816	263.05341976101096
817	263.05337824942336
818	263.05288291511465
819	263.05288291511465
820	263.0450797079379
821	263.0450797079379
822	263.0450797079379
823	263.053580598448
824	263.0425602055107
825	263.0186669809073
826	262.9360564927743
827	262.9360564927743
828	262.9360564927743
829	262.91492127722506
830	262.9147181413139
831	262.91492127722506
832	262.91492127722506
833	262.91492127722506
834	262.9259608902408
835	262.9259608902408
836	262.8595601526961
837	262.8595601526961
838	262.8595601526961
839	262.8595601526961
840	262.8595601526961
841	262.8595601526961
842	262.8595601526961
843	262.8595601526961
844	262.8595601526961
845	262.8595601526961
846	262.8595601526961
847	262.8595601526961
848	262.8595601526961
849	262.8595601526961
850	262.8375276357901
851	262.8375276357901
852	262.8375276357901
853	262.8375276357901
854	262.8375276357901
855	262.8350079463176
856	262.8100782536987
857	262.8100782536987
858	262.80993918862777
859	262.80993918862777
860	262.80993918862777
861	262.80993918862777
862	262.80194522096394
863	262.80194522096394
864	262.80194522096394
865	262.73363920833947
866	262.73363920833947
867	262.73363920833947
868	262.73363920833947
869	262.73363920833947
870	262.73363920833947
871	262.73363920833947
872	262.73363920833947
873	262.73363920833947
874	262.7866289384711
875	262.7824125842446
876	262.7767498106644
877	262.7767498106644
878	262.7767498106644
879	262.7485124713039
880	262.7485124713039
881	262.774122405057
882	262.7238125365501
883	262.70352125355765
884	262.70352125355765
885	262.70352125355765
886	262.70352125355765
887	262.70352125355765
888	262.70352125355765
889	262.70352125355765
890	262.70352125355765
891	262.70352125355765
892	262.70352125355765
893	262.70352125355765
894	262.70352125355765
895	262.70352125355765
896	262.70352125355765
897	262.70352125355765
898	262.6870527259495
899	262.6870527259495
900	262.6870527259495
901	262.69604358426636
902	262.69604358426636
903	262.6436929364399
904	262.6436929364399
905	262.6436929364399
906	262.6436929364399
907	262.6436929364399
908	262.69604358426636
909	262.6897986227378
910	262.66623165912665
911	262.66623165912665
912	262.6176176497487
913	262.6176176497487
914	262.6176176497487
915	262.6176176497487
916	262.6176176497487
917	262.61734888980175
918	262.61734888980175
919	262.6135026696884
920	262.6135026696884
921	262.6135026696884
922	262.6130115482717
923	262.6130115482717
924	262.6130115482717
925	262.6130115482717
926	262.6130115482717
927	262.6130115482717
928	262.6130115482717
929	262.6130115482717
930	262.60257057887986
931	262.60257057887986
932	262.60257057887986
933	262.60257057887986
934	262.3706817612395
935	262.3706817612395
936	262.3666518757936
937	262.3666518757936
938	262.3666518757936
939	262.3666518757936
940	262.3666518757936
941	262.3666518757936
942	262.3666518757936
943	262.3666518757936
944	262.35589505633817
945	262.35589505633817
946	262.35589505633817
947	262.48542484240096
948	262.48542484240096
949	262.48542484240096
950	262.48542484240096
951	262.49395841851066
952	262.49395841851066
953	262.47916551371986
954	262.47916551371986
955	262.4783648979046
956	262.34325796658896
957	262.34325796658896
958	262.34325796658896
959	262.270846018382
960	262.270846018382
961	262.270846018382
962	262.270846018382
963	262.270846018382
964	262.270846018382
965	262.270846018382
966	262.2810424063414
967	262.26006484723473
968	262.24971243348534
969	262.24971243348534
970	262.24971243348534
971	262.24971243348534
972	262.24971243348534
973	262.24971243348534
974	262.24971243348534
975	262.24971243348534
976	262.24971243348534
977	262.24971243348534
978	262.2656791799416
979	262.2656791799416
980	262.26464914716905
981	262.26464914716905
982	262.21446407042697
983	262.21446407042697
984	262.21446407042697
985	262.21446407042697
986	262.21446407042697
987	262.21446407042697
988	262.21446407042697
989	262.21446407042697
990	262.21446407042697
991	262.21446407042697
992	262.19505757138296
993	262.19505757138296
994	262.19505757138296
995	262.1860682548794
996	262.1860682548794
997	262.1860682548794
998	262.1860682548794
999	262.15583814816245
1000	262.140120062364