1.864044968063700088e-04
1.898631664085471201e-04
1.789818190251490655e-04
1.840360844824687073e-04
1.779158991188889134e-04
1.884885578790076945e-04
1.822564505457721022e-04
1.798441905418420104e-04
1.897245385305915144e-04
1.804665303511546247e-04
2.013290952149288061e-04
1.833081375945293310e-04
1.815017126522891597e-04
1.774654146770692084e-04
1.748364239311629242e-04
1.873787449371938879e-04
1.843749601712933110e-04
1.871749935978225289e-04
1.832075651294463956e-04
1.816715949864330633e-04
1.902903658780889708e-04
1.970176713914569033e-04
1.912643696723218781e-04
1.708897413119686755e-04
1.976749801576247194e-04
1.888826745756897124e-04
1.886892537383384142e-04
1.900907439056133972e-04
1.911484286573256793e-04
1.893041613915793294e-04
1.817745832272237569e-04
