1.1296179148066456	0.0
6.916915139438635E-17	1.1296179672791307
1.1296179148066456	0.0
1.080695919072457	0.32883684563887117
0.6320290344900916	0.9362567572354635
1.1287898466837294	0.04325543728907944
0.6013730383264488	0.9562359781475351
0.38916623554908036	1.060466843149054
0.8515603589534071	0.7422140717626087
0.21106255995291126	1.1097250045210685
0.9948562080157278	0.5350687458001168
0.7260954672598756	0.8653468168596791
0.9384148506640494	0.6288204317727081
1.1176187918234164	0.1642197844750959
0.7657083580102213	0.8304983530925483
0.7088986946907752	0.8794898797262561
0.893981175878255	0.6905360223954279
0.7902654355658333	0.8071661725135058
1.0946511295455112	0.2788843729134282
1.0886662747590543	0.301402446478421
0.44401011212768904	1.038699804022757
1.0254106872400153	0.47388843821194065
0.6893185458636275	0.8949175919587944
0.359220887636769	1.0709795822055967
0.4597868993544529	1.03181043950509
0.2810456543093881	1.094098319249928
1.0135695813512051	0.4987122950941341
0.7470493037705929	0.8473220222303839
0.837288179717559	0.758278121116876
0.3452204955460464	1.075574347306275
0.24761880601294492	1.1021444395447924
0.8723728556230023	0.7176365909660851
1.1123493735825505	0.19676303791655156
0.6746617662145038	0.9060180584015093
0.4832472989877334	1.0210347732935225
0.9061627078282329	0.6744691317684932
0.18863877851661373	1.1137562973862294
0.6495964612002632	0.9241546890364045
0.2985458357277267	1.0894539957856126
0.5863390831517556	0.9655276793132617
0.8173973587307913	0.7796789373783258
1.1073995192339459	0.22295274343184648
0.8710193770482617	0.7192788927284324
1.063845476651377	0.3798288609314741
0.5723625705892254	0.9738778775708253
0.9720594955923345	0.5754456133834157
0.023208246885117023	1.1293795543093432
0.549755065872613	0.9868165954493224
0.15407139664072017	1.1190617998873589
0.6604965220612556	0.9163966664329658
0.9828694727568551	0.556782803834836
0.41481265461596784	1.0507003113725337
1.0332738604177945	0.456488612395785
0.08055013818649132	1.1267426627182189
0.2538054485100793	1.1007392188321792
0.09575799865906484	1.1255523805499228
1.1270872290307803	0.07557547831126156
0.8258899921943059	0.7706767774601433
1.1016148558749486	0.24996480673819638
1.0578012399688856	0.3963504418598563
1.0697113282515842	0.36298018253840775
0.16846088586059046	1.1169860479406803
0.129515656398874	1.1221691430486793
0.9221572302923663	0.6524305842008192
0.056909864319566864	1.1281834652280394
0.4939286563761298	1.0159091160575648
0.9221572302923663	0.6524305842008192
0.8031823334434601	0.794314543727693
1.0385871389040722	0.4442673928287954
0.11861298491279193	1.1233735971474126
1.1266035987371947	0.08247571144228041
0.5579584405440029	0.9822016335454091
0.7551543208816941	0.8401066936572128
0.4135322990500169	1.0512046971868632
0.04390639221699401	1.1287644620427182
1.052921802414056	0.40913700573149175
0.5292032064172238	0.9979885136065666
1.1212435146504534	0.13729455361074655
1.1024926570390496	0.24606249109385303
1.044505059365973	0.4301701211707074
0.3183843647155349	1.0838210734538771
1.121499820931688	0.1351862110401147
0.9504631020991118	0.6104565459347707
1.1102536232444102	0.20826505426137093
0.9504631020991118	0.6104565459347707
1.0075082301110856	0.510848120874424
0.9794473367749049	0.5627809346876378
1.0481754189350467	0.4211477671048094
1.1243680955520257	0.10878401896437376
0.5115258265995736	1.0071648755877756
0.9627132211266515	0.590948871491905
1.1243680955520257	0.10878401896437376
0.9010249546920696	0.6813166674204899
0.3183843647155349	1.0838210734538771
1.0697113282515842	0.36298018253840775
0.9627132211266515	0.590948871491905
0.5283109978842562	0.9984611040119251
0.509190152431905	1.0083477509489276
0.7987390867839806	0.7987824013144412
1.0075082301110856	0.510848120874424
