1.2954800650701862E-16	2.1156795019954324
2.1157473758115852	7.713199319395136E-17
1.2954800650701862E-16	2.1156795019954324
0.3162559544065786	2.0919087204594367
0.8334501640154081	1.9446137899918992
0.22166509400559237	2.1040669825191105
1.742348173390019	1.2003047043717445
0.09104748147057218	2.113723879530018
2.1088224072192183	0.17037689319756982
0.4487675967158248	2.0675369989349224
2.0830347274052663	0.369397015459691
0.9442067375984945	1.8933302642791126
0.5177292566847533	2.0513719888864235
2.064540165895489	0.4625225560714761
1.9771762289937955	0.7529436718929193
0.36518516590469474	2.0839803575913516
0.9032473310767667	1.9304342573184836
1.9535433948817884	0.8122813890640919
1.191951779303036	1.7479701941632566
2.0699086966308737	0.43643823924009884
1.8563095638412175	1.0150216893235144
1.7130131797380073	1.241655395367818
1.580690298028986	1.4062547023057301
0.7385799826884992	1.982575754717418
2.1143786863076595	0.07423014762146413
1.4992234998627347	1.4929211370316064
2.113082484883951	0.10483156160588802
1.797052896345182	1.1165934333416383
1.6563028113890401	1.3163485779804447
1.9110179186896268	0.907859469772247
1.6217567814085616	1.3586968548908978
2.0475212889176198	0.5327113157877192
0.41385768478111257	2.074846512126994
1.7707227842045097	1.1580969079883243
1.2388099270724868	1.7151325754198747
1.8208297172691772	1.077380394561218
1.1723577190842316	1.7611947190291175
1.8339575792934226	1.0548468146328371
2.089723655962492	0.33042861990480266
1.0486680507678419	1.8375315692796477
1.4322658140024753	1.557153503986489
1.4152991427353174	1.5724872338933533
0.7818249391669351	1.9659467974349814
1.5491361474921936	1.440901074310853
1.8724981672043262	0.9848372769566727
1.0843765878116196	1.8167338212482862
1.6109820051546018	1.3714751631068467
1.1327658569632622	1.7869156045229322
0.995105165610598	1.8671121497574932
1.3831954957340167	1.6009088272829535
1.0022886230651733	1.8632327065573717
0.1843352092824666	2.1076357620288952
1.282550784055814	1.6826269970696337
1.985951337081278	0.7294781888120305
0.5696665199221294	2.037555722294007
1.697523974000834	1.2627431335882586
1.9307622921249687	0.8650585790475546
2.000322648613435	0.6891318358106002
1.1184479935036924	1.7958772758513382
0.9120200700107111	1.909035514697845
1.2498329408796542	1.7071970102715508
2.115657498381324	0.003978355857724406
1.9446245291688118	0.8335297477489443
2.0959472150018423	0.28857487628154477
1.678956607510634	1.2873518156724058
1.4663096747061883	1.5252114952830713
2.0987905922566217	0.2668737152596147
0.6923172100508307	1.9992078199236503
1.3341609631508209	1.6420007465139455
2.0447795218791733	0.5431729253504203
1.3133162012958055	1.658727154480648
1.782171501629909	1.140206851698198
2.018319189007591	0.6345853754721508
1.561236066558323	1.4278142019001403
1.4638699952567644	1.5275329686827577
0.5467497732837244	2.0438432208180517
1.351367721306508	1.6278702828695761
2.032874132185126	0.5863738756617864
1.887354517393031	0.9561191690152144
2.0308431323594736	0.5932033479396234
1.9202174998205905	0.8882754329292015
2.1038235405333556	0.2237637232125346
0.7689559801074749	1.9710461821328584
2.018319189007591	0.6345853754721508
1.3692106567758853	1.6129644675058752
0.13091300210182588	2.1116797894570585
0.14651409037892998	2.11062096248544
0.6878898886211141	2.0008105931837834
1.0632722902507483	1.8304812798778445
0.6093165469295975	2.026045735548045
1.9986647394805463	0.6938879345700953
1.2962648216089687	1.6721323217111403
0.6125429295904021	2.0250726249477453
1.887354517393031	0.9561191690152144
1.667123484682151	1.3026602544964931
1.5175308538691283	1.4742199833738725
1.5175308538691283	1.4742199833738725
0.6496761848526631	2.0134627082309264
0.6496761848526631	2.0134627082309264
2.103403396427429	0.2262319717597266
