-18485.0 -19368.0 
-19030.0 -18820.0 
-18661.0 -19275.0 
-19008.0 -18925.0 
-18711.0 -19262.0 
-18726.0 -19249.0 
-18490.0 -19344.0 
-18614.0 -19316.0 
-18982.0 -18968.0 
-19011.0 -18878.0 
-18989.0 -18940.0 
-18956.0 -19003.0 
-18637.0 -19294.0 
-18580.0 -19319.0 
-18637.0 -19294.0 
-18982.0 -18968.0 
-18543.0 -19329.0 
-18580.0 -19319.0 
-18874.0 -19100.0 
-18526.0 -19335.0 
-19024.0 -18846.0 
-18803.0 -19188.0 
-18776.0 -19212.0 
-18925.0 -19018.0 
-18816.0 -19165.0 
-18749.0 -19225.0 
-18756.0 -19213.0 
-18915.0 -19043.0 
-18956.0 -19003.0 
-18711.0 -19262.0 
-18744.0 -19234.0 
-18614.0 -19316.0 
-18816.0 -19165.0 
-18827.0 -19152.0 
-18877.0 -19080.0 
-18855.0 -19105.0 
-18882.0 -19071.0 
-19016.0 -18858.0 
-19011.0 -18878.0 
-18896.0 -19068.0 
-18944.0 -19005.0 
-18827.0 -19152.0 
-18836.0 -19137.0 
-18989.0 -18940.0 
-18789.0 -19189.0 
-18936.0 -19015.0 
-18909.0 -19045.0 
-19019.0 -18847.0 
-18744.0 -19234.0 
-18898.0 -19060.0 
-18526.0 -19335.0 
-18786.0 -19196.0 
-19008.0 -18925.0 
-18786.0 -19196.0 
-18543.0 -19329.0 
-18898.0 -19060.0 
-19016.0 -18858.0 
-18836.0 -19137.0 
-18803.0 -19188.0 
-18536.0 -19333.0 
-18490.0 -19344.0 
-18837.0 -19124.0 
-18909.0 -19045.0 
-18925.0 -19018.0 
-18849.0 -19120.0 
-18915.0 -19043.0 
-18877.0 -19080.0 
-18853.0 -19110.0 
-18776.0 -19212.0 
-18936.0 -19015.0 
-18944.0 -19005.0 
-18838.0 -19123.0 
-18846.0 -19121.0 
-18536.0 -19333.0 
-18853.0 -19110.0 
-18756.0 -19213.0 
-18882.0 -19071.0 
-18874.0 -19100.0 
-18855.0 -19105.0 
-18849.0 -19120.0 
-18846.0 -19121.0 
-18896.0 -19068.0 
-18789.0 -19189.0 
-18838.0 -19123.0 
-18837.0 -19124.0 
-18614.0 -19316.0 
-18744.0 -19234.0 
-18786.0 -19196.0 
-18803.0 -19188.0 
-18925.0 -19018.0 
-18877.0 -19080.0 
-18936.0 -19015.0 
-18536.0 -19333.0 
-18756.0 -19213.0 
-18874.0 -19100.0 
-18849.0 -19120.0 
-18789.0 -19189.0 
-18756.0 -19213.0 
-18756.0 -19213.0 
-18756.0 -19213.0 
