0.008594922370942282	1.0	0.5143430140523024	0.5082649315531241	0.5025666038134338	0.5010814187096677	0.5053824480072936	0.5133995346486714	0.5183123228729913	0.5213528630743679	0.5229052254173393	0.5242200183914291	0.5250514740253104	0.5257522654506116	0.5263559815962687	0.5280623965307797	0.5317902280254144	0.5405345715535878	0.5653161891842047	0.6646643267347487
2.58067720446851E-7	1.928312891384347E-17	0.5143527089330371	0.5082648771679038	0.502588579836344	0.5009238780671714	0.5053204755563564	0.5133902504483014	0.5183875317218886	0.5213507549364602	0.5229214740358188	0.5241851903926904	0.525049188085186	0.5257167683493534	0.5263504021475475	0.52806236183941	0.5317953527768875	0.5405334438935798	0.5653233018831245	0.6703223250314094
0.0	0.9999999999999999	0.5143425745932748	0.508264961539627	0.5025621648568486	0.5010086679175878	0.5053182733212136	0.5134077617957009	0.518396955684516	0.5213239032246688	0.523069010435917	0.524212031959299	0.5250299191813844	0.5254778387322343	0.5263558738917699	0.5280329733586856	0.5317901501401417	0.5405350284898264	0.5653276358640412	0.6704071428497005
1.0	0.20681432593197707	0.5143426300055289	0.508264901920505	0.5026030675401357	0.501184903068965	0.5053323515313786	0.5129954611331791	0.5183898284881238	0.521315013936653	0.5229230641150263	0.5241850986680308	0.5252642468535105	0.525484857046283	0.5263426454607074	0.528068797599034	0.5317977642893221	0.5405349708490316	0.5653238748852801	0.6704119669608689
1.0	1.928312891384347E-17	0.5143440982080699	0.5082651435908921	0.5025491182957355	0.5009877233939602	0.5053339440241558	0.5134374673365714	0.5183898265215271	0.5213531639120782	0.5230767059179389	0.5241791868475457	0.525126190766991	0.525474736101849	0.5263534998814383	0.528031910025895	0.5317955031981075	0.5405333876524216	0.565229966579699	0.6704084048520481
1.0	1.0	0.5143402385395235	0.5082649084994889	0.50254895807322	0.5010904621444536	0.505381958387458	0.5133995346486714	0.5183123228729913	0.5213483725530135	0.5230716337660306	0.5242200183914291	0.5251243274761711	0.5257264675229917	0.526355967820975	0.5280321279335931	0.5317902285815578	0.5405353480806381	0.5653266541910373	0.6704049647363377
0.59285176878279	0.5213115376283993	0.5143418095967571	0.5082648585869874	0.5025584180871768	0.5010029796333876	0.505332674505437	0.5129935377406696	0.518384815766992	0.5213142412719848	0.5229052559140108	0.5241858610594574	0.525056123596349	0.5254664393127519	0.5263422565407008	0.5280321416905224	0.5317901932678845	0.5405345704252892	0.5652256266052932	0.6704087518608168
0.07003556080209317	0.8360397300719133	0.5143428043498777	0.5082649665800594	0.5025653141570642	0.50092555190622	0.5056894563346134	0.5129958872328159	0.5183955805025837	0.5213524813104667	0.5230731268576748	0.5241696838533563	0.5250624518270444	0.5254738947278782	0.5263589055098103	0.5280446388289495	0.5317951196694491	0.5405355973216721	0.5652232464873185	0.6704095461833484
0.3340739381137039	0.09441031606519214	0.5143374789892379	0.5082649380414629	0.5025916146861433	0.5008971002035026	0.5053811303690875	0.5129954611331791	0.5183898175297436	0.521315013936653	0.5230709957893668	0.524185098692504	0.5252642468535105	0.5254845264286935	0.5263507271766031	0.5280326215990675	0.5317979123521389	0.5405347107017617	0.5653238748852801	0.670340513027045
0.569184506292146	0.2413510501550582	0.5143494080512591	0.5082649018471935	0.5016780466263607	0.5010002461489648	0.5053254446544732	0.5129695452552413	0.5183950456531597	0.5213113050016839	0.5229127483987931	0.5241851069549784	0.5250581175328792	0.5254736848805529	0.5263423106030827	0.5280668858818871	0.5317948992838386	0.5405349671494105	0.565338320123444	0.670401365041725
0.02763957611902474	0.6528522595184144	0.5143402121703191	0.5082649607235906	0.5025896926773945	0.5010003563417386	0.5053722810581133	0.5134144215182401	0.5183951191989705	0.5213592488250282	0.5229217190216717	0.524207830380281	0.5251103803388634	0.52574290094624	0.5263570894225851	0.528061321907636	0.5317950852260677	0.5405354598269422	0.5652262995814602	0.6704129489595719
0.43156953074175824	0.04070979318486584	0.5143340255135236	0.5082649092951248	0.50254895807322	0.5010904621444536	0.5053314441851143	0.51297916500545	0.5183146657782619	0.5213170406311479	0.5230717407914454	0.5242200183914291	0.5250528531403265	0.5257204788137093	0.526355967820975	0.5280321279335931	0.5317902285815578	0.5405346842538846	0.5653239606676684	0.6704125109346846
0.08961301010784034	1.0	0.5143400532139952	0.5082647858988671	0.5025677263051487	0.5010904621444536	0.5053346531261824	0.5133660036732277	0.5183123228729913	0.5213475494454682	0.5229136670932062	0.5242200183914291	0.5251243274761711	0.5254682238360605	0.526355969336608	0.5280321279335931	0.5317947773466655	0.5405353480806381	0.5653266541910373	0.6729655699910585
0.383451528604853	0.5231636196520304	0.5143495261484183	0.508258790966725	0.50257123122052	0.5008935016251002	0.5053814131128732	0.5129677316349505	0.5183943615446605	0.5213228778071233	0.5229213136433281	0.5241782368072763	0.5250352731043717	0.5254734706781292	0.5263562291274141	0.5280323052817433	0.5317950781129089	0.5405351074128123	0.5652500385953533	0.6704069499940367
0.05460486758963782	0.5365025672425825	0.5143422363346913	0.5082644705836832	0.5025665504842222	0.501019550042718	0.5053589869572702	0.5134000736613306	0.5183152496400555	0.521316658669178	0.5230804374330726	0.5241849884875825	0.5250531468960145	0.5254636486695753	0.5263510728683897	0.5280618257315549	0.5317952158981282	0.5405346964560322	0.5653271938269584	0.6704084209190581
0.9122543620653845	0.14604834619165497	0.5142721313139335	0.5082649529574421	0.502533959536279	0.501184903068965	0.5053326635351351	0.5129933678876903	0.5183639733721463	0.521315013936653	0.5230745169338867	0.5241703168610607	0.5252645858006452	0.5257405966649699	0.5263508778896653	0.528032894221342	0.5317953186563326	0.5405349679849738	0.5653232508459631	0.6704119978533749
0.2872794971526968	0.49319157136261593	0.5143432845734851	0.508265163514052	0.5025574244144154	0.5008991939930916	0.505332258959453	0.513002123180924	0.5183617535716685	0.52131649264411	0.5229205856558641	0.5242223169295865	0.5250609181732996	0.5254662805540878	0.5263510114815836	0.5280317925247169	0.5317901031550946	0.5405334368294241	0.5652257731904573	0.6704063913526301
0.7150072935539953	0.8478780480777115	0.5143428043498777	0.5082649533471391	0.502565583917959	0.5009264839590278	0.5056894563346134	0.5129958872328159	0.5183954570075225	0.5213524813104667	0.5230520436267427	0.5241702252915155	0.5250624518270444	0.5254696968003408	0.5263482827007361	0.5280321124766899	0.5317953586892975	0.5405350239753882	0.5652384001484495	0.6704134869625296
0.29914971419340913	0.40182879522300546	0.5143406001253887	0.5083080507219434	0.5025783603575091	0.5009992247430733	0.5053747332936922	0.5134200198827937	0.5183899411590027	0.5213487730447202	0.5230568301676883	0.5241849477211252	0.5251389174643009	0.5257379309646057	0.5263561301730625	0.528061321707025	0.5317949473531994	0.5405351178660311	0.5652376181786504	0.6704132860914944
0.6278042145966832	0.9804585086545673	0.5143388147071304	0.5082644520444282	0.5025662472386743	0.5009020904349424	0.5053504019332018	0.5134038057218646	0.5183123258112993	0.5213244798957338	0.5229176370292983	0.5241849941617623	0.525040521745961	0.5254636300414659	0.5263510737667304	0.5280674228983238	0.5317950335745518	0.5405346957513901	0.5653271938269584	0.6704084209190581
0.47982869619503343	0.24589874220556177	0.5143427994983693	0.5082585950271491	0.5025653496441798	0.5010075170116007	0.505332732938406	0.5134011581842334	0.5183951372067676	0.5213524634972285	0.5229202504146828	0.5241787375374474	0.5250616877890806	0.5254740124573012	0.5263552183148941	0.5280308373004421	0.5317903666619054	0.5405354381880004	0.5653275885076255	0.6704130425111241
0.30770825618492115	0.2999537541006619	0.5143402170190771	0.5082648041504436	0.5025785313653204	0.5009021964622418	0.5053671680951689	0.5130293366868832	0.5183950729136575	0.5213225384820688	0.5229006687114915	0.5241850836651808	0.5250365347885121	0.5254528474070485	0.5263558171546842	0.5280362668215356	0.531795093954154	0.540535017796075	0.5652406949644434	0.6704141936030291
0.3956119090850807	0.8578622639163359	0.5143455631533552	0.5082651420394926	0.5025783810492629	0.501003729193602	0.5057564880330655	0.5133880531145454	0.5183947770808216	0.5213231523692541	0.52291927348322	0.5241848629856354	0.5250372592372557	0.5257251048369423	0.526350950047235	0.5280337003718244	0.531795165883956	0.5405345542227117	0.5653302426091216	0.6704100520977075
0.24851701962366157	0.5311859101764811	0.5143406259631313	0.5083080507219434	0.5025783603575091	0.5010003057408762	0.5053742242679226	0.5133997903501588	0.5183969388051768	0.5213173918848927	0.5230628664750074	0.5241849477263697	0.5251447531771042	0.5257379309646057	0.5263483359128688	0.5280599564779198	0.5317952217089192	0.5405350347990442	0.5652376181786504	0.6704131756245563
0.009398576087807142	1.0	0.5143428136046272	0.508264810370536	0.5025664839642794	0.5010904621444536	0.5053822403193533	0.5133995346486714	0.5183123228729913	0.5213528630743679	0.5230714832102482	0.5242205507255312	0.5250514740253104	0.525740390655229	0.5263559815898814	0.5280715095534305	0.5317902285815578	0.5405353480806381	0.5653269658327821	0.6648470441024935
0.16660778757497272	0.6718149195945089	0.5143401167315746	0.508264909758241	0.5025368739222518	0.500893854176915	0.5053711179202067	0.5133959154855855	0.5183639003843172	0.5213463795388671	0.5229042853405009	0.5242234148441778	0.5250542444810969	0.5257408499259143	0.5263511300907442	0.528034377814812	0.5317949107888051	0.5405351135683727	0.5652290143839246	0.6704071893199269
0.31595819917366647	0.05080580266066781	0.5143367421116781	0.5082649647680139	0.5025777400302008	0.5008922680964693	0.5053324955373766	0.5128279018347868	0.5183147117301211	0.5213159223895265	0.5230556638150349	0.5241852302382533	0.5250558044490052	0.525452423197118	0.5263561704672904	0.5280324082820588	0.5317953601371649	0.5405347048425464	0.5652261484358932	0.6704151473105509
0.8414352413311073	0.40176343781150614	0.5143429815587025	0.5082591429330181	0.5025566511403182	0.5011763299552471	0.5053326790755357	0.513396340944629	0.5183899771148186	0.5213533397080099	0.5230711668703469	0.5241854073353605	0.5250606709197476	0.5254747476266317	0.5263561666986387	0.5280305321394796	0.5317977874637401	0.5405333143320535	0.5653258752023304	0.6704132789218625
0.4061978120210285	0.2409410477513075	0.5143426295621538	0.5082648983622954	0.5025897362655952	0.5010001634078631	0.5053727524702951	0.5130029696098358	0.5183862486804371	0.521317006091847	0.5230713461022253	0.5241844257368887	0.5251179287323977	0.5257513246677444	0.5263551598878552	0.528008197511278	0.5317975273358861	0.5405354597198022	0.5652351371430143	0.6704152660322416
0.5308510383956825	0.3077052507682879	0.5143387547996661	0.5082644520444282	0.5025662472386743	0.5009020904349424	0.5053504019332018	0.5134038057218646	0.5183121410384388	0.5213244798957338	0.5229176370292983	0.5241849941617623	0.525040521745961	0.5254636300414659	0.5263510737667304	0.5280940982371137	0.5317950335745518	0.5405346957513901	0.5653271938269584	0.6704084209190581
0.2621174398546714	0.7253265581317048	0.514352924856839	0.5082649752467916	0.5025131266441637	0.5010002341126645	0.5053251658993604	0.5129651511230536	0.5183946965232245	0.5213538139083379	0.5230612743558616	0.5241826446706737	0.5250617202029627	0.5254488436456761	0.5263422111346285	0.5280618676462603	0.5317903613879582	0.540533356039647	0.5652301859350877	0.6703466115059614
0.745219452542416	0.8552982744034686	0.5143427908789839	0.5082576800834352	0.5025661076964011	0.5010158668444467	0.5053215273887345	0.5129691307708298	0.5183876155798052	0.5213129671329597	0.5230544464329316	0.5241848826407077	0.5251154506702107	0.5254830323242486	0.5263481752988981	0.5280758991318673	0.5317984429993532	0.5405347367957086	0.5653401591667356	0.6703371791688315
0.536937705878791	0.6803489878718995	0.5143484948848502	0.5082648253390298	0.5025626287524779	0.5009192389563305	0.5053216306094697	0.5133930790683044	0.5183964319507737	0.5213507611523817	0.5228872408797294	0.5241721182832085	0.5250313480909704	0.5257407088494095	0.5263503374113785	0.5280620800067177	0.5317947303351791	0.5405345679079663	0.5653201744423	0.6704086124699481
0.17296948575462556	0.7486195355433427	0.5143527505276801	0.5082581362676234	0.5025665938646473	0.5011204195932633	0.5053251340002439	0.513389512955243	0.5183824533919412	0.5213170658953223	0.5230778487474818	0.5241852965341823	0.5250617954566492	0.5254733601124958	0.5263262096069327	0.5280596908653892	0.5317954200240756	0.5405346555905535	0.5653225756680745	0.6703411203631717
0.006314226547173674	0.30739440052845046	0.5143402656437953	0.5082645401200399	0.5025585344721926	0.5008715546649206	0.5053830027828524	0.5129927847142766	0.5183997516717223	0.5213551759953073	0.5230810508886711	0.5241625856976193	0.5250376297472785	0.5256205356118832	0.5263559081352126	0.5280232865229286	0.5317948681446188	0.5405350205411256	0.5653332399941815	0.6704086117471042
0.32524057862623873	0.9653207547147269	0.5143340532357873	0.5082649093851337	0.5025671890495179	0.501090933399254	0.505320875420629	0.5129801843988646	0.5183160220278642	0.5213170469896123	0.5230683787854548	0.5242082836595217	0.5250523504129305	0.5254522185231016	0.5263559748817068	0.5280321850565701	0.5317951299995038	0.5405345330932418	0.5652393909982941	0.6703422935686675
0.37069627922092085	0.6597952600720429	0.5143549236822829	0.5082649018623211	0.5025673075582504	0.5010895060231242	0.5053247005217596	0.5129637158534143	0.5183860635081722	0.5213598636867192	0.5230791993620553	0.5241851069549784	0.525138914963351	0.5254402469078341	0.5263559861322217	0.5280613310336675	0.531795125364192	0.5405356364056668	0.5652407561548703	0.6703986234829937
0.24039297267329393	0.8938224222308944	0.5143430177481327	0.5082648103413424	0.5025667621136308	0.5008960938510758	0.5053216306094697	0.5133931085326151	0.5183950021824695	0.5213507611523817	0.5229053913541317	0.524170523789572	0.5250313480909704	0.5257407088494095	0.5263561569051862	0.5280620800067177	0.531790285940738	0.5405345679079663	0.5653163660362207	0.6704085287216337
0.18847607746583575	0.19832103956519703	0.5142705409989563	0.5082579824942566	0.5025778171899398	0.5009236979158609	0.5053339762762655	0.5133583488792651	0.5183833904480669	0.5212809781962764	0.5229202252587158	0.5241710152580248	0.5251350768480371	0.5254728431728506	0.5263534668817257	0.5280327320786032	0.531795055849173	0.5405333846345595	0.5653197090049208	0.6704099019596659
0.2022206406908556	0.47797999218316656	0.5143467272233981	0.5082587556459491	0.5025573011216976	0.5009472769243614	0.5053841565979856	0.5129622116764272	0.5183843206644784	0.5208611653641858	0.5230632608552245	0.5241843712103236	0.5250674356831607	0.5257805124414892	0.5263396407977774	0.5280112458022992	0.5317950100994778	0.5405349799571842	0.5653286044092429	0.6704131392771362
0.3450663824949134	0.6471039743670894	0.5143398218541453	0.5082649605303554	0.502557724226899	0.5010045625819567	0.5053743684163036	0.5130028755204744	0.5183164438400261	0.5213175690135885	0.5230679974395682	0.5241848131871428	0.5251388910393777	0.5254666723171418	0.5263519103989526	0.5280316179163661	0.531794991225385	0.5405355761622187	0.5652369531232381	0.670406465145696
0.4385052087412242	0.9629471411147477	0.5143340532357873	0.5082649093851337	0.5025672216338058	0.50109279009977	0.5053681315406384	0.5129608867344155	0.5183881664211895	0.5213169814291874	0.5230662638023739	0.5242082836595217	0.5250523504129305	0.5254523828817582	0.5263559674019626	0.5280322919591598	0.5317950409672856	0.540535337027106	0.5653192113926149	0.670410509219077
0.27956776068732264	0.8355589934085792	0.5143435149882005	0.5082649584349961	0.501718009970151	0.5009264839590278	0.5053290179403664	0.5130021780355101	0.5183950402777503	0.5213524813104667	0.5230494884003991	0.5242204104685239	0.5250624518270444	0.5254737163603895	0.5263481215135342	0.5280321124766899	0.5317948035393778	0.5405334543937884	0.5652340195001162	0.6704064558712781
0.22447781760918584	0.7590052081399854	0.5143468052933238	0.5082649625885407	0.502566050084872	0.5010071404909087	0.5053518618674476	0.5135384912157345	0.5183845816946625	0.5208449636648274	0.5230610840440716	0.5241848639577119	0.5250622626950303	0.5254739363603188	0.5263561910930566	0.5280441007044333	0.5317949680869103	0.5405356015271775	0.5652230835402192	0.6704128860228175
0.3726116609186187	0.14496462443889532	0.5143467940324676	0.5082651631385913	0.5025574313429227	0.5009023091556415	0.5053809731778545	0.5134003626377283	0.5183952037347133	0.5213111737729019	0.5229007292701391	0.5241784932063797	0.52505813677977	0.5254546413328072	0.5263413118516456	0.5280468375362574	0.5317906736143099	0.5405353852626102	0.5653224747903774	0.6703354100630109
0.628644478453006	0.23704317314178822	0.5143493464077546	0.5082649018471935	0.5016780466263607	0.5010002328962913	0.5053254446544732	0.51295435268937	0.5183950456531597	0.521316540326761	0.5229123118840615	0.5241851069549784	0.5250625650995798	0.5254736848805529	0.5263422565407008	0.5280668858818871	0.5317948121513242	0.5405349671494105	0.565338320123444	0.670401365041725
0.15272923634689523	0.25128510431037365	0.5143426295621538	0.5082648984503473	0.5025798186214153	0.5010055042119788	0.5053710990900839	0.512983530170265	0.5183638954024543	0.521317006091847	0.5230713461022253	0.5242232620702787	0.5250520231656708	0.5257327954825619	0.5263551598878552	0.528008197511278	0.5317975273358861	0.5405351092115287	0.5652351371430143	0.6704073003532912
0.5127297431028996	0.4807355955263808	0.514338426342124	0.5082647873989827	0.5025617158800028	0.5010337448132931	0.5053713994357479	0.5133661042373632	0.5183876155798052	0.5213122396815507	0.5228986090068232	0.524184953022544	0.5250308650195046	0.5254527332739551	0.5263510231770119	0.528031511961354	0.5317946977968145	0.5405347367957086	0.5653401591667356	0.6703341505470316
0.7886940808533325	0.6435312363662422	0.5143482953114787	0.5082648556505159	0.5016672013142477	0.5009992729063808	0.5053259025820142	0.5130084994829598	0.518395317428705	0.5213234888835423	0.5227707666355058	0.5241818534131972	0.5250540141673137	0.5254738899724956	0.5263570983343474	0.5280599973011402	0.5317901546568244	0.540534698709681	0.5652210817666578	0.6703342668145763
0.1092517527012119	0.8015366664094123	0.5143429152070751	0.5082649704206522	0.5025784459500736	0.5009015555294825	0.5053680152240531	0.5134155667074987	0.5183887021789862	0.5213136998312904	0.5229005746320904	0.5241845479117946	0.5250611213315187	0.5254524229705386	0.5263565553411699	0.528030854428348	0.5317896767104374	0.5405353464111095	0.565327785151281	0.6703328987123951
0.6101578948527441	0.19689699256712076	0.5142705409989563	0.508264964216227	0.5025778171899398	0.5009236979158609	0.5053339484995127	0.5133583488792651	0.5183833696910717	0.5212809781962764	0.5229202252587158	0.524171148737961	0.5251332982335808	0.525452423197118	0.5263534668817257	0.5280327320786032	0.531795055849173	0.5405333846345595	0.5652257494347053	0.6704094647135697
0.19659921817364834	0.4856677129994205	0.5142766501994103	0.5082586762811248	0.5025689311435153	0.5008793469470684	0.5053408601695705	0.5133928918027302	0.5183008689812945	0.5213016501198471	0.5230569911224221	0.5242164937620344	0.5250569482398718	0.5257388182132112	0.5263562090023408	0.5280103526785452	0.5317953362604159	0.5405349888825915	0.5652489212210063	0.6704127339134416
0.012527446382499918	0.7162417931091339	0.514342782740306	0.5082642041921404	0.5025682418468308	0.5010016677375063	0.5053249999992164	0.513387691626327	0.5183861816231695	0.5212793183973312	0.5230612743558616	0.5241828113651972	0.525051388778659	0.5254651832739219	0.5263534118560826	0.5280618924368913	0.5317902274046752	0.5405333795157317	0.5653276478362224	0.6706284496732998
0.06162653393785544	0.17678740258805967	0.5143493616422935	0.5082649018471935	0.5016388557441454	0.5010195416469093	0.5053254446544732	0.51295435268937	0.5183971123252105	0.521316540326761	0.5230816165174961	0.5241851070677437	0.5251161389013302	0.5254736848805529	0.5263422565407008	0.5280668858818871	0.5317948121513242	0.5405347000211076	0.565338320123444	0.6704083347918508
0.0800814738001342	0.912759101238792	0.5143675522969017	0.5082648771093449	0.5025654810455228	0.501089729785001	0.5053354878504445	0.5129541732155245	0.5183190918417412	0.5213532039186775	0.5230569182440848	0.5242081200843346	0.5251837622730207	0.5254660886100557	0.5263567421171238	0.5280438182138341	0.5317953803007569	0.5405354320242505	0.5653296411611946	0.6704130476974861
0.843577671249297	0.8115919326091003	0.5143429152070751	0.5082651450156568	0.5025780291146855	0.5011736901124659	0.5053664053043876	0.5129609232211362	0.5183885042551968	0.5213542570261879	0.5229014821387796	0.5241845691528002	0.5250611213315187	0.525474856622384	0.5263565553411699	0.5280326478275956	0.5317979345896235	0.5405353474315964	0.565323418467307	0.6703356629337106
0.14707040578818614	0.20681432593197707	0.5143395407660308	0.5082649069433548	0.5025493692210492	0.5011900767232624	0.5053326712457201	0.5128439926083306	0.5183898175297436	0.5213170576580763	0.5229230641150263	0.5242203019160687	0.5252642468535105	0.525729583178954	0.5263508793501258	0.5280326215990675	0.5317979123521389	0.5405349656470664	0.5652263821789671	0.6704141418573094
0.08740101692068547	0.004607966065086233	0.5143467605075265	0.5082644001317057	0.5025660401493649	0.5009524259600663	0.5053217590046234	0.5134374673365714	0.5183898265215271	0.5213531639120782	0.5230767168922854	0.5241791877632733	0.5250636199563317	0.525474736101849	0.5263536282408023	0.5280315855560627	0.5317953990027915	0.5405333876524216	0.5652222939445529	0.6704088995369818
0.08961301010784034	0.3786026445081808	0.5143429714164971	0.5082647650773771	0.5025677263051487	0.5011769324080214	0.5053346531261824	0.5133660036732277	0.5183867286828291	0.5213539540830916	0.5229136670932062	0.524221821906213	0.5251243274761711	0.5254682238360605	0.5263559706106519	0.5280321116681157	0.5317947773466655	0.540535342464172	0.5653266541910373	0.6704558743427121
0.6420418720367624	0.5233117705334577	0.5143426137810578	0.5082649149761385	0.5025475851303676	0.5010860756335823	0.5053183067881857	0.5128493144554161	0.5183968602560515	0.5213485927771531	0.5230768431075868	0.5242198834447512	0.5251152927880061	0.5254779061158431	0.5263556953805327	0.5280727738354067	0.5317947163713633	0.5405354387439939	0.5653397619090014	0.6704071394409667
0.14143536710990426	0.4199432529256809	0.5143494262858134	0.5082643723931882	0.5025592150557024	0.5010061094279195	0.5053254075438579	0.5133833604166165	0.5183918050554998	0.5213526651314857	0.5230737039137863	0.5242067077109028	0.5251851109263634	0.525473688049444	0.5263278620461279	0.5280668858818871	0.5317953918780592	0.5405345704252892	0.5653299987761243	0.6703996755124582
0.44972195980077967	0.08153074738877741	0.5143340532357873	0.5082649093851337	0.502565860592428	0.5009922096708553	0.5053325938661041	0.5129496847433092	0.5183881664211895	0.5213494506933105	0.523066495209021	0.5241798748334014	0.5250523504129305	0.5254523828817582	0.5263559798355012	0.5280322919591598	0.5317950435432799	0.540535338702706	0.5653192113926149	0.670410509219077
0.12875798798102456	0.0712549787217524	0.5143428345842064	0.5082649108468865	0.50254895807322	0.5010904621444536	0.5053314618773493	0.5128387172601151	0.5183146899332703	0.5213170397090354	0.5230714852931838	0.5242200271902804	0.5250528522607372	0.5257402975007813	0.526355967820975	0.5280305456553147	0.5317902285815578	0.5405346842538846	0.5653265982082273	0.6703390339479045
0.7307528341650383	0.4311690532000335	0.5143493573875925	0.5082651703169055	0.5016581489891612	0.5009998989421937	0.505325520843133	0.5129669606014047	0.5183830739036339	0.5213530027120297	0.5230569633080252	0.5241851069549784	0.5251898347066409	0.525471693221657	0.5263512428150993	0.5280664137908154	0.5317950096320617	0.5405334204601516	0.5653432823875714	0.6704002546655755
0.7003570201650364	0.14501341345944196	0.5143472150843194	0.5082649533391537	0.5025791439937137	0.500951330603225	0.5056894563346134	0.5129306930344805	0.5183898734100472	0.5213527739889349	0.5230589491176859	0.5241702252915155	0.5250624518270444	0.5254684615829502	0.5263510212078785	0.5280471303217823	0.5317953567357016	0.540535001567089	0.5653228340340918	0.670412750307601
0.2022206406908556	0.1052853295816438	0.5143467272233981	0.5082587556459491	0.5025657487814504	0.5009489917335984	0.5053841565979856	0.5129622116764272	0.5183843206644784	0.521324054274328	0.5229173060221334	0.5241843712103236	0.525185238426594	0.5257805124414892	0.5263396407977774	0.5280440240490993	0.5317901959746804	0.5405349799571842	0.5653286044092429	0.6704178944530996
0.4619907397179081	0.7590052081399854	0.5143468216587306	0.5082649625885407	0.502566050084872	0.5011093490521954	0.5053513332338635	0.5135351694942267	0.5183829766165928	0.5212801635781137	0.5229752349955141	0.5241848641944598	0.5250622626950303	0.5254739363603188	0.5263536297669235	0.5280441007044333	0.5317954638355489	0.5405356015271775	0.5652225393379147	0.6704090305439643
0.5602367206597723	1.0	0.5143400532139952	0.5082649084994889	0.5025666948621422	0.5010904621444536	0.505381958387458	0.5130517800699727	0.5183123228729913	0.5213483725530135	0.5229034156749578	0.5242200183914291	0.5251243274761711	0.5254682238360605	0.526355967820975	0.5280321279335931	0.5317902285815578	0.5405353480806381	0.5653266541910373	0.6704049647363377
0.07702709679289658	0.8015366664094123	0.5143429152070751	0.5082649704206522	0.5025784459500736	0.5009015555294825	0.5053678928465642	0.5129609232211362	0.5183885042551968	0.5213136998312904	0.5229005746320904	0.5241845479117946	0.5250611213315187	0.5254524229705386	0.5263565553411699	0.528032291695977	0.5317896767104374	0.5405353474315964	0.5652395172394533	0.6703356629337106
0.160461909006877	0.11514067167345582	0.5143432909829263	0.508265167101091	0.5025857258601341	0.5010051933847399	0.5053711168037588	0.5129956635519333	0.5183956969099345	0.5213530229110273	0.5229689459143614	0.5241852120149915	0.5250489491743694	0.5257276946771261	0.526353477512982	0.528061098800665	0.5317953760276368	0.5405349515335651	0.5652375319439303	0.6702853182495392
0.35165113543233617	0.6605742250671306	0.5143529733543067	0.5082649605303554	0.5025583460849782	0.5008911089917384	0.5053331064083416	0.5130028755204744	0.5183164438400261	0.5213175690135885	0.5230677711970746	0.5241848176589745	0.5250606072003182	0.5254666723171418	0.5263519103989526	0.5280316179163661	0.5317900934875043	0.5405355761622187	0.565339721121038	0.670406465145696
0.03428697349799975	0.5023901908321502	0.51434021691404	0.5083098506165621	0.5025776925216991	0.5010039827679448	0.5053739057443577	0.5134200198827937	0.518393815642416	0.5213478308412223	0.5230598341204526	0.5241850824327063	0.5250534905967968	0.525723214891209	0.5263483359128688	0.528061321707025	0.5317951045810687	0.5405350149681603	0.5652376181786504	0.6704131641456157
0.678997986419768	0.5023901908321502	0.51434021691404	0.5083098506165621	0.5025776925216991	0.5010040045279314	0.5053739057443577	0.5134200198827937	0.518393815642416	0.5213487730447202	0.5230565290606922	0.5241850824327063	0.5251389174643009	0.5257259622533949	0.5263483359128688	0.528061321707025	0.5317951045810687	0.5405350149681603	0.5652376181786504	0.6704131663004173
1.2529292742812747E-7	0.34010256824432505	0.5143428098305978	0.5082649316298526	0.5025857258601341	0.5010051933847399	0.5053740209750411	0.513421213297834	0.5183939468126157	0.5213530229110273	0.5229689459143614	0.5241851281307272	0.5250489491743694	0.5257276946771261	0.526353477512982	0.5280609019420959	0.5317953760276368	0.540535005015996	0.5652375319439303	0.6702853182495392
0.2727742285760287	0.7253265581317048	0.514352924856839	0.5082644042735179	0.5025672942877112	0.5010014354446628	0.5053251795066213	0.5133856873167076	0.5183875958694693	0.5212817656567437	0.5230612743558616	0.5241826446706737	0.5250621104960014	0.5254651832739219	0.5263534118560826	0.5280435600136104	0.5317903613879582	0.540533356039647	0.5652315737567967	0.6703466115059614
0.40311144883559974	0.8493812544927768	0.5143455452184985	0.508264927022032	0.5025853175025538	0.5010043231421859	0.5054115006127815	0.5134004072487434	0.5183871312263547	0.5213531626151151	0.5230690905131299	0.5241806513400576	0.5250517917493123	0.5254662200159939	0.5263536282408023	0.5280715515131105	0.5317953990027915	0.5405353886695523	0.5653321908410086	0.6704088995369818
0.37835694143776766	0.40182879522300546	0.5143406001253887	0.5083080507219434	0.5025783603575091	0.5010015615723541	0.5053747279702212	0.5134200198827937	0.5183872313915034	0.5213488081456198	0.5228946529231648	0.5241849477211252	0.5251389174643009	0.5257379190059888	0.5263417891487455	0.528061321707025	0.5317949473531994	0.5405351239520716	0.5653209751631177	0.6703388984740927
0.7837903206475338	0.5373598519123046	0.5143455541828111	0.5082651545650299	0.5025783810492629	0.5010037228419731	0.5057564880330655	0.5133853131256565	0.5183949557873603	0.5213230413759483	0.52291927348322	0.5241850814168179	0.5250595710603679	0.5257251048369423	0.5263508224671433	0.5280355980248707	0.531795164459001	0.5405345577742254	0.5653303230427792	0.6704094791335882
0.13700379535555665	0.5757075853451563	0.5142717179731471	0.5082649375631606	0.5025656644737814	0.5009222464810715	0.5053310891026808	0.5129630319662859	0.5183865602749539	0.5213523914614345	0.5228960706823914	0.5241718155129876	0.5250372845163332	0.5254835097578104	0.5263528720613071	0.5280322539108715	0.5317956252196654	0.5405345787868421	0.5653177784399148	0.6704089465148301
0.6621152893555605	0.5023901908321502	0.5143402174691261	0.5083093869598186	0.5025776925216991	0.5010040032867321	0.505374672230608	0.5134200198827937	0.518393815642416	0.5213487730447202	0.5230565290606922	0.5241850824327063	0.5251389174643009	0.5257259622533949	0.5263483359128688	0.5280329632736279	0.5317952491865067	0.5405350150706915	0.5652369341480278	0.67041326525984
0.1008358787088165	0.3873687124842214	0.5143383488110806	0.5082647856662876	0.5025845960449328	0.5008926917450929	0.5053348049894272	0.5133593070941557	0.5183898944613508	0.5213475825413086	0.5230752764125347	0.5241796649407962	0.5250605918146328	0.5254744650193802	0.5263562468214683	0.5280726267793726	0.5317946954307654	0.5405353436332874	0.5653234602866641	0.6729319691044134
0.7246140034389927	0.8914556176462785	0.5143402174691261	0.5083093869598186	0.5025776925216991	0.5010040032867321	0.505374672230608	0.5133929304221331	0.518393815642416	0.5213507842921773	0.5228870610985584	0.5241850824327063	0.5251389174643009	0.5257253303818678	0.5263483359128688	0.5280329632736279	0.5317952491865067	0.5405350150706915	0.5652369341480278	0.67041326525984
0.036546957811299796	9.935539079201083E-4	0.5143440982080699	0.5082651435908921	0.5025491182957355	0.5009872541947941	0.5053339440241558	0.5133993115484698	0.5183898265215271	0.521316368258079	0.523080387552872	0.5241791868475457	0.525126190766991	0.525474736101849	0.5263534998814383	0.528031910025895	0.531795217372704	0.5405333876524216	0.565229966579699	0.6704084219695573
0.6699614797397224	0.1036127003994119	0.5143402533147595	0.5083093869598186	0.5025776925216991	0.5010051520329603	0.505374672230608	0.5134200198827937	0.518393815642416	0.5213487730447202	0.5230565290606922	0.5241850824327063	0.5251389174643009	0.5257280540169764	0.526359679153901	0.5280329632736279	0.5317952491865067	0.5405350152134982	0.5652371136919738	0.67041326525984
0.23073390879997838	0.5120450355452004	0.5143401406955026	0.5082649403029937	0.5026124937703129	0.5009214817123794	0.5053306518987797	0.5129583743448061	0.5183859961528534	0.5213479869503738	0.5229237213479105	0.5242164351090044	0.5251867801640281	0.5254844740880139	0.5263522478320097	0.5280620637801263	0.5317952810547144	0.5405356081098573	0.565318665748594	0.6703986090793347
0.6283944489923057	0.8355589934085792	0.5143495103476089	0.5082649525791093	0.5016694435562729	0.5009264839590278	0.5056894563346134	0.5129958872328159	0.5183950402777503	0.5213524813104667	0.5230520436267427	0.5241702252915155	0.5250624518270444	0.5254737953909048	0.5263480916059277	0.5280321124766899	0.5317948035393778	0.5405350239753882	0.565233722360179	0.6704134869625296
0.2713571275856639	0.022631583949655823	0.5143528521596092	0.5082649507793	0.5025789761985715	0.5010014354446628	0.5053326987832888	0.5129664663756577	0.5183196540087271	0.5212817656567437	0.5230664696695213	0.5241825440252672	0.5250580528444926	0.5257256899090426	0.5263534118560826	0.5280612089712551	0.5317903481561382	0.540533356039647	0.5652315737567967	0.6704174428682725
0.24562221995999717	0.42041752845702685	0.5143406001253887	0.5083080507219434	0.5025783603575091	0.5010003057408762	0.5053742242679226	0.5134254508028492	0.5183937733616302	0.5213487730447202	0.5230628664750074	0.5241849475645319	0.525139156392585	0.5257379309646057	0.5263483359128688	0.528059974416691	0.5317948820707802	0.5405350347990442	0.5652376181786504	0.6704131756245563
0.6118517820790181	0.18471908351457367	0.5142705409989563	0.508264876158657	0.5025778171899398	0.50109448877346	0.5053339484995127	0.5133583488792651	0.5183833696910717	0.5212809781962764	0.5229202252587158	0.5242079424949224	0.5251827548929312	0.5254659018441614	0.5263567635914673	0.5280327320786032	0.5317950572272162	0.5405333846345595	0.565227514690689	0.6704129132387154
0.7873900248816428	0.5369677265660155	0.5143493019997443	0.508264901493419	0.5016771103259384	0.5010002332184621	0.5053236347230976	0.51295435268937	0.5183948660422192	0.5213536536293482	0.5229050914884454	0.524217153330166	0.5250605944044882	0.5254736832332595	0.5263422565407008	0.5280668858818871	0.5317948121513242	0.5405349671494105	0.5653271638167191	0.6703337608492045
0.24486679647778029	0.9999229248193289	0.514343017452668	0.508264812687108	0.5025669059548449	0.5008989231270882	0.5053216306094697	0.5134072150747567	0.5183968820735722	0.5213507611523817	0.5230697706455207	0.5241774228966889	0.5250313480909704	0.5257407088494095	0.5263512587700352	0.5280329616096144	0.5317901480508781	0.5405345567797576	0.5653163029616801	0.670407150086085
0.1261137086261206	0.05427436354352344	0.5143402385395235	0.5082649076580733	0.50254895807322	0.5010904621444536	0.5053314618773493	0.5128387172601151	0.5183146899332703	0.5213170397090354	0.5230717407914454	0.5242200183914291	0.5250528522607372	0.5257204788137093	0.526355967820975	0.5280321279335931	0.5317902285815578	0.5405346842538846	0.5652262639452837	0.6703390339479045
0.3484308850696533	0.706967153634325	0.5143531804010156	0.5082642041921404	0.5025671318676851	0.5010014354446628	0.5053249999992164	0.513387691626327	0.5183875958694693	0.5212817656567437	0.5230612743558616	0.5241828113651972	0.5250621104960014	0.5254651832739219	0.5263534118560826	0.5280618924368913	0.5317903613879582	0.540533356039647	0.5652315737567967	0.6704189995725519
0.4619907397179081	0.749266528447194	0.514346851781265	0.5082643810377314	0.502566050084872	0.5010117350863355	0.5053212928601142	0.5135351694942267	0.5183833723561667	0.5212801635781137	0.5230690755016264	0.5241848690285131	0.5250622626950303	0.5254812991974015	0.5263536297669235	0.5280441007044333	0.5317951942514534	0.5405356015271775	0.5652225393379147	0.6704090305439643
0.678997986419768	0.5023901908321502	0.51434021691404	0.5083098506165621	0.5025776925216991	0.5010040045279314	0.5053739057443577	0.5134200198827937	0.518393815642416	0.5213487730447202	0.5230565290606922	0.5241850824327063	0.5251389174643009	0.5257259622533949	0.5263483359128688	0.528061321707025	0.5317951045810687	0.5405350149681603	0.5652376181786504	0.6704131663004173
0.5127297431028996	0.48441049543796755	0.514338426342124	0.5082647793180906	0.5025617158800028	0.501030930284989	0.5053713994357479	0.5133661042373632	0.518394411281164	0.5213122396815507	0.5228986090068232	0.5241849237784472	0.5250617456454828	0.5254526977448986	0.5263509027516959	0.528031511961354	0.5317905221845786	0.5405347367957086	0.5653401591667356	0.6703341505470316
0.4569205125548161	0.7590052081399854	0.5143408346243653	0.5082649625885407	0.502566050084872	0.5011090696516345	0.5053736317045827	0.5135311603730336	0.5183829766165928	0.5212785611577092	0.5229759527614144	0.5241848660889512	0.5250622626950303	0.5254739363603188	0.5263536297669235	0.5280441007044333	0.5317954638355489	0.5405350060394877	0.5652225393379147	0.6704085314358861
0.6620430568962234	0.10836480537463922	0.5143402542022115	0.5083093869598186	0.5025776925216991	0.5010050857807055	0.505374672230608	0.5134200198827937	0.518393815642416	0.5213487730447202	0.5230565290606922	0.5241850824327063	0.5251389174643009	0.5257280540169764	0.526359679153901	0.5280329632736279	0.5317952491865067	0.5405350152134982	0.5652371098583728	0.67041326525984
0.23255588240209346	0.5023817462941202	0.5143400532139952	0.508264792876054	0.5026120117146031	0.5010904621444536	0.5053306059805392	0.5129833272597862	0.5183123228729913	0.5213475525507056	0.5229237415175809	0.5242164230529591	0.5251868882874418	0.5254682238360605	0.526355969336608	0.5280321279335931	0.5317947773466655	0.5405353471558869	0.5653266541910373	0.6729655699910585
0.10855365593585509	0.058709591896633447	0.5143367421116781	0.5082649647680139	0.5025490028353725	0.5008912758702759	0.5053326098625622	0.5128279018347868	0.5183146887247586	0.5213158939707085	0.5229172168270181	0.5242195543426978	0.5250558044490052	0.5254540012917691	0.5263559638488761	0.5280325578206789	0.5317899300943913	0.540534684624536	0.5652261484358932	0.6703390443433148
