-21424.0 -21044.0 
-20674.0 -21860.0 
-20674.0 -21860.0 
-21424.0 -21044.0 
-20769.0 -21833.0 
-20694.0 -21845.0 
-21384.0 -21057.0 
-20933.0 -21734.0 
-21177.0 -21488.0 
-20893.0 -21735.0 
-20956.0 -21700.0 
-20884.0 -21770.0 
-20995.0 -21686.0 
-20770.0 -21809.0 
-21284.0 -21319.0 
-21292.0 -21290.0 
-20846.0 -21781.0 
-21190.0 -21435.0 
-21378.0 -21122.0 
-21380.0 -21083.0 
-21229.0 -21400.0 
-21113.0 -21572.0 
-21114.0 -21551.0 
-21249.0 -21370.0 
-21184.0 -21455.0 
-21251.0 -21352.0 
-21333.0 -21240.0 
-21013.0 -21641.0 
-21072.0 -21604.0 
-21321.0 -21249.0 
-21373.0 -21147.0 
-21362.0 -21169.0 
-21123.0 -21521.0 
-21148.0 -21503.0 
-21264.0 -21348.0 
-20813.0 -21795.0 
-21355.0 -21194.0 
-21229.0 -21400.0 
-21204.0 -21432.0 
-21099.0 -21576.0 
-20694.0 -21845.0 
-21072.0 -21604.0 
-21009.0 -21663.0 
-21267.0 -21334.0 
-21249.0 -21370.0 
-21217.0 -21413.0 
-20955.0 -21708.0 
-20789.0 -21806.0 
-20813.0 -21795.0 
-21093.0 -21584.0 
-21142.0 -21507.0 
-20892.0 -21751.0 
-21362.0 -21169.0 
-21060.0 -21619.0 
-20789.0 -21806.0 
-21336.0 -21227.0 
-21380.0 -21083.0 
-20889.0 -21761.0 
-21184.0 -21455.0 
-21373.0 -21147.0 
-21378.0 -21122.0 
-21217.0 -21413.0 
-20955.0 -21708.0 
-21346.0 -21212.0 
-21093.0 -21584.0 
-20846.0 -21781.0 
-21312.0 -21273.0 
-21338.0 -21217.0 
-20832.0 -21786.0 
-21355.0 -21194.0 
-20933.0 -21734.0 
-21120.0 -21539.0 
-20832.0 -21786.0 
-21023.0 -21640.0 
-21284.0 -21319.0 
-21177.0 -21488.0 
-21047.0 -21621.0 
-21148.0 -21503.0 
-21025.0 -21630.0 
-20999.0 -21679.0 
-21009.0 -21663.0 
-21321.0 -21249.0 
-20995.0 -21686.0 
-21047.0 -21621.0 
-21267.0 -21334.0 
-21310.0 -21278.0 
-21131.0 -21515.0 
-20999.0 -21679.0 
-21032.0 -21629.0 
-21204.0 -21432.0 
-21131.0 -21515.0 
-20884.0 -21770.0 
-21298.0 -21287.0 
-21032.0 -21629.0 
-21298.0 -21287.0 
-21120.0 -21539.0 
-20956.0 -21700.0 
-21060.0 -21619.0 
-21312.0 -21273.0 
-21346.0 -21212.0 
