-19123.0 -18636.0 
-18224.0 -19466.0 
-18224.0 -19466.0 
-19123.0 -18636.0 
-18292.0 -19443.0 
-18580.0 -19363.0 
-18500.0 -19366.0 
-18350.0 -19423.0 
-18422.0 -19417.0 
-18237.0 -19444.0 
-19030.0 -18874.0 
-18483.0 -19400.0 
-19106.0 -18682.0 
-19051.0 -18815.0 
-18350.0 -19423.0 
-18877.0 -19070.0 
-18911.0 -19050.0 
-18596.0 -19325.0 
-18440.0 -19403.0 
-19071.0 -18752.0 
-18807.0 -19171.0 
-18915.0 -19018.0 
-19086.0 -18689.0 
-18773.0 -19185.0 
-19005.0 -18896.0 
-18671.0 -19277.0 
-18614.0 -19318.0 
-19077.0 -18711.0 
-18666.0 -19293.0 
-18943.0 -18999.0 
-18631.0 -19315.0 
-18714.0 -19238.0 
-18996.0 -18930.0 
-18854.0 -19097.0 
-18947.0 -18976.0 
-18772.0 -19200.0 
-18815.0 -19152.0 
-18830.0 -19142.0 
-19063.0 -18766.0 
-19056.0 -18796.0 
-18486.0 -19381.0 
-18641.0 -19307.0 
-18962.0 -18950.0 
-18758.0 -19205.0 
-18689.0 -19271.0 
-19030.0 -18874.0 
-18854.0 -19097.0 
-18699.0 -19258.0 
-18928.0 -19016.0 
-18886.0 -19069.0 
-18699.0 -19258.0 
-18838.0 -19123.0 
-18997.0 -18911.0 
-19051.0 -18815.0 
-18846.0 -19105.0 
-18838.0 -19123.0 
-18886.0 -19069.0 
-18959.0 -18963.0 
-19017.0 -18884.0 
-18754.0 -19213.0 
-19053.0 -18809.0 
-18641.0 -19307.0 
-19106.0 -18682.0 
-18911.0 -19050.0 
-18422.0 -19417.0 
-18714.0 -19238.0 
-18596.0 -19325.0 
-18807.0 -19171.0 
-19066.0 -18754.0 
-19017.0 -18884.0 
-18943.0 -18999.0 
-18737.0 -19228.0 
-18440.0 -19403.0 
-19056.0 -18796.0 
-18979.0 -18947.0 
-18977.0 -18949.0 
-18754.0 -19213.0 
-18666.0 -19293.0 
-19063.0 -18766.0 
-18996.0 -18930.0 
-18580.0 -19363.0 
-18486.0 -19381.0 
-18737.0 -19228.0 
-18979.0 -18947.0 
-18731.0 -19230.0 
-18830.0 -19142.0 
-18815.0 -19152.0 
-18947.0 -18976.0 
-18500.0 -19366.0 
-18997.0 -18911.0 
-18928.0 -19016.0 
-18959.0 -18963.0 
-19078.0 -18703.0 
-18846.0 -19105.0 
-18689.0 -19271.0 
-18773.0 -19185.0 
-19078.0 -18703.0 
-18731.0 -19230.0 
-19077.0 -18711.0 
-18237.0 -19444.0 
