-18518.0 -19394.0 
-19092.0 -18757.0 
-18518.0 -19394.0 
-19073.0 -18852.0 
-19081.0 -18798.0 
-18802.0 -19224.0 
-19029.0 -18896.0 
-18536.0 -19375.0 
-18569.0 -19368.0 
-19081.0 -18798.0 
-18738.0 -19235.0 
-19016.0 -18949.0 
-18835.0 -19178.0 
-18736.0 -19260.0 
-18768.0 -19229.0 
-18996.0 -18977.0 
-19057.0 -18863.0 
-18592.0 -19336.0 
-18700.0 -19295.0 
-18667.0 -19296.0 
-18617.0 -19328.0 
-18949.0 -19022.0 
-18884.0 -19126.0 
-18847.0 -19155.0 
-18715.0 -19292.0 
-18815.0 -19188.0 
-18718.0 -19282.0 
-18909.0 -19083.0 
-19016.0 -18949.0 
-19047.0 -18882.0 
-18984.0 -18978.0 
-19059.0 -18855.0 
-19017.0 -18926.0 
-19018.0 -18923.0 
-18569.0 -19368.0 
-18536.0 -19375.0 
-18617.0 -19328.0 
-18718.0 -19282.0 
-18757.0 -19234.0 
-18857.0 -19143.0 
-18736.0 -19260.0 
-18835.0 -19178.0 
-18634.0 -19318.0 
-18996.0 -18977.0 
-18937.0 -19044.0 
-18856.0 -19152.0 
-18914.0 -19067.0 
-18936.0 -19052.0 
-18896.0 -19105.0 
-18634.0 -19318.0 
-18975.0 -18997.0 
-18937.0 -19044.0 
-18646.0 -19315.0 
-18587.0 -19349.0 
-18804.0 -19204.0 
-18815.0 -19188.0 
-18587.0 -19349.0 
-18909.0 -19083.0 
-18965.0 -19013.0 
-18896.0 -19105.0 
-18949.0 -19022.0 
-18897.0 -19098.0 
-18975.0 -18997.0 
-19038.0 -18887.0 
-18658.0 -19298.0 
-18589.0 -19348.0 
-18884.0 -19126.0 
-18873.0 -19131.0 
-18805.0 -19197.0 
-18700.0 -19295.0 
-18759.0 -19233.0 
-18847.0 -19155.0 
-18926.0 -19054.0 
-18897.0 -19098.0 
-19047.0 -18882.0 
-18652.0 -19307.0 
-18980.0 -18988.0 
-18961.0 -19015.0 
-19018.0 -18923.0 
-18768.0 -19229.0 
-19038.0 -18887.0 
-18865.0 -19137.0 
-18865.0 -19137.0 
-18652.0 -19307.0 
-18873.0 -19131.0 
-18920.0 -19063.0 
-18980.0 -18988.0 
-18965.0 -19013.0 
-19073.0 -18852.0 
-18961.0 -19015.0 
-18592.0 -19336.0 
-18667.0 -19296.0 
-18805.0 -19197.0 
-18646.0 -19315.0 
-18920.0 -19063.0 
-18914.0 -19067.0 
-18804.0 -19204.0 
-18658.0 -19298.0 
-18925.0 -19056.0 
-18925.0 -19056.0 
