-18386.0 -19463.0 
-18386.0 -19463.0 
-19050.0 -18682.0 
-19050.0 -18682.0 
-18387.0 -19439.0 
-18442.0 -19426.0 
-18822.0 -19155.0 
-18559.0 -19373.0 
-19035.0 -18811.0 
-19003.0 -18860.0 
-19041.0 -18753.0 
-18528.0 -19379.0 
-18487.0 -19418.0 
-18886.0 -19065.0 
-18608.0 -19341.0 
-18641.0 -19318.0 
-18942.0 -18998.0 
-19042.0 -18732.0 
-19031.0 -18826.0 
-18895.0 -19026.0 
-18559.0 -19373.0 
-19003.0 -18860.0 
-18593.0 -19345.0 
-18944.0 -18975.0 
-18691.0 -19288.0 
-18963.0 -18954.0 
-18593.0 -19345.0 
-18702.0 -19256.0 
-18680.0 -19290.0 
-18518.0 -19390.0 
-18993.0 -18889.0 
-18487.0 -19418.0 
-18852.0 -19080.0 
-19031.0 -18826.0 
-18442.0 -19426.0 
-18791.0 -19168.0 
-18872.0 -19078.0 
-18984.0 -18902.0 
-18714.0 -19239.0 
-18624.0 -19326.0 
-18923.0 -19003.0 
-18827.0 -19126.0 
-18766.0 -19199.0 
-18463.0 -19421.0 
-18645.0 -19297.0 
-18731.0 -19237.0 
-18769.0 -19189.0 
-18971.0 -18927.0 
-19042.0 -18732.0 
-18518.0 -19390.0 
-18784.0 -19169.0 
-18984.0 -18902.0 
-19041.0 -18753.0 
-18966.0 -18932.0 
-18463.0 -19421.0 
-18746.0 -19206.0 
-18839.0 -19108.0 
-18624.0 -19326.0 
-18659.0 -19294.0 
-18779.0 -19183.0 
-18993.0 -18889.0 
-18963.0 -18954.0 
-18848.0 -19089.0 
-18886.0 -19065.0 
-18944.0 -18975.0 
-18738.0 -19225.0 
-18519.0 -19385.0 
-18712.0 -19250.0 
-18909.0 -19015.0 
-19035.0 -18811.0 
-18923.0 -19003.0 
-18791.0 -19168.0 
-18839.0 -19108.0 
-18971.0 -18927.0 
-18909.0 -19015.0 
-18848.0 -19089.0 
-18702.0 -19256.0 
-18822.0 -19155.0 
-18743.0 -19210.0 
-18872.0 -19078.0 
-18738.0 -19225.0 
-18895.0 -19026.0 
-18691.0 -19288.0 
-18659.0 -19294.0 
-18902.0 -19021.0 
-18387.0 -19439.0 
-18831.0 -19121.0 
-18902.0 -19021.0 
-18779.0 -19183.0 
-18650.0 -19296.0 
-18832.0 -19118.0 
-18832.0 -19118.0 
-18827.0 -19126.0 
-18766.0 -19199.0 
-18746.0 -19206.0 
-18731.0 -19237.0 
-18743.0 -19210.0 
-18966.0 -18932.0 
-18712.0 -19250.0 
-18650.0 -19296.0 
