-18276.0 -19529.0 
-18970.0 -18832.0 
-18276.0 -19529.0 
-18970.0 -18832.0 
-18907.0 -19013.0 
-18925.0 -18903.0 
-18758.0 -19221.0 
-18653.0 -19304.0 
-18859.0 -19023.0 
-18944.0 -18897.0 
-18341.0 -19478.0 
-18411.0 -19474.0 
-18694.0 -19227.0 
-18476.0 -19433.0 
-18762.0 -19172.0 
-18857.0 -19065.0 
-18536.0 -19395.0 
-18678.0 -19269.0 
-18413.0 -19473.0 
-18478.0 -19400.0 
-18575.0 -19339.0 
-18445.0 -19452.0 
-18445.0 -19452.0 
-18292.0 -19491.0 
-18610.0 -19309.0 
-18544.0 -19362.0 
-18329.0 -19485.0 
-18608.0 -19323.0 
-18807.0 -19142.0 
-18678.0 -19269.0 
-18800.0 -19156.0 
-18851.0 -19077.0 
-18809.0 -19105.0 
-18811.0 -19087.0 
-18684.0 -19237.0 
-18500.0 -19399.0 
-18831.0 -19078.0 
-18944.0 -18897.0 
-18907.0 -19013.0 
-18510.0 -19398.0 
-18925.0 -18903.0 
-18557.0 -19357.0 
-18572.0 -19347.0 
-18289.0 -19503.0 
-18784.0 -19159.0 
-18476.0 -19433.0 
-18557.0 -19357.0 
-18279.0 -19519.0 
-18809.0 -19105.0 
-18289.0 -19503.0 
-18279.0 -19519.0 
-18775.0 -19164.0 
-18329.0 -19485.0 
-18775.0 -19164.0 
-18608.0 -19323.0 
-18341.0 -19478.0 
-18807.0 -19142.0 
-18822.0 -19081.0 
-18822.0 -19081.0 
-18510.0 -19398.0 
-18544.0 -19362.0 
-18784.0 -19159.0 
-18684.0 -19237.0 
-18762.0 -19172.0 
-18859.0 -19023.0 
-18609.0 -19312.0 
-18536.0 -19395.0 
-18694.0 -19227.0 
-18689.0 -19231.0 
-18572.0 -19347.0 
-18758.0 -19221.0 
-18689.0 -19231.0 
-18292.0 -19491.0 
-18573.0 -19340.0 
-18411.0 -19474.0 
-18610.0 -19309.0 
-18609.0 -19312.0 
-18478.0 -19400.0 
-18573.0 -19340.0 
-18970.0 -18832.0 
-18445.0 -19452.0 
-18678.0 -19269.0 
-18907.0 -19013.0 
-18925.0 -18903.0 
-18809.0 -19105.0 
-18279.0 -19519.0 
-18289.0 -19503.0 
-18775.0 -19164.0 
-18341.0 -19478.0 
-18822.0 -19081.0 
-18684.0 -19237.0 
-18762.0 -19172.0 
-18689.0 -19231.0 
-18292.0 -19491.0 
-18411.0 -19474.0 
-18573.0 -19340.0 
-18907.0 -19013.0 
-18925.0 -18903.0 
-18292.0 -19491.0 
-18822.0 -19081.0 
