-18455.0 -19332.0 
-18455.0 -19332.0 
-19169.0 -18583.0 
-19169.0 -18583.0 
-18680.0 -19247.0 
-18526.0 -19327.0 
-18814.0 -19133.0 
-18607.0 -19267.0 
-18991.0 -18937.0 
-19060.0 -18848.0 
-19095.0 -18763.0 
-18607.0 -19267.0 
-19121.0 -18696.0 
-18689.0 -19191.0 
-18868.0 -19072.0 
-19023.0 -18852.0 
-18554.0 -19285.0 
-19110.0 -18711.0 
-19003.0 -18899.0 
-19129.0 -18657.0 
-18768.0 -19142.0 
-18534.0 -19299.0 
-18921.0 -19003.0 
-19061.0 -18806.0 
-19064.0 -18767.0 
-19150.0 -18619.0 
-19014.0 -18884.0 
-18554.0 -19285.0 
-18965.0 -18952.0 
-19150.0 -18619.0 
-18884.0 -19038.0 
-19129.0 -18657.0 
-18896.0 -19035.0 
-19110.0 -18711.0 
-19144.0 -18633.0 
-18912.0 -19016.0 
-19144.0 -18633.0 
-18680.0 -19247.0 
-18912.0 -19016.0 
-19061.0 -18806.0 
-18928.0 -18985.0 
-18768.0 -19142.0 
-18936.0 -18976.0 
-18944.0 -18966.0 
-18959.0 -18960.0 
-18689.0 -19191.0 
-18534.0 -19299.0 
-18965.0 -18952.0 
-18874.0 -19058.0 
-18896.0 -19035.0 
-19095.0 -18763.0 
-19014.0 -18884.0 
-18880.0 -19051.0 
-18942.0 -18974.0 
-18928.0 -18985.0 
-18814.0 -19133.0 
-19023.0 -18852.0 
-19006.0 -18894.0 
-18874.0 -19058.0 
-19006.0 -18894.0 
-18959.0 -18960.0 
-18880.0 -19051.0 
-18944.0 -18966.0 
-19064.0 -18767.0 
-19169.0 -18583.0 
-18554.0 -19285.0 
-19129.0 -18657.0 
-18768.0 -19142.0 
-18689.0 -19191.0 
-19014.0 -18884.0 
-18814.0 -19133.0 
-18874.0 -19058.0 
-19006.0 -18894.0 
-18880.0 -19051.0 
-19169.0 -18583.0 
-18768.0 -19142.0 
-18768.0 -19142.0 
-18874.0 -19058.0 
-18768.0 -19142.0 
-18554.0 -19285.0 
-19129.0 -18657.0 
-19063.0 -18795.0 
-19169.0 -18583.0 
-19144.0 -18633.0 
-19023.0 -18852.0 
-19023.0 -18852.0 
-18768.0 -19142.0 
-18814.0 -19133.0 
-18832.0 -19082.0 
-18959.0 -18960.0 
-18754.0 -19181.0 
-18768.0 -19142.0 
-18768.0 -19142.0 
-18874.0 -19058.0 
-19110.0 -18711.0 
-18965.0 -18952.0 
-19006.0 -18894.0 
-19063.0 -18795.0 
-18768.0 -19142.0 
-19150.0 -18619.0 
