0.701784010328324 197847.3965893423 
0.0017778219812765172 139637.39730564025 
0.44723162140633765 148946.12463682672 
0.11288654717898816 165625.18017200718 
0.810736265895824 117709.14277431491 
0.08193951241917041 173040.21207606661 
0.9556647262008268 137857.87981085313 
0.9328721196749388 188492.35738342573 
0.34186392111772224 158959.26792194665 
0.5601851683231827 134753.77662487613 
0.3233612090285499 151815.06324333316 
0.5878537463462632 186143.21060155038 
0.9194885835012011 142988.09038288225 
0.394152987828963 143416.0127356752 
0.4476207471600441 148156.0102849193 
0.36231828353852846 151521.0219472675 
0.046185066991339285 160709.24096309458 
0.4008088746711618 153490.7575055687 
0.5686904201914568 170789.46162888085 
0.5465609679812762 141599.78673778154 
0.8517846921551256 165613.2869998542 
0.6390522501043903 191554.49376215416 
0.18479879696340895 153466.4896709215 
0.6548469839857812 133972.7574554612 
0.7613081605384772 164358.49610742918 
0.7459707993769408 171391.02918827586 
0.04390574164860861 141511.74605027484 
0.5320512712930703 158339.2508895084 
0.9984990912343634 156431.08080022063 
0.7581711581513518 121049.86455819041 
0.35637762433224807 190351.339344214 
0.8847945382548222 142131.11977107206 
0.04798842858788477 144915.11803308633 
0.46896567954334256 177554.0543270595 
0.5102087610810665 131647.28493697636 
0.4457549452602414 171638.9986848028 
0.8078030198995055 179394.99967493644 
0.7394561083369985 149310.12253956503 
0.8987249496967531 141026.901740023 
0.015778363927258177 133231.7225910778 
0.3340439891186249 155372.8465965897 
0.40975514806350033 175481.59885298245 
0.7391317509093634 147464.88703673996 
0.054952468834094215 148016.87594494285 
0.20456565133271654 161063.6940741047 
0.5688866380790882 167223.29583571813 
0.0715995924753916 169721.82489144636 
0.30826054315516427 141020.95317020212 
0.6880800143645198 110330.83509756363 
0.32298520240772954 174762.6798422434 
0.9027244528288295 149639.2701820621 
0.3054498227971061 172664.39546487943 
0.6907250203041135 173134.4098137183 
0.22585474725081323 138529.3417315576 
0.5743546578861062 171138.5807700453 
0.11984704270445057 109798.53326679846 
0.06808636882870478 156506.78747596862 
0.07181590536354865 168001.48647412515 
0.6070853023322442 182377.65266378297 
0.6179872885304303 166106.16344161707 
0.27034345645592217 145004.75646005155 
0.020996295819915245 160310.59690729846 
0.9975686019438373 204148.19416876533 
0.32746827194131556 120552.60634063858 
0.8597292991788171 181158.90866812342 
0.9107474893237356 152490.72962817815 
0.5840348213961829 186893.5196332126 
0.28656532184008043 110605.9314443137 
0.5256970338752759 172867.05866604438 
0.7785218385585962 178691.25396016706 
0.09183076972402027 158090.1248568272 
0.09381393470850208 174150.56960856766 
0.6205176572591743 172891.5028813166 
0.19862616528266996 159153.0559964661 
0.37470400799199355 148879.85357272174 
0.38226680901724697 149248.2175712418 
0.5511212826898423 118379.4175508133 
0.11822439212456037 174440.85985078037 
0.6804049912515618 173935.37977835367 
0.4283685144833662 155980.60616582318 
0.860509149438824 163679.6973865502 
0.6014602835132277 188422.2213084665 
0.13796847830159498 167945.82372078492 
0.9154427859458435 157703.27528799523 
0.5625298032153428 150057.7431356538 
0.7697709877011071 124355.02292638109 
0.016144105453641533 158735.56757744285 
0.10391513692325394 194855.52662027438 
0.920072332466022 191051.04995731424 
0.5149776152721962 158487.67526691384 
0.514678483717944 136800.84286996353 
0.7657087617411987 122962.92033836427 
0.40955806979337384 172880.28105149526 
0.4256385371121866 145270.01073868855 
0.7365513939791031 163960.27155154102 
0.007480345196743787 178059.8904529346 
0.6775697094793222 156831.6202962379 
0.3269800089250132 114434.98574333526 
0.6649721864606438 150227.5177584218 
0.9549800269292404 172545.66557456614 
