4.215562286961297561e-02
2.096385573985067030e-02
6.490523426075640694e-03
5.266957899362640630e-04
7.608003967430457259e-02
1.102070942423427069e-01
1.226572874224357915e-02
5.361558828436265717e-02
2.000677806054095009e-02
1.384647363350463393e-02
6.995474306010301957e-02
9.085092574168443166e-03
2.079720465305422150e-02
2.527557924241726622e-02
6.738478993901764191e-02
1.237642492303944394e-02
6.110839466092287883e-03
1.249547713416307576e-01
9.436113189001392454e-02
2.414560909779013553e-02
6.479649292306380315e-02
5.082085388783898899e-02
3.984298228165861905e-02
9.428569643535698180e-03
4.690732211540075687e-04
2.492779962550261894e-02
6.375893320995045096e-04
5.503674332170892941e-02
2.358633408762766427e-03
1.585832188128551146e-02
7.100094307178489439e-02
