-18212.0 -19466.0 
-19063.0 -18787.0 
-18212.0 -19466.0 
-19063.0 -18787.0 
-18362.0 -19417.0 
-18317.0 -19422.0 
-18409.0 -19400.0 
-18620.0 -19281.0 
-18266.0 -19435.0 
-18435.0 -19372.0 
-18465.0 -19359.0 
-18467.0 -19342.0 
-18239.0 -19456.0 
-18570.0 -19292.0 
-18771.0 -19158.0 
-19009.0 -18869.0 
-18771.0 -19158.0 
-18990.0 -18882.0 
-19012.0 -18841.0 
-18974.0 -18926.0 
-18497.0 -19334.0 
-18883.0 -19022.0 
-18936.0 -18992.0 
-18266.0 -19435.0 
-18633.0 -19253.0 
-18957.0 -18950.0 
-18683.0 -19217.0 
-18417.0 -19382.0 
-18978.0 -18903.0 
-18751.0 -19178.0 
-18239.0 -19456.0 
-18929.0 -19001.0 
-19037.0 -18820.0 
-18751.0 -19178.0 
-18669.0 -19235.0 
-18696.0 -19208.0 
-18796.0 -19135.0 
-18984.0 -18902.0 
-18516.0 -19320.0 
-18835.0 -19089.0 
-18796.0 -19135.0 
-18540.0 -19316.0 
-18945.0 -18955.0 
-19055.0 -18800.0 
-18974.0 -18926.0 
-18560.0 -19294.0 
-18882.0 -19039.0 
-19055.0 -18800.0 
-18938.0 -18973.0 
-19023.0 -18828.0 
-18811.0 -19106.0 
-18802.0 -19124.0 
-18913.0 -19005.0 
-19037.0 -18820.0 
-18891.0 -19011.0 
-18870.0 -19050.0 
-18821.0 -19095.0 
-18620.0 -19281.0 
-18729.0 -19197.0 
-18542.0 -19313.0 
-18736.0 -19193.0 
-18841.0 -19071.0 
-18633.0 -19253.0 
-18641.0 -19243.0 
-18938.0 -18973.0 
-18818.0 -19097.0 
-18570.0 -19292.0 
-19000.0 -18877.0 
-18708.0 -19206.0 
-18907.0 -19006.0 
-18708.0 -19206.0 
-18957.0 -18950.0 
-18497.0 -19334.0 
-18844.0 -19061.0 
-18802.0 -19124.0 
-18674.0 -19224.0 
-18892.0 -19007.0 
-18542.0 -19313.0 
-18510.0 -19322.0 
-19023.0 -18828.0 
-18845.0 -19056.0 
-18417.0 -19382.0 
-18560.0 -19294.0 
-18811.0 -19106.0 
-18736.0 -19193.0 
-18654.0 -19239.0 
-19012.0 -18841.0 
-19001.0 -18872.0 
-18841.0 -19071.0 
-18729.0 -19197.0 
-18654.0 -19239.0 
-18870.0 -19050.0 
-18856.0 -19054.0 
-18856.0 -19054.0 
-18510.0 -19322.0 
-18882.0 -19039.0 
-18674.0 -19224.0 
-18835.0 -19089.0 
-18945.0 -18955.0 
-18641.0 -19243.0 
