-19111.0 -18762.0 
-19111.0 -18762.0 
-18312.0 -19473.0 
-18464.0 -19451.0 
-19048.0 -18883.0 
-19063.0 -18806.0 
-18912.0 -19072.0 
-18520.0 -19411.0 
-18538.0 -19385.0 
-18734.0 -19250.0 
-18633.0 -19335.0 
-19067.0 -18785.0 
-18992.0 -18936.0 
-18986.0 -18975.0 
-18852.0 -19143.0 
-18633.0 -19335.0 
-18592.0 -19359.0 
-18954.0 -19006.0 
-18472.0 -19414.0 
-18972.0 -19000.0 
-19048.0 -18883.0 
-18477.0 -19412.0 
-18552.0 -19376.0 
-18587.0 -19368.0 
-18886.0 -19080.0 
-18771.0 -19212.0 
-18679.0 -19265.0 
-19021.0 -18924.0 
-18671.0 -19301.0 
-19025.0 -18910.0 
-19063.0 -18806.0 
-18660.0 -19311.0 
-18660.0 -19311.0 
-18930.0 -19035.0 
-18747.0 -19213.0 
-18863.0 -19123.0 
-18863.0 -19123.0 
-18930.0 -19035.0 
-18708.0 -19264.0 
-18796.0 -19194.0 
-19025.0 -18910.0 
-18986.0 -18975.0 
-18926.0 -19047.0 
-18675.0 -19276.0 
-18592.0 -19359.0 
-18954.0 -19006.0 
-18882.0 -19095.0 
-18745.0 -19225.0 
-18878.0 -19100.0 
-19067.0 -18785.0 
-18926.0 -19047.0 
-18714.0 -19258.0 
-18774.0 -19195.0 
-18745.0 -19225.0 
-19008.0 -18931.0 
-18800.0 -19182.0 
-18552.0 -19376.0 
-18804.0 -19165.0 
-18972.0 -19000.0 
-18878.0 -19100.0 
-18835.0 -19155.0 
-18520.0 -19411.0 
-18773.0 -19196.0 
-19008.0 -18931.0 
-18800.0 -19182.0 
-18839.0 -19152.0 
-18675.0 -19276.0 
-18823.0 -19156.0 
-18671.0 -19301.0 
-18714.0 -19258.0 
-18839.0 -19152.0 
-18587.0 -19368.0 
-18886.0 -19080.0 
-18814.0 -19159.0 
-18992.0 -18936.0 
-18807.0 -19162.0 
-18814.0 -19159.0 
-18472.0 -19414.0 
-18823.0 -19156.0 
-18804.0 -19165.0 
-18708.0 -19264.0 
-18807.0 -19162.0 
-18477.0 -19412.0 
-18796.0 -19194.0 
-18679.0 -19265.0 
-18771.0 -19212.0 
-18747.0 -19213.0 
-18773.0 -19196.0 
-19048.0 -18883.0 
-19063.0 -18806.0 
-19025.0 -18910.0 
-19067.0 -18785.0 
-18878.0 -19100.0 
-18671.0 -19301.0 
-18839.0 -19152.0 
-18796.0 -19194.0 
-18773.0 -19196.0 
-19063.0 -18806.0 
-18671.0 -19301.0 
-19063.0 -18806.0 
