-18498.0 -19357.0 
-18498.0 -19357.0 
-19150.0 -18676.0 
-19150.0 -18676.0 
-18537.0 -19297.0 
-18596.0 -19294.0 
-19045.0 -18874.0 
-18646.0 -19250.0 
-19076.0 -18794.0 
-18646.0 -19250.0 
-18596.0 -19294.0 
-19048.0 -18830.0 
-18811.0 -19119.0 
-19079.0 -18755.0 
-18876.0 -19080.0 
-18866.0 -19100.0 
-18537.0 -19297.0 
-18940.0 -19010.0 
-18728.0 -19196.0 
-18876.0 -19080.0 
-18787.0 -19159.0 
-18842.0 -19107.0 
-18900.0 -19050.0 
-18708.0 -19200.0 
-18842.0 -19107.0 
-18807.0 -19135.0 
-18900.0 -19050.0 
-19126.0 -18706.0 
-19126.0 -18706.0 
-19000.0 -18909.0 
-18948.0 -18962.0 
-18746.0 -19166.0 
-19055.0 -18797.0 
-19122.0 -18717.0 
-18740.0 -19190.0 
-18673.0 -19236.0 
-18772.0 -19163.0 
-19048.0 -18830.0 
-18908.0 -19039.0 
-19053.0 -18802.0 
-18924.0 -19020.0 
-19010.0 -18885.0 
-18687.0 -19233.0 
-19094.0 -18739.0 
-18673.0 -19236.0 
-19111.0 -18722.0 
-18947.0 -18983.0 
-18807.0 -19135.0 
-18947.0 -18983.0 
-19024.0 -18882.0 
-18787.0 -19159.0 
-18699.0 -19203.0 
-19094.0 -18739.0 
-18742.0 -19171.0 
-19111.0 -18722.0 
-19024.0 -18882.0 
-18694.0 -19218.0 
-18924.0 -19020.0 
-19006.0 -18900.0 
-18694.0 -19218.0 
-18991.0 -18918.0 
-19087.0 -18750.0 
-18979.0 -18929.0 
-18772.0 -19163.0 
-18913.0 -19033.0 
-18913.0 -19033.0 
-18866.0 -19100.0 
-18940.0 -19010.0 
-18960.0 -18958.0 
-18985.0 -18928.0 
-18811.0 -19119.0 
-18991.0 -18918.0 
-18961.0 -18954.0 
-18971.0 -18953.0 
-18978.0 -18942.0 
-18977.0 -18949.0 
-19006.0 -18900.0 
-19087.0 -18750.0 
-18687.0 -19233.0 
-19053.0 -18802.0 
-18699.0 -19203.0 
-19079.0 -18755.0 
-18740.0 -19190.0 
-18978.0 -18942.0 
-18985.0 -18928.0 
-18971.0 -18953.0 
-19010.0 -18885.0 
-18746.0 -19166.0 
-18742.0 -19171.0 
-18960.0 -18958.0 
-18977.0 -18949.0 
-18948.0 -18962.0 
-18979.0 -18929.0 
-18961.0 -18954.0 
-19150.0 -18676.0 
-18596.0 -19294.0 
-18876.0 -19080.0 
-18913.0 -19033.0 
-18746.0 -19166.0 
-18742.0 -19171.0 
