-18394.0 -19430.0 
-18394.0 -19430.0 
-19058.0 -18785.0 
-19058.0 -18785.0 
-18453.0 -19410.0 
-19013.0 -18900.0 
-19019.0 -18830.0 
-18552.0 -19351.0 
-18679.0 -19249.0 
-18574.0 -19330.0 
-19040.0 -18825.0 
-18904.0 -19023.0 
-18475.0 -19382.0 
-18882.0 -19095.0 
-18985.0 -18934.0 
-18633.0 -19296.0 
-18822.0 -19135.0 
-18707.0 -19215.0 
-18991.0 -18904.0 
-18923.0 -19017.0 
-18958.0 -18946.0 
-18843.0 -19110.0 
-18889.0 -19061.0 
-18898.0 -19057.0 
-18778.0 -19163.0 
-18508.0 -19367.0 
-18926.0 -18996.0 
-18475.0 -19382.0 
-18739.0 -19206.0 
-18809.0 -19144.0 
-18508.0 -19367.0 
-19057.0 -18801.0 
-18656.0 -19272.0 
-18694.0 -19224.0 
-18657.0 -19262.0 
-18957.0 -18967.0 
-18528.0 -19362.0 
-18865.0 -19097.0 
-18590.0 -19318.0 
-18608.0 -19311.0 
-18842.0 -19120.0 
-18766.0 -19188.0 
-18528.0 -19362.0 
-18792.0 -19161.0 
-19057.0 -18801.0 
-18656.0 -19272.0 
-18798.0 -19147.0 
-18608.0 -19311.0 
-18949.0 -18968.0 
-18942.0 -18992.0 
-18865.0 -19097.0 
-18590.0 -19318.0 
-18701.0 -19223.0 
-18745.0 -19201.0 
-18626.0 -19299.0 
-18626.0 -19299.0 
-18944.0 -18984.0 
-18985.0 -18934.0 
-18745.0 -19201.0 
-18762.0 -19189.0 
-18842.0 -19120.0 
-18762.0 -19189.0 
-18694.0 -19224.0 
-18739.0 -19206.0 
-18657.0 -19262.0 
-18778.0 -19163.0 
-18958.0 -18946.0 
-18944.0 -18984.0 
-18766.0 -19188.0 
-19019.0 -18830.0 
-18889.0 -19061.0 
-19013.0 -18900.0 
-18898.0 -19057.0 
-18991.0 -18904.0 
-18798.0 -19147.0 
-18792.0 -19161.0 
-18926.0 -18996.0 
-18942.0 -18992.0 
-18949.0 -18968.0 
-19058.0 -18785.0 
-18508.0 -19367.0 
-18528.0 -19362.0 
-18656.0 -19272.0 
-18590.0 -19318.0 
-18745.0 -19201.0 
-18694.0 -19224.0 
-18657.0 -19262.0 
-18958.0 -18946.0 
-19013.0 -18900.0 
-18991.0 -18904.0 
-18792.0 -19161.0 
-18508.0 -19367.0 
-18958.0 -18946.0 
-18792.0 -19161.0 
-18958.0 -18946.0 
-18958.0 -18946.0 
-18958.0 -18946.0 
-18958.0 -18946.0 
-19013.0 -18900.0 
-18745.0 -19201.0 
