0.0	5.469937908354531
0.6503998494997829	3.582738353003846
0.6193089028049535	3.628934560084235
0.5882885844533883	3.675280054210039
0.643249175617961	3.593882777476729
0.5064366861558685	3.807948628389893
0.05743624152610147	4.911928907143539
0.48477918710020734	3.8414781346786384
0.16010980764834282	4.535034256839343
0.09806253320204206	4.738469779126173
0.5237488342766204	3.777650051745239
0.25851216973578006	4.279931690194102
0.06440578806990327	4.874916381888869
0.27090294468452303	4.2512810999056185
0.3320944674344311	4.122472764814518
0.5360403943356017	3.7569355890356113
0.0775286794909392	4.818347807195986
0.07019384774090964	4.849514337233418
0.10794525326440474	4.700986027143538
0.1831741642174792	4.469418865566704
0.008220519104575757	5.257593536290715
0.43319813872425583	3.929344588944766
0.14304691525265295	4.585320949712482
0.4623422973571071	3.8796154299296983
0.5706868240244946	3.7025798472816382
0.11248567117217756	4.685844799964048
0.49517515052159733	3.8222052991814643
0.3407473668776421	4.103213230866456
0.39055466989179166	4.008897896939485
0.3794476435826968	4.028739005386445
0.5501256772263787	3.7346407616015047
0.3166702110310656	4.154020801944587
0.17338115051121866	4.495330148850611
0.015990804615251014	5.1738552170086
0.03743806799695064	5.017045129508138
0.24506121000731018	4.311594147943633
0.5789323436614748	3.6914200785661064
0.1689127491879217	4.507462911984441
0.03215769556632242	5.049226940390981
0.01919473814436698	5.145768596326566
0.13350845950776866	4.61646054342712
0.44629871661909615	3.9059139021059406
0.4047097801628047	3.9820056086730404
0.2826722786490796	4.224644110196439
0.32113546724284386	4.14373804817097
0.4623422973571071	3.8796154299296983
0.04331336026794903	4.9839139996618895
0.02912479823093851	5.07061475858009
0.5591441107222039	3.7197741166967964
0.18957293832242642	4.450884679522176
2.4750160544873E-4	5.433790387171471
0.20439162142154213	4.413605676238666
0.12240001434883514	4.651384228408845
0.44971749132250716	3.900456294354754
0.41286580047290616	3.9660779666806456
0.23691370604277195	4.332315135627001
0.2515494702876601	4.296369997543758
0.09179330582905701	4.761601827998465
0.08356535575905455	4.7931783857150725
0.4202085213338865	3.954568481978936
0.39681141225090366	3.995873716783134
0.0015923689318452783	5.375724039649091
0.3731688490618471	4.040256777796333
0.29277941119806616	4.20471655267662
0.012433672642264582	5.207865969691666
0.22022069824735174	4.3707815570041895
0.005668660941399718	5.294201969916204
0.024671694422606194	5.101420294705488
0.29610213956631104	4.197551800040351
0.12154867780994724	4.654766518493619
0.4275825243576684	3.940207727753221
0.34926804432775077	4.087952666244205
0.15066805520343268	4.562236017028946
0.3653145372521599	4.0548907375871615
8.953324735459997E-4	5.398961388658026
0.27766363547233996	4.237197162295417
0.02293748965436021	5.116347640796459
0.2260839165598328	4.356353661764886
0.13486620346611328	4.610598094993342
0.04980480382683767	4.947578004807651
0.3601300651543938	4.064478177509364
0.5289631831447027	3.7693538069745074
0.21117559266298694	4.3951889007068115
0.23154361279009703	4.344419519604328
0.08721748053405787	4.77761389173784
0.35367119464814145	4.077944485238378
0.04980480382683767	4.947578004807651
0.3053447765886963	4.177591274348226
0.0032959498356087327	5.336062486552452
0.21452285851218678	4.386909220427333
0.3053447765886963	4.177591274348226
0.04107815345330188	4.996506053483608
0.4876210753509831	3.838371356010528
0.1495753381114442	4.566708668976314
0.19625019642633257	4.433671326405947
0.003182216099506559	5.337781296633934
0.01269696804366724	5.20591436041443
0.006503190487721057	5.281522180779523
0.19757237675323983	4.429174013580298
0.5540184956629869	3.7280901647600015
