-18483.0 -19333.0 
-19104.0 -18775.0 
-18483.0 -19333.0 
-19104.0 -18775.0 
-18610.0 -19294.0 
-19082.0 -18813.0 
-18533.0 -19297.0 
-18796.0 -19183.0 
-18750.0 -19219.0 
-19055.0 -18857.0 
-18903.0 -19083.0 
-19054.0 -18902.0 
-19075.0 -18846.0 
-18921.0 -19044.0 
-18947.0 -19038.0 
-18714.0 -19228.0 
-18699.0 -19245.0 
-18514.0 -19312.0 
-18804.0 -19152.0 
-18629.0 -19279.0 
-18846.0 -19120.0 
-18950.0 -19011.0 
-18916.0 -19071.0 
-18664.0 -19252.0 
-18514.0 -19312.0 
-18845.0 -19133.0 
-18658.0 -19270.0 
-18752.0 -19195.0 
-18984.0 -18984.0 
-18765.0 -19192.0 
-18867.0 -19112.0 
-18883.0 -19100.0 
-18964.0 -19010.0 
-18832.0 -19145.0 
-18629.0 -19279.0 
-18967.0 -18993.0 
-18998.0 -18959.0 
-18869.0 -19101.0 
-18714.0 -19228.0 
-18999.0 -18950.0 
-18998.0 -18959.0 
-19028.0 -18917.0 
-19019.0 -18934.0 
-19014.0 -18942.0 
-18765.0 -19192.0 
-18699.0 -19245.0 
-18533.0 -19297.0 
-18883.0 -19100.0 
-18816.0 -19147.0 
-19075.0 -18846.0 
-19042.0 -18903.0 
-18916.0 -19071.0 
-19019.0 -18934.0 
-19033.0 -18909.0 
-19028.0 -18917.0 
-18984.0 -18984.0 
-18832.0 -19145.0 
-18658.0 -19270.0 
-19014.0 -18942.0 
-18977.0 -18987.0 
-18977.0 -18987.0 
-18663.0 -19259.0 
-19055.0 -18857.0 
-18805.0 -19150.0 
-18816.0 -19147.0 
-18663.0 -19259.0 
-18921.0 -19044.0 
-19033.0 -18909.0 
-18867.0 -19112.0 
-19042.0 -18903.0 
-18999.0 -18950.0 
-18947.0 -19038.0 
-18967.0 -18993.0 
-18664.0 -19252.0 
-18752.0 -19195.0 
-18805.0 -19150.0 
-18964.0 -19010.0 
-18950.0 -19011.0 
-18869.0 -19101.0 
-19054.0 -18902.0 
-18998.0 -18959.0 
-18699.0 -19245.0 
-18533.0 -19297.0 
-19028.0 -18917.0 
-18984.0 -18984.0 
-18658.0 -19270.0 
-18816.0 -19147.0 
-18663.0 -19259.0 
-19033.0 -18909.0 
-18999.0 -18950.0 
-18947.0 -19038.0 
-18967.0 -18993.0 
-18664.0 -19252.0 
-18752.0 -19195.0 
-18805.0 -19150.0 
-18950.0 -19011.0 
-18699.0 -19245.0 
-18998.0 -18959.0 
-18658.0 -19270.0 
-18658.0 -19270.0 
