-18308.0 -19372.0 
-18308.0 -19372.0 
-19279.0 -18398.0 
-19279.0 -18398.0 
-18621.0 -19254.0 
-18396.0 -19349.0 
-18473.0 -19314.0 
-18510.0 -19290.0 
-18536.0 -19279.0 
-18372.0 -19365.0 
-18686.0 -19210.0 
-18473.0 -19314.0 
-19275.0 -18466.0 
-19259.0 -18536.0 
-19008.0 -18913.0 
-18646.0 -19217.0 
-18951.0 -18988.0 
-18964.0 -18966.0 
-18914.0 -18994.0 
-18693.0 -19188.0 
-18913.0 -19036.0 
-19008.0 -18913.0 
-18536.0 -19279.0 
-18992.0 -18946.0 
-19133.0 -18724.0 
-18796.0 -19107.0 
-19114.0 -18775.0 
-19271.0 -18489.0 
-19142.0 -18710.0 
-18872.0 -19071.0 
-19127.0 -18745.0 
-18726.0 -19176.0 
-18792.0 -19115.0 
-19042.0 -18876.0 
-18927.0 -18991.0 
-19115.0 -18752.0 
-19071.0 -18851.0 
-19078.0 -18818.0 
-18827.0 -19101.0 
-19061.0 -18865.0 
-18764.0 -19139.0 
-19201.0 -18607.0 
-19042.0 -18876.0 
-19226.0 -18585.0 
-19190.0 -18637.0 
-19087.0 -18800.0 
-19238.0 -18552.0 
-18641.0 -19229.0 
-18974.0 -18952.0 
-18372.0 -19365.0 
-19185.0 -18648.0 
-18873.0 -19056.0 
-19050.0 -18871.0 
-19103.0 -18789.0 
-18641.0 -19229.0 
-18852.0 -19082.0 
-19259.0 -18536.0 
-19231.0 -18564.0 
-19163.0 -18664.0 
-19273.0 -18483.0 
-18726.0 -19176.0 
-19078.0 -18818.0 
-18884.0 -19052.0 
-18739.0 -19164.0 
-18884.0 -19052.0 
-19211.0 -18599.0 
-18904.0 -19039.0 
-19211.0 -18599.0 
-18852.0 -19082.0 
-19238.0 -18552.0 
-19157.0 -18681.0 
-19161.0 -18666.0 
-19149.0 -18692.0 
-18992.0 -18946.0 
-18840.0 -19091.0 
-18840.0 -19091.0 
-19190.0 -18637.0 
-19103.0 -18789.0 
-18744.0 -19153.0 
-18904.0 -19039.0 
-18772.0 -19128.0 
-19177.0 -18655.0 
-19071.0 -18851.0 
-19275.0 -18466.0 
-19087.0 -18800.0 
-18827.0 -19101.0 
-19201.0 -18607.0 
-18767.0 -19129.0 
-19154.0 -18682.0 
-18693.0 -19188.0 
-19226.0 -18585.0 
-19271.0 -18489.0 
-18772.0 -19128.0 
-18749.0 -19152.0 
-19177.0 -18655.0 
-19149.0 -18692.0 
-18739.0 -19164.0 
-19231.0 -18564.0 
-18749.0 -19152.0 
-18974.0 -18952.0 
