-18425.0 -19396.0 
-19366.0 -18208.0 
-19366.0 -18208.0 
-18425.0 -19396.0 
-18501.0 -19316.0 
-18579.0 -19312.0 
-18631.0 -19277.0 
-19237.0 -18541.0 
-18709.0 -19231.0 
-19329.0 -18374.0 
-19168.0 -18709.0 
-19171.0 -18657.0 
-18647.0 -19275.0 
-19084.0 -18836.0 
-19113.0 -18800.0 
-19032.0 -18909.0 
-19348.0 -18270.0 
-19348.0 -18270.0 
-19042.0 -18874.0 
-18799.0 -19135.0 
-18579.0 -19312.0 
-19337.0 -18319.0 
-18913.0 -19030.0 
-19282.0 -18478.0 
-18647.0 -19275.0 
-18755.0 -19151.0 
-18877.0 -19031.0 
-19311.0 -18380.0 
-19235.0 -18575.0 
-18471.0 -19357.0 
-19337.0 -18319.0 
-19121.0 -18759.0 
-18471.0 -19357.0 
-18486.0 -19355.0 
-18709.0 -19231.0 
-18930.0 -19008.0 
-18717.0 -19207.0 
-18788.0 -19146.0 
-19291.0 -18440.0 
-19302.0 -18418.0 
-19084.0 -18836.0 
-19134.0 -18717.0 
-19188.0 -18649.0 
-18964.0 -18984.0 
-18986.0 -18915.0 
-19113.0 -18800.0 
-18740.0 -19189.0 
-18980.0 -18941.0 
-19051.0 -18851.0 
-18866.0 -19063.0 
-18829.0 -19111.0 
-19259.0 -18502.0 
-18955.0 -18992.0 
-18965.0 -18957.0 
-18834.0 -19092.0 
-18930.0 -19008.0 
-19122.0 -18753.0 
-19214.0 -18603.0 
-19012.0 -18913.0 
-18969.0 -18951.0 
-18818.0 -19114.0 
-19044.0 -18853.0 
-18849.0 -19073.0 
-19146.0 -18711.0 
-18984.0 -18925.0 
-19302.0 -18418.0 
-19291.0 -18440.0 
-19199.0 -18635.0 
-19259.0 -18502.0 
-19214.0 -18603.0 
-19261.0 -18497.0 
-18861.0 -19069.0 
-19235.0 -18575.0 
-19282.0 -18478.0 
-18744.0 -19173.0 
-18717.0 -19207.0 
-19194.0 -18638.0 
-18955.0 -18992.0 
-19207.0 -18609.0 
-19012.0 -18913.0 
-18744.0 -19173.0 
-18818.0 -19114.0 
-18834.0 -19092.0 
-18874.0 -19042.0 
-19051.0 -18851.0 
-18740.0 -19189.0 
-18501.0 -19316.0 
-18849.0 -19073.0 
-18913.0 -19030.0 
-19261.0 -18497.0 
-19122.0 -18753.0 
-19134.0 -18717.0 
-18874.0 -19042.0 
-18486.0 -19355.0 
-18788.0 -19146.0 
-18755.0 -19151.0 
-19205.0 -18619.0 
-19205.0 -18619.0 
-19311.0 -18380.0 
-19146.0 -18711.0 
