-19018.0 -18948.0 
-19018.0 -18948.0 
-18440.0 -19452.0 
-18440.0 -19452.0 
-18966.0 -19061.0 
-18573.0 -19364.0 
-18619.0 -19358.0 
-18919.0 -19089.0 
-18995.0 -18993.0 
-18972.0 -19016.0 
-18783.0 -19244.0 
-18752.0 -19264.0 
-18665.0 -19330.0 
-18892.0 -19124.0 
-18498.0 -19408.0 
-18979.0 -19015.0 
-18995.0 -18993.0 
-18919.0 -19089.0 
-18472.0 -19432.0 
-18563.0 -19392.0 
-18830.0 -19176.0 
-18631.0 -19347.0 
-18750.0 -19265.0 
-18712.0 -19269.0 
-18783.0 -19244.0 
-18802.0 -19221.0 
-18472.0 -19432.0 
-18854.0 -19160.0 
-18524.0 -19402.0 
-18822.0 -19196.0 
-18903.0 -19109.0 
-18903.0 -19109.0 
-18631.0 -19347.0 
-18671.0 -19296.0 
-18524.0 -19402.0 
-18802.0 -19221.0 
-18702.0 -19292.0 
-18490.0 -19418.0 
-18860.0 -19150.0 
-18806.0 -19201.0 
-18830.0 -19176.0 
-18548.0 -19394.0 
-18707.0 -19274.0 
-18693.0 -19295.0 
-18854.0 -19160.0 
-18548.0 -19394.0 
-18490.0 -19418.0 
-18665.0 -19330.0 
-18669.0 -19311.0 
-18860.0 -19150.0 
-18876.0 -19138.0 
-18876.0 -19138.0 
-18880.0 -19136.0 
-18573.0 -19364.0 
-18810.0 -19198.0 
-18880.0 -19136.0 
-18563.0 -19392.0 
-18669.0 -19311.0 
-18707.0 -19274.0 
-18822.0 -19196.0 
-18670.0 -19304.0 
-18693.0 -19295.0 
-18712.0 -19269.0 
-18670.0 -19304.0 
-18702.0 -19292.0 
-18806.0 -19201.0 
-18972.0 -19016.0 
-18810.0 -19198.0 
-18671.0 -19296.0 
-18472.0 -19432.0 
-18903.0 -19109.0 
-18631.0 -19347.0 
-18524.0 -19402.0 
-18802.0 -19221.0 
-18830.0 -19176.0 
-18665.0 -19330.0 
-18876.0 -19138.0 
-18573.0 -19364.0 
-18880.0 -19136.0 
-18563.0 -19392.0 
-18669.0 -19311.0 
-18712.0 -19269.0 
-18670.0 -19304.0 
-18702.0 -19292.0 
-18806.0 -19201.0 
-18972.0 -19016.0 
-18671.0 -19296.0 
-18563.0 -19392.0 
-18880.0 -19136.0 
-18876.0 -19138.0 
-18472.0 -19432.0 
-18806.0 -19201.0 
-18472.0 -19432.0 
-18972.0 -19016.0 
-18665.0 -19330.0 
-18876.0 -19138.0 
-18665.0 -19330.0 
-18631.0 -19347.0 
-18472.0 -19432.0 
-18876.0 -19138.0 
