-19100.0 -18670.0 
-18369.0 -19461.0 
-19088.0 -18842.0 
-18553.0 -19375.0 
-18497.0 -19396.0 
-18975.0 -18993.0 
-19060.0 -18874.0 
-18432.0 -19400.0 
-18497.0 -19396.0 
-18625.0 -19333.0 
-19020.0 -18902.0 
-18388.0 -19404.0 
-19060.0 -18874.0 
-18379.0 -19415.0 
-18750.0 -19232.0 
-18924.0 -19059.0 
-18580.0 -19347.0 
-18734.0 -19254.0 
-18891.0 -19092.0 
-18432.0 -19400.0 
-18852.0 -19123.0 
-18805.0 -19185.0 
-18978.0 -18955.0 
-18785.0 -19223.0 
-19020.0 -18902.0 
-18647.0 -19309.0 
-18716.0 -19268.0 
-18871.0 -19098.0 
-18779.0 -19231.0 
-18692.0 -19287.0 
-18805.0 -19185.0 
-18716.0 -19268.0 
-18676.0 -19307.0 
-18870.0 -19116.0 
-18678.0 -19300.0 
-18947.0 -19008.0 
-18903.0 -19081.0 
-18692.0 -19287.0 
-18903.0 -19081.0 
-18842.0 -19160.0 
-18933.0 -19029.0 
-18568.0 -19355.0 
-18924.0 -19059.0 
-18630.0 -19320.0 
-18815.0 -19168.0 
-18850.0 -19144.0 
-18785.0 -19223.0 
-18947.0 -19008.0 
-19006.0 -18918.0 
-18739.0 -19241.0 
-18827.0 -19161.0 
-18379.0 -19415.0 
-18995.0 -18936.0 
-18992.0 -18949.0 
-18647.0 -19309.0 
-18935.0 -19020.0 
-18568.0 -19355.0 
-18625.0 -19333.0 
-19006.0 -18918.0 
-18933.0 -19029.0 
-19003.0 -18928.0 
-18850.0 -19144.0 
-18937.0 -19013.0 
-18815.0 -19168.0 
-18630.0 -19320.0 
-18579.0 -19351.0 
-18580.0 -19347.0 
-18739.0 -19241.0 
-18827.0 -19161.0 
-18388.0 -19404.0 
-18984.0 -18950.0 
-19003.0 -18928.0 
-18995.0 -18936.0 
-18842.0 -19160.0 
-18978.0 -18955.0 
-18870.0 -19116.0 
-18779.0 -19231.0 
-18984.0 -18950.0 
-18937.0 -19013.0 
-18871.0 -19098.0 
-18579.0 -19351.0 
-18992.0 -18949.0 
-18676.0 -19307.0 
-18497.0 -19396.0 
-18805.0 -19185.0 
-18716.0 -19268.0 
-18903.0 -19081.0 
-18568.0 -19355.0 
-18933.0 -19029.0 
-18815.0 -19168.0 
-18739.0 -19241.0 
-18827.0 -19161.0 
-18995.0 -18936.0 
-19003.0 -18928.0 
-18984.0 -18950.0 
-18815.0 -19168.0 
-18827.0 -19161.0 
-18827.0 -19161.0 
-18805.0 -19185.0 
-18805.0 -19185.0 
