-18291.0 -19433.0 
-19178.0 -18603.0 
-18291.0 -19433.0 
-18756.0 -19238.0 
-18491.0 -19389.0 
-18393.0 -19412.0 
-19162.0 -18623.0 
-19159.0 -18698.0 
-18707.0 -19264.0 
-18539.0 -19349.0 
-18664.0 -19297.0 
-19096.0 -18819.0 
-19061.0 -18822.0 
-18306.0 -19430.0 
-18376.0 -19414.0 
-18595.0 -19334.0 
-18633.0 -19314.0 
-19129.0 -18749.0 
-19046.0 -18881.0 
-19054.0 -18859.0 
-18909.0 -19030.0 
-18906.0 -19052.0 
-19097.0 -18777.0 
-18538.0 -19360.0 
-19023.0 -18904.0 
-19014.0 -18922.0 
-18966.0 -18976.0 
-18504.0 -19381.0 
-19144.0 -18711.0 
-18393.0 -19412.0 
-19004.0 -18946.0 
-18823.0 -19156.0 
-18774.0 -19204.0 
-18984.0 -18947.0 
-18933.0 -19023.0 
-18595.0 -19334.0 
-18958.0 -19001.0 
-18491.0 -19389.0 
-18504.0 -19381.0 
-18900.0 -19065.0 
-18376.0 -19414.0 
-18871.0 -19105.0 
-18982.0 -18963.0 
-18842.0 -19116.0 
-18306.0 -19430.0 
-19129.0 -18749.0 
-18618.0 -19319.0 
-19054.0 -18859.0 
-18801.0 -19175.0 
-19112.0 -18764.0 
-18946.0 -19008.0 
-18774.0 -19204.0 
-18803.0 -19166.0 
-19145.0 -18701.0 
-19098.0 -18767.0 
-18618.0 -19319.0 
-19024.0 -18889.0 
-18676.0 -19277.0 
-19006.0 -18929.0 
-18778.0 -19193.0 
-19144.0 -18711.0 
-18839.0 -19130.0 
-19162.0 -18623.0 
-18792.0 -19184.0 
-18538.0 -19360.0 
-18883.0 -19084.0 
-18834.0 -19150.0 
-18884.0 -19082.0 
-18692.0 -19265.0 
-19029.0 -18884.0 
-18966.0 -18976.0 
-18860.0 -19108.0 
-18941.0 -19013.0 
-19112.0 -18764.0 
-18839.0 -19130.0 
-18892.0 -19071.0 
-18860.0 -19108.0 
-18939.0 -19021.0 
-18792.0 -19184.0 
-18832.0 -19155.0 
-18676.0 -19277.0 
-18681.0 -19272.0 
-18982.0 -18963.0 
-18958.0 -19001.0 
-18871.0 -19105.0 
-18892.0 -19071.0 
-18883.0 -19084.0 
-18778.0 -19193.0 
-18803.0 -19166.0 
-18681.0 -19272.0 
-18692.0 -19265.0 
-19097.0 -18777.0 
-18842.0 -19116.0 
-18909.0 -19030.0 
-18834.0 -19150.0 
-19061.0 -18822.0 
-19006.0 -18929.0 
-19029.0 -18884.0 
-19159.0 -18698.0 
-19096.0 -18819.0 
