-18219.0 -19462.0 
-19115.0 -18526.0 
-19115.0 -18526.0 
-18219.0 -19462.0 
-19112.0 -18703.0 
-18413.0 -19438.0 
-18279.0 -19441.0 
-19055.0 -18710.0 
-18562.0 -19343.0 
-18454.0 -19396.0 
-18737.0 -19205.0 
-18503.0 -19368.0 
-18825.0 -19094.0 
-18839.0 -19067.0 
-18569.0 -19314.0 
-18943.0 -18936.0 
-18986.0 -18884.0 
-19016.0 -18817.0 
-18956.0 -18925.0 
-18529.0 -19352.0 
-18251.0 -19459.0 
-18920.0 -18989.0 
-18454.0 -19396.0 
-18434.0 -19410.0 
-18709.0 -19210.0 
-19039.0 -18751.0 
-19034.0 -18764.0 
-18800.0 -19112.0 
-18963.0 -18905.0 
-18698.0 -19248.0 
-18837.0 -19089.0 
-18999.0 -18820.0 
-18648.0 -19268.0 
-18738.0 -19176.0 
-18868.0 -19062.0 
-18614.0 -19310.0 
-18434.0 -19410.0 
-18629.0 -19300.0 
-18931.0 -18953.0 
-18991.0 -18854.0 
-19020.0 -18790.0 
-18503.0 -19368.0 
-18875.0 -19028.0 
-18251.0 -19459.0 
-18279.0 -19441.0 
-18753.0 -19157.0 
-18637.0 -19280.0 
-18928.0 -18976.0 
-18587.0 -19311.0 
-18776.0 -19144.0 
-18902.0 -18999.0 
-19039.0 -18751.0 
-18886.0 -19010.0 
-18797.0 -19130.0 
-18675.0 -19260.0 
-18963.0 -18905.0 
-18870.0 -19054.0 
-18902.0 -18999.0 
-18509.0 -19357.0 
-18675.0 -19260.0 
-18706.0 -19228.0 
-19027.0 -18783.0 
-18986.0 -18884.0 
-18524.0 -19355.0 
-19055.0 -18710.0 
-18776.0 -19144.0 
-18706.0 -19228.0 
-18991.0 -18854.0 
-18996.0 -18837.0 
-18800.0 -19112.0 
-18746.0 -19175.0 
-18698.0 -19248.0 
-18637.0 -19280.0 
-18882.0 -19023.0 
-18996.0 -18837.0 
-18931.0 -18953.0 
-18587.0 -19311.0 
-18753.0 -19157.0 
-18661.0 -19265.0 
-18786.0 -19138.0 
-18629.0 -19300.0 
-18661.0 -19265.0 
-18786.0 -19138.0 
-18614.0 -19310.0 
-18747.0 -19165.0 
-18928.0 -18976.0 
-18886.0 -19010.0 
-19027.0 -18783.0 
-18870.0 -19054.0 
-19020.0 -18790.0 
-18797.0 -19130.0 
-18875.0 -19028.0 
-19112.0 -18703.0 
-18882.0 -19023.0 
-18747.0 -19165.0 
-18509.0 -19357.0 
-18709.0 -19210.0 
-18868.0 -19062.0 
-18698.0 -19248.0 
-18870.0 -19054.0 
