-19546.0 -19830.0 
-19091.0 -20088.0 
-19091.0 -20088.0 
-19336.0 -20077.0 
-19497.0 -19970.0 
-19509.0 -19892.0 
-19499.0 -19903.0 
-19400.0 -20048.0 
-19471.0 -19998.0 
-19403.0 -20010.0 
-19445.0 -20002.0 
-19336.0 -20077.0 
-19387.0 -20065.0 
-19367.0 -20068.0 
-19367.0 -20068.0 
-19471.0 -19998.0 
-19431.0 -20006.0 
-19411.0 -20008.0 
-19499.0 -19903.0 
-19387.0 -20065.0 
-19431.0 -20006.0 
-19411.0 -20008.0 
-19403.0 -20010.0 
-19387.0 -20065.0 
-19403.0 -20010.0 
-19403.0 -20010.0 
-19403.0 -20010.0 
-19403.0 -20010.0 
-19403.0 -20010.0 
-19403.0 -20010.0 
-19403.0 -20010.0 
-19403.0 -20010.0 
-19403.0 -20010.0 
-19403.0 -20010.0 
-19403.0 -20010.0 
-19403.0 -20010.0 
-19403.0 -20010.0 
-19403.0 -20010.0 
-19403.0 -20010.0 
-19403.0 -20010.0 
-19403.0 -20010.0 
-19403.0 -20010.0 
-19403.0 -20010.0 
-19403.0 -20010.0 
-19403.0 -20010.0 
-19403.0 -20010.0 
-19403.0 -20010.0 
-19403.0 -20010.0 
-19403.0 -20010.0 
-19403.0 -20010.0 
-19403.0 -20010.0 
-19403.0 -20010.0 
-19403.0 -20010.0 
-19403.0 -20010.0 
-19403.0 -20010.0 
-19403.0 -20010.0 
-19403.0 -20010.0 
-19403.0 -20010.0 
-19403.0 -20010.0 
-19403.0 -20010.0 
-19403.0 -20010.0 
-19403.0 -20010.0 
-19403.0 -20010.0 
-19403.0 -20010.0 
-19403.0 -20010.0 
-19403.0 -20010.0 
-19403.0 -20010.0 
-19403.0 -20010.0 
-19403.0 -20010.0 
-19403.0 -20010.0 
-19403.0 -20010.0 
-19403.0 -20010.0 
-19387.0 -20065.0 
-19403.0 -20010.0 
-19403.0 -20010.0 
-19403.0 -20010.0 
-19403.0 -20010.0 
-19403.0 -20010.0 
-19403.0 -20010.0 
-19403.0 -20010.0 
-19403.0 -20010.0 
-19403.0 -20010.0 
-19403.0 -20010.0 
-19403.0 -20010.0 
-19403.0 -20010.0 
-19403.0 -20010.0 
-19403.0 -20010.0 
-19403.0 -20010.0 
-19387.0 -20065.0 
-19403.0 -20010.0 
-19403.0 -20010.0 
-19403.0 -20010.0 
-19403.0 -20010.0 
-19403.0 -20010.0 
-19403.0 -20010.0 
-19403.0 -20010.0 
-19403.0 -20010.0 
-19403.0 -20010.0 
-19403.0 -20010.0 
-19403.0 -20010.0 
