-19649.0 -19550.0 
-19649.0 -19550.0 
-18979.0 -20268.0 
-18979.0 -20268.0 
-19635.0 -19784.0 
-19088.0 -20257.0 
-19240.0 -20181.0 
-19499.0 -19958.0 
-19462.0 -20057.0 
-19327.0 -20178.0 
-19603.0 -19841.0 
-19180.0 -20225.0 
-19144.0 -20249.0 
-19499.0 -19958.0 
-19550.0 -19879.0 
-19635.0 -19784.0 
-19445.0 -20065.0 
-19558.0 -19857.0 
-19521.0 -19893.0 
-19230.0 -20202.0 
-19390.0 -20142.0 
-19603.0 -19841.0 
-19430.0 -20094.0 
-19213.0 -20207.0 
-19462.0 -20057.0 
-19144.0 -20249.0 
-19517.0 -19917.0 
-19346.0 -20146.0 
-19517.0 -19917.0 
-19380.0 -20145.0 
-19400.0 -20116.0 
-19192.0 -20209.0 
-19412.0 -20106.0 
-19430.0 -20094.0 
-19332.0 -20157.0 
-19412.0 -20106.0 
-19558.0 -19857.0 
-19400.0 -20116.0 
-19521.0 -19893.0 
-19189.0 -20213.0 
-19189.0 -20213.0 
-19337.0 -20154.0 
-19337.0 -20154.0 
-19380.0 -20145.0 
-19346.0 -20146.0 
-19327.0 -20178.0 
-19332.0 -20157.0 
-19462.0 -20057.0 
-19430.0 -20094.0 
-19400.0 -20116.0 
-19337.0 -20154.0 
-19380.0 -20145.0 
-19346.0 -20146.0 
-19332.0 -20157.0 
-19400.0 -20116.0 
-19346.0 -20146.0 
-19400.0 -20116.0 
-19346.0 -20146.0 
-19400.0 -20116.0 
-19346.0 -20146.0 
-19337.0 -20154.0 
-19462.0 -20057.0 
-19346.0 -20146.0 
-19400.0 -20116.0 
-19346.0 -20146.0 
-19400.0 -20116.0 
-19346.0 -20146.0 
-19430.0 -20094.0 
-19400.0 -20116.0 
-19400.0 -20116.0 
-19400.0 -20116.0 
-19400.0 -20116.0 
-19400.0 -20116.0 
-19430.0 -20094.0 
-19400.0 -20116.0 
-19337.0 -20154.0 
-19400.0 -20116.0 
-19400.0 -20116.0 
-19337.0 -20154.0 
-19337.0 -20154.0 
-19346.0 -20146.0 
-19400.0 -20116.0 
-19400.0 -20116.0 
-19400.0 -20116.0 
-19430.0 -20094.0 
-19400.0 -20116.0 
-19346.0 -20146.0 
-19400.0 -20116.0 
-19400.0 -20116.0 
-19400.0 -20116.0 
-19400.0 -20116.0 
-19400.0 -20116.0 
-19400.0 -20116.0 
-19337.0 -20154.0 
-19346.0 -20146.0 
-19380.0 -20145.0 
-19400.0 -20116.0 
-19400.0 -20116.0 
-19400.0 -20116.0 
-19400.0 -20116.0 
