-19396.0 -19966.0 
-19823.0 -19583.0 
-19396.0 -19966.0 
-19471.0 -19952.0 
-19810.0 -19691.0 
-19549.0 -19930.0 
-19809.0 -19715.0 
-19571.0 -19893.0 
-19626.0 -19892.0 
-19779.0 -19756.0 
-19779.0 -19756.0 
-19656.0 -19859.0 
-19670.0 -19858.0 
-19767.0 -19787.0 
-19549.0 -19930.0 
-19724.0 -19837.0 
-19697.0 -19851.0 
-19753.0 -19799.0 
-19697.0 -19851.0 
-19626.0 -19892.0 
-19656.0 -19859.0 
-19767.0 -19787.0 
-19727.0 -19820.0 
-19571.0 -19893.0 
-19732.0 -19813.0 
-19747.0 -19805.0 
-19724.0 -19837.0 
-19747.0 -19805.0 
-19732.0 -19813.0 
-19727.0 -19820.0 
-19779.0 -19756.0 
-19767.0 -19787.0 
-19724.0 -19837.0 
-19747.0 -19805.0 
-19732.0 -19813.0 
-19724.0 -19837.0 
-19779.0 -19756.0 
-19732.0 -19813.0 
-19779.0 -19756.0 
-19779.0 -19756.0 
-19779.0 -19756.0 
-19724.0 -19837.0 
-19779.0 -19756.0 
-19732.0 -19813.0 
-19767.0 -19787.0 
-19779.0 -19756.0 
-19779.0 -19756.0 
-19724.0 -19837.0 
-19779.0 -19756.0 
-19779.0 -19756.0 
-19767.0 -19787.0 
-19779.0 -19756.0 
-19779.0 -19756.0 
-19779.0 -19756.0 
-19767.0 -19787.0 
-19779.0 -19756.0 
-19779.0 -19756.0 
-19767.0 -19787.0 
-19779.0 -19756.0 
-19767.0 -19787.0 
-19779.0 -19756.0 
-19779.0 -19756.0 
-19779.0 -19756.0 
-19779.0 -19756.0 
-19779.0 -19756.0 
-19724.0 -19837.0 
-19779.0 -19756.0 
-19779.0 -19756.0 
-19767.0 -19787.0 
-19779.0 -19756.0 
-19779.0 -19756.0 
-19779.0 -19756.0 
-19779.0 -19756.0 
-19767.0 -19787.0 
-19779.0 -19756.0 
-19779.0 -19756.0 
-19779.0 -19756.0 
-19779.0 -19756.0 
-19724.0 -19837.0 
-19779.0 -19756.0 
-19779.0 -19756.0 
-19779.0 -19756.0 
-19779.0 -19756.0 
-19779.0 -19756.0 
-19779.0 -19756.0 
-19779.0 -19756.0 
-19779.0 -19756.0 
-19732.0 -19813.0 
-19779.0 -19756.0 
-19779.0 -19756.0 
-19779.0 -19756.0 
-19779.0 -19756.0 
-19779.0 -19756.0 
-19779.0 -19756.0 
-19779.0 -19756.0 
-19779.0 -19756.0 
-19779.0 -19756.0 
-19779.0 -19756.0 
-19779.0 -19756.0 
-19779.0 -19756.0 
