7.526029709492532	21.261857887814433
18.858047386610348	12.699640672127549
21.00912022213992	8.876366098624546
14.401841685647364	17.54816795945342
14.067739306375083	17.922426174285206
9.857798246142632	20.217165260768343
9.75021601123069	20.4765964551506
4.072805055433726	22.376606570202057
9.346507362479867	20.66059388504981
1.147882020917195	22.654753376506232
15.347845056341855	16.831886679064944
19.446420834291523	12.0233722421303
17.977478037569746	14.064607970057144
20.791457597194164	9.57181990721998
20.581552244619694	9.651285560259584
19.46262217657626	11.749399333472734
9.5178832018774	20.62273929870557
16.410243520333132	15.692233366555506
21.446919896127998	7.712861677982131
18.820873000424882	12.73234865662909
0.153585528862923	22.6791548141297
11.566304484856914	19.612800431503846
5.152376996316771	22.218985626712826
21.735844304124402	6.5400458825978784
21.883028788662294	6.13573864724136
15.999163160735408	15.969661177695057
17.712198451598994	14.1817998220374
6.632262378504871	21.865323748427453
6.795577159617197	21.51722561163962
19.72443852597947	10.864143562650112
20.926851158502192	8.656484272612555
4.51490084219002	22.375165145878913
4.0182741172897805	22.290839317705217
22.651902764151846	0.47828575735344436
19.32574647701443	12.052438780570291
17.00419587420426	15.197004346217835
22.522737994906453	3.85044366889022
22.731166142577727	2.32493294950382
22.30932026344088	3.6760378550272605
16.67142807438429	15.286327014488984
18.943556907386654	12.892861208400435
16.282833077375102	15.916182838578006
7.33654497692243	21.485171868553515
20.517134139169684	9.863690098329174
21.898020924645508	6.051674519628982
15.347866371410497	16.641090172121604
1.1776008680684826	22.566222541248308
15.33175171195324	16.56903835762531
22.734171476178044	1.9855570096556001
22.637404644619732	1.5035812169358829
12.949421886641662	18.729470645264385
13.10875920659291	18.41902797103399
22.02641146397973	5.2767446437346175
22.564349674166795	3.370357660296607
9.2975081611206	20.61084804831197
20.969577519423595	8.544455696066533
10.90934265816931	19.827315883413824
6.246530921111405	21.844989607281576
14.86893392719022	17.257880539087488
1.659634771319143	22.700993332159225
7.903036730056864	21.403637918963664
9.251639119577455	20.91999792499268
19.696694397891285	11.202007080339083
10.163302340421083	20.290351251142578
7.682188523599039	21.53239105112426
16.809211523597753	15.474455840550851
22.532330083571146	2.9932768360440494
21.205095785816187	8.265115045807958
19.269899897271152	12.105774928694775
22.580661509576334	0.3602760972083371
22.673603242764855	0.18651919636350597
19.452043140364122	11.68279228473545
17.613057582102005	14.11325637024223
14.4953021797681	17.60953780432164
8.528876099984565	21.02027161200629
17.676469099423063	14.293007430541918
11.475093397586544	19.56180712257775
0.615724424710707	22.844729424157453
21.348795747265136	8.106617248740513
20.142588713284706	10.060326866952352
2.9860295203708906	22.511917746254788
22.5221986727085	2.847281761150036
1.6445413508948261	22.718977037787933
3.66567720008137	22.2400095771685
22.739640937421328	2.393714743620377
15.694644517262871	16.398674327958727
20.788239044823264	9.248647148956909
13.883034563007413	17.85462347166851
1.5937092080173125	22.56763572328548
22.58777502643772	1.9873438340428864
4.819023633209618	22.2343192188947
20.919855613089585	8.347807531564285
7.637820243745652	21.417357879057025
20.703647081682412	8.895902180477059
1.594887112587807	22.7370373929107
21.717497310711614	6.687418297768351
14.91774432539588	17.084790769959458
10.502452831176363	20.289300946388725
22.69510905930194	0.36678577089232595
19.956196190802885	10.788817196375566
