-18458.0 -19356.0 
-19179.0 -18677.0 
-19179.0 -18677.0 
-18458.0 -19356.0 
-18633.0 -19313.0 
-18861.0 -19165.0 
-18545.0 -19321.0 
-19114.0 -18825.0 
-18526.0 -19333.0 
-19150.0 -18696.0 
-18868.0 -19121.0 
-18755.0 -19237.0 
-19115.0 -18768.0 
-18807.0 -19168.0 
-18674.0 -19287.0 
-18767.0 -19206.0 
-19149.0 -18742.0 
-18957.0 -19038.0 
-18889.0 -19091.0 
-18913.0 -19089.0 
-18888.0 -19119.0 
-18633.0 -19313.0 
-19009.0 -18957.0 
-18789.0 -19199.0 
-19079.0 -18875.0 
-18990.0 -18988.0 
-18674.0 -19287.0 
-18526.0 -19333.0 
-18990.0 -18988.0 
-18719.0 -19239.0 
-18926.0 -19064.0 
-18793.0 -19175.0 
-19092.0 -18837.0 
-19036.0 -18903.0 
-19030.0 -18905.0 
-19009.0 -18957.0 
-19029.0 -18931.0 
-18926.0 -19064.0 
-18978.0 -19011.0 
-19024.0 -18944.0 
-19087.0 -18853.0 
-18972.0 -19017.0 
-18545.0 -19321.0 
-18939.0 -19046.0 
-19056.0 -18878.0 
-19047.0 -18887.0 
-19087.0 -18853.0 
-18690.0 -19271.0 
-19130.0 -18758.0 
-19117.0 -18759.0 
-18690.0 -19271.0 
-18972.0 -19017.0 
-19150.0 -18696.0 
-18767.0 -19206.0 
-19143.0 -18748.0 
-19024.0 -18944.0 
-18978.0 -19011.0 
-19092.0 -18837.0 
-19047.0 -18887.0 
-18703.0 -19255.0 
-18716.0 -19243.0 
-18807.0 -19168.0 
-19143.0 -18748.0 
-18716.0 -19243.0 
-18703.0 -19255.0 
-18947.0 -19045.0 
-18913.0 -19089.0 
-19029.0 -18931.0 
-18698.0 -19265.0 
-18755.0 -19237.0 
-19130.0 -18758.0 
-18939.0 -19046.0 
-19114.0 -18825.0 
-18789.0 -19199.0 
-18793.0 -19175.0 
-19079.0 -18875.0 
-19055.0 -18881.0 
-18947.0 -19045.0 
-19115.0 -18768.0 
-18700.0 -19259.0 
-18698.0 -19265.0 
-19149.0 -18742.0 
-19055.0 -18881.0 
-18700.0 -19259.0 
-18719.0 -19239.0 
-19056.0 -18878.0 
-18888.0 -19119.0 
-18889.0 -19091.0 
-19030.0 -18905.0 
-19117.0 -18759.0 
-18526.0 -19333.0 
-19009.0 -18957.0 
-18690.0 -19271.0 
-19047.0 -18887.0 
-18703.0 -19255.0 
-18939.0 -19046.0 
-18793.0 -19175.0 
-19055.0 -18881.0 
-18888.0 -19119.0 
-18526.0 -19333.0 
