-18136.0 -19525.0 
-19022.0 -18742.0 
-18136.0 -19525.0 
-19022.0 -18742.0 
-19019.0 -18766.0 
-18185.0 -19504.0 
-18996.0 -18875.0 
-19017.0 -18853.0 
-18282.0 -19499.0 
-18335.0 -19486.0 
-18611.0 -19354.0 
-18815.0 -19184.0 
-18490.0 -19422.0 
-18561.0 -19357.0 
-18991.0 -18941.0 
-18655.0 -19303.0 
-18627.0 -19311.0 
-18684.0 -19293.0 
-18426.0 -19428.0 
-18908.0 -19057.0 
-18860.0 -19088.0 
-18288.0 -19491.0 
-18180.0 -19523.0 
-18742.0 -19220.0 
-18356.0 -19462.0 
-18883.0 -19086.0 
-18915.0 -19014.0 
-18773.0 -19190.0 
-18985.0 -18955.0 
-18542.0 -19381.0 
-18947.0 -18986.0 
-18858.0 -19128.0 
-18816.0 -19152.0 
-18698.0 -19251.0 
-18712.0 -19235.0 
-18393.0 -19455.0 
-18743.0 -19205.0 
-18947.0 -18986.0 
-18985.0 -18955.0 
-18908.0 -19057.0 
-18506.0 -19384.0 
-18764.0 -19202.0 
-18544.0 -19367.0 
-18496.0 -19386.0 
-18712.0 -19235.0 
-18830.0 -19145.0 
-18356.0 -19462.0 
-18409.0 -19449.0 
-18883.0 -19086.0 
-18922.0 -18998.0 
-19017.0 -18853.0 
-18851.0 -19135.0 
-18931.0 -18989.0 
-18684.0 -19293.0 
-18830.0 -19145.0 
-18915.0 -19014.0 
-18627.0 -19311.0 
-18492.0 -19406.0 
-18414.0 -19438.0 
-18393.0 -19455.0 
-18492.0 -19406.0 
-18991.0 -18941.0 
-18611.0 -19354.0 
-18700.0 -19250.0 
-18426.0 -19428.0 
-18922.0 -18998.0 
-18414.0 -19438.0 
-18773.0 -19190.0 
-18698.0 -19251.0 
-18853.0 -19130.0 
-18506.0 -19384.0 
-18851.0 -19135.0 
-18544.0 -19367.0 
-18700.0 -19250.0 
-18764.0 -19202.0 
-18931.0 -18989.0 
-18409.0 -19449.0 
-18282.0 -19499.0 
-18816.0 -19152.0 
-18490.0 -19422.0 
-18180.0 -19523.0 
-18496.0 -19386.0 
-18542.0 -19381.0 
-18858.0 -19128.0 
-18860.0 -19088.0 
-18908.0 -19057.0 
-18883.0 -19086.0 
-18830.0 -19145.0 
-18915.0 -19014.0 
-18426.0 -19428.0 
-18414.0 -19438.0 
-18931.0 -18989.0 
-18764.0 -19202.0 
-18180.0 -19523.0 
-18860.0 -19088.0 
-18883.0 -19086.0 
-18915.0 -19014.0 
-18764.0 -19202.0 
-18883.0 -19086.0 
-18883.0 -19086.0 
