3.242116269214656392e-03
3.610415064323721328e-03
3.695427268003215800e-03
2.790679982423976708e-03
3.775148032285285428e-03
3.627079852879207429e-03
3.157637646724494734e-03
2.636349404949661548e-03
2.941799921449140230e-03
2.584923110571936411e-03
2.958036875585346673e-03
3.129120935915010848e-03
3.049247784410049223e-03
3.519097814120992519e-03
3.945971251947381735e-03
3.780319051225880609e-03
3.643352348062276792e-03
3.709563927231385779e-03
3.122880258258440862e-03
3.040283034061213446e-03
3.346272310210038174e-03
3.080768125075536521e-03
2.894281744902350590e-03
3.700166064607194553e-03
2.993814650173187014e-03
2.777865604723895546e-03
2.592911278071540447e-03
2.422484268606877114e-03
4.205203672212953943e-03
2.832251492846876630e-03
3.025898526783457956e-03
