1.327685633440928992e-01
1.929425779224125115e-01
3.451822201445731847e-02
1.797697482114857216e-04
1.326054824892660133e-01
1.501532607310217815e-01
8.304379264157890628e-02
3.291869731626532146e-03
1.943267835872629292e-04
9.496067631144937057e-03
1.423684580455253455e-03
1.925220868105071703e-01
1.873400118686992255e-04
1.136814579600391450e-01
3.598660957938184385e-02
5.623927466638417496e-04
1.335636093693954307e-01
5.505738640281600564e-04
2.130038986516914388e-04
1.729851119906107570e-01
3.993448132593313202e-03
1.917149217238323655e-01
1.479137903323433367e-01
6.662078172361361175e-04
1.908813076065562220e-01
4.303760274509669387e-02
3.782575667656468826e-02
4.906023893338653380e-02
1.426949980199953283e-01
2.855369523878761081e-04
7.008470704768891835e-03
