4.250409172699038361e-03
4.191667034658587247e-03
3.860826679726406599e-03
4.255580692444159430e-03
5.391064703760961065e-03
3.684913171210416668e-03
3.720999327490706870e-03
3.384983153179968972e-03
3.322951877168051505e-03
5.573701864711283829e-03
3.682063182817907256e-03
5.076797542986217701e-03
4.968427296881891553e-03
3.538388729387608421e-03
3.987142954589375371e-03
2.911347615049926247e-03
4.510788866054425174e-03
3.527262920387209347e-03
5.957819033279309479e-03
5.885853835679590550e-03
5.525557778232943751e-03
4.106082368898771387e-03
5.137699679658518613e-03
3.481988904382895926e-03
3.096337187095928381e-03
4.668792135052197458e-03
5.120617590373343145e-03
7.048693695265316646e-03
3.549980411424557940e-03
4.870230255344313967e-03
4.760938476771437583e-03
