-19408.0 -18399.0 
-18545.0 -19545.0 
-19408.0 -18399.0 
-18545.0 -19545.0 
-19130.0 -19048.0 
-18555.0 -19523.0 
-19366.0 -18426.0 
-18640.0 -19504.0 
-19350.0 -18586.0 
-19233.0 -18846.0 
-19357.0 -18529.0 
-18722.0 -19442.0 
-19250.0 -18758.0 
-19033.0 -19149.0 
-19275.0 -18747.0 
-19337.0 -18624.0 
-18761.0 -19418.0 
-19023.0 -19183.0 
-19209.0 -18848.0 
-19276.0 -18679.0 
-19083.0 -19050.0 
-19277.0 -18674.0 
-19297.0 -18636.0 
-19357.0 -18529.0 
-19066.0 -19101.0 
-19138.0 -18986.0 
-19067.0 -19065.0 
-18985.0 -19184.0 
-19041.0 -19111.0 
-19155.0 -18928.0 
-19301.0 -18635.0 
-19384.0 -18423.0 
-19173.0 -18890.0 
-19145.0 -18932.0 
-18827.0 -19331.0 
-19200.0 -18880.0 
-18960.0 -19223.0 
-18786.0 -19383.0 
-18678.0 -19483.0 
-19138.0 -18986.0 
-18659.0 -19491.0 
-18695.0 -19467.0 
-18869.0 -19309.0 
-18975.0 -19196.0 
-18936.0 -19239.0 
-19139.0 -18954.0 
-18640.0 -19504.0 
-18947.0 -19224.0 
-18679.0 -19474.0 
-18843.0 -19325.0 
-18655.0 -19495.0 
-18786.0 -19383.0 
-19165.0 -18901.0 
-18765.0 -19414.0 
-19076.0 -19051.0 
-18890.0 -19291.0 
-19384.0 -18423.0 
-18869.0 -19309.0 
-18555.0 -19523.0 
-18975.0 -19196.0 
-18765.0 -19414.0 
-18794.0 -19363.0 
-18791.0 -19367.0 
-18697.0 -19456.0 
-19250.0 -18758.0 
-18926.0 -19257.0 
-18942.0 -19238.0 
-18883.0 -19302.0 
-18813.0 -19344.0 
-19337.0 -18624.0 
-19260.0 -18750.0 
-18837.0 -19329.0 
-18898.0 -19276.0 
-18706.0 -19451.0 
-19189.0 -18885.0 
-18892.0 -19279.0 
-18906.0 -19266.0 
-18805.0 -19354.0 
-19233.0 -18846.0 
-19165.0 -18901.0 
-18843.0 -19325.0 
-18813.0 -19344.0 
-19049.0 -19110.0 
-19139.0 -18954.0 
-18706.0 -19451.0 
-18960.0 -19223.0 
-18904.0 -19268.0 
-18805.0 -19354.0 
-19049.0 -19110.0 
-19189.0 -18885.0 
-18917.0 -19260.0 
-18917.0 -19260.0 
-19200.0 -18880.0 
-19301.0 -18635.0 
-18883.0 -19302.0 
-18926.0 -19257.0 
-19260.0 -18750.0 
-19366.0 -18426.0 
-19023.0 -19183.0 
-18985.0 -19184.0 
