-18439.0 -19556.0 
-19476.0 -18274.0 
-19476.0 -18274.0 
-19445.0 -18508.0 
-19378.0 -18651.0 
-19445.0 -18508.0 
-18484.0 -19550.0 
-19343.0 -18752.0 
-19363.0 -18698.0 
-18556.0 -19535.0 
-18649.0 -19492.0 
-19048.0 -19188.0 
-18709.0 -19454.0 
-19249.0 -18890.0 
-18873.0 -19374.0 
-18785.0 -19438.0 
-18597.0 -19499.0 
-19000.0 -19200.0 
-19344.0 -18706.0 
-18834.0 -19376.0 
-18875.0 -19342.0 
-18911.0 -19301.0 
-19183.0 -18977.0 
-18757.0 -19441.0 
-19255.0 -18839.0 
-18901.0 -19328.0 
-19302.0 -18773.0 
-18649.0 -19492.0 
-18688.0 -19462.0 
-18567.0 -19513.0 
-19217.0 -18908.0 
-19055.0 -19154.0 
-18805.0 -19394.0 
-18972.0 -19230.0 
-19117.0 -19062.0 
-18757.0 -19441.0 
-18952.0 -19293.0 
-19088.0 -19116.0 
-19152.0 -18991.0 
-18597.0 -19499.0 
-18995.0 -19215.0 
-19299.0 -18779.0 
-18963.0 -19259.0 
-18963.0 -19259.0 
-18968.0 -19231.0 
-18941.0 -19296.0 
-19097.0 -19080.0 
-19217.0 -18908.0 
-18688.0 -19462.0 
-19123.0 -19030.0 
-18566.0 -19529.0 
-19069.0 -19144.0 
-19189.0 -18951.0 
-19075.0 -19126.0 
-19284.0 -18794.0 
-19099.0 -19071.0 
-19131.0 -19015.0 
-19284.0 -18794.0 
-18834.0 -19376.0 
-19116.0 -19070.0 
-18810.0 -19393.0 
-19270.0 -18809.0 
-19165.0 -18984.0 
-19201.0 -18921.0 
-19147.0 -19013.0 
-19189.0 -18951.0 
-19150.0 -19010.0 
-18785.0 -19438.0 
-18556.0 -19535.0 
-19196.0 -18930.0 
-19090.0 -19098.0 
-18901.0 -19328.0 
-18805.0 -19394.0 
-19263.0 -18822.0 
-18694.0 -19455.0 
-19249.0 -18890.0 
-19126.0 -19020.0 
-19302.0 -18773.0 
-19255.0 -18839.0 
-19270.0 -18809.0 
-18810.0 -19393.0 
-19165.0 -18984.0 
-19263.0 -18822.0 
-18995.0 -19215.0 
-19048.0 -19188.0 
-19090.0 -19098.0 
-19201.0 -18921.0 
-19055.0 -19154.0 
-18941.0 -19296.0 
-19000.0 -19200.0 
-19196.0 -18930.0 
-19069.0 -19144.0 
-19075.0 -19126.0 
-19123.0 -19030.0 
-18911.0 -19301.0 
-18952.0 -19293.0 
-18875.0 -19342.0 
-18567.0 -19513.0 
-19344.0 -18706.0 
-18694.0 -19455.0 
