1.0 0.9999999999999972 0.5172758148160759 0.5123646794824942 0.506974210705336 0.5023233407334164 0.5005744205919552 0.5004914424004125 0.5007735064366001 0.5007834612850223 0.5035964542789775 0.5130375398701879 0.5186976146606337 0.5220616508302666 0.5239154166527789 0.5276241491109416 0.5316629526839299 0.5409075205251178 0.5668919078908249 0.6788439479954488 
0.0 0.999999999999983 0.5172331075400949 0.5124745657549136 0.5071079627713911 0.5023549831924939 0.5005612786291344 0.5004884367375906 0.5007834580765135 0.5008223673596327 0.5047464805916874 0.5133020034958685 0.5186967503722071 0.5220699409527771 0.5239203124899139 0.5276315203567101 0.5316755294772343 0.5407506110808405 0.566891321796364 0.6790100680113087 
1.0 1.4965180567169167E-11 0.5172327792267434 0.5123594180347487 0.5066857296647507 0.5021269077313081 0.5005985247327158 0.5004715127192626 0.500734234148374 0.5007768586214721 0.503594738079052 0.5130394213259128 0.5184202350488333 0.5215070099484029 0.5239232095738875 0.5276212569954396 0.5313794735670638 0.5407431125655935 0.5668893584931421 0.6788645266868885 
0.11463948404277835 1.4965180567169167E-11 0.5170920448899705 0.5123594180347487 0.5066708649168818 0.5021269077313081 0.5005985247327158 0.500483483957467 0.5007300703109108 0.5007768211298314 0.503594738079052 0.47220674546722696 0.5184202350488333 0.5215070099484029 0.523900524455771 0.5276212569954396 0.5313850933215796 0.5407431125655935 0.5668893551571161 0.6788645266868885 
0.005271573836008792 0.002565919326666277 0.5170788449857556 0.5123688266607657 0.5066858753233181 0.5021145356713683 0.500605159651691 0.5079608759458198 0.5007356685043418 0.5007767748615982 0.5034870845743832 0.5130425608695819 0.5183587692590312 0.5220204289613048 0.5239230930410486 0.5267687463691502 0.5314014993365146 0.5407449529338367 0.5669029860352677 0.678866346537659 
0.647236556092798 0.2789176982704281 0.5172500395457714 0.5124748813413563 0.506733372424784 0.5023292903369061 0.5005610313295291 0.5007846716575438 0.500774298642817 0.5005585559112102 0.5054160418128123 0.5133551649443895 0.5186939043214892 0.5220464546666449 0.523921055754405 0.5276340860759474 0.5316743916839748 0.5409052894885841 0.5669023066929357 0.67899511098813 
0.527012643618882 0.37424651147063187 0.5172528686185484 0.5123539016055377 0.5066805341304246 0.5023296121834336 0.5005963549472565 0.5008147704672209 0.5007776650196413 0.5008336460170457 0.504908849256579 0.5130846222624732 0.5186880216651848 0.5215090086059199 0.5248718692319339 0.5276920107989526 0.5316789268610062 0.5408130015830496 0.5668974928513979 0.6790188929970271 
0.7161327887263015 0.5727562468135281 0.5172647054079423 0.5123719718200339 0.5068416446930447 0.5021501635657221 0.500596336963328 0.5008091392941627 0.5007903930029307 0.5008222251963724 0.5056628221350618 0.5133485342586648 0.5186803877843256 0.5220789193522143 0.5239167357554929 0.5276732730127834 0.531674146701993 0.5409073753026611 0.5668919804531141 0.6789083416043329 
0.14182572466991558 0.44207135705328093 0.5172720857259467 0.5124190037623363 0.506690239154988 0.5021508450255692 0.5005494019343263 0.5007548136104559 0.5007736092083017 0.5009430464059038 0.504356361469975 0.5134206355835244 0.5186775385439193 0.5215222459702026 0.52391344506113 0.5276545094895532 0.5316745652393795 0.5408268170334917 0.5669001896785982 0.6789541970250839 
0.05879269974977705 0.4035333624974164 0.5170765122059119 0.5124252017650105 0.5066256214222434 0.5021213415257458 0.5005716509596414 0.5005036139025835 0.5007797582975315 0.5005105914953425 0.503485699550825 0.5131468158045935 0.5186810039195608 0.5215150019325757 0.5239166863559808 0.5276347279505905 0.5316830913412507 0.540765119328095 0.566890119059182 0.6788585270186834 
0.26136451771993996 1.4965180567169167E-11 0.5172327792267434 0.5123594684102218 0.5066762718982466 0.5021269077313081 0.5005719601021811 0.500464490901148 0.5007360133942741 0.5007768586214721 0.503594738079052 0.49811746518582667 0.5184202828873113 0.5215166119037555 0.5239232095738875 0.5276212894026481 0.5313794735670638 0.5407430777333296 0.5668893795082196 0.6788645266868885 
0.9068679831287247 0.6671981068749291 0.5172826960023528 0.5124854637357721 0.5068730959212049 0.50229457090535 0.5006781565808278 0.5008096355472211 0.5007805154248219 0.5009194911978019 0.5052585009116611 0.5135710136070109 0.5187238009211398 0.5220600170119231 0.5239224078823085 0.5276875054639786 0.5316825660696852 0.5409087763419913 0.5669037206982029 0.679018476938717 
0.18503181040827432 0.041016810363023404 0.5172314772022505 0.5124686798298982 0.506734821681058 0.502297648274998 0.5005426850502717 0.500472314300326 0.5007664307464869 0.5008222099763895 0.5030825265163856 0.5130346127278098 0.5184383265537699 0.5215218782281088 0.523900536881026 0.5276252642237456 0.5316742430955855 0.5409094964766367 0.5668984625059637 0.6788030874878519 
0.5459873416343404 0.4557649046294724 0.5170782604081179 0.512428178199 0.5066645328141659 0.5021692548953154 0.5005990478687324 0.5004987036421276 0.5007740718989702 0.5008185449673397 0.5052028309665144 0.5133908579702237 0.5186828845968973 0.5215090385806365 0.5239150043949519 0.5276725126561184 0.5316780748454328 0.5408115329131464 0.5668977767528486 0.678960905372654 
0.16288971384435957 0.3231457128902905 0.5172715241409593 0.5123682958542226 0.5066755904758008 0.5022984002738572 0.5005965464206843 0.5007908728114209 0.5007760856997742 0.5007734763046486 0.505614366769079 0.5130426328566902 0.5186805013429402 0.5215766296643041 0.5239260309285054 0.527625345458463 0.5316750953256746 0.5409210462223946 0.5668899363161878 0.679014376461078 
0.013386093605418758 5.053037987485798E-4 0.5170849749749552 0.5124852712418124 0.5066858753233181 0.5021130586727425 0.500605159651691 0.5079608759458198 0.5007343752230362 0.5007767748615982 0.5035339948172127 0.5130425608695819 0.5183587692590312 0.5220204289613048 0.5239230930410486 0.5267829794161827 0.5314013106484413 0.5407449529338367 0.5669029860352677 0.6788661695204471 
0.23416676747664772 0.4099942080908044 0.5172580157278029 0.5123705267314417 0.5066774201731495 0.5022903547654283 0.5005438664641333 0.5007869770894033 0.5007650228412523 0.5007790173185667 0.5049684205225423 0.5130389206624351 0.518687667790633 0.521533407284303 0.5239054564434452 0.5276256885863442 0.5316679445931729 0.540821634472128 0.5668917164395486 0.6789957276900073 
0.15473055964140817 0.781280879675066 0.5172729103509078 0.5124705924553798 0.5067340940857797 0.5022930688261308 0.5005973946863622 0.5006755791295378 0.5007803380504016 0.500914341047814 0.5047506795778071 0.5131080101387525 0.5186619172113637 0.5220486115875752 0.5239012037495702 0.5277086195856732 0.5316744692608597 0.5409047529049392 0.5668910441733286 0.6789476034186769 
0.32114316440093627 0.732405968569377 0.517283245470153 0.5124871951968157 0.5066818244252188 0.5023109955757981 0.5005694826343433 0.5008264085528861 0.5008414244185918 0.5008389570526619 0.5054439385287579 0.5135628549277756 0.5184673215237285 0.5221119230631966 0.5239214258492544 0.5276741358357834 0.531674698068214 0.5407556865625198 0.5668907849171543 0.6790085519981972 
0.24887210747623761 0.05553405641793194 0.5172314772022505 0.5124686798298982 0.506734821681058 0.5022867456480467 0.5005877821937568 0.500472314300326 0.5007664307464869 0.5008222099763895 0.5032961519454445 0.5130355821495921 0.5184383265537699 0.5215218782281088 0.523900536881026 0.5276252052282139 0.5316742430955855 0.5409094964766367 0.5668979165637679 0.6788712802859582 
0.810042180577792 0.3468116359208402 0.5172333426078287 0.5124182724080385 0.5066902068430817 0.5023172322692762 0.5005863914096864 0.500791536962987 0.5007682561628288 0.5009285429745584 0.5056051029816919 0.5126807034822071 0.518663723489055 0.5215222722450557 0.5239012137620376 0.5276308661014805 0.5316495430624727 0.5407538584554735 0.5668999331051946 0.678899243375663 
0.5688256029941257 0.7415421665778391 0.5168901420412341 0.512364683139344 0.5066669939428425 0.5023555198151335 0.5006001373183716 0.5006807935537337 0.5007735615623555 0.5007834417056706 0.5044372502464809 0.5130543582605117 0.5184490147016599 0.521545268588046 0.523900741054668 0.5276243149422801 0.5316706263513584 0.5409049206888049 0.5668912747634205 0.6788489003201655 
0.5587966685420347 0.3047213568672732 0.5172310732229103 0.512428187132919 0.5066639912834433 0.5021701922118044 0.5005980606104912 0.5008086512140024 0.5007516717580124 0.5008185449673397 0.5052073473926024 0.5133908579702237 0.518675821176226 0.5215090385806365 0.5239150043949519 0.5276722371021592 0.5316790104215603 0.5408205402125881 0.5668975737956643 0.678960905372654 
0.27900175169304964 0.4099942080908044 0.5172846802273628 0.5124858037808407 0.5066774201731495 0.5023096175059761 0.5005693833686972 0.5008245376439012 0.5007838174520368 0.5008390446977372 0.5049664484740598 0.5135659762045157 0.518687667790633 0.5215023915148954 0.5239221442958022 0.5276838965395485 0.5316746938634709 0.540821634472128 0.5668917142112886 0.6790087337494863 
0.8295256426679357 0.7345983860343447 0.5172325921341877 0.5124762529233814 0.5068629086277209 0.5023172390073047 0.5005738520421688 0.500791536962987 0.5007774028258121 0.5008205293942434 0.5056051029816919 0.5135801590577994 0.5186718226188242 0.5220550693872057 0.5239259689524025 0.5276169728561787 0.5316742710301222 0.5409153344075971 0.5668985360919641 0.6790147203112381 
0.6003929950220939 0.40813202486183625 0.5172858820495934 0.5124218782316785 0.5066817944227218 0.5021509929248082 0.5005505511911426 0.5008104463782614 0.5007842749575606 0.5008146039539116 0.503458776630838 0.5135560918845654 0.5186751072109933 0.5220900182275799 0.5239259978698877 0.5276729019518339 0.5316846958361218 0.5407579012785356 0.5668914614607814 0.6788684450810092 
0.2347436952532139 0.18398623207988196 0.5172725486718681 0.5123680433741449 0.5064724377782022 0.5023680186639822 0.5005434563208071 0.5007916182677393 0.5007657980664073 0.500779212518797 0.5053924117329689 0.5130417912441614 0.5186884182290675 0.5220840836652376 0.5239048649097138 0.5276266732127143 0.5316677498245737 0.5408237061930118 0.5669023109938484 0.6790150659393228 
0.10076647906857039 0.8187814177467709 0.5170620987043719 0.5123698211107947 0.5066777215817176 0.50218396966531 0.5005966351126312 0.5007569998294715 0.5002882621130296 0.5007816604801357 0.5035991258481223 0.5133056412802515 0.5186880384035182 0.522071878364032 0.5239024379571785 0.527626644102489 0.531668031666947 0.5409155584695154 0.5668912419852513 0.678901402581456 
0.19442888355569954 0.12594118924941067 0.5170569854057943 0.5123643886465278 0.5066625326565181 0.5021434763019857 0.5005496865202876 0.5007806891492826 0.5003464957112405 0.5008187093591028 0.5032092301756942 0.51302731184342 0.5187009104712712 0.5215240171033996 0.5239235096849888 0.5276264133389111 0.5316491827440044 0.540749362517542 0.566890014073026 0.6788679900395804 
0.2704415334412537 0.3280814929243518 0.5170842604538161 0.5125203986213266 0.50666758982527 0.5020245943947753 0.5005495688642562 0.5007420757839179 0.5007785182245973 0.5008375377810304 0.5054498493788665 0.5136018816404028 0.5186681298826464 0.5220058806626307 0.523925148753344 0.5276218888451744 0.5316734956020327 0.5409125675692458 0.5668987751718962 0.6789541763265201 
0.5578445625785683 0.10884079189558422 0.5170774727902036 0.512428187132919 0.5066639912834433 0.5021701922118044 0.5005980606104912 0.5004987036421276 0.5007516717580124 0.5008185449673397 0.5052073473926024 0.5133908579702237 0.5185774870136873 0.5215090385806365 0.5239150043949519 0.5276722371021592 0.5316790104215603 0.5408115329131464 0.5668975737956643 0.678960905372654 
0.6901236811585971 0.9154371062982033 0.5172819861508168 0.5124866704750809 0.50684968667544 0.5023793579739346 0.5006838673967466 0.5006778985820773 0.5007843238510357 0.5008222806787272 0.5055806031038843 0.5130856061612 0.5186868891395883 0.52206646112983 0.523921347251435 0.5276252150909821 0.531681610011976 0.540938518940234 0.5669051539157263 0.6789613139089524 
0.3444353815682022 0.6881511182338471 0.5172292062746523 0.5124713020324986 0.5068556310879587 0.5022936989561575 0.5005770146726852 0.5006637030151869 0.5007848165046671 0.5006709923591524 0.5035516728127439 0.5135934071610847 0.5186882751621457 0.522022370966806 0.5239172223775651 0.5276557640371586 0.5316821366032928 0.5409417707423512 0.5669005780174713 0.6789782081874512 
0.07508050100513275 0.44894420064803914 0.5172729103509078 0.5124705924553798 0.5067340940857797 0.5022930688261308 0.5005819947675091 0.500495745695732 0.5007742918586143 0.5009183523225362 0.5036185691261752 0.5130385287545609 0.5186609408447843 0.5214941975098263 0.5239012037495702 0.5276344699535269 0.5316743641948963 0.5409040947336187 0.566887695089701 0.6788048035736381 
0.49821736775851355 0.018480582965687997 0.5172333987327291 0.5123634367561951 0.5066898954915067 0.5021250323909349 0.5005604424817715 0.5007469835015176 0.500733216134551 0.5007771271765903 0.503594738079052 0.5130397468929603 0.518688348487373 0.5214748085366527 0.5239224377166667 0.5276212569954396 0.5313914018762186 0.5407482287257285 0.5668891889765519 0.6788510272841415 
0.7073227445107889 0.3005197159299977 0.5172727528208864 0.5124705675094742 0.506733372424784 0.5023289800329687 0.50059027365895 0.5008013110721224 0.5007746898021246 0.500776270103565 0.5055104479067888 0.5133482091131372 0.5186846253180377 0.5220525236422929 0.5239239184083407 0.5276746424658323 0.5316750393676983 0.5409028640752687 0.5669050335579995 0.6789950126029245 
0.1778522366070887 0.9930562255077586 0.5172313058436881 0.5124475796377966 0.5068593334768378 0.5023509942951736 0.5006009107243303 0.50048866182502 0.5007830709550263 0.5007718846393283 0.5054322402345673 0.5133061397239022 0.518712192936125 0.5220691842959179 0.523922088243305 0.5276376809483068 0.5316832797099772 0.5409159449938279 0.5668984934181442 0.6789628758517936 
0.3153037198278632 0.8554247165069324 0.5172646380596774 0.5123645136552406 0.5066686187710521 0.5023023293727317 0.5005887847885082 0.5006800434026997 0.5007810307083965 0.500784961027471 0.5054702070123316 0.5130494717196985 0.5184332557930523 0.5214967487194707 0.5239239190621909 0.5276217522654056 0.5316818205036608 0.5408231356459375 0.5668916734941718 0.6789071726811312 
0.46715356788008255 0.38867594903855207 0.517073915358256 0.5124228869933674 0.5066639648722255 0.5021517978638947 0.5005684252616482 0.5007871536599682 0.5007802460441455 0.5009313868326974 0.5056822182508607 0.5130822085329128 0.5184106850587331 0.5220485956998405 0.52391965156358 0.5276347701142307 0.531649882419301 0.5407487358795187 0.5668988460222217 0.6788059502779373 
0.8488852452126361 0.1226966310317798 0.5172647090490892 0.5123656244748982 0.506875597127043 0.5022691996251528 0.5006781565808278 0.5008286844568778 0.5007800116859149 0.5007727453109729 0.5051789713000404 0.5130501333914106 0.5187226951536009 0.5220129726268699 0.5239166511623148 0.5276879615463451 0.5316731291521559 0.5409086661791112 0.566904146478618 0.6790221915122024 
0.4197991253817809 0.3435178382595652 0.517225706041504 0.5124746492274924 0.5066690541210769 0.5022743700063005 0.5005754347378425 0.500801247524565 0.5007731622691836 0.5008251200141891 0.5049978552722734 0.5127162529226968 0.5185287777664702 0.5219852587921523 0.5239209682410076 0.5276464190695241 0.5316479836002056 0.5408157916073406 0.5668754001642822 0.6789143180366652 
0.09977956292764828 0.11217521207859749 0.5172330110680852 0.5124745394651758 0.5068367749777445 0.5022669908373545 0.5005835219967395 0.5004831382315368 0.5007830709550263 0.5008223756096898 0.5054322402345673 0.5133021936268337 0.518672493384553 0.5220144999075207 0.5239166182963961 0.5276182024553775 0.5316731594172592 0.5409153322857211 0.5668986799525638 0.6790101335264311 
0.6143662175156374 0.7400086357898732 0.5172830800803239 0.512469627407379 0.5066820888160339 0.5021509929248082 0.5005505511911426 0.5008104463782614 0.5007842871794076 0.5008250680782951 0.5048059606039396 0.513347262878996 0.5186754330610226 0.5215143804778976 0.5239210696158212 0.5276726017911301 0.5316742078302875 0.5409198602847971 0.5668915545801236 0.6788676717386175 
0.46715356788008255 0.7205525600080953 0.5172899770458158 0.5124705924553798 0.5066642592655376 0.5021517978638947 0.5005684252616482 0.5004959062506185 0.5007801980894528 0.5008254477817592 0.5047571729436235 0.5130822085329128 0.5186684784467054 0.5220485956998405 0.5239210734895495 0.5276344699535269 0.5316743641948963 0.5409106948857801 0.5668875904646636 0.6788051769355458 
0.6471746870321406 0.40757777113012605 0.5172652076936618 0.5124968160621997 0.5068775667765492 0.5023237693774231 0.5007722605381432 0.5007986414500588 0.5014090056454713 0.5007727453109729 0.504340402020064 0.5135781030665469 0.5187218783483517 0.5220502234255365 0.5239232113697985 0.5276344878992578 0.5316746308335359 0.5407698079894785 0.5668915696688337 0.678955067282222 
0.3762038905321491 0.899050424536168 0.5170765122059119 0.5123573802109737 0.5066702802106426 0.5023786361062368 0.5005887741395365 0.5008293787041856 0.5007771492586967 0.5008341222733651 0.5054312271018901 0.5131478103494349 0.5186680454969591 0.522005014599728 0.5239251158088937 0.527622053637279 0.5316735801679873 0.540912488919173 0.566898884612068 0.6789568844855944 
0.740759361132868 0.8989714234178442 0.5170773859166238 0.5124725002156763 0.5065289541234596 0.5023178850872122 0.5005968083271771 0.5007913681599152 0.5007732634132852 0.5007857132435752 0.5054507044702735 0.5131028153450014 0.518687045860899 0.5220364854741527 0.5239004725739977 0.5276963227866179 0.531662756683363 0.540751087846573 0.5669062185639252 0.6788405740428676 
0.23682039516396958 0.6501809919160184 0.517076825864021 0.5123534998992741 0.5066675014836143 0.5022945654960106 0.5005898925696449 0.5008031972446543 0.500773251677697 0.5007810258652223 0.5032878518139814 0.5134043858296291 0.5186792540239493 0.5220578524630539 0.523922373081137 0.5276768504663616 0.5316482213263315 0.5408227505127131 0.5669036185717922 0.6788704690247618 
0.007736371682595999 0.5540804924933117 0.51710908479454 0.5124250761923906 0.5066285848409785 0.5023439700651792 0.5008689064362016 0.5006651953668892 0.50077470367285 0.5007869507871882 0.5044985477793003 0.5133004650773495 0.5186974913461693 0.5215511867440898 0.5239065826555446 0.527655683791178 0.5316713826260893 0.5409428950766431 0.566904292250665 0.6789936083354526 
0.6091060615386229 0.7504610661224681 0.5172855723727093 0.5124705924553798 0.5067340940857797 0.5022930688261308 0.5005980329471995 0.5008168468131613 0.5007844531517884 0.5009190761012026 0.5047506795778071 0.5135498030429129 0.5186756407517978 0.5220486115875752 0.5239012037495702 0.5277074685555577 0.5316848164195498 0.5409047529049392 0.5668914632435491 0.6789476034186769 
0.761502461369398 0.07291509405039973 0.5172887911267913 0.512530179155048 0.5066757875474327 0.5021434763019857 0.5005984981311733 0.5008136982692543 0.500770552895393 0.5008376354749037 0.5048346127054358 0.513615017231348 0.5187007061229834 0.5220528365462365 0.5239235127190118 0.5276323353816615 0.5316506010264026 0.540945610663729 0.566890014073026 0.6788773676574898 
0.27498400608414897 0.8233407409699627 0.5172543493784493 0.5124228355407471 0.5066777088485096 0.5022922150302367 0.5005969666304431 0.5007869770894033 0.5007591557847786 0.5008248158175777 0.5049957268388839 0.513280245327066 0.5186880379171196 0.5215023915148954 0.5239219634513208 0.527682707889437 0.5316680344041955 0.5409162611436303 0.5668917164395486 0.6789957507102278 
0.9238703233342047 0.8187814177467709 0.5170620987043719 0.5123719453060074 0.5066777215817176 0.5023646303462537 0.5005966351126312 0.5008107975412469 0.5014477820203284 0.5008201670768084 0.5050795068819409 0.513467412599739 0.5186880384035182 0.5220769437252435 0.5239024379571785 0.527626644102489 0.531668031666947 0.5409155584695154 0.5669038331164404 0.6789979224837378 
0.3859390921003681 0.018526557914567587 0.5170826078264931 0.5123749795195768 0.5066757653684312 0.5021006534687463 0.5005831251135151 0.5002054983549883 0.5007352783615666 0.5007749090164938 0.5049358752615571 0.5130517833780733 0.518697201787385 0.5215087802144462 0.5248954332103747 0.5268313574849715 0.5316742101865002 0.5407584160490858 0.5668990099491574 0.678869275483826 
0.21414911628749356 0.785560296932971 0.5170733960891799 0.5123739088819181 0.5066635168954959 0.5021438017808478 0.5005677825214263 0.5005041837566376 0.500781181989744 0.5008221412831759 0.5047174997632725 0.5135680697177714 0.5186963525761477 0.5220530417840152 0.5239210136210145 0.5276306853791171 0.5316592352237816 0.5407543431353196 0.5668904357167601 0.6788140547041225 
0.932422568022397 0.6671981068749291 0.5172826960023528 0.5124854637357721 0.5068730959212049 0.5023310879852013 0.5006770206918124 0.5008093999678733 0.5007803972528033 0.500923465599211 0.5052585009116611 0.5135687981175878 0.5187240063803034 0.5220600419656691 0.5239239765060598 0.527687667981048 0.5316828793813481 0.5409087763419913 0.5669050215709772 0.6790184572461724 
0.3402673822952049 0.7311027973238453 0.517227993643076 0.5124866704750809 0.50684968667544 0.5023432229996827 0.5006838673967466 0.5006778985820773 0.5007805700627439 0.5008222806787272 0.5055806031038843 0.5130806701825266 0.5186868891395883 0.5215271590494669 0.523921347251435 0.5276252150909821 0.531681610011976 0.5409385764362623 0.5669051539157263 0.6789616573721743 
0.7789829500383559 0.6881511182338471 0.5172292062746523 0.512486984827517 0.5068556310879587 0.5022936989561575 0.50059708150114 0.5007870048537928 0.500787265483212 0.5008257234409462 0.5036386910828982 0.5135934071610847 0.5186882717297785 0.522022370966806 0.5239221724474968 0.5276826288640452 0.5316821366032928 0.540941752594223 0.5669007084022359 0.6789782081874512 
0.2029798994495176 0.5619619843919899 0.5172759147661026 0.512362976870308 0.5068529310133194 0.5022984002738572 0.5005690167792147 0.5005135316891283 0.5007759420650058 0.5007746212073201 0.5056171235436728 0.513047053347911 0.5186805013429402 0.5220592839762989 0.5239210025949075 0.5276241422467969 0.5316743465151942 0.5409104401674587 0.5668876152643298 0.6788055348102583 
0.09009139846729497 0.3221768162839877 0.5172259684165332 0.5123715008099902 0.5068676044274644 0.5022746695158467 0.5005470161350274 0.50079899467659 0.500773251653485 0.5008224294174124 0.5049688121441878 0.5130444467873995 0.5186930243216111 0.5215326445752202 0.523900940593924 0.526800149011438 0.5316681996958039 0.5408155519609752 0.566889696162378 0.6789813429155301 
0.7002483810110873 0.7168204454033371 0.517289455377681 0.5123645493361225 0.5067315357245823 0.5023093237515629 0.5005898200367723 0.500828287696124 0.5007804157722839 0.5008253090374586 0.5047646937252799 0.5135626508557906 0.5185249681772577 0.5220904849751243 0.5239239591185857 0.5276245633551513 0.5316753405433472 0.5407511036750362 0.5668988056339778 0.678877352017597 
0.2918877634037926 0.9005446557069917 0.5172727390680061 0.5123656323865245 0.5066763538710767 0.5023748428945722 0.5005718900074709 0.5007598196143436 0.5007796358310755 0.5007990629594855 0.5048830921176386 0.5133599996017273 0.5187087383086814 0.5220330239806873 0.5239266581777812 0.527632872191084 0.5316631209430004 0.5407480263147332 0.566890965793171 0.6789636068003714 
0.2029798994495176 0.5753928355074589 0.5172856483196918 0.5124709158129889 0.5068529310133194 0.5022984002738572 0.5005694268028857 0.5005135316891283 0.5007759420650058 0.5007746212073201 0.5056171235436728 0.5135630920540125 0.5186805013429402 0.5220950350767674 0.5239210025949075 0.5276293807631872 0.5316743465151942 0.5409104401674587 0.5668876152643298 0.6788055348102583 
0.530525277111972 0.9973505144093754 0.5172654225674962 0.5123752602545778 0.5066757653684312 0.5023182793269455 0.5005828103004634 0.5007570163745108 0.5007811894959137 0.5008329977732457 0.5052557665056374 0.5133091421416195 0.5187210627603726 0.5220405660494307 0.5249580571396759 0.5276328978153115 0.5316787384197601 0.5407584794169952 0.5668987845332903 0.6790253967130909 
0.1294792973130468 0.7251950084187729 0.5170773859166238 0.5124728287182556 0.5065289541234596 0.5023164976864251 0.5005840668447401 0.5007913681599152 0.5007732452669538 0.500789163819626 0.5054319832433827 0.5112612842487579 0.5186833771110324 0.5220364854741527 0.5239008660492278 0.5276311157270899 0.531648245392871 0.540749626202734 0.5669062185639252 0.6788405740428676 
0.039137881329078306 0.34221807076478267 0.5170825264637269 0.5124915326629725 0.5066751781251791 0.5022945871358585 0.5005754948373339 0.5006617784138772 0.5007713892879205 0.5007735863873874 0.5056171235436728 0.5133003755499816 0.5186816980235798 0.5215128908322318 0.5239211341537727 0.5276293782006383 0.5316480761809808 0.5407678541438729 0.5668904891017521 0.6789539699105351 
0.4533983880990228 0.598349562747248 0.5170756576805493 0.5124863201857341 0.5066846269648275 0.5023086608295908 0.5005474870199683 0.5006791264883919 0.5003337502165459 0.5008246357281534 0.5051594802004226 0.5130482688427456 0.5186810964611775 0.5220074050985362 0.5239008712061757 0.5276876076913771 0.5316694836046019 0.5409101634694671 0.5669041550329907 0.6789564302491281 
0.12491516299403843 0.7415421665778391 0.5170918482413885 0.5123648190839778 0.5066703321988606 0.5022699903146481 0.5006001373183716 0.5006807935537337 0.5007790565128831 0.5007817098968417 0.5044372502464809 0.5130316199586601 0.5184339875017903 0.521545268588046 0.5239006675538731 0.527654891100216 0.5316706263513584 0.5409047677455391 0.5668912596880027 0.6789526870149722 
0.15092346213398522 0.9930562255077586 0.5172330110680852 0.5124745394651758 0.5068367749777445 0.502317852564751 0.5005915828524721 0.50048866182502 0.5007830709550263 0.5008223756096898 0.5054322402345673 0.5133021936268337 0.518672493384553 0.5220563886506334 0.5239220461614726 0.5276182024553775 0.5316753917175774 0.5409153322857211 0.5668985364339537 0.6790100372432393 
0.48133085580277757 0.8444504816432835 0.5172575191069588 0.5123739088819181 0.5066631161045593 0.5021438017808478 0.5005565237615112 0.5007814059105592 0.5007812939260495 0.5008235358155596 0.5047181579489876 0.5136117224175836 0.5186877371258899 0.5220635265207866 0.5239263065427158 0.5276240413684165 0.5316680368008048 0.5407586654263926 0.5668904357167601 0.6789130286122075 
0.0017810438414498364 0.8987569588882314 0.5170773859166238 0.5124725002156763 0.5065289541234596 0.5023178850872122 0.5005616914820774 0.5005128889685938 0.5007732634132852 0.5007857132435752 0.5047624356120484 0.5131028153450014 0.5186870571908528 0.5220358446157474 0.5239004725739977 0.5276331263147136 0.5316631631101896 0.540750610928893 0.5668910885747729 0.6788426811695601 
0.11095280072734656 0.7415421665778391 0.5171019874439599 0.5123648190839778 0.5066747573885876 0.5022687638325989 0.5006001373183716 0.5006782067713837 0.5007641063101128 0.5007817098968417 0.5044372502464809 0.5130316199586601 0.5184341260525909 0.5215512188749687 0.523900101142301 0.527654891100216 0.5316713614304047 0.5409043156193472 0.5668912596880027 0.6789526870149722 
0.0701285650515786 0.45224238761682845 0.5170565186451126 0.5124250761923906 0.5066290798607214 0.5021243483385475 0.5005820409703915 0.5006775512577964 0.5007743411582489 0.5007870210224039 0.503622448319722 0.5130415351449927 0.5186818708252114 0.5215087310623445 0.5239065826555446 0.5276341352070896 0.5316594837089904 0.5408234891641109 0.5668848539359942 0.6788122030227949 
0.6593317799446204 0.07291509405039973 0.5172887911267913 0.5123643790236263 0.5066757875474327 0.5021434763019857 0.5005589033099912 0.5008136982692543 0.500770552895393 0.5008248642736384 0.5048346127054358 0.5130277328616977 0.5187009104712712 0.5215311325842431 0.5239235127190118 0.5276263747926551 0.5316506010264026 0.5407510645669975 0.566890014073026 0.6788773676574898 
0.3594057882465765 0.12594118924941067 0.5170622347158589 0.5123733838874103 0.506737554685749 0.502184023347687 0.5007774694353121 0.5008070384705542 0.5003112983358039 0.5008291352001304 0.5035900331761056 0.513574981502645 0.5187008846362232 0.5220617044141658 0.5239235096849888 0.5276258944460888 0.5316678427337789 0.540749362517542 0.5668899115070903 0.6789137038629721 
0.029806059236668098 0.19576380151381623 0.5170818629817521 0.5123723146382515 0.506737554685749 0.5022939486967383 0.5005299129859838 0.500805888999377 0.5003112983358039 0.5007838279369691 0.503586548015478 0.5135967920248609 0.5184377445455941 0.5233645513842344 0.523900337767096 0.5276260546367919 0.5316678427337789 0.540764755114449 0.5668851164534168 0.6787983535760866 
0.3779662369123955 0.899050424536168 0.5170765122059119 0.5123656148519968 0.5066764026505333 0.5023786361062368 0.5005966636142521 0.5008293787041856 0.5007796938608411 0.5008341222733651 0.5054217562098503 0.5131478103494349 0.5186875307690274 0.5220527189008208 0.5239268176229341 0.5276326146561374 0.5316745980039856 0.5409448535557175 0.5669062057062629 0.6789568844855944 
0.7709842218161786 0.9985503967516463 0.5172331075400949 0.5124745657549136 0.5071079627713911 0.5023549831924939 0.5005963954742341 0.500766915928912 0.5007834580765135 0.5008223673596327 0.5054347494499125 0.5133020034958685 0.5186967390422532 0.5220705818111826 0.5239203124899139 0.5276947168286146 0.5316751230504078 0.5407510879985206 0.5669064517855165 0.6790079608846161 
0.413602727858456 0.5540804924933117 0.5171088573733509 0.5125300749166922 0.5066768257079113 0.5023403293352419 0.5008689064362016 0.5006651953668892 0.500780185884979 0.5007869507871882 0.5044985477793003 0.5133004650773495 0.5186974913461693 0.5220644336057289 0.5239065826555446 0.527655683791178 0.5316745683994178 0.5409428950766431 0.5669060573040908 0.6789936083354526 
0.04982313460211221 0.9233358685249847 0.5170840784491768 0.5124931244455158 0.5068616025431039 0.5023377478308465 0.5005917374917337 0.5006616966474695 0.5008413931361394 0.5008381202066632 0.5036178493028034 0.5132163189874396 0.5186816980235798 0.5215128908322318 0.5239239334714026 0.5276956727533977 0.5316627531718583 0.5409228506754742 0.5668904815473753 0.6790082539760682 
0.0823200840201731 0.4194348533448833 0.5172729377777885 0.5123698476248213 0.5068789572234524 0.5021746289406172 0.5007730710697487 0.5007539293228404 0.5003275447458194 0.500783627626201 0.5036015149881392 0.5133082955759216 0.5186963945062142 0.5220501791507001 0.523920724339079 0.5276558072239799 0.531674627206964 0.5407522630231593 0.5668915638319507 0.6789010899776894 
0.26814864198960386 0.7413055314011998 0.5172326826435572 0.5124762529233814 0.5066746486806766 0.5022915137513988 0.5005449736147054 0.5007920369849223 0.5007769051650959 0.500820744931742 0.5049762233412478 0.5135813786725264 0.5186783188422481 0.521551731584713 0.5239054509517577 0.5276169728561787 0.5316677241434409 0.5409153344075971 0.5668914576184441 0.6790147203112381 
0.2589020555627425 0.43555486927059933 0.5172754997967373 0.5124232698764108 0.506670287640059 0.5021529416626046 0.5005682525231838 0.5007916221042475 0.5007803974805026 0.5007782224527492 0.5063237756662408 0.5130872325425703 0.5187111968432502 0.5215143131456256 0.5239194926367787 0.5276550302286444 0.5316744876206144 0.5408203772531701 0.5668856983384022 0.6789497192616342 
0.30197148045722 0.5995171524028113 0.5170613340461058 0.5123703909147246 0.5066627702605917 0.5021606746663723 0.5005780318040832 0.5007448212487114 0.5007713935623319 0.5007789806416426 0.5048838348121124 0.5133440842571044 0.5186609910570861 0.5215328077350009 0.5239211695056566 0.5276333667803054 0.5316469128145588 0.5408130540350081 0.566875831084944 0.6789134220986173 
0.43939369680202767 0.4496347596672364 0.5172640160934608 0.5123505205134743 0.5068719835560612 0.5022691093074745 0.5005501891696481 0.5006785273031715 0.5007799247313577 0.5007848637802657 0.5034560082018339 0.5130451805667114 0.5187212870695285 0.5220701767897341 0.5239137462685537 0.526811335331872 0.5316745230513603 0.5408127679131847 0.5669050877764971 0.6790233241567755 
0.31447546039927354 0.05958146308029133 0.5172302153602615 0.5124250761923906 0.5066791378156866 0.5023436766104159 0.5008689064362016 0.5006651953668892 0.5008395253723945 0.5006716401122828 0.5054281702680143 0.5130419670527446 0.5186882089505195 0.5219780030829355 0.523921169535062 0.527687055017956 0.5316684695430738 0.5409110608547082 0.5668890970794852 0.6789936083354526 
0.6655575271150211 0.10679742328836966 0.5172640640686582 0.5124968160621997 0.5068749173705689 0.502323565370176 0.5007722605381432 0.500799547664841 0.5014342697420189 0.5008215385198925 0.5049416425982641 0.5135505706959923 0.5187220730677861 0.5220502205804866 0.5239232484156938 0.5276343443285901 0.5316837355442234 0.5407698079894785 0.5668758430891636 0.6789566501903391 
0.10285665941729535 0.00809366305019582 0.5172715846978564 0.5124777710457377 0.5067349047968626 0.5022745649368497 0.5006811681906166 0.5004734104419309 0.5007735005992403 0.4999399381360128 0.5031716644082717 0.5130867641698663 0.5184667941389496 0.522063332539691 0.5239219426889827 0.5276439670034269 0.5316597970938014 0.5407670095107133 0.5668909549126439 0.6789533897226069 
0.298955414560659 0.5995171524028113 0.517272738728216 0.5124898918529516 0.506662836677985 0.5021604590146906 0.5005718900074709 0.5008231394317384 0.500779663741564 0.5007981715851703 0.5048830921176386 0.5133440842571044 0.5187090871818713 0.5215125946188135 0.5239216404248129 0.5276350521728029 0.5316828964757685 0.5408130540350081 0.5669036002195402 0.6789686095066382 
0.34177017546846533 0.7318141486059453 0.5172301755561266 0.5124250761923906 0.5066797349316355 0.5023438043823086 0.5008689064362016 0.5006651953668892 0.5008395253723945 0.5006716401122828 0.5054223390740624 0.5135435000958143 0.5187002547861381 0.5215120267737215 0.523921169535062 0.527655683791178 0.5316680552367492 0.5409428950766431 0.566904056116679 0.6789936083354526 
0.1294792973130468 0.9228488051433923 0.5170773859166238 0.5124725002156763 0.5065289541234596 0.5023164976864251 0.5005914979827253 0.5007913681599152 0.5007732452669538 0.5007857132435752 0.5054319832433827 0.5131028153450014 0.5186833771110324 0.5220364854741527 0.5239008660492278 0.5276974077173003 0.531662756683363 0.540751087846573 0.5669062185639252 0.6788405740428676 
0.36257110933342696 0.12594118924941067 0.5170772662472451 0.5123733838874103 0.506737554685749 0.5022907202661487 0.5007794797654591 0.5008071677817176 0.5003112983358039 0.5008291352001304 0.5035908545440156 0.5135737594668521 0.5187008846362232 0.5220617044141658 0.5239234908387951 0.5276258944460888 0.531667147379396 0.540749362517542 0.5668899115070903 0.6789137038629721 
0.039137881329078306 0.34737839056976005 0.5170825264637269 0.5125309511688703 0.5066757668808206 0.5022868278615553 0.5005754948373339 0.5008141028839784 0.5007713892879205 0.5007735863873874 0.5056171235436728 0.5136040183113844 0.5187007635493611 0.5220589755213217 0.5239235234213583 0.5276323582405904 0.5316480761809808 0.5407678541438729 0.5668904891017521 0.6789539699105351 
0.19442888355569954 0.40188588621379584 0.5170676824067156 0.5123643886465278 0.5066821135450912 0.5021434763019857 0.5005504876410025 0.5007806891492826 0.5007688028018179 0.5008187274621394 0.5032092301756942 0.51302731184342 0.5187009104712712 0.5215240171033996 0.5239235096849888 0.5276691788308822 0.5316491827440044 0.540749362517542 0.566890014073026 0.6788679900395804 
0.21414911628749356 0.785560296932971 0.5170733960891799 0.5123739088819181 0.5066635168954959 0.5021438017808478 0.5005677825214263 0.5005041837566376 0.500781181989744 0.5008221412831759 0.5047174997632725 0.5135680697177714 0.5186963525761477 0.5220530417840152 0.5239210136210145 0.5276306853791171 0.5316592352237816 0.5407543431353196 0.5668904357167601 0.6788140547041225 
0.48133085580277757 0.7875709020480798 0.5172575191069588 0.5123756612472045 0.5066627442368264 0.5021425439489167 0.5005566363588462 0.5007814059105592 0.500774550895219 0.4997707718687373 0.5047912236881228 0.5133516083979067 0.5186877371258899 0.5220467945951293 0.5239263065427158 0.527623951560248 0.5316680368008048 0.5407586654263926 0.5668904357167601 0.6789130286122075 
0.9000305258379826 0.9908066179266402 0.5172647090490892 0.5123656244748982 0.506875597127043 0.5023200613525494 0.5006862174365604 0.500834208050361 0.5007800116859149 0.5007727453109729 0.5051789713000404 0.5130501333914106 0.5187226951536009 0.5220548613699827 0.5239220790273913 0.5276879615463451 0.5316753614524741 0.5409086661791112 0.5669040029600078 0.6790220952290107 
0.4060084069534755 0.3299181634103033 0.5170821246259616 0.5125286332623497 0.5066765069169514 0.5020286473984311 0.5005967250027679 0.5007415567390271 0.500779762072069 0.5008375377810304 0.5055568159832948 0.5136018816404028 0.5186876151547147 0.5220535849637234 0.524675686650293 0.5276324498640329 0.5316745404147991 0.5409449322057902 0.5669060962660911 0.6789568247479734 
0.024009184248707287 0.8187814177467709 0.5170620987043719 0.5123698211107947 0.5066777540918133 0.5021040291629716 0.500584977441537 0.5006621886151079 0.5002882621130296 0.5007816604801357 0.5035363968773783 0.5133056412802515 0.5186880384035182 0.522071878364032 0.5239024379571785 0.527626644102489 0.5314191862846361 0.5407431424606943 0.5668917047795233 0.678901402581456 
0.3619045422430397 0.19576380151381623 0.5170818629817521 0.5124862177563264 0.5067381482211244 0.5022958127448371 0.5007774694353121 0.5006784973256112 0.5003112983358039 0.5008225254342439 0.5036334876951437 0.5130743800264966 0.5187008846362232 0.5220551603325146 0.5239214368464219 0.5276251991646094 0.5316678427337789 0.5407624288404814 0.5668897086491465 0.6789566414927064 
