-20561.0 -21873.0 
-20561.0 -21873.0 
-21288.0 -21236.0 
-20738.0 -21821.0 
-20953.0 -21653.0 
-20658.0 -21860.0 
-21044.0 -21553.0 
-20688.0 -21828.0 
-20968.0 -21603.0 
-20999.0 -21601.0 
-20613.0 -21864.0 
-20613.0 -21864.0 
-20884.0 -21717.0 
-21146.0 -21436.0 
-21129.0 -21458.0 
-20860.0 -21718.0 
-21254.0 -21259.0 
-21217.0 -21307.0 
-20828.0 -21754.0 
-21078.0 -21505.0 
-20684.0 -21838.0 
-20965.0 -21625.0 
-21044.0 -21553.0 
-21207.0 -21322.0 
-21059.0 -21511.0 
-21173.0 -21387.0 
-20922.0 -21683.0 
-20893.0 -21692.0 
-21012.0 -21574.0 
-21237.0 -21281.0 
-21254.0 -21259.0 
-20965.0 -21625.0 
-20745.0 -21793.0 
-21149.0 -21410.0 
-21194.0 -21365.0 
-21111.0 -21461.0 
-21057.0 -21526.0 
-21134.0 -21440.0 
-21173.0 -21387.0 
-20832.0 -21741.0 
-21201.0 -21345.0 
-20902.0 -21685.0 
-20803.0 -21761.0 
-20841.0 -21737.0 
-20658.0 -21860.0 
-21057.0 -21526.0 
-21010.0 -21577.0 
-20934.0 -21660.0 
-20684.0 -21838.0 
-21237.0 -21281.0 
-21220.0 -21298.0 
-21245.0 -21265.0 
-21100.0 -21474.0 
-21082.0 -21487.0 
-21194.0 -21365.0 
-21012.0 -21574.0 
-20785.0 -21774.0 
-20841.0 -21737.0 
-21088.0 -21477.0 
-20785.0 -21774.0 
-21207.0 -21322.0 
-20762.0 -21790.0 
-21220.0 -21298.0 
-20771.0 -21783.0 
-20929.0 -21669.0 
-20800.0 -21766.0 
-20747.0 -21791.0 
-21162.0 -21397.0 
-20860.0 -21718.0 
-20771.0 -21783.0 
-21195.0 -21354.0 
-21162.0 -21397.0 
-20929.0 -21669.0 
-20900.0 -21691.0 
-21153.0 -21403.0 
-21201.0 -21345.0 
-21082.0 -21487.0 
-20738.0 -21821.0 
-21245.0 -21265.0 
-21100.0 -21474.0 
-21111.0 -21461.0 
-21010.0 -21577.0 
-20999.0 -21601.0 
-20934.0 -21660.0 
-20800.0 -21766.0 
-20828.0 -21754.0 
-20688.0 -21828.0 
-21195.0 -21354.0 
-21149.0 -21410.0 
-20803.0 -21761.0 
-21078.0 -21505.0 
-21153.0 -21403.0 
-20884.0 -21717.0 
-20762.0 -21790.0 
-20893.0 -21692.0 
-21134.0 -21440.0 
-21088.0 -21477.0 
-20922.0 -21683.0 
-20745.0 -21793.0 
-21059.0 -21511.0 
