-20653.0 -21857.0 
-21306.0 -21100.0 
-20653.0 -21857.0 
-20799.0 -21805.0 
-20915.0 -21728.0 
-21188.0 -21411.0 
-21168.0 -21445.0 
-20704.0 -21852.0 
-21194.0 -21347.0 
-21263.0 -21259.0 
-21290.0 -21209.0 
-21238.0 -21294.0 
-20928.0 -21689.0 
-21216.0 -21336.0 
-20870.0 -21744.0 
-20757.0 -21822.0 
-20870.0 -21744.0 
-21125.0 -21456.0 
-21302.0 -21159.0 
-21304.0 -21150.0 
-20741.0 -21831.0 
-21037.0 -21600.0 
-20704.0 -21852.0 
-20803.0 -21771.0 
-20836.0 -21750.0 
-21110.0 -21515.0 
-21256.0 -21282.0 
-21042.0 -21575.0 
-21188.0 -21411.0 
-20978.0 -21633.0 
-20741.0 -21831.0 
-21080.0 -21545.0 
-21238.0 -21294.0 
-21080.0 -21545.0 
-20824.0 -21756.0 
-20757.0 -21822.0 
-21116.0 -21473.0 
-20945.0 -21668.0 
-21112.0 -21505.0 
-21168.0 -21445.0 
-21110.0 -21515.0 
-21216.0 -21336.0 
-20915.0 -21728.0 
-20997.0 -21621.0 
-21272.0 -21231.0 
-20945.0 -21668.0 
-21274.0 -21222.0 
-21290.0 -21209.0 
-20961.0 -21657.0 
-21017.0 -21604.0 
-20813.0 -21760.0 
-21200.0 -21342.0 
-21302.0 -21159.0 
-20930.0 -21684.0 
-21064.0 -21560.0 
-20963.0 -21649.0 
-21000.0 -21612.0 
-21256.0 -21282.0 
-20836.0 -21750.0 
-21272.0 -21231.0 
-20930.0 -21684.0 
-21050.0 -21566.0 
-20975.0 -21636.0 
-20975.0 -21636.0 
-20803.0 -21771.0 
-20813.0 -21760.0 
-20997.0 -21621.0 
-21274.0 -21222.0 
-20963.0 -21649.0 
-21065.0 -21554.0 
-21073.0 -21547.0 
-21010.0 -21605.0 
-21112.0 -21505.0 
-20961.0 -21657.0 
-21200.0 -21342.0 
-21046.0 -21567.0 
-21010.0 -21605.0 
-21125.0 -21456.0 
-21017.0 -21604.0 
-21194.0 -21347.0 
-21304.0 -21150.0 
-21073.0 -21547.0 
-21119.0 -21472.0 
-21050.0 -21566.0 
-21000.0 -21612.0 
-21121.0 -21468.0 
-21037.0 -21600.0 
-21124.0 -21460.0 
-21065.0 -21554.0 
-21121.0 -21468.0 
-21124.0 -21460.0 
-21064.0 -21560.0 
-21046.0 -21567.0 
-21116.0 -21473.0 
-20741.0 -21831.0 
-21216.0 -21336.0 
-21302.0 -21159.0 
-20961.0 -21657.0 
-21050.0 -21566.0 
-21116.0 -21473.0 
