-17209.0 -18040.0 
-17920.0 -17389.0 
-17881.0 -17455.0 
-17265.0 -18039.0 
-17789.0 -17584.0 
-17292.0 -18007.0 
-17853.0 -17459.0 
-17335.0 -18001.0 
-17838.0 -17505.0 
-17435.0 -17926.0 
-17613.0 -17783.0 
-17268.0 -18016.0 
-17818.0 -17568.0 
-17838.0 -17505.0 
-17881.0 -17455.0 
-17482.0 -17884.0 
-17408.0 -17932.0 
-17768.0 -17610.0 
-17342.0 -17970.0 
-17614.0 -17761.0 
-17822.0 -17538.0 
-17399.0 -17949.0 
-17745.0 -17641.0 
-17502.0 -17870.0 
-17640.0 -17739.0 
-17564.0 -17808.0 
-17762.0 -17635.0 
-17768.0 -17610.0 
-17763.0 -17626.0 
-17537.0 -17851.0 
-17627.0 -17757.0 
-17508.0 -17863.0 
-17826.0 -17531.0 
-17567.0 -17796.0 
-17533.0 -17856.0 
-17592.0 -17786.0 
-17733.0 -17658.0 
-17374.0 -17954.0 
-17645.0 -17725.0 
-17807.0 -17569.0 
-17469.0 -17895.0 
-17455.0 -17907.0 
-17469.0 -17895.0 
-17486.0 -17875.0 
-17364.0 -17964.0 
-17442.0 -17915.0 
-17662.0 -17706.0 
-17549.0 -17811.0 
-17539.0 -17831.0 
-17455.0 -17907.0 
-17680.0 -17691.0 
-17404.0 -17939.0 
-17580.0 -17794.0 
-17673.0 -17698.0 
-17695.0 -17690.0 
-17346.0 -17967.0 
-17733.0 -17658.0 
-17641.0 -17738.0 
-17657.0 -17718.0 
-17664.0 -17702.0 
-17826.0 -17531.0 
-17853.0 -17459.0 
-17807.0 -17569.0 
-17710.0 -17673.0 
-17745.0 -17641.0 
-17544.0 -17812.0 
-17627.0 -17757.0 
-17722.0 -17666.0 
-17442.0 -17915.0 
-17366.0 -17957.0 
-17592.0 -17786.0 
-17541.0 -17820.0 
-17706.0 -17677.0 
-17678.0 -17695.0 
-17580.0 -17794.0 
-17539.0 -17831.0 
-17508.0 -17863.0 
-17335.0 -18001.0 
-17374.0 -17954.0 
-17718.0 -17671.0 
-17706.0 -17677.0 
-17697.0 -17687.0 
-17268.0 -18016.0 
-17722.0 -17666.0 
-17697.0 -17687.0 
-17533.0 -17856.0 
-17405.0 -17934.0 
-17822.0 -17538.0 
-17650.0 -17721.0 
-17541.0 -17820.0 
-17399.0 -17949.0 
-17342.0 -17970.0 
-17486.0 -17875.0 
-17657.0 -17718.0 
-17650.0 -17721.0 
-17346.0 -17967.0 
-17718.0 -17671.0 
-17614.0 -17761.0 
-17364.0 -17964.0 
-17366.0 -17957.0 
