-17082.0 -18183.0 
-17889.0 -17298.0 
-17889.0 -17298.0 
-17082.0 -18183.0 
-17241.0 -18115.0 
-17607.0 -17808.0 
-17804.0 -17482.0 
-17439.0 -17964.0 
-17570.0 -17836.0 
-17857.0 -17328.0 
-17150.0 -18162.0 
-17277.0 -18086.0 
-17781.0 -17566.0 
-17277.0 -18086.0 
-17793.0 -17510.0 
-17548.0 -17863.0 
-17721.0 -17612.0 
-17321.0 -18055.0 
-17188.0 -18143.0 
-17188.0 -18143.0 
-17853.0 -17384.0 
-17825.0 -17444.0 
-17825.0 -17444.0 
-17155.0 -18150.0 
-17614.0 -17759.0 
-17484.0 -17931.0 
-17321.0 -18055.0 
-17552.0 -17842.0 
-17473.0 -17943.0 
-17486.0 -17886.0 
-17847.0 -17406.0 
-17666.0 -17710.0 
-17847.0 -17406.0 
-17793.0 -17510.0 
-17746.0 -17594.0 
-17515.0 -17868.0 
-17363.0 -18023.0 
-17381.0 -17988.0 
-17415.0 -17974.0 
-17710.0 -17645.0 
-17380.0 -18004.0 
-17857.0 -17328.0 
-17686.0 -17660.0 
-17473.0 -17943.0 
-17363.0 -18023.0 
-17692.0 -17648.0 
-17746.0 -17594.0 
-17674.0 -17683.0 
-17719.0 -17630.0 
-17150.0 -18162.0 
-17853.0 -17384.0 
-17489.0 -17884.0 
-17781.0 -17566.0 
-17678.0 -17667.0 
-17763.0 -17578.0 
-17399.0 -17987.0 
-17341.0 -18038.0 
-17630.0 -17741.0 
-17341.0 -18038.0 
-17649.0 -17723.0 
-17666.0 -17710.0 
-17646.0 -17727.0 
-17347.0 -18037.0 
-17380.0 -18004.0 
-17409.0 -17983.0 
-17507.0 -17878.0 
-17674.0 -17683.0 
-17347.0 -18037.0 
-17504.0 -17880.0 
-17630.0 -17741.0 
-17622.0 -17756.0 
-17758.0 -17582.0 
-17763.0 -17578.0 
-17646.0 -17727.0 
-17719.0 -17630.0 
-17758.0 -17582.0 
-17415.0 -17974.0 
-17649.0 -17723.0 
-17675.0 -17672.0 
-17484.0 -17931.0 
-17626.0 -17747.0 
-17710.0 -17645.0 
-17512.0 -17869.0 
-17399.0 -17987.0 
-17614.0 -17759.0 
-17409.0 -17983.0 
-17626.0 -17747.0 
-17692.0 -17648.0 
-17515.0 -17868.0 
-17622.0 -17756.0 
-17504.0 -17880.0 
-17512.0 -17869.0 
-17675.0 -17672.0 
-17486.0 -17886.0 
-17381.0 -17988.0 
-17082.0 -18183.0 
-17825.0 -17444.0 
-17504.0 -17880.0 
-17675.0 -17672.0 
-17675.0 -17672.0 
