-17851.0 -17381.0 
-17851.0 -17381.0 
-17198.0 -18066.0 
-17539.0 -17844.0 
-17434.0 -17932.0 
-17850.0 -17437.0 
-17338.0 -18011.0 
-17746.0 -17592.0 
-17291.0 -18014.0 
-17755.0 -17554.0 
-17725.0 -17617.0 
-17359.0 -17959.0 
-17653.0 -17684.0 
-17803.0 -17504.0 
-17496.0 -17858.0 
-17633.0 -17715.0 
-17793.0 -17525.0 
-17557.0 -17804.0 
-17384.0 -17958.0 
-17439.0 -17893.0 
-17396.0 -17945.0 
-17352.0 -17985.0 
-17291.0 -18014.0 
-17647.0 -17709.0 
-17443.0 -17882.0 
-17699.0 -17622.0 
-17777.0 -17526.0 
-17256.0 -18019.0 
-17770.0 -17547.0 
-17746.0 -17592.0 
-17808.0 -17473.0 
-17605.0 -17750.0 
-17352.0 -17985.0 
-17563.0 -17771.0 
-17539.0 -17844.0 
-17557.0 -17804.0 
-17576.0 -17751.0 
-17629.0 -17740.0 
-17245.0 -18037.0 
-17470.0 -17877.0 
-17725.0 -17617.0 
-17623.0 -17747.0 
-17388.0 -17946.0 
-17206.0 -18060.0 
-17224.0 -18052.0 
-17562.0 -17790.0 
-17696.0 -17633.0 
-17827.0 -17452.0 
-17688.0 -17654.0 
-17496.0 -17858.0 
-17808.0 -17473.0 
-17685.0 -17660.0 
-17487.0 -17863.0 
-17830.0 -17451.0 
-17396.0 -17945.0 
-17827.0 -17452.0 
-17487.0 -17863.0 
-17605.0 -17750.0 
-17232.0 -18046.0 
-17245.0 -18037.0 
-17696.0 -17633.0 
-17806.0 -17487.0 
-17565.0 -17760.0 
-17434.0 -17932.0 
-17255.0 -18020.0 
-17338.0 -18011.0 
-17674.0 -17662.0 
-17232.0 -18046.0 
-17806.0 -17487.0 
-17830.0 -17451.0 
-17472.0 -17876.0 
-17755.0 -17554.0 
-17224.0 -18052.0 
-17206.0 -18060.0 
-17662.0 -17673.0 
-17442.0 -17892.0 
-17472.0 -17876.0 
-17850.0 -17437.0 
-17562.0 -17790.0 
-17662.0 -17673.0 
-17688.0 -17654.0 
-17770.0 -17547.0 
-17667.0 -17668.0 
-17647.0 -17709.0 
-17255.0 -18020.0 
-17667.0 -17668.0 
-17629.0 -17740.0 
-17572.0 -17753.0 
-17674.0 -17662.0 
-17572.0 -17753.0 
-17623.0 -17747.0 
-17565.0 -17760.0 
-17777.0 -17526.0 
-17359.0 -17959.0 
-17699.0 -17622.0 
-17470.0 -17877.0 
-17439.0 -17893.0 
-17443.0 -17882.0 
-17256.0 -18019.0 
-17576.0 -17751.0 
