-18288.0 -19438.0 
-19083.0 -18705.0 
-18288.0 -19438.0 
-19083.0 -18705.0 
-19066.0 -18780.0 
-19040.0 -18794.0 
-19021.0 -18897.0 
-18836.0 -19137.0 
-19038.0 -18839.0 
-18500.0 -19342.0 
-18706.0 -19226.0 
-18962.0 -18954.0 
-18876.0 -19073.0 
-18983.0 -18952.0 
-19027.0 -18859.0 
-18950.0 -19001.0 
-18817.0 -19141.0 
-18735.0 -19204.0 
-18672.0 -19244.0 
-18552.0 -19331.0 
-18840.0 -19109.0 
-18370.0 -19406.0 
-18374.0 -19399.0 
-18735.0 -19204.0 
-18529.0 -19340.0 
-18912.0 -19056.0 
-18950.0 -19001.0 
-18930.0 -19027.0 
-18575.0 -19314.0 
-18421.0 -19394.0 
-18678.0 -19227.0 
-18466.0 -19362.0 
-18580.0 -19300.0 
-18769.0 -19187.0 
-18615.0 -19280.0 
-18316.0 -19427.0 
-18960.0 -18976.0 
-18780.0 -19169.0 
-18321.0 -19421.0 
-18348.0 -19412.0 
-18552.0 -19331.0 
-18487.0 -19358.0 
-18872.0 -19089.0 
-19066.0 -18780.0 
-19021.0 -18897.0 
-18592.0 -19297.0 
-18348.0 -19412.0 
-18636.0 -19253.0 
-18491.0 -19355.0 
-18857.0 -19102.0 
-18706.0 -19226.0 
-18960.0 -18976.0 
-18809.0 -19154.0 
-18895.0 -19065.0 
-18998.0 -18921.0 
-18754.0 -19195.0 
-18930.0 -19027.0 
-18466.0 -19362.0 
-18398.0 -19396.0 
-18398.0 -19396.0 
-18794.0 -19165.0 
-18895.0 -19065.0 
-18444.0 -19377.0 
-18529.0 -19340.0 
-18754.0 -19195.0 
-18841.0 -19104.0 
-18673.0 -19230.0 
-18652.0 -19249.0 
-18996.0 -18922.0 
-18920.0 -19033.0 
-18998.0 -18921.0 
-18600.0 -19289.0 
-18623.0 -19262.0 
-18575.0 -19314.0 
-18990.0 -18936.0 
-18441.0 -19380.0 
-18627.0 -19255.0 
-18990.0 -18936.0 
-18421.0 -19394.0 
-18652.0 -19249.0 
-18809.0 -19154.0 
-18769.0 -19187.0 
-18794.0 -19165.0 
-18444.0 -19377.0 
-18441.0 -19380.0 
-18872.0 -19089.0 
-18913.0 -19046.0 
-18615.0 -19280.0 
-18600.0 -19289.0 
-18857.0 -19102.0 
-18316.0 -19427.0 
-19037.0 -18842.0 
-19027.0 -18859.0 
-18623.0 -19262.0 
-18780.0 -19169.0 
-18913.0 -19046.0 
-18321.0 -19421.0 
-19033.0 -18850.0 
-19033.0 -18850.0 
-18920.0 -19033.0 
