-18587.0 -19269.0 
-19206.0 -18506.0 
-18587.0 -19269.0 
-19206.0 -18506.0 
-19205.0 -18549.0 
-19204.0 -18628.0 
-18634.0 -19244.0 
-19007.0 -18925.0 
-19111.0 -18786.0 
-18728.0 -19158.0 
-18655.0 -19228.0 
-19176.0 -18643.0 
-18596.0 -19249.0 
-19111.0 -18786.0 
-18813.0 -19113.0 
-18659.0 -19205.0 
-18715.0 -19188.0 
-19167.0 -18676.0 
-18852.0 -19106.0 
-18919.0 -19024.0 
-19137.0 -18740.0 
-19137.0 -18740.0 
-19167.0 -18676.0 
-19148.0 -18712.0 
-19081.0 -18818.0 
-19081.0 -18818.0 
-19051.0 -18869.0 
-18691.0 -19191.0 
-18691.0 -19191.0 
-18855.0 -19098.0 
-18922.0 -18998.0 
-18973.0 -18962.0 
-18775.0 -19133.0 
-18862.0 -19077.0 
-18766.0 -19147.0 
-19067.0 -18842.0 
-19148.0 -18712.0 
-18871.0 -19049.0 
-18748.0 -19157.0 
-19028.0 -18893.0 
-19028.0 -18893.0 
-18862.0 -19077.0 
-18956.0 -18969.0 
-18898.0 -19031.0 
-18934.0 -18997.0 
-19067.0 -18842.0 
-18806.0 -19128.0 
-19070.0 -18826.0 
-19037.0 -18874.0 
-18991.0 -18941.0 
-19176.0 -18643.0 
-19140.0 -18724.0 
-18794.0 -19130.0 
-19051.0 -18869.0 
-18939.0 -18981.0 
-18991.0 -18941.0 
-18891.0 -19037.0 
-18748.0 -19157.0 
-18766.0 -19147.0 
-18877.0 -19046.0 
-18946.0 -18980.0 
-18956.0 -18969.0 
-18715.0 -19188.0 
-18659.0 -19205.0 
-18984.0 -18949.0 
-18794.0 -19130.0 
-18891.0 -19037.0 
-18976.0 -18955.0 
-19030.0 -18885.0 
-18877.0 -19046.0 
-19204.0 -18628.0 
-18596.0 -19249.0 
-19140.0 -18724.0 
-18813.0 -19113.0 
-18898.0 -19031.0 
-18984.0 -18949.0 
-18871.0 -19049.0 
-18775.0 -19133.0 
-19037.0 -18874.0 
-19030.0 -18885.0 
-18946.0 -18980.0 
-19070.0 -18826.0 
-18852.0 -19106.0 
-18919.0 -19024.0 
-18806.0 -19128.0 
-18976.0 -18955.0 
-18934.0 -18997.0 
-18939.0 -18981.0 
-18922.0 -18998.0 
-19137.0 -18740.0 
-19148.0 -18712.0 
-19067.0 -18842.0 
-18991.0 -18941.0 
-18877.0 -19046.0 
-18596.0 -19249.0 
-19140.0 -18724.0 
-18898.0 -19031.0 
-19037.0 -18874.0 
-18991.0 -18941.0 
-18991.0 -18941.0 
