-19096.0 -18606.0 
-18378.0 -19441.0 
-18378.0 -19441.0 
-19019.0 -18935.0 
-19037.0 -18853.0 
-19073.0 -18715.0 
-18610.0 -19336.0 
-18526.0 -19356.0 
-18413.0 -19399.0 
-19055.0 -18786.0 
-19073.0 -18715.0 
-18511.0 -19369.0 
-19046.0 -18843.0 
-18733.0 -19229.0 
-18942.0 -18991.0 
-18847.0 -19127.0 
-18936.0 -19025.0 
-18860.0 -19098.0 
-18776.0 -19202.0 
-19068.0 -18758.0 
-18463.0 -19395.0 
-18963.0 -18970.0 
-18975.0 -18955.0 
-18644.0 -19307.0 
-18900.0 -19069.0 
-18413.0 -19399.0 
-18511.0 -19369.0 
-18463.0 -19395.0 
-18795.0 -19163.0 
-19006.0 -18942.0 
-18795.0 -19163.0 
-18621.0 -19321.0 
-18448.0 -19396.0 
-18817.0 -19128.0 
-18913.0 -19036.0 
-19055.0 -18786.0 
-18526.0 -19356.0 
-18860.0 -19098.0 
-18886.0 -19076.0 
-19068.0 -18758.0 
-18709.0 -19234.0 
-18610.0 -19336.0 
-18798.0 -19142.0 
-18652.0 -19267.0 
-18906.0 -19048.0 
-18950.0 -18977.0 
-18776.0 -19202.0 
-18669.0 -19255.0 
-18694.0 -19239.0 
-19006.0 -18942.0 
-18975.0 -18955.0 
-18621.0 -19321.0 
-18646.0 -19288.0 
-18886.0 -19076.0 
-18687.0 -19252.0 
-18748.0 -19212.0 
-18709.0 -19234.0 
-18759.0 -19209.0 
-18648.0 -19286.0 
-18663.0 -19263.0 
-19046.0 -18843.0 
-18448.0 -19396.0 
-18808.0 -19141.0 
-18913.0 -19036.0 
-18906.0 -19048.0 
-18748.0 -19212.0 
-18936.0 -19025.0 
-18888.0 -19072.0 
-18809.0 -19133.0 
-18692.0 -19250.0 
-18644.0 -19307.0 
-18950.0 -18977.0 
-18847.0 -19127.0 
-18753.0 -19211.0 
-18759.0 -19209.0 
-18663.0 -19263.0 
-18817.0 -19128.0 
-18669.0 -19255.0 
-18687.0 -19252.0 
-18652.0 -19267.0 
-18694.0 -19239.0 
-18648.0 -19286.0 
-18809.0 -19133.0 
-18888.0 -19072.0 
-18798.0 -19142.0 
-18692.0 -19250.0 
-18808.0 -19141.0 
-19055.0 -18786.0 
-18748.0 -19212.0 
-18847.0 -19127.0 
-18759.0 -19209.0 
-18663.0 -19263.0 
-18817.0 -19128.0 
-18669.0 -19255.0 
-18652.0 -19267.0 
-18809.0 -19133.0 
-18798.0 -19142.0 
-18652.0 -19267.0 
-18669.0 -19255.0 
-18809.0 -19133.0 
