-18218.0 -19532.0 
-18218.0 -19532.0 
-19040.0 -18830.0 
-19040.0 -18830.0 
-18336.0 -19521.0 
-19024.0 -18850.0 
-18226.0 -19531.0 
-18954.0 -18989.0 
-18993.0 -18932.0 
-18801.0 -19209.0 
-18991.0 -18972.0 
-18937.0 -19040.0 
-18747.0 -19223.0 
-19004.0 -18902.0 
-18811.0 -19166.0 
-18381.0 -19505.0 
-18572.0 -19390.0 
-18631.0 -19317.0 
-19004.0 -18902.0 
-18842.0 -19121.0 
-18466.0 -19452.0 
-18692.0 -19279.0 
-18893.0 -19092.0 
-18689.0 -19306.0 
-18336.0 -19521.0 
-18592.0 -19366.0 
-18371.0 -19511.0 
-18428.0 -19476.0 
-18471.0 -19431.0 
-18541.0 -19404.0 
-18735.0 -19253.0 
-18628.0 -19338.0 
-18767.0 -19218.0 
-18915.0 -19050.0 
-18709.0 -19278.0 
-18837.0 -19143.0 
-18954.0 -18989.0 
-18572.0 -19390.0 
-18598.0 -19347.0 
-18592.0 -19366.0 
-18436.0 -19463.0 
-18395.0 -19479.0 
-18398.0 -19477.0 
-18767.0 -19218.0 
-18825.0 -19157.0 
-18871.0 -19120.0 
-18659.0 -19315.0 
-18937.0 -19040.0 
-18541.0 -19404.0 
-18488.0 -19421.0 
-18881.0 -19119.0 
-18721.0 -19271.0 
-18909.0 -19065.0 
-18885.0 -19105.0 
-18902.0 -19078.0 
-18902.0 -19078.0 
-18612.0 -19341.0 
-18825.0 -19157.0 
-18991.0 -18972.0 
-18673.0 -19309.0 
-18371.0 -19511.0 
-18523.0 -19417.0 
-18837.0 -19143.0 
-18909.0 -19065.0 
-18801.0 -19209.0 
-18811.0 -19166.0 
-18735.0 -19253.0 
-18226.0 -19531.0 
-18488.0 -19421.0 
-18885.0 -19105.0 
-18729.0 -19260.0 
-18506.0 -19418.0 
-18466.0 -19452.0 
-18436.0 -19463.0 
-18915.0 -19050.0 
-18612.0 -19341.0 
-18504.0 -19419.0 
-18431.0 -19466.0 
-18471.0 -19431.0 
-18529.0 -19413.0 
-18529.0 -19413.0 
-18395.0 -19479.0 
-18721.0 -19271.0 
-18729.0 -19260.0 
-18598.0 -19347.0 
-18673.0 -19309.0 
-18871.0 -19120.0 
-18664.0 -19314.0 
-18664.0 -19314.0 
-18659.0 -19315.0 
-18523.0 -19417.0 
-18689.0 -19306.0 
-18628.0 -19338.0 
-18431.0 -19466.0 
-18842.0 -19121.0 
-18881.0 -19119.0 
-18504.0 -19419.0 
-18428.0 -19476.0 
-18398.0 -19477.0 
-18506.0 -19418.0 
