-18730.0 -19213.0 
-18730.0 -19213.0 
-19430.0 -18352.0 
-18857.0 -19191.0 
-19196.0 -18832.0 
-19115.0 -18968.0 
-19370.0 -18522.0 
-19227.0 -18791.0 
-18809.0 -19201.0 
-18973.0 -19105.0 
-19187.0 -18863.0 
-18943.0 -19146.0 
-19290.0 -18614.0 
-19360.0 -18564.0 
-19153.0 -18875.0 
-19378.0 -18455.0 
-19080.0 -19019.0 
-19142.0 -18942.0 
-19285.0 -18688.0 
-18998.0 -19053.0 
-19038.0 -19042.0 
-19229.0 -18762.0 
-18809.0 -19201.0 
-19253.0 -18751.0 
-18902.0 -19147.0 
-19391.0 -18442.0 
-19086.0 -18988.0 
-19318.0 -18605.0 
-19038.0 -19042.0 
-19409.0 -18396.0 
-19270.0 -18710.0 
-19144.0 -18896.0 
-19331.0 -18598.0 
-19396.0 -18409.0 
-19270.0 -18710.0 
-19331.0 -18598.0 
-19286.0 -18653.0 
-19286.0 -18653.0 
-18882.0 -19169.0 
-18979.0 -19085.0 
-19409.0 -18396.0 
-18943.0 -19146.0 
-19363.0 -18551.0 
-19253.0 -18751.0 
-19080.0 -19019.0 
-18979.0 -19085.0 
-18995.0 -19062.0 
-19142.0 -18942.0 
-19086.0 -18988.0 
-18995.0 -19062.0 
-18889.0 -19150.0 
-19144.0 -18896.0 
-18882.0 -19169.0 
-19378.0 -18455.0 
-19363.0 -18551.0 
-18883.0 -19160.0 
-19396.0 -18409.0 
-18884.0 -19151.0 
-18884.0 -19151.0 
-19270.0 -18710.0 
-19286.0 -18653.0 
-19409.0 -18396.0 
-18943.0 -19146.0 
-19253.0 -18751.0 
-19080.0 -19019.0 
-18979.0 -19085.0 
-19142.0 -18942.0 
-19086.0 -18988.0 
-18995.0 -19062.0 
-19144.0 -18896.0 
-18882.0 -19169.0 
-18884.0 -19151.0 
-19080.0 -19019.0 
-19409.0 -18396.0 
-19080.0 -19019.0 
-19286.0 -18653.0 
-19286.0 -18653.0 
-19409.0 -18396.0 
-18882.0 -19169.0 
-18943.0 -19146.0 
-18943.0 -19146.0 
-18943.0 -19146.0 
-18943.0 -19146.0 
-19409.0 -18396.0 
-18995.0 -19062.0 
-18943.0 -19146.0 
-19080.0 -19019.0 
-19142.0 -18942.0 
-19286.0 -18653.0 
-18943.0 -19146.0 
-19286.0 -18653.0 
-19286.0 -18653.0 
-18882.0 -19169.0 
-19253.0 -18751.0 
-19409.0 -18396.0 
-19286.0 -18653.0 
-19142.0 -18942.0 
-19080.0 -19019.0 
-18884.0 -19151.0 
-19144.0 -18896.0 
