-18450.0 -19486.0 
-19342.0 -18431.0 
-19342.0 -18431.0 
-18450.0 -19486.0 
-19238.0 -18833.0 
-19248.0 -18756.0 
-19190.0 -18838.0 
-18792.0 -19308.0 
-18812.0 -19267.0 
-18639.0 -19369.0 
-18750.0 -19321.0 
-19327.0 -18501.0 
-18455.0 -19447.0 
-18690.0 -19364.0 
-18596.0 -19421.0 
-19335.0 -18491.0 
-18545.0 -19427.0 
-19140.0 -18944.0 
-19114.0 -18953.0 
-18536.0 -19434.0 
-18717.0 -19333.0 
-19323.0 -18554.0 
-19299.0 -18651.0 
-18486.0 -19444.0 
-18626.0 -19390.0 
-19188.0 -18877.0 
-19276.0 -18680.0 
-19043.0 -19027.0 
-19000.0 -19086.0 
-19036.0 -19065.0 
-18744.0 -19330.0 
-18817.0 -19249.0 
-19148.0 -18926.0 
-19313.0 -18579.0 
-18960.0 -19150.0 
-19271.0 -18741.0 
-18997.0 -19101.0 
-18486.0 -19444.0 
-19170.0 -18909.0 
-18837.0 -19246.0 
-18900.0 -19181.0 
-19307.0 -18615.0 
-18454.0 -19479.0 
-18853.0 -19215.0 
-19307.0 -18615.0 
-18931.0 -19158.0 
-19269.0 -18754.0 
-18899.0 -19196.0 
-18707.0 -19352.0 
-19299.0 -18651.0 
-18978.0 -19117.0 
-18792.0 -19308.0 
-19274.0 -18713.0 
-18635.0 -19384.0 
-18606.0 -19410.0 
-19062.0 -19018.0 
-19188.0 -18877.0 
-18972.0 -19137.0 
-19101.0 -18965.0 
-19313.0 -18579.0 
-18842.0 -19233.0 
-18606.0 -19410.0 
-19276.0 -18680.0 
-18843.0 -19221.0 
-18874.0 -19213.0 
-19274.0 -18713.0 
-18921.0 -19166.0 
-19101.0 -18965.0 
-19323.0 -18554.0 
-19040.0 -19052.0 
-19170.0 -18909.0 
-19086.0 -18983.0 
-19081.0 -19001.0 
-18887.0 -19207.0 
-19036.0 -19065.0 
-18690.0 -19364.0 
-19000.0 -19086.0 
-19084.0 -18993.0 
-18707.0 -19352.0 
-18913.0 -19167.0 
-19158.0 -18917.0 
-19072.0 -19006.0 
-18985.0 -19115.0 
-18960.0 -19150.0 
-19062.0 -19018.0 
-18536.0 -19434.0 
-19086.0 -18983.0 
-18887.0 -19207.0 
-18972.0 -19137.0 
-18931.0 -19158.0 
-19158.0 -18917.0 
-19335.0 -18491.0 
-18596.0 -19421.0 
-18874.0 -19213.0 
-19238.0 -18833.0 
-19072.0 -19006.0 
-18545.0 -19427.0 
-19040.0 -19052.0 
-18913.0 -19167.0 
-18985.0 -19115.0 
