-19418.0 -18488.0 
-19418.0 -18488.0 
-18816.0 -19248.0 
-18816.0 -19248.0 
-19368.0 -18586.0 
-19380.0 -18529.0 
-19207.0 -18896.0 
-19169.0 -18933.0 
-19174.0 -18901.0 
-19290.0 -18740.0 
-19215.0 -18838.0 
-19256.0 -18742.0 
-18831.0 -19210.0 
-19024.0 -19106.0 
-19291.0 -18698.0 
-18861.0 -19203.0 
-19253.0 -18772.0 
-18905.0 -19199.0 
-19380.0 -18529.0 
-19235.0 -18824.0 
-19321.0 -18671.0 
-18941.0 -19178.0 
-19102.0 -18987.0 
-19142.0 -18947.0 
-18907.0 -19195.0 
-19347.0 -18620.0 
-19326.0 -18641.0 
-18993.0 -19114.0 
-19308.0 -18691.0 
-19035.0 -19077.0 
-18858.0 -19208.0 
-19046.0 -19043.0 
-19043.0 -19070.0 
-19347.0 -18620.0 
-19090.0 -19011.0 
-19087.0 -19031.0 
-19309.0 -18673.0 
-19122.0 -18983.0 
-19245.0 -18794.0 
-19130.0 -18960.0 
-19076.0 -19035.0 
-19142.0 -18947.0 
-18945.0 -19168.0 
-19090.0 -19011.0 
-19056.0 -19039.0 
-18953.0 -19145.0 
-19235.0 -18824.0 
-18975.0 -19119.0 
-19338.0 -18629.0 
-19215.0 -18838.0 
-19338.0 -18629.0 
-18941.0 -19178.0 
-19024.0 -19106.0 
-19126.0 -18976.0 
-18831.0 -19210.0 
-19035.0 -19077.0 
-18988.0 -19118.0 
-18945.0 -19168.0 
-18907.0 -19195.0 
-19102.0 -18987.0 
-19326.0 -18641.0 
-19246.0 -18789.0 
-19130.0 -18960.0 
-19076.0 -19035.0 
-19245.0 -18794.0 
-18965.0 -19133.0 
-18970.0 -19129.0 
-18965.0 -19133.0 
-19207.0 -18896.0 
-18956.0 -19144.0 
-18993.0 -19114.0 
-19246.0 -18789.0 
-18956.0 -19144.0 
-19054.0 -19041.0 
-19126.0 -18976.0 
-18953.0 -19145.0 
-19043.0 -19070.0 
-18970.0 -19129.0 
-19122.0 -18983.0 
-19308.0 -18691.0 
-19291.0 -18698.0 
-19087.0 -19031.0 
-18861.0 -19203.0 
-18988.0 -19118.0 
-18975.0 -19119.0 
-18905.0 -19199.0 
-19056.0 -19039.0 
-18858.0 -19208.0 
-19046.0 -19043.0 
-19256.0 -18742.0 
-19054.0 -19041.0 
-19290.0 -18740.0 
-19309.0 -18673.0 
-18816.0 -19248.0 
-19090.0 -19011.0 
-19215.0 -18838.0 
-18831.0 -19210.0 
-19035.0 -19077.0 
-18953.0 -19145.0 
-18858.0 -19208.0 
