-18639.0 -19362.0 
-18639.0 -19362.0 
-19422.0 -18214.0 
-19422.0 -18214.0 
-19071.0 -19037.0 
-18715.0 -19297.0 
-18947.0 -19119.0 
-18820.0 -19255.0 
-19388.0 -18343.0 
-19107.0 -19000.0 
-19007.0 -19039.0 
-18990.0 -19090.0 
-19341.0 -18565.0 
-19339.0 -18589.0 
-18861.0 -19217.0 
-18871.0 -19181.0 
-18821.0 -19224.0 
-19254.0 -18777.0 
-19107.0 -19000.0 
-19347.0 -18501.0 
-18766.0 -19267.0 
-19175.0 -18936.0 
-18715.0 -19297.0 
-19321.0 -18635.0 
-18910.0 -19178.0 
-19383.0 -18374.0 
-19213.0 -18855.0 
-19183.0 -18907.0 
-19184.0 -18885.0 
-19380.0 -18433.0 
-19141.0 -18949.0 
-19275.0 -18717.0 
-19363.0 -18458.0 
-19142.0 -18940.0 
-19271.0 -18749.0 
-19071.0 -19037.0 
-19231.0 -18780.0 
-19360.0 -18492.0 
-19141.0 -18949.0 
-19414.0 -18294.0 
-19418.0 -18249.0 
-19379.0 -18440.0 
-19203.0 -18874.0 
-19303.0 -18652.0 
-19409.0 -18306.0 
-18938.0 -19128.0 
-19321.0 -18635.0 
-18923.0 -19168.0 
-19409.0 -18306.0 
-18724.0 -19272.0 
-18766.0 -19267.0 
-19418.0 -18249.0 
-19293.0 -18684.0 
-19293.0 -18684.0 
-18992.0 -19053.0 
-19275.0 -18717.0 
-19215.0 -18826.0 
-19383.0 -18374.0 
-18746.0 -19269.0 
-19271.0 -18749.0 
-18746.0 -19269.0 
-18990.0 -19090.0 
-19220.0 -18817.0 
-19203.0 -18874.0 
-18927.0 -19144.0 
-19298.0 -18670.0 
-18994.0 -19047.0 
-19303.0 -18652.0 
-19223.0 -18785.0 
-18928.0 -19135.0 
-19221.0 -18797.0 
-19363.0 -18458.0 
-18910.0 -19178.0 
-18861.0 -19217.0 
-19298.0 -18670.0 
-19007.0 -19039.0 
-18722.0 -19282.0 
-18722.0 -19282.0 
-19414.0 -18294.0 
-19347.0 -18501.0 
-18871.0 -19181.0 
-18923.0 -19168.0 
-19175.0 -18936.0 
-18927.0 -19144.0 
-18820.0 -19255.0 
-19221.0 -18797.0 
-19360.0 -18492.0 
-19215.0 -18826.0 
-19380.0 -18433.0 
-18994.0 -19047.0 
-19220.0 -18817.0 
-18992.0 -19053.0 
-18821.0 -19224.0 
-18928.0 -19135.0 
-19223.0 -18785.0 
-18724.0 -19272.0 
-19142.0 -18940.0 
-18927.0 -19144.0 
-19360.0 -18492.0 
-18724.0 -19272.0 
