-19067.0 -18729.0 
-18308.0 -19505.0 
-18308.0 -19505.0 
-19067.0 -18729.0 
-18550.0 -19402.0 
-19017.0 -18828.0 
-19036.0 -18819.0 
-18468.0 -19403.0 
-18394.0 -19449.0 
-18461.0 -19441.0 
-19009.0 -18898.0 
-18792.0 -19224.0 
-18384.0 -19477.0 
-18326.0 -19482.0 
-18599.0 -19353.0 
-19049.0 -18761.0 
-18936.0 -19085.0 
-18898.0 -19100.0 
-18891.0 -19132.0 
-18639.0 -19352.0 
-18578.0 -19367.0 
-18950.0 -19011.0 
-18849.0 -19175.0 
-18642.0 -19333.0 
-18969.0 -18967.0 
-19049.0 -18761.0 
-18942.0 -19049.0 
-18942.0 -19049.0 
-18578.0 -19367.0 
-18678.0 -19313.0 
-18708.0 -19287.0 
-18764.0 -19246.0 
-18994.0 -18945.0 
-18669.0 -19324.0 
-18966.0 -18987.0 
-18708.0 -19287.0 
-18678.0 -19313.0 
-18810.0 -19204.0 
-18823.0 -19181.0 
-18810.0 -19204.0 
-18994.0 -18945.0 
-19004.0 -18931.0 
-18950.0 -19011.0 
-18755.0 -19257.0 
-18764.0 -19246.0 
-18550.0 -19402.0 
-18735.0 -19259.0 
-18875.0 -19143.0 
-18966.0 -18987.0 
-18969.0 -18967.0 
-18466.0 -19418.0 
-18326.0 -19482.0 
-18733.0 -19267.0 
-19008.0 -18909.0 
-18718.0 -19269.0 
-18898.0 -19100.0 
-18936.0 -19085.0 
-18466.0 -19418.0 
-18822.0 -19188.0 
-18875.0 -19143.0 
-18394.0 -19449.0 
-18669.0 -19324.0 
-19004.0 -18931.0 
-18822.0 -19188.0 
-18859.0 -19165.0 
-18717.0 -19276.0 
-18859.0 -19165.0 
-18384.0 -19477.0 
-19008.0 -18909.0 
-18867.0 -19154.0 
-18461.0 -19441.0 
-18867.0 -19154.0 
-18642.0 -19333.0 
-18717.0 -19276.0 
-18755.0 -19257.0 
-18865.0 -19159.0 
-18865.0 -19159.0 
-18823.0 -19181.0 
-18639.0 -19352.0 
-18733.0 -19267.0 
-18735.0 -19259.0 
-18468.0 -19403.0 
-18718.0 -19269.0 
-18708.0 -19287.0 
-18764.0 -19246.0 
-18550.0 -19402.0 
-18969.0 -18967.0 
-18936.0 -19085.0 
-18669.0 -19324.0 
-18859.0 -19165.0 
-18867.0 -19154.0 
-18639.0 -19352.0 
-18735.0 -19259.0 
-18468.0 -19403.0 
-18468.0 -19403.0 
-18669.0 -19324.0 
-18669.0 -19324.0 
-18936.0 -19085.0 
-18708.0 -19287.0 
-18550.0 -19402.0 
