0.9729622244924858 4.868214723970779 9.811234670329235 
0.7807400810401659 1.4485823261280817 10.876205550473182 
10.745313338891483 6.70802900739969 0.035374627523974495 
4.140975234770523 4.774117727871294 2.710738163170213 
1.5861861439148428 5.062048707260946 4.490932910550133 
0.4340178718023281 0.3537429335146649 7.174245965382016 
7.005978282193752 8.11659781342166 1.9214382951406648 
1.734508325037976 1.5447841406292484 8.910328981672352 
2.4081711034221827 0.9254660673769924 8.420667509240223 
1.4670104035941613 0.7748317475648824 8.085448361256374 
2.044056329246352 8.857653229238036 1.176537906004552 
5.724568965068477 5.746829301075295 1.406448005064793 
0.5529682786671446 0.16508205944649815 8.273073849869903 
2.198160085379583 3.3304320585166254 7.088685942911197 
0.46952103838234266 0.8371287638538524 9.068773366783017 
0.8824215329593034 1.8316776666793477 10.256511302710079 
8.03100683896356 6.307520258663071 6.079697220246343 
6.73097117374728 2.4268023571592523 5.047304130383713 
4.656258449481511 5.479840289723167 8.69748381682878 
4.358906368733516 1.6781649395873177 6.94668732740695 
5.959946727145694 3.5137450490197017 3.851253975881614 
1.2267660767208477 3.405225717020238 8.069229140721813 
1.5131565275556866 6.093458191716952 8.303757494999125 
0.6792031998746765 8.41702622870864 0.3175940073429882 
0.6577915567115719 0.37231055590439316 5.9447362010699285 
0.4843917978792166 1.5596936694082641 8.665631511305941 
7.328198687815966 4.515371661955896 6.133810037852858 
5.299066034666644 1.9757201078258309 5.7957974050964705 
2.7965229634922735 6.9589871738229325 6.3571721415489755 
8.470606742997667 3.533491505744214 1.4243483697825188 
0.20988857268172978 6.547022995102561 4.19053972825401 
1.807055342054168 3.9995608201472446 4.3499233062327 
4.151381869626827 8.105890365464246 0.6618580101920595 
7.578222124600771 1.8218178023365394 7.652044684651351 
4.164617308384314 4.701735148529843 4.575582614411156 
1.529716346172652 1.6502754780410935 7.52622887085722 
4.80586496368797 2.2915123967669673 6.617773977958564 
3.386472834351522 2.1800606409970995 7.570785784188622 
3.0276702535681017 4.568691909414562 6.347496625788022 
8.850882043117478 0.7721554680826608 5.421151093638816 
0.11849581413379108 1.637229820574303 6.922830519935311 
1.384831274217728 0.3720606096354889 9.90944504816728 
1.1783494446397094 5.815075694225144 9.31863373711269 
2.14338653087946 5.321970914559855 8.116662541906786 
7.613893831479434 2.7161033747937537 2.414800019166748 
6.670513311883648 2.430313474601033 2.9460599088711503 
2.2113323546383774 2.7844144338261194 5.902775582032285 
2.6313577304866937 7.342130805468337 3.7487859493836537 
1.8215280021607934 3.530310019973634 10.09403484256232 
0.30776183400119705 0.5934464349416947 8.597651084676462 
1.2093375722348818 3.1735502653108565 8.054494605739102 
0.038209452225897125 8.318140716635414 3.034605087628472 
6.751088743198143 1.261250541620152 0.4744102199870771 
1.5336821893295411 3.184649267566885 6.701322913539333 
1.0318642092160328 3.675223422276405 4.222443281406678 
1.8930962406167466 0.8170676571296144 5.850099081454772 
0.0169740951934035 0.014115497148373905 9.36382219748939 
5.115358273851753 4.8320593011904105 2.7409788924493954 
1.8684200896197287 2.033288005034982 6.916349491038699 
1.6865145202345257 2.555639266514816 10.273836594212693 
4.761503669111262 8.071549202526377 5.8726967129095815 
10.050085075932774 7.041556885039533 3.5030520616206333 
1.339801235206722 0.2615545356795234 7.460911193290064 
6.5781172927749765 3.909290062385315 2.288759200103931 
1.7807670087629688 6.8500619547946835 0.5345336006599577 
0.5021740608435543 10.986490663066595 2.420230408265242 
9.1908559344425 4.05134856546988 9.109700924628633 
3.144223811661014 6.086647184451363 2.3816532961099237 
3.962595227829617 4.244807061373372 5.996230126837103 
1.7648755686452258 0.18266465546709718 6.708123646042489 
3.8349612148671635 3.0762631369148004 4.142568492766132 
0.3088355318778114 0.05665307669511387 8.230804105558146 
1.7026242430227116 1.7166505513235402 7.763787194567032 
6.915693120376263 5.428133355651752 6.745792115529894 
2.324789441989733 3.3818417072410356 9.461228608024431 
0.7742610754429813 1.9290433609028208 7.577522705834633 
1.115011526548811 0.4014977290243097 7.3866170687641315 
3.0222197438777667 2.27292186936684 9.481307518629865 
10.425963793722385 0.3880551218597075 0.2586351870218033 
0.38823217171827334 7.156570685757006 1.4681131934863172 
4.719455697688553 4.329981419879989 3.707376339088513 
5.604215318267167 2.5357620612946814 2.541236389521425 
5.800723513617843 4.817126961123815 5.656733547346006 
0.3525639996604463 2.329826865078937 9.03426604337635 
0.34730100048370066 3.1207617420982965 7.2291089339532375 
6.339412643552727 3.40635544144167 5.747105192527058 
7.089120992656951 6.292371013695888 0.8202488057562047 
2.1108710158303507 5.517546162117338 8.849434552993412 
5.1940663788201915 8.480848524379228 3.3103658250940677 
0.6841064622779615 3.726330442859006 9.288031179366756 
3.988311854206378 2.5559682342062557 5.891654367738074 
4.101471875749346 6.671876714888728 2.4090295752715556 
7.09579946347113 3.056452350998761 0.8726217877017439 
0.3723913102764045 0.0384786800206855 8.186147843994314 
5.649691694529463 5.8712188369895815 4.285691158384396 
0.9941124062161913 2.294644813363915 9.248417649539643 
3.490798122762292 1.976239414684368 7.521244603679509 
5.884255556918478 1.0555720285460823 1.2685533569366956 
0.6953356708982557 10.854488422595075 6.046126106775806 
1.967444400921447 9.182216848542293 5.868469282261815 
