0.0 2.536775489900519E-8 0.46456899422592557 0.5376272785995704 0.44336975328680084 0.5349577360022724 0.4893376284111669 0.5197159298373776 0.5363573266561015 0.5768499608983415 0.5110886935791312 0.5722526086853446 0.5228408127636555 0.43025660786728537 0.5230781611615815 0.46684701432429676 0.4388461473055738 0.5140026122845173 0.5110808348674338 0.5717031709322685 
0.0 3.004020754576219E-8 0.4645694558415075 0.5376269369865435 0.44336975342812324 0.5349577345375383 0.48933762841113776 0.519715929818597 0.5363573108194193 0.5768510254013124 0.5110906171497658 0.5722541547540859 0.5228408127619495 0.43018415572797997 0.5230781924528435 0.46663610414973583 0.4388337117927327 0.5144558957398963 0.5110808389227842 0.5717059122912393 
0.0 0.0 0.4645685668633503 0.5376220825865545 0.44336975273666834 0.5349578951187212 0.48933762841113776 0.5197159298990618 0.5363573207176784 0.5768504355527266 0.5110571171870428 0.5722480851322618 0.5228408138587831 0.4301346728629198 0.5230781931860508 0.46668990584376585 0.43884654829305564 0.5140057466496273 0.5110808400814393 0.5717054359111305 
0.0 3.091773432996807E-8 0.4645694687293915 0.5376269369865435 0.4433697535319662 0.5349579473277966 0.48933762841113776 0.5197159299000964 0.5363573108194193 0.5768510254013124 0.5110906171497658 0.5722542082428141 0.5228408137337844 0.4301836318734716 0.5230781926524305 0.46663610414973583 0.4388337117927327 0.5144559030556377 0.5110808391207428 0.5717058462320866 
0.0 0.0 0.4645685668633503 0.5376220896956982 0.44336975361510117 0.5349577892742945 0.48933762841116685 0.519715929898059 0.5363573211651433 0.5768519122618744 0.5110563752835762 0.57225246212648 0.5228408138006309 0.4301346728629198 0.5230781943202331 0.46671673848144296 0.4388459958164842 0.5140028624506376 0.5110808367969296 0.5717058941627741 
0.0 0.033877534373754986 0.46456900304046583 0.5376265676981243 0.4433697344604935 0.5349518189814602 0.48933762841113776 0.5197159301247792 0.5363573050841464 0.5768075319725015 0.511089593410749 0.572252581312768 0.5228407404231831 0.4303573302859157 0.523078160903605 0.466981929655821 0.43901908022364955 0.5140114446273237 0.5110810952563078 0.5717526278445926 
0.0 3.816052315439154E-14 0.46456833304053136 0.5374576541282428 0.4433697359878522 0.5349577496114777 0.48933762841113165 0.5197159223852987 0.5363573281015513 0.5768492332038242 0.5110858575536024 0.5722479781124696 0.5228407383478141 0.4301816163628357 0.5230781619757894 0.46455356361404815 0.43883169626482105 0.5140124705008507 0.5110808188416299 0.5698447855950799 
0.0 3.9048701574091664E-14 0.46456833490059296 0.5374576541282428 0.4433697348041111 0.5349577482269823 0.48933762841113776 0.5197159300968284 0.5363573110812223 0.576849268087079 0.5110567193753215 0.5722477965450787 0.5228407366218207 0.4301816163628357 0.5230781611607568 0.46455354747412164 0.43884822987041444 0.514003020835363 0.5110808189163399 0.5698380174811095 
0.0 1.1311281430764865E-12 0.4645685914050493 0.5375190007206049 0.44336973588206763 0.5349577424780569 0.4893376284111366 0.5197159225244419 0.5363572983325343 0.5768055015532804 0.5110555226692087 0.5722480677986473 0.522840800593842 0.43018477982573594 0.5230781932520386 0.4645537908920859 0.43890789551604115 0.5144558626706347 0.5110808424387069 0.5705163405050698 
0.0 3.004020754576219E-8 0.4645694346134534 0.5376269369865435 0.4433697532405278 0.5349576452604627 0.48933762841113776 0.5197159293445838 0.5363573108194193 0.5768510254013124 0.5110892672065613 0.5722539912128384 0.5228408124941675 0.43016295602404936 0.5230781924528435 0.4666290136304317 0.4388337117927327 0.5140120885821967 0.5110808371300335 0.5717058696424948 
0.0 0.0 0.4645685668640997 0.5376218340429088 0.4433697340348251 0.5349579704144131 0.48933762841113815 0.5197159298972518 0.5363573075304283 0.5768511938014577 0.511057551907594 0.5722480688191963 0.5228408183706504 0.4301379518683958 0.5230781607444996 0.4646419221304651 0.4390165756965307 0.5140102168764656 0.5110810934454482 0.5705469254468712 
0.0 3.994825943720763E-14 0.4645683349700766 0.5376155759985419 0.44336973637434746 0.534957885914313 0.4893376284111368 0.5197159293957291 0.5363573156302986 0.5768515792695333 0.5110857249434624 0.5722479416916739 0.522840801679831 0.43013471228781797 0.5230781632321018 0.46455204947658296 0.4388286480172986 0.514430345278676 0.5110810868123096 0.5705480795546797 
0.0 1.1065427181991304E-12 0.46456856745711056 0.5376155759985419 0.44336973664840534 0.5349572819921348 0.489337628411138 0.5197159299293576 0.5363573281206968 0.5768515451294807 0.5110857249434624 0.5722542027888002 0.5228408024461978 0.43014803858769507 0.5230781611259748 0.46455204692345997 0.4388468926412939 0.5144288130913701 0.5110808391997965 0.5704705233731034 
0.0 3.9048701574091664E-14 0.46456833190030034 0.5374586851965119 0.4433697358886102 0.5349513268936473 0.4893376284111339 0.5197159300968284 0.536356888188098 0.5768037841355037 0.5110858737792042 0.572247797128912 0.5228407380590893 0.4301722827193064 0.5230781611613747 0.46455355002540744 0.44043252004051103 0.5140124705008507 0.5110808188416299 0.569850452973228 
0.0 0.0 0.4645685668633967 0.5375207772502151 0.4433697563447442 0.5349518860699272 0.4893376284111378 0.5197159224318779 0.536357312813533 0.5768079163585151 0.5110562926766233 0.5722477858947522 0.5228408137785461 0.4301346728629198 0.5230781877522686 0.4646320035961567 0.43883813990103865 0.514430345278676 0.5110810755682387 0.5717059158169076 
0.0 1.133181858153518E-12 0.4645685868950939 0.5376155759985419 0.4433697363635298 0.5349572819921348 0.4893376284111704 0.5197159299293576 0.5363573281206968 0.5768515451294807 0.5110857249434624 0.5722542027888002 0.522840801031095 0.43014803858769507 0.5230781612533131 0.46455204692345997 0.43884599725390816 0.5144288130913701 0.5110810872762397 0.5705440736059457 
5.5226264740408757E-8 5.476066467932364E-10 0.46456899422592557 0.5376205520121207 0.44336975328680084 0.5349519688138333 0.4893376284111669 0.5197159224166401 0.5363568782281688 0.5768067031971792 0.5110572886521042 0.5722476997463355 0.522840735548091 0.42902636857570087 0.5230781606360579 0.4667157436378813 0.4388734177635533 0.5139940757201112 0.5110808301158338 0.5698438058048321 
0.0 1.133181858153518E-12 0.4645685868950939 0.5376155759985419 0.4433697363635298 0.5349572819921348 0.4893376284111704 0.5197159299293576 0.5363573281206968 0.5768515451294807 0.5110857249434624 0.5722542027888002 0.522840801031095 0.43014803858769507 0.5230781612533131 0.46455204692345997 0.43884599725390816 0.5144288130913701 0.5110810872762397 0.5705440736059457 
0.0 1.133181858153518E-12 0.4645685868950939 0.5376155759985419 0.4433697363635298 0.5349572819921348 0.4893376284111704 0.5197159299293576 0.5363573281206968 0.5768515451294807 0.5110857249434624 0.5722542027888002 0.522840801031095 0.43014803858769507 0.5230781612533131 0.46455204692345997 0.43884599725390816 0.5144288130913701 0.5110810872762397 0.5705440736059457 
0.0 3.9048701574091664E-14 0.464568331827696 0.5374586851965119 0.4433697358886102 0.5349512102913843 0.48933762841113365 0.5197159300968284 0.536356888188098 0.5768043548636919 0.5110858737792042 0.572247797128912 0.5228407380594058 0.4301722685175985 0.5230781611613747 0.4645535474415783 0.44043252004051103 0.5140124705008507 0.5110808188416299 0.569850452973228 
0.0 1.852627797249264E-14 0.4645685562551874 0.5375198746950494 0.44336975364798503 0.5349579424055804 0.4893376284111374 0.5197159298989688 0.5363568397898993 0.5768514475449046 0.5110563853237748 0.5722480845010246 0.5228408138006309 0.43030539609233825 0.5230781893139469 0.46463517733288157 0.4388459958164842 0.5140028593585181 0.5110808367785408 0.5716786020261511 
0.0 3.970475946629064E-16 0.46456856686341896 0.5375171887109683 0.4433697360850466 0.5349517473838258 0.48933762841113776 0.5197159224403327 0.5363569526404651 0.5768075319725015 0.511056293636599 0.572247787856989 0.5228407403646674 0.4289802301097106 0.5230781878752521 0.46463219655181 0.43884609381386863 0.5139940345176928 0.5110808391522372 0.5698343391432596 
0.0 0.0 0.4645685668633503 0.5376155759985419 0.4433697563447442 0.5349583631048759 0.48933762841117057 0.5197159298972518 0.536357312813533 0.5768514452006063 0.5110562926878945 0.5722480845010246 0.5228408137782962 0.43013466750761814 0.5230781931284395 0.4646419221304651 0.4388506601840029 0.514430345278676 0.5110810750128066 0.5717059158169076 
0.0 0.08851466703205235 0.46456857068128926 0.537492416092605 0.44336973649317885 0.5349512686027801 0.48933762841117 0.5197159224399781 0.5363568544992575 0.5768526915381726 0.5110857244777117 0.5722476781334765 0.5228408134128232 0.43014305542369835 0.5230781617202405 0.46455416944143046 0.4390196177347778 0.5140003852564105 0.5110810857725793 0.5697105515846941 
0.0 1.133181858153518E-12 0.4645685668633503 0.5376155759985419 0.4433697344056225 0.534958356694338 0.48933762841117023 0.5197159226558076 0.5363561391794716 0.5768515451294807 0.5110857249434624 0.5722482104134817 0.5228408137785461 0.43014803858769507 0.5230781609188783 0.46455204692345997 0.4388462090039323 0.514430345278676 0.5110810868123096 0.5705480795546797 
0.0 3.9048701574091664E-14 0.4645683349731973 0.5374576541282428 0.4433697359878522 0.5349578648292455 0.4893376284111339 0.5197159300968284 0.5363573281015513 0.5768486973588909 0.5110858737792042 0.572247797128912 0.5228407383474976 0.4301816305645436 0.5230781611607568 0.46455355005795074 0.44043252004051103 0.5140124705008507 0.5110808188416299 0.5698380174811095 
0.0 3.970475946629064E-16 0.4645685668634177 0.5376155759985419 0.44336975638561216 0.5349583566576077 0.4893376284111699 0.5197159298972518 0.5363573088655191 0.5768514452006063 0.5110562936058175 0.5722480845010246 0.5228408137785461 0.43020572296372533 0.5230781931374122 0.46464190767241337 0.43884599725390816 0.514430345278676 0.5110810879393164 0.5717059158169076 
0.0 0.0 0.4645685668633503 0.5376155759985419 0.4433697563447442 0.5349583631048759 0.48933762841117057 0.5197159298972518 0.536357312813533 0.5768514452006063 0.5110562926878945 0.5722480845010246 0.5228408137785461 0.4301346728629198 0.5230781931374122 0.4646419221304651 0.43884599725390816 0.514430345278676 0.5110810755682387 0.5717059158169076 
0.0 1.133181858153518E-12 0.4645685668633503 0.5376155759985419 0.4433697363635298 0.534958356694338 0.4893376284111704 0.5197159299293576 0.5363573281206968 0.5768515451294807 0.5110857249434624 0.5722542027888002 0.5228408137785461 0.43014803858769507 0.5230781613598715 0.46455204692345997 0.43884599725390816 0.514430345278676 0.5110810868123096 0.5705480795546797 
0.0 3.9048701574091664E-14 0.46456833490059296 0.5374574477450517 0.4433697355677223 0.5349577457383206 0.48933762841113365 0.5197159300968284 0.5363573281000322 0.5768492561218859 0.5110858737792042 0.572247797128912 0.5228407383478141 0.4301816163628357 0.5230781620028254 0.46455354747412164 0.44043252004051103 0.5140125379776612 0.5110808188416299 0.5698380174811095 
0.0 1.0982274525778446E-14 0.4645685668633503 0.5376221939069761 0.4433697349416992 0.5349579426198169 0.48933762841113776 0.5197159298972509 0.5363573105015874 0.5768513782408154 0.5110562927585711 0.5722484901654553 0.5228408137469764 0.4301346728629198 0.5230781630431249 0.46464227939463537 0.4388459958164842 0.5144559025382898 0.5110808348962755 0.5717030243086805 
0.0 1.4065598099321962E-14 0.46456769376350304 0.5376270621840485 0.44336975364742176 0.5349575513308661 0.4893376284111374 0.5197159298984968 0.5363568505600164 0.5768513865293656 0.5110570045776873 0.5722481353038732 0.522840813800629 0.4303028084168351 0.5230781611561994 0.4646352841837709 0.438845995387148 0.51400288168623 0.5110808349392636 0.5716787661765437 
0.0 0.0 0.4645685668633503 0.5376155759985419 0.44336975638561216 0.5349583566576077 0.4893376284111699 0.5197159298972518 0.536357312813533 0.5768514452006063 0.5110562926878945 0.5722480845010246 0.5228408137785461 0.4301346728629198 0.5230781931374122 0.4646419221304651 0.43884599725390816 0.514430345278676 0.5110810864746476 0.5717059158169076 
0.0 0.0 0.4645685668633503 0.5376155759985419 0.44336975638561216 0.5349583566576077 0.4893376284111699 0.5197159298972518 0.536357312813533 0.5768514452006063 0.5110562926878945 0.5722480845010246 0.5228408137785461 0.4301346728629198 0.5230781931374122 0.4646419221304651 0.43884599725390816 0.514430345278676 0.5110810864746476 0.5717059158169076 
0.0 0.0 0.4645685668633503 0.5376155759985419 0.44336975638561216 0.5349583566576077 0.4893376284111699 0.5197159298972518 0.536357312813533 0.5768514452006063 0.5110562926878945 0.5722480845010246 0.5228408137785461 0.4301346728629198 0.5230781931374122 0.4646419221304651 0.43884599725390816 0.514430345278676 0.5110810864746476 0.5717059158169076 
0.0 1.133181858153518E-12 0.4645683349700766 0.5376155759985419 0.4433697363635298 0.534957885914313 0.4893376284111368 0.5197159293930405 0.5363573156302986 0.5768515884114497 0.5110857249434624 0.5722479479090403 0.5228408015750772 0.430134672678588 0.5230781614906069 0.46455204947658296 0.4388284930745609 0.5144305065341181 0.5110808263368841 0.57054044223346 
0.0 3.9048701574091664E-14 0.46456833490059296 0.5374576541282428 0.4433697359878522 0.5349577482269823 0.48933762841113365 0.5197159300968284 0.5363573281015513 0.576849268087079 0.5110858737792042 0.572247797128912 0.5228407383478141 0.4301816163628357 0.5230781611607568 0.46455354747412164 0.44043252004051103 0.5140124705008507 0.5110808188416299 0.5698380174811095 
0.0 3.1857978125463847E-14 0.4645685668633503 0.5376155759985419 0.4433697536445921 0.5349583566576077 0.4893376284111699 0.5197159298972518 0.536357312813533 0.5768514186070968 0.5110562926878945 0.5722484502893355 0.5228408137785461 0.4301346728629198 0.5230781931374122 0.4646419155220586 0.43884599193448914 0.5144304757931486 0.5110810864746476 0.5717059158169076 
0.0 0.0 0.4645685668633503 0.5376221939069761 0.44336975361510117 0.5349579426198169 0.48933762841113776 0.5197159298972518 0.5363573105001083 0.5768523069643106 0.5110562926878945 0.5722484985321609 0.5228408138005907 0.4301346728629198 0.5230781931860508 0.46464227803062863 0.4388459958164842 0.514479428397671 0.5110808367806843 0.5717059158169076 
0.0 1.133181858153518E-12 0.4645683349700766 0.5376155759985419 0.4433697363635298 0.534957885914313 0.4893376284111368 0.5197159293957291 0.5363573156302986 0.5768515451294807 0.5110857249434624 0.5722479416916739 0.5228408015750772 0.430134712318179 0.5230781614588315 0.46455204947658296 0.4388286480172986 0.514430345278676 0.5110810868123096 0.5705480795546797 
0.0 1.133181858153518E-12 0.4645683349700766 0.5376155759985419 0.4433697363635298 0.534957885914313 0.4893376284111368 0.5197159293957291 0.5363573156302986 0.5768515451294807 0.5110857249434624 0.5722479416916739 0.5228408015750772 0.430134712318179 0.5230781614588315 0.46455204947658296 0.4388286480172986 0.514430345278676 0.5110810868123096 0.5705480795546797 
0.0 8.429859562580546E-14 0.4645685668734968 0.5375196110405583 0.4433697360850466 0.5349518650971822 0.48933762841113776 0.5197159224403327 0.5363569219767986 0.5768075319725015 0.511056293636599 0.572247787856989 0.5228407403646674 0.42898100833853425 0.5230781879932074 0.46463219655181 0.4390170313422787 0.5139940345176928 0.5110810834774233 0.5698343391432596 
0.0 9.153334360560567E-13 0.46456856609012837 0.5374724189326153 0.44336973444945005 0.5349509792996829 0.48933762841113776 0.5197159228128664 0.5363560909299105 0.5768040666136384 0.5110576014419231 0.5722478020235705 0.5228407403646674 0.42906016869612146 0.5230781603814102 0.4645515049198081 0.4390170313422787 0.5139939895137798 0.5110810952759182 0.5698488671048098 
0.0 1.130861247419382E-12 0.4645685668633503 0.5375126459047879 0.4433697358774775 0.5349514148014514 0.4893376284111704 0.5197159228005299 0.5363572990326985 0.5768008268507036 0.5110556395850664 0.5722477798377881 0.5228408003849782 0.43015604310205385 0.5230781931374122 0.46463543017425946 0.4388460096036454 0.5144288325458563 0.5110808390382373 0.5717059158169076 
0.0 3.928343517332697E-14 0.4645685593402667 0.5375196038320095 0.44336975406236606 0.5349579374057318 0.48933762841113365 0.5197159298989688 0.5363573259193913 0.5768514475449046 0.5110563853237748 0.5722480910247698 0.5228408138006309 0.4302988448397559 0.5230781893139469 0.4646374886384907 0.4388459958164842 0.5140122998084132 0.5110808368455714 0.5716803983363199 
0.0 0.0 0.4645685668633503 0.5376221939069761 0.44336975361510117 0.5349579426198169 0.4893376284111307 0.5197159298972518 0.5363573105001083 0.5768522487571985 0.5110562926878945 0.5722484901654553 0.5228408137469107 0.4301346728629198 0.5230781931860508 0.46464227939463537 0.4388459958164842 0.5144559025382898 0.5110808367806993 0.5717059158169076 
0.0 0.006088538508087944 0.4645478898036514 0.5375138711442261 0.44336973444082456 0.5349512429684622 0.48933762841113776 0.5197159222575009 0.5363568431393697 0.5768492026011777 0.5110858739676175 0.5722480212160174 0.5228407409228608 0.4301816163628357 0.5230781611349611 0.4645535429525719 0.4389018317675082 0.5140125322283537 0.5110808189636039 0.5696927004025054 
0.0 4.6147646471788117E-10 0.4645694100948276 0.5375288347791501 0.4433697347727848 0.5349506543711157 0.4893376284111395 0.5197159293445838 0.5359534080954977 0.5768048329401978 0.5110583620030328 0.5722477811429586 0.5228407398302691 0.4289863140377377 0.5230781607086352 0.46672320804469497 0.4388309329796325 0.5140004856855709 0.5110808368831771 0.5717058696424948 
0.0 1.1280815098593576E-12 0.4645695232516958 0.5375188697609121 0.4433697343600989 0.5349572910167816 0.48933762841117023 0.5197159223444269 0.5363562140241261 0.5768504915713226 0.511086123150819 0.5722480728954513 0.5228407420281185 0.4290413865264247 0.523078160901258 0.4647334986077508 0.4389114793031629 0.5139885905774279 0.511081115149793 0.5697522728288946 
0.0 5.859529976762171E-14 0.4645685668633503 0.5376155073761755 0.44336975638561216 0.534958343213286 0.48933762841113926 0.519715922454527 0.5363573124800939 0.5768516647977212 0.5110570971102338 0.5722480845010246 0.5228408004178596 0.4301855269455929 0.5230781661188006 0.4646419221304651 0.4388148917329506 0.5144554555853103 0.5110810864746476 0.5717002559070915 
0.0 4.894944422117871E-14 0.4645677037301288 0.5374630494825801 0.4433697353220591 0.5349518650971822 0.48933762841113776 0.5197159228859025 0.5363569219767986 0.5768085688209008 0.511056293636599 0.5722478677136832 0.5228407379031541 0.42898582534382035 0.5230781610647398 0.46454664031722454 0.4388412444378764 0.5139929599733448 0.5110808328496164 0.5698549851164367 
0.0 8.429859562580546E-14 0.46456856609012837 0.5374724189326153 0.4433697344210397 0.5349518650971822 0.4893376284111374 0.5197159224403327 0.5363561896804284 0.5768075319725015 0.5110562936612911 0.572247787856989 0.5228407403646674 0.42898100833853425 0.523078160903605 0.46455421600915975 0.4390170313422787 0.5139940345176928 0.5110810952563078 0.5698343391432596 
0.0 3.9650693965154236E-16 0.4645685668734968 0.5375196110405583 0.4433697360850466 0.5349518650971822 0.48933762841113776 0.5197159230208309 0.5363569219767986 0.5768075319725015 0.511056293636599 0.572247867547161 0.5228407406753967 0.42898582534382035 0.5230781879932074 0.4645469546049059 0.4389817235513197 0.5139925861245978 0.5110810834774233 0.5698343391432596 
0.0 0.0 0.4645685668633503 0.5376221939069761 0.44336975361510117 0.5349579426198169 0.4893376284111307 0.5197159298999403 0.5363573105001083 0.5768522054752295 0.5110562926878945 0.572248483948089 0.5228408137469107 0.43013471250251073 0.5230781931542753 0.46464227939463537 0.4388461507592219 0.5144557412828477 0.5110810972561247 0.5717135531381271 
0.0 1.852627797249264E-14 0.46456855668589087 0.5376271428327661 0.44336975364798503 0.5349579426198169 0.4893376284111386 0.5197159298972518 0.5363573105001083 0.5768514475449046 0.5110562926878945 0.5722480845010246 0.5228408138006309 0.43030539609233825 0.5230781938070649 0.46464256974101625 0.4388459958164842 0.5140028593585181 0.5110808367785408 0.5717059822555955 
0.0 0.0792692668158642 0.46456833490059296 0.5376115433859279 0.4433697564394843 0.5349583520960082 0.48933762841113365 0.5197159300968284 0.5363573269892506 0.576849268087079 0.5110857174134901 0.5722481054195354 0.5228407383478141 0.4301802859514049 0.5230781611607568 0.46455354747412164 0.44043252004051103 0.5140124705008507 0.5110810858014144 0.5698380174811095 
0.0 1.1852719070552373E-12 0.46456834087536303 0.5375258877148305 0.44336975609379503 0.5349577983454874 0.48933762841113776 0.5197159224778479 0.5359715298183073 0.576849811303142 0.5110858739676175 0.5722389710266397 0.5228408139381859 0.4301816163628357 0.5230781933468547 0.46463723837641147 0.4404308653622219 0.5144222854210463 0.5110808445042088 0.5717059820892788 
0.0 4.6147646471788117E-10 0.4645694100948276 0.5376219988273486 0.4433697347727848 0.5349510222975349 0.4893376284111395 0.5197159293445838 0.5363560344985544 0.5768045204032723 0.511057354898109 0.5722477811429586 0.5228407391664374 0.4289863140377377 0.5230781605120425 0.46672320804469497 0.4388309329796325 0.5140028829224718 0.5110808370367371 0.5717058696424948 
0.0 1.1568628897142103E-12 0.46456773074076557 0.5376270621840485 0.4433697542251872 0.5349583731942369 0.4893376284111386 0.5197159298984968 0.5363573134273919 0.5768513865293656 0.5110861148589553 0.5722524144445481 0.5228408147607313 0.4303028124955705 0.5230781613658373 0.4646352841837709 0.43881255343672526 0.5144838243977403 0.5110811140407772 0.5717094554871345 
0.0 1.1280815098593576E-12 0.4645695232516958 0.5375188697609121 0.44336975287898556 0.5349579426060261 0.48933762841117023 0.5197159301032712 0.5363573499635311 0.5768504376335577 0.511086123150819 0.5722540202361139 0.5228408015184756 0.4290413865264247 0.5230781930879294 0.46733419354479055 0.4388475413088014 0.5144774754321637 0.5110810966698947 0.5717054435853738 
0.0 1.0906529045862054E-12 0.4645685668633503 0.5376155759985419 0.4433697563861116 0.5349583566576077 0.4893376284111699 0.5197159298972518 0.536357312813533 0.5768514452006063 0.5110562926878945 0.5722542329516808 0.5228408137785461 0.4301346728629198 0.5230781931374122 0.4646419221304651 0.43884599725390816 0.514430345278676 0.5110810864746476 0.5717059158169076 
0.0 1.1214096678761448E-12 0.4645684763396684 0.5374828262424338 0.4433697362446909 0.5349513695660869 0.4893376284111386 0.51971592985118 0.5363573331464617 0.5768513865293656 0.5110562926878945 0.57224807937571 0.5228407992932237 0.43024124142966874 0.5230781611553101 0.4646353081514549 0.43902005427169283 0.5139973818626639 0.5110808349392636 0.5717214626566778 
0.0 1.1007105750052305E-12 0.4645685668633503 0.5376155759985419 0.4433697563343582 0.5349583566576077 0.4893376284111706 0.5197159298972518 0.5363573129433706 0.5768514452006063 0.5110562926878945 0.57225434908407 0.5228408137785461 0.4301346728629198 0.5230781931374122 0.4646419221304651 0.43884599725390816 0.5144362914383616 0.5110810864746476 0.5717059158169076 
0.0 0.0 0.4645685668633503 0.5375152693468871 0.44336975361510117 0.5349579425358447 0.48933762841113776 0.5197159298990618 0.5363573101075687 0.5768504355527266 0.5110571171870428 0.5722480437073112 0.5228408015026483 0.4301346728629198 0.5230781931860508 0.46466529388793637 0.4388465522206869 0.514005754486147 0.5110808400814393 0.5717054359111305 
0.0 2.7959200585343687E-8 0.46456899422592557 0.5376205520121207 0.44336975328680084 0.5349577360022724 0.4893376284111669 0.5197159298373776 0.5363568788351074 0.5768499608983415 0.5110886924601561 0.5722524471018626 0.5228408127636555 0.42902636857570087 0.5230781611615815 0.4667157436378813 0.4388326394047896 0.5140026122845173 0.5110808303881857 0.5717022946361907 
0.0 3.0266930020842603E-6 0.4645685707519175 0.5376214665633359 0.44336973448070505 0.5349577302388566 0.48933762841116984 0.5197159224350935 0.5363568869965626 0.5768077992555609 0.5110555226692087 0.5722541705087647 0.522840738129133 0.42897723004075683 0.5230781609042701 0.4645583776380657 0.4389190298592302 0.5144564611283503 0.5110810895987467 0.569837308389608 
0.0 7.075544561591399E-11 0.4645685698378402 0.5375218476278104 0.4433697358856715 0.5349581436521412 0.4893376284111374 0.5197159299564168 0.5363568369707494 0.5768515153162252 0.5110859827747934 0.5722480780575859 0.5228408116215777 0.4301535181844855 0.5230781892646748 0.4646353125196468 0.4388459958164842 0.5144435348170406 0.5110810924059958 0.5716802457706337 
0.0 1.1280815098593576E-12 0.4645695232516958 0.5375188697609121 0.44336973588569334 0.5349572910167816 0.48933762841117023 0.5197159292467366 0.5363572989574409 0.5768504915713226 0.511086123150819 0.5722480728954513 0.5228408013594206 0.4290413865264247 0.5230781612543897 0.46733419354479055 0.4389096950485555 0.5144774754321637 0.511081115149793 0.5717054435853738 
0.0 1.130861247419382E-12 0.464568564596255 0.5375194251201191 0.44336973588569334 0.5349577377056759 0.489337628411138 0.5197159225244419 0.5363572982349722 0.5768015464913486 0.5110555226692087 0.572248067954804 0.5228408003569707 0.43018477982573594 0.5230781932506305 0.4645537908920859 0.4388499013250036 0.5144558626706347 0.5110808389688016 0.5717059105783601 
0.0 1.1280815098593576E-12 0.4645695232516958 0.5375188697609121 0.44336973588569334 0.5349572910167816 0.48933762841117023 0.5197159292467366 0.5363572989574409 0.5768504915713226 0.511086123150819 0.5722480728954513 0.5228408013594206 0.4290413865264247 0.5230781612543897 0.46733419354479055 0.4389096950485555 0.5144774754321637 0.511081115149793 0.5717054435853738 
0.0 5.202065009364242E-12 0.46456856609012837 0.5374724189326153 0.44336973444945005 0.5349509792996829 0.48933762841114065 0.5197159226258786 0.5363561896804284 0.5768040666136384 0.5110576014419231 0.5722477878771982 0.5228407403646674 0.42898100823621577 0.5230781608938682 0.4645515326830748 0.4390170313422787 0.5139940345176928 0.5110810952759182 0.5698343391432596 
0.0 1.130861247419382E-12 0.464568564596255 0.5375194251201191 0.44336973588569334 0.5349577377056759 0.489337628411138 0.5197159225244419 0.5363572982349722 0.5768015464913486 0.5110555226692087 0.572248067954804 0.5228408003569707 0.43018477982573594 0.5230781932506305 0.4645537908920859 0.4388499013250036 0.5144558626706347 0.5110808389688016 0.5717059105783601 
0.0 1.0906529045862054E-12 0.4645685668633503 0.5376155759985419 0.4433697564032807 0.5349583962962026 0.4893376284111699 0.5197159298972518 0.5363573128376279 0.5768514452006063 0.5110562926878945 0.5722541021574916 0.5228408138004672 0.4301346728629198 0.5230781931869959 0.4646419221304651 0.43884599725390816 0.5144242372685147 0.5110810864746476 0.5717059158169076 
0.0 1.9821272632800372E-14 0.46456773074076557 0.5376270621840485 0.44336975364742176 0.5349575570497986 0.4893376284111386 0.5197159298984968 0.5363573134273919 0.5768513865293656 0.5110859017548028 0.5722524144445481 0.5228408005606157 0.4303028124955705 0.5230781611561994 0.4646352841837709 0.43881255343672526 0.5140119416070894 0.5110808349618694 0.5717004091648259 
0.0 0.0 0.46456856686335163 0.5375171887109683 0.4433697360850466 0.5349517473838258 0.48933762841113776 0.5197159224403327 0.5363569565884792 0.5768075319725015 0.511056292718676 0.572247787856989 0.5228407403646674 0.42890918000890504 0.5230781878752521 0.4646322110098617 0.43884609381386863 0.5139940345176928 0.5110808376875684 0.5698343391432596 
0.0 4.986248555849267E-4 0.4645689740294381 0.537519055762207 0.44336973588582435 0.5349512437193237 0.48933762841116984 0.5197159225249475 0.5363568869965626 0.57680477065832 0.5110555226692087 0.5722480677986473 0.522840800593842 0.4302497143678895 0.5230781612555133 0.4645537908920859 0.43890789551604115 0.5144564611283503 0.511080838624522 0.5717053253230429 
1.355339818702356E-5 2.7959200585343687E-8 0.46456899422592557 0.5376205520121207 0.44336975328680084 0.534957789037322 0.4893376284111669 0.5197159298373776 0.5363568788351074 0.5768519138866598 0.5110886924601561 0.5722524471018626 0.5228408127660081 0.42902636857570087 0.5230781611618746 0.4667157436378813 0.4388734177635533 0.5140026122845173 0.5110808301158338 0.5717058470874654 
1.355339818702356E-5 2.7959200585343687E-8 0.46456899422592557 0.5376205520121207 0.44336975328680084 0.534957789037322 0.4893376284111669 0.5197159298373776 0.5363568788351074 0.5768519138866598 0.5110886924601561 0.5722524471018626 0.5228408127660081 0.42902636857570087 0.5230781611618746 0.4667157436378813 0.4388734177635533 0.5140026122845173 0.5110808301158338 0.5717058470874654 
0.0 2.6586717468765818E-8 0.4645687034353854 0.5376212110184239 0.4433697343428324 0.5349513695660869 0.4893376284111386 0.5197159297914021 0.5363568392644414 0.5768494449872779 0.5110562926878945 0.5722480845010246 0.522840813816553 0.4289810419631217 0.5230781884238404 0.4666397932115384 0.4388459958164842 0.5140026201039772 0.5110808369563274 0.5717030693095453 
0.0 2.7959200585343687E-8 0.46454873507869965 0.5376212257850191 0.44336975328680084 0.5349576426492878 0.4893376284111395 0.5197159298373776 0.5363568788351074 0.5768499608983415 0.5110886924601561 0.5722524471018626 0.5228408127461923 0.42902636857570087 0.5230781611615815 0.4667157436378813 0.4388326394047896 0.5140026122845173 0.5110808303881857 0.5717022946361907 
0.0 1.1280815098593576E-12 0.4645695232516958 0.5375188697609121 0.4433697540113933 0.5349572910167816 0.48933762841117096 0.5197159298934424 0.5363573134878832 0.5768504915713226 0.5110871865285876 0.5722480728954513 0.5228408139333246 0.4290413865264247 0.5230781612601655 0.46733419354479055 0.4389096950485555 0.5144774754321637 0.5110811190595336 0.5717054252177138 
0.0 1.1311281430764865E-12 0.4645685914050493 0.5375190007206049 0.44336973588569334 0.5349577377056759 0.48933762841116724 0.5197159225244419 0.5363572983325343 0.57680477065832 0.5110555226692087 0.5722480677986473 0.522840800593842 0.43018477982573594 0.5230781932520386 0.4645537908920859 0.43890789551604115 0.5144558626706347 0.5110808389688016 0.5717059124205781 
0.0 0.0 0.46456856386074674 0.5376205288343345 0.4433697532975232 0.5349579426198169 0.48933762841113776 0.519715929836759 0.5363573105001083 0.5768514452006063 0.5110554268132148 0.5722480922023806 0.5228408127580253 0.4301346728629198 0.5230781609372588 0.4646874629056747 0.43883241690819025 0.5140026225798382 0.5110808367785408 0.5717022699677998 
0.0 0.03363454356411929 0.46456856609012837 0.5374724328131741 0.4433697344604935 0.5349518189814602 0.48933762841113776 0.51971593013375 0.5363561906109955 0.5768075319725015 0.5110562936612911 0.572247787856989 0.5228407404231831 0.42898100833853425 0.523078160903605 0.4645542149313478 0.4390132157197498 0.5140117199305679 0.5110810952563078 0.5698343391432596 
0.0 3.0937632445284316E-4 0.4645685660859579 0.5374724328131741 0.4433697344604935 0.5349518189814602 0.48933762841113776 0.51971593013375 0.5363561906109955 0.5768075319725015 0.5110562926714731 0.572247787856989 0.5228407404231831 0.42898100833853425 0.523078160903605 0.4645542149313478 0.4390131885004222 0.5140022876288722 0.5110810952563078 0.569841845877086 
0.0 1.1280815098593576E-12 0.4645695032199522 0.5375188697609121 0.44336973588569334 0.5349583657189848 0.48933762841117023 0.5197159292467366 0.5363572989574409 0.5768504915713226 0.511086123150819 0.5722480728954513 0.5228408141068717 0.4290413865264247 0.5230781613609481 0.46733419354479055 0.4389096950485555 0.5144790076194696 0.5110811146858629 0.5717094495341077 
0.0 1.132551124404799E-12 0.4645685668633503 0.5376155759985419 0.44336975638561216 0.534958343213286 0.4893376284111709 0.5197159299754293 0.5363573124937211 0.5768516647977212 0.5110562926878945 0.5722480845010246 0.5228408138838869 0.43018522815176385 0.5230781931374122 0.4646419221304651 0.43884599725390816 0.5144554555853103 0.5110810864746476 0.5717059157429872 
0.0 6.741466011503856E-11 0.4645681538361882 0.537520586252733 0.4433697358856715 0.5349581436521412 0.4893376284111307 0.5197159299564168 0.5363568369707494 0.5768523731593987 0.5110855189606218 0.5722480780575859 0.5228408116215777 0.4301535181844855 0.5230781889218598 0.46463629598461526 0.4388459958164842 0.5144363492045103 0.5110808359679874 0.5717059158169076 
0.0 1.107151660430658E-12 0.46456835181455475 0.5376269597783968 0.44336975436653836 0.5349577786447662 0.48933762841113776 0.519715929930245 0.5363573321776112 0.5768515406838955 0.5110849262436372 0.5722540782372644 0.522840813016587 0.4302980970382728 0.5230781887157252 0.4645584801442998 0.43884599730287416 0.5144442062255391 0.5110810892835199 0.5717037828803654 
0.0 0.0 0.4645685761985508 0.5376218340429088 0.44336973404256375 0.5349579704144131 0.489337628411137 0.5197159298972518 0.5363572993772541 0.5768511938014577 0.5110578841521282 0.5722478709308902 0.5228408140728311 0.4301379518683958 0.5230781599549562 0.46465649357051253 0.4389117961070568 0.5139936054402684 0.5110810934454482 0.571690274053138 
0.0 1.1280815098593576E-12 0.4645695232516958 0.5375188697609121 0.44336975287898556 0.5349579492622651 0.48933762841117023 0.5197159301032712 0.5363573499635311 0.5768504376335577 0.511086123150819 0.5722540202361139 0.5228408013594206 0.4290413865264247 0.5230781966389414 0.46733419354479055 0.4389096950485555 0.5144774754321637 0.511081115149793 0.5717054435853738 
0.0 0.08667827153488726 0.4645684814521839 0.5374724189326153 0.44336973441177013 0.5349512684932363 0.4893376284111395 0.5197159224399781 0.5363561896804284 0.576808006968282 0.5110562936612911 0.5722478022581944 0.5228407403646674 0.42898100905817893 0.523078160903605 0.46455421600915975 0.4390170313422787 0.5139930684888573 0.5110810952563078 0.5697105515846941 
0.0 0.0 0.4645685668640997 0.5376218340429088 0.44336973399776136 0.5349519649814658 0.4893376284111375 0.5197159298972518 0.5363573075304283 0.5768494447237039 0.5110579533769567 0.5722476203364805 0.5228408183706504 0.43013534341841947 0.5230781931860508 0.4646419221304651 0.4390165756965307 0.5140222722180307 0.511081092182994 0.571690274053138 
0.0 1.130861247419382E-12 0.4645684763396684 0.5374828262424338 0.4433697344146081 0.5349513695660869 0.4893376284111386 0.5197159298969397 0.536357328192867 0.5768513865293656 0.5110562926878945 0.5722480847520864 0.5228407994210281 0.43024124142966874 0.5230781611553101 0.4646352841837709 0.43884802852771115 0.5139973818626639 0.5110808349392636 0.5717030728446947 
0.0 1.1280815098593576E-12 0.4645694938855011 0.5375188697609121 0.44336973588887596 0.5349583657189848 0.48933762841117107 0.5197159292467366 0.5363573071106151 0.5768504915713226 0.5110857909062848 0.5722480728954513 0.5228408184046909 0.4290413865264247 0.5230781945920425 0.4673196221047432 0.43901447463802934 0.5144790076194696 0.5110811146858629 0.5717094495341077 
0.0 0.0 0.4645685668640997 0.5376218340429088 0.4433697340457464 0.5349579704144131 0.48933762841113776 0.5197159298972518 0.5363573075304283 0.5768511938014577 0.511057551907594 0.5722478709308902 0.5228408183706504 0.4301379518683958 0.5230781931860508 0.4646419221304651 0.4390165756965307 0.5139936054402684 0.5110810934454482 0.571690274053138 
0.0 3.004020754576219E-8 0.4645694100948276 0.5376219988273486 0.4433697532405278 0.5349576452604627 0.4893376284111395 0.5197159293445838 0.5363568788351074 0.576849448586437 0.5110892672065613 0.5722524471018626 0.522840812741679 0.4289810427423748 0.5230781876200243 0.46672320804469497 0.4388337117927327 0.5140028829224718 0.5110808370985042 0.5717058696424948 
0.0 0.0 0.4645685668633503 0.5376221939069761 0.44336975359793207 0.5349579029812221 0.48933762841113776 0.5197159298972518 0.5363573104760134 0.5768514452006063 0.5110562926878945 0.5722482152952137 0.5228408137787097 0.4301346728629198 0.523078193136467 0.4646419221304651 0.4388459958164842 0.5140089673686793 0.5110808367785408 0.5717059158169076 
0.0 8.199647957026764E-11 0.4645686104880104 0.5376219988273486 0.4433697532405278 0.5349576452604627 0.48933762841114004 0.5197159293445838 0.53635685448029 0.5768494320258543 0.5110892672065613 0.5722479634769936 0.5228408127458557 0.4289774877747997 0.5230781876027948 0.46672320804469497 0.4388341038829465 0.5140028829224718 0.5110808370985042 0.5717057792817727 
0.0 8.63969131589961E-14 0.46456856687342807 0.537624616236566 0.44336975361510117 0.5349580603331733 0.48933762841113776 0.5197159298972518 0.5363572798364419 0.5768514452006063 0.5110562926878945 0.5722480845010246 0.5228408138006309 0.4301354510917434 0.5230781933040062 0.4646419221304651 0.4390169333448942 0.5140028593585181 0.5110810811037267 0.5717059158169076 
