-18291.0 -19619.0 
-19518.0 -18191.0 
-18291.0 -19619.0 
-18380.0 -19552.0 
-19118.0 -18936.0 
-19053.0 -19011.0 
-19514.0 -18259.0 
-18433.0 -19549.0 
-18489.0 -19506.0 
-18345.0 -19579.0 
-18858.0 -19203.0 
-18934.0 -19139.0 
-19313.0 -18666.0 
-19489.0 -18272.0 
-18345.0 -19579.0 
-19334.0 -18606.0 
-19073.0 -18952.0 
-18662.0 -19383.0 
-18944.0 -19112.0 
-18577.0 -19457.0 
-18972.0 -19106.0 
-19382.0 -18517.0 
-18528.0 -19478.0 
-19203.0 -18785.0 
-18837.0 -19215.0 
-18758.0 -19290.0 
-18818.0 -19268.0 
-19266.0 -18684.0 
-19487.0 -18309.0 
-18451.0 -19527.0 
-19167.0 -18829.0 
-18782.0 -19271.0 
-18904.0 -19152.0 
-19460.0 -18333.0 
-18727.0 -19331.0 
-19160.0 -18864.0 
-19125.0 -18891.0 
-18985.0 -19057.0 
-19002.0 -19044.0 
-19415.0 -18444.0 
-18577.0 -19457.0 
-19392.0 -18487.0 
-19264.0 -18717.0 
-19193.0 -18826.0 
-19023.0 -19042.0 
-18609.0 -19437.0 
-19415.0 -18444.0 
-19392.0 -18487.0 
-18895.0 -19157.0 
-19454.0 -18364.0 
-19351.0 -18557.0 
-19196.0 -18807.0 
-18672.0 -19363.0 
-18706.0 -19333.0 
-19434.0 -18385.0 
-19362.0 -18528.0 
-19241.0 -18752.0 
-18877.0 -19175.0 
-19334.0 -18606.0 
-19258.0 -18731.0 
-18768.0 -19274.0 
-19293.0 -18681.0 
-18685.0 -19358.0 
-18528.0 -19478.0 
-19062.0 -18972.0 
-18609.0 -19437.0 
-19350.0 -18582.0 
-19425.0 -18412.0 
-18451.0 -19527.0 
-19354.0 -18534.0 
-18640.0 -19403.0 
-18742.0 -19314.0 
-19243.0 -18741.0 
-18630.0 -19419.0 
-18877.0 -19175.0 
-19313.0 -18666.0 
-19138.0 -18888.0 
-19223.0 -18767.0 
-18507.0 -19496.0 
-19425.0 -18412.0 
-19223.0 -18767.0 
-18829.0 -19240.0 
-18829.0 -19240.0 
-19023.0 -19042.0 
-18742.0 -19314.0 
-18507.0 -19496.0 
-19067.0 -18955.0 
-18981.0 -19079.0 
-19160.0 -18864.0 
-18981.0 -19079.0 
-18640.0 -19403.0 
-19434.0 -18385.0 
-19460.0 -18333.0 
-18630.0 -19419.0 
-18694.0 -19343.0 
-19138.0 -18888.0 
-19454.0 -18364.0 
-19062.0 -18972.0 
-19487.0 -18309.0 
-19293.0 -18681.0 
