-18300.0 -19657.0 
-19411.0 -18269.0 
-18300.0 -19657.0 
-19411.0 -18269.0 
-19406.0 -18397.0 
-19067.0 -19022.0 
-19278.0 -18701.0 
-19289.0 -18645.0 
-19174.0 -18853.0 
-18547.0 -19504.0 
-18834.0 -19268.0 
-18361.0 -19636.0 
-18989.0 -19097.0 
-18599.0 -19456.0 
-19136.0 -18863.0 
-18998.0 -19058.0 
-19090.0 -18916.0 
-19070.0 -18960.0 
-19029.0 -19027.0 
-18514.0 -19537.0 
-19117.0 -18910.0 
-18517.0 -19512.0 
-18802.0 -19280.0 
-19191.0 -18796.0 
-18630.0 -19423.0 
-19205.0 -18779.0 
-18478.0 -19540.0 
-18590.0 -19482.0 
-18319.0 -19648.0 
-18736.0 -19338.0 
-18941.0 -19133.0 
-18759.0 -19316.0 
-18915.0 -19157.0 
-18880.0 -19190.0 
-19228.0 -18736.0 
-18386.0 -19602.0 
-19081.0 -18943.0 
-18431.0 -19589.0 
-19383.0 -18414.0 
-19326.0 -18545.0 
-18656.0 -19415.0 
-18625.0 -19446.0 
-19364.0 -18481.0 
-18453.0 -19558.0 
-19359.0 -18515.0 
-18906.0 -19178.0 
-18845.0 -19242.0 
-18965.0 -19098.0 
-18696.0 -19388.0 
-19308.0 -18604.0 
-18758.0 -19330.0 
-19242.0 -18723.0 
-19382.0 -18442.0 
-19120.0 -18877.0 
-18472.0 -19549.0 
-18854.0 -19240.0 
-19320.0 -18564.0 
-19374.0 -18453.0 
-18570.0 -19483.0 
-19017.0 -19054.0 
-18799.0 -19295.0 
-19250.0 -18713.0 
-19225.0 -18772.0 
-18410.0 -19592.0 
-18879.0 -19203.0 
-18786.0 -19305.0 
-18361.0 -19636.0 
-19343.0 -18536.0 
-19028.0 -19050.0 
-18668.0 -19402.0 
-19185.0 -18824.0 
-18720.0 -19361.0 
-19372.0 -18476.0 
-18405.0 -19601.0 
-19227.0 -18762.0 
-18925.0 -19143.0 
-18955.0 -19107.0 
-18879.0 -19203.0 
-19185.0 -18824.0 
-18453.0 -19558.0 
-18319.0 -19648.0 
-19299.0 -18621.0 
-19320.0 -18564.0 
-19128.0 -18874.0 
-18854.0 -19240.0 
-18386.0 -19602.0 
-19308.0 -18604.0 
-18709.0 -19371.0 
-19073.0 -18952.0 
-18730.0 -19356.0 
-18431.0 -19589.0 
-18696.0 -19388.0 
-18932.0 -19139.0 
-18570.0 -19483.0 
-19299.0 -18621.0 
-19343.0 -18536.0 
-18664.0 -19409.0 
-19359.0 -18515.0 
-18786.0 -19305.0 
-18955.0 -19107.0 
