-18288.0 -19593.0 
-19544.0 -17927.0 
-19544.0 -17927.0 
-18288.0 -19593.0 
-19496.0 -18188.0 
-19487.0 -18300.0 
-19514.0 -18185.0 
-18727.0 -19378.0 
-19536.0 -17997.0 
-19525.0 -18091.0 
-19157.0 -18916.0 
-19293.0 -18686.0 
-18349.0 -19584.0 
-19078.0 -19038.0 
-19357.0 -18609.0 
-18530.0 -19494.0 
-19394.0 -18530.0 
-19350.0 -18647.0 
-19186.0 -18907.0 
-18684.0 -19380.0 
-18367.0 -19571.0 
-18552.0 -19477.0 
-18454.0 -19533.0 
-18823.0 -19286.0 
-18497.0 -19496.0 
-19469.0 -18368.0 
-19376.0 -18589.0 
-19394.0 -18530.0 
-19436.0 -18421.0 
-19525.0 -18091.0 
-19024.0 -19082.0 
-19487.0 -18300.0 
-19288.0 -18729.0 
-19237.0 -18821.0 
-18489.0 -19527.0 
-19093.0 -18991.0 
-19040.0 -19058.0 
-18956.0 -19136.0 
-19532.0 -18023.0 
-18590.0 -19451.0 
-19414.0 -18422.0 
-18762.0 -19318.0 
-19319.0 -18672.0 
-19412.0 -18462.0 
-18392.0 -19553.0 
-18430.0 -19544.0 
-19324.0 -18656.0 
-18744.0 -19336.0 
-19275.0 -18742.0 
-19139.0 -18944.0 
-18659.0 -19407.0 
-18986.0 -19115.0 
-19258.0 -18755.0 
-19412.0 -18462.0 
-18876.0 -19219.0 
-19207.0 -18825.0 
-18306.0 -19588.0 
-18633.0 -19427.0 
-18974.0 -19132.0 
-19190.0 -18871.0 
-19253.0 -18778.0 
-18668.0 -19388.0 
-19137.0 -18955.0 
-18799.0 -19290.0 
-18771.0 -19300.0 
-18925.0 -19185.0 
-18645.0 -19423.0 
-18944.0 -19166.0 
-19456.0 -18395.0 
-19469.0 -18368.0 
-19005.0 -19092.0 
-19239.0 -18790.0 
-19197.0 -18861.0 
-19204.0 -18840.0 
-19115.0 -18971.0 
-19003.0 -19105.0 
-18576.0 -19467.0 
-18784.0 -19291.0 
-18859.0 -19245.0 
-18897.0 -19208.0 
-19115.0 -18971.0 
-18844.0 -19262.0 
-18939.0 -19167.0 
-18844.0 -19262.0 
-19376.0 -18589.0 
-19456.0 -18395.0 
-18431.0 -19538.0 
-18590.0 -19451.0 
-18392.0 -19553.0 
-18925.0 -19185.0 
-19040.0 -19058.0 
-18744.0 -19336.0 
-18633.0 -19427.0 
-19078.0 -19038.0 
-19093.0 -18991.0 
-18859.0 -19245.0 
-18880.0 -19209.0 
-18897.0 -19208.0 
-19532.0 -18023.0 
-18576.0 -19467.0 
