-18291.0 -19630.0 
-19459.0 -18305.0 
-18291.0 -19630.0 
-19459.0 -18305.0 
-19431.0 -18435.0 
-18472.0 -19581.0 
-18366.0 -19600.0 
-19324.0 -18671.0 
-18685.0 -19440.0 
-18348.0 -19624.0 
-18696.0 -19393.0 
-19275.0 -18673.0 
-18603.0 -19482.0 
-18492.0 -19545.0 
-19024.0 -19082.0 
-18591.0 -19513.0 
-19402.0 -18445.0 
-18572.0 -19527.0 
-19081.0 -18985.0 
-18998.0 -19096.0 
-18524.0 -19532.0 
-18741.0 -19374.0 
-19133.0 -18909.0 
-19228.0 -18801.0 
-18852.0 -19270.0 
-18859.0 -19243.0 
-19107.0 -18957.0 
-19032.0 -19063.0 
-19272.0 -18688.0 
-19106.0 -18970.0 
-19328.0 -18617.0 
-18754.0 -19345.0 
-19378.0 -18505.0 
-19176.0 -18859.0 
-18913.0 -19179.0 
-19047.0 -19024.0 
-19057.0 -19005.0 
-18973.0 -19147.0 
-19158.0 -18906.0 
-18928.0 -19171.0 
-18905.0 -19201.0 
-18640.0 -19458.0 
-19400.0 -18470.0 
-19331.0 -18603.0 
-18880.0 -19241.0 
-19208.0 -18814.0 
-18887.0 -19226.0 
-18951.0 -19151.0 
-18982.0 -19133.0 
-19071.0 -18998.0 
-18943.0 -19161.0 
-18904.0 -19220.0 
-19378.0 -18505.0 
-19233.0 -18780.0 
-19184.0 -18858.0 
-19345.0 -18587.0 
-18353.0 -19604.0 
-18802.0 -19317.0 
-18779.0 -19332.0 
-18829.0 -19284.0 
-19369.0 -18537.0 
-18640.0 -19458.0 
-19431.0 -18435.0 
-18472.0 -19581.0 
-18708.0 -19389.0 
-18524.0 -19532.0 
-18656.0 -19450.0 
-19204.0 -18822.0 
-19124.0 -18930.0 
-18830.0 -19271.0 
-19256.0 -18736.0 
-19360.0 -18558.0 
-18779.0 -19332.0 
-19360.0 -18558.0 
-18603.0 -19482.0 
-19400.0 -18470.0 
-19124.0 -18930.0 
-19160.0 -18887.0 
-19256.0 -18736.0 
-19262.0 -18718.0 
-19045.0 -19046.0 
-18492.0 -19545.0 
-19237.0 -18766.0 
-18579.0 -19526.0 
-19237.0 -18766.0 
-18366.0 -19600.0 
-19345.0 -18587.0 
-18802.0 -19317.0 
-18817.0 -19299.0 
-18990.0 -19111.0 
-18817.0 -19299.0 
-19369.0 -18537.0 
-18985.0 -19113.0 
-19204.0 -18822.0 
-19160.0 -18887.0 
-18741.0 -19374.0 
-19262.0 -18718.0 
-18708.0 -19389.0 
-18656.0 -19450.0 
-18754.0 -19345.0 
