-19573.0 -18040.0 
-17983.0 -19814.0 
-19573.0 -18040.0 
-17983.0 -19814.0 
-19024.0 -19001.0 
-18124.0 -19757.0 
-18463.0 -19558.0 
-18480.0 -19518.0 
-18961.0 -19107.0 
-18722.0 -19355.0 
-19398.0 -18480.0 
-19450.0 -18376.0 
-19277.0 -18694.0 
-19428.0 -18399.0 
-19320.0 -18598.0 
-19177.0 -18844.0 
-19154.0 -18895.0 
-18301.0 -19653.0 
-19003.0 -19040.0 
-19113.0 -18919.0 
-19357.0 -18546.0 
-18002.0 -19786.0 
-18804.0 -19293.0 
-18230.0 -19708.0 
-18564.0 -19485.0 
-19519.0 -18173.0 
-19266.0 -18730.0 
-19195.0 -18792.0 
-18896.0 -19183.0 
-18338.0 -19641.0 
-19466.0 -18340.0 
-18975.0 -19065.0 
-19303.0 -18671.0 
-19244.0 -18743.0 
-19534.0 -18109.0 
-19530.0 -18143.0 
-19349.0 -18593.0 
-19377.0 -18497.0 
-19107.0 -18936.0 
-19471.0 -18316.0 
-19480.0 -18269.0 
-18934.0 -19128.0 
-19505.0 -18201.0 
-18910.0 -19150.0 
-18825.0 -19212.0 
-18771.0 -19298.0 
-18859.0 -19209.0 
-19073.0 -18982.0 
-19369.0 -18525.0 
-18653.0 -19392.0 
-18360.0 -19615.0 
-18166.0 -19739.0 
-18650.0 -19418.0 
-18256.0 -19690.0 
-19563.0 -18074.0 
-18556.0 -19500.0 
-19547.0 -18080.0 
-18865.0 -19184.0 
-18081.0 -19775.0 
-18729.0 -19331.0 
-18427.0 -19580.0 
-18396.0 -19605.0 
-18277.0 -19669.0 
-18678.0 -19378.0 
-18186.0 -19716.0 
-18593.0 -19454.0 
-18526.0 -19510.0 
-19414.0 -18435.0 
-18811.0 -19254.0 
-18081.0 -19775.0 
-18196.0 -19711.0 
-19473.0 -18271.0 
-18427.0 -19580.0 
-18981.0 -19047.0 
-19414.0 -18435.0 
-18610.0 -19425.0 
-19223.0 -18764.0 
-18611.0 -19421.0 
-19223.0 -18764.0 
-19193.0 -18816.0 
-18678.0 -19378.0 
-18354.0 -19628.0 
-18037.0 -19785.0 
-18593.0 -19454.0 
-19154.0 -18895.0 
-18037.0 -19785.0 
-18920.0 -19136.0 
-19500.0 -18226.0 
-18754.0 -19324.0 
-19500.0 -18226.0 
-19305.0 -18643.0 
-19187.0 -18834.0 
-18758.0 -19315.0 
-19305.0 -18643.0 
-18396.0 -19605.0 
-18260.0 -19672.0 
-18821.0 -19240.0 
-19085.0 -18965.0 
-19085.0 -18965.0 
-18526.0 -19510.0 
