-18340.0 -19397.0 
-19064.0 -18655.0 
-18340.0 -19397.0 
-18671.0 -19238.0 
-18808.0 -19080.0 
-18505.0 -19334.0 
-19032.0 -18750.0 
-18454.0 -19341.0 
-18628.0 -19250.0 
-18944.0 -18890.0 
-18546.0 -19303.0 
-19035.0 -18715.0 
-18687.0 -19199.0 
-18345.0 -19386.0 
-18386.0 -19381.0 
-18420.0 -19368.0 
-18510.0 -19323.0 
-19053.0 -18684.0 
-18888.0 -18994.0 
-18546.0 -19303.0 
-18986.0 -18837.0 
-18606.0 -19262.0 
-19004.0 -18814.0 
-18904.0 -18947.0 
-18976.0 -18863.0 
-18756.0 -19124.0 
-19053.0 -18684.0 
-18921.0 -18940.0 
-18708.0 -19156.0 
-18933.0 -18916.0 
-18586.0 -19283.0 
-18701.0 -19179.0 
-18390.0 -19371.0 
-18687.0 -19199.0 
-18898.0 -18973.0 
-18826.0 -19056.0 
-18793.0 -19103.0 
-18933.0 -18916.0 
-18628.0 -19250.0 
-19019.0 -18757.0 
-18826.0 -19056.0 
-19035.0 -18715.0 
-18781.0 -19111.0 
-18570.0 -19286.0 
-18741.0 -19141.0 
-18986.0 -18837.0 
-18606.0 -19262.0 
-18671.0 -19238.0 
-18756.0 -19124.0 
-19007.0 -18789.0 
-18863.0 -19006.0 
-18570.0 -19286.0 
-18724.0 -19154.0 
-18701.0 -19179.0 
-18898.0 -18973.0 
-19004.0 -18814.0 
-18842.0 -19010.0 
-18781.0 -19111.0 
-18510.0 -19323.0 
-18837.0 -19034.0 
-18725.0 -19146.0 
-19010.0 -18778.0 
-18586.0 -19283.0 
-18793.0 -19103.0 
-18863.0 -19006.0 
-18435.0 -19350.0 
-18852.0 -19008.0 
-18888.0 -18994.0 
-18959.0 -18872.0 
-18741.0 -19141.0 
-18442.0 -19346.0 
-19010.0 -18778.0 
-18921.0 -18940.0 
-18454.0 -19341.0 
-18976.0 -18863.0 
-18420.0 -19368.0 
-18435.0 -19350.0 
-18950.0 -18878.0 
-18836.0 -19039.0 
-19019.0 -18757.0 
-18836.0 -19039.0 
-18388.0 -19372.0 
-19007.0 -18789.0 
-18904.0 -18947.0 
-18505.0 -19334.0 
-18959.0 -18872.0 
-18440.0 -19347.0 
-18837.0 -19034.0 
-18345.0 -19386.0 
-18844.0 -19009.0 
-18708.0 -19156.0 
-18950.0 -18878.0 
-18956.0 -18875.0 
-18386.0 -19381.0 
-18842.0 -19010.0 
-18956.0 -18875.0 
-18725.0 -19146.0 
-18844.0 -19009.0 
-18888.0 -18994.0 
-18741.0 -19141.0 
