1.715459364621068516e+00
1.626664499193000379e+00
1.566920616501623398e+00
1.796681971895305541e+00
1.690454011261637079e+00
1.648680314472552810e+00
1.622871443032451788e+00
1.647967766173882964e+00
1.627949684451906576e+00
1.607788371033629815e+00
1.628593247289873425e+00
1.588289937839584054e+00
1.656711576195572633e+00
1.650674593141799873e+00
1.552025609319269250e+00
1.559971314854053270e+00
1.636236394305721431e+00
1.658089900583150866e+00
1.614345146078029813e+00
1.618880105002778791e+00
1.594753727623311246e+00
1.635789422818119787e+00
1.636174625998006560e+00
1.598482742674646628e+00
1.633508093086877277e+00
1.623762239598590229e+00
1.606151517357206737e+00
1.633692401632700131e+00
1.606758091479036255e+00
1.584247526906733983e+00
1.595323410798992647e+00
