1.000000000000000000e+00 3.537366830068722720e+03
2.000000000000000000e+00 3.357152294979912313e+03
3.000000000000000000e+00 3.140390778319366291e+03
4.000000000000000000e+00 2.929137985303720598e+03
5.000000000000000000e+00 2.714411860519490801e+03
6.000000000000000000e+00 2.521297913562391841e+03
7.000000000000000000e+00 2.346696008882401657e+03
8.000000000000000000e+00 2.221990689900052530e+03
9.000000000000000000e+00 2.025484896389227060e+03
1.000000000000000000e+01 1.897358992356870658e+03
1.100000000000000000e+01 1.749569975806256480e+03
1.200000000000000000e+01 1.625774319219763811e+03
1.300000000000000000e+01 1.502700250390575775e+03
1.400000000000000000e+01 1.379117779901622953e+03
1.500000000000000000e+01 1.270945372555941503e+03
1.600000000000000000e+01 1.198118228016505554e+03
1.700000000000000000e+01 1.140248122489359275e+03
1.800000000000000000e+01 1.072053967929010923e+03
1.900000000000000000e+01 9.772298265959148011e+02
2.000000000000000000e+01 9.134346554641703051e+02
2.100000000000000000e+01 8.546117402421159568e+02
2.200000000000000000e+01 8.189280666366989863e+02
2.300000000000000000e+01 7.799694974844006765e+02
2.400000000000000000e+01 7.279561201370902381e+02
2.500000000000000000e+01 6.964300060791346141e+02
2.600000000000000000e+01 6.579839038774553046e+02
2.700000000000000000e+01 6.109895860447965106e+02
2.800000000000000000e+01 5.819352234228194902e+02
2.900000000000000000e+01 5.574889021601101149e+02
3.000000000000000000e+01 5.263375460909612684e+02
3.100000000000000000e+01 5.027398155838404250e+02
3.200000000000000000e+01 4.756961453812862715e+02
3.300000000000000000e+01 4.599287072790096431e+02
3.400000000000000000e+01 4.427577804834304516e+02
3.500000000000000000e+01 4.225203477732413262e+02
3.600000000000000000e+01 4.001436531400957506e+02
3.700000000000000000e+01 3.840953148785189910e+02
3.800000000000000000e+01 3.647089391059915329e+02
3.900000000000000000e+01 3.516213507282733417e+02
4.000000000000000000e+01 3.350668783043198573e+02
4.100000000000000000e+01 3.182710977144581079e+02
4.200000000000000000e+01 3.053636817559939232e+02
4.300000000000000000e+01 2.953247233854841625e+02
4.400000000000000000e+01 2.802350493833559995e+02
4.500000000000000000e+01 2.673074168269701545e+02
4.600000000000000000e+01 2.560396790695396589e+02
4.700000000000000000e+01 2.492998261224885539e+02
4.800000000000000000e+01 2.396052113300612518e+02
4.900000000000000000e+01 2.292841668313915875e+02
5.000000000000000000e+01 2.179393364393922923e+02
5.100000000000000000e+01 2.098679573203528719e+02
5.200000000000000000e+01 2.021623350038091473e+02
5.300000000000000000e+01 1.949216962231789125e+02
5.400000000000000000e+01 1.887895738696471710e+02
5.500000000000000000e+01 1.777614352589118880e+02
5.600000000000000000e+01 1.714590816849997168e+02
5.700000000000000000e+01 1.643615356041855478e+02
5.800000000000000000e+01 1.560322199426490499e+02
5.900000000000000000e+01 1.497773474744635109e+02
6.000000000000000000e+01 1.423838017414802835e+02
6.100000000000000000e+01 1.370805846846679970e+02
6.200000000000000000e+01 1.319177882829783641e+02
6.300000000000000000e+01 1.284153274421740889e+02
6.400000000000000000e+01 1.226181847058646781e+02
6.500000000000000000e+01 1.182241941792948552e+02
6.600000000000000000e+01 1.129641135678334223e+02
6.700000000000000000e+01 1.090804649878461561e+02
6.800000000000000000e+01 1.056385536774985496e+02
6.900000000000000000e+01 1.021593354082223897e+02
7.000000000000000000e+01 9.676226790179245540e+01
7.100000000000000000e+01 9.288572665946425388e+01
7.200000000000000000e+01 9.005343337783905611e+01
7.300000000000000000e+01 8.621661437994393395e+01
7.400000000000000000e+01 8.284255443531206708e+01
7.500000000000000000e+01 7.948698115053284141e+01
7.600000000000000000e+01 7.659174552304837391e+01
7.700000000000000000e+01 7.324858481984719560e+01
7.800000000000000000e+01 7.097896957639201787e+01
7.900000000000000000e+01 6.788978956131434472e+01
8.000000000000000000e+01 6.621874609371283782e+01
8.100000000000000000e+01 6.311807339989763932e+01
8.200000000000000000e+01 6.077107602147513887e+01
8.300000000000000000e+01 5.774210951263785319e+01
8.400000000000000000e+01 5.520172656580933790e+01
8.500000000000000000e+01 5.374323885629608810e+01
8.600000000000000000e+01 5.180188988395177319e+01
8.700000000000000000e+01 5.020167670047645458e+01
8.800000000000000000e+01 4.727346518284225141e+01
8.900000000000000000e+01 4.582040663384947266e+01
9.000000000000000000e+01 4.468853459981450271e+01
9.100000000000000000e+01 4.260989384279178438e+01
9.200000000000000000e+01 4.120056218059273334e+01
9.300000000000000000e+01 3.989705911503398283e+01
9.400000000000000000e+01 3.820867780866139185e+01
9.500000000000000000e+01 3.707773465146502900e+01
9.600000000000000000e+01 3.590946049274683816e+01
9.700000000000000000e+01 3.447979437160689287e+01
9.800000000000000000e+01 3.342775656748825952e+01
9.900000000000000000e+01 3.214349530440375702e+01
1.000000000000000000e+02 3.137750477567447049e+01
1.010000000000000000e+02 3.003754164945722849e+01
1.020000000000000000e+02 2.928769702251839746e+01
1.030000000000000000e+02 2.837270366193760296e+01
1.040000000000000000e+02 2.753817532934052537e+01
1.050000000000000000e+02 2.674613195703371105e+01
1.060000000000000000e+02 2.616671469562028562e+01
1.070000000000000000e+02 2.533685780521224373e+01
1.080000000000000000e+02 2.474844851903261400e+01
1.090000000000000000e+02 2.403383089864983191e+01
1.100000000000000000e+02 2.331105640981433780e+01
1.110000000000000000e+02 2.250690543984915593e+01
1.120000000000000000e+02 2.192456321464135272e+01
1.130000000000000000e+02 2.143146251515396727e+01
1.140000000000000000e+02 2.074036335306918843e+01
1.150000000000000000e+02 2.010356703151068558e+01
1.160000000000000000e+02 1.954721414521040046e+01
1.170000000000000000e+02 1.907485890685213192e+01
1.180000000000000000e+02 1.845971114454777151e+01
1.190000000000000000e+02 1.795656829647829156e+01
1.200000000000000000e+02 1.769920183946311809e+01
1.210000000000000000e+02 1.717005311225814879e+01
1.220000000000000000e+02 1.666256282569613134e+01
1.230000000000000000e+02 1.629577928257298680e+01
1.240000000000000000e+02 1.596621350288246965e+01
1.250000000000000000e+02 1.552195309149960956e+01
1.260000000000000000e+02 1.508120756880233948e+01
1.270000000000000000e+02 1.470240021343091819e+01
1.280000000000000000e+02 1.439869287789768748e+01
1.290000000000000000e+02 1.406898716877271838e+01
1.300000000000000000e+02 1.367827593296634348e+01
1.310000000000000000e+02 1.330855221073741035e+01
1.320000000000000000e+02 1.305510160387419738e+01
1.330000000000000000e+02 1.279103772946637285e+01
1.340000000000000000e+02 1.259105398756174488e+01
1.350000000000000000e+02 1.242150480877158714e+01
1.360000000000000000e+02 1.207496905071581494e+01
1.370000000000000000e+02 1.172803436317863301e+01
1.380000000000000000e+02 1.139214613569847145e+01
1.390000000000000000e+02 1.126563658990538208e+01
1.400000000000000000e+02 1.097085595387435930e+01
1.410000000000000000e+02 1.077161735638013162e+01
1.420000000000000000e+02 1.055121143813421725e+01
1.430000000000000000e+02 1.025116300027146821e+01
1.440000000000000000e+02 1.009448399895300064e+01
1.450000000000000000e+02 9.889660694780912920e+00
1.460000000000000000e+02 9.676703236416473786e+00
1.470000000000000000e+02 9.481351222946754476e+00
1.480000000000000000e+02 9.321517454841160344e+00
1.490000000000000000e+02 9.166146094549592505e+00
1.500000000000000000e+02 8.981260158922806269e+00
1.510000000000000000e+02 8.838542191370990508e+00
1.520000000000000000e+02 8.666222663070337617e+00
1.530000000000000000e+02 8.467557478114148495e+00
1.540000000000000000e+02 8.328119221073155387e+00
1.550000000000000000e+02 8.203894018834438029e+00
1.560000000000000000e+02 8.004407165147320313e+00
1.570000000000000000e+02 7.890847308003235305e+00
1.580000000000000000e+02 7.697743754009847450e+00
1.590000000000000000e+02 7.593935691612608174e+00
1.600000000000000000e+02 7.440611040412344224e+00
1.610000000000000000e+02 7.367208372919247239e+00
1.620000000000000000e+02 7.258732307428227948e+00
1.630000000000000000e+02 7.127049142739492638e+00
1.640000000000000000e+02 7.009478003939983104e+00
1.650000000000000000e+02 6.869883465140127043e+00
1.660000000000000000e+02 6.754856338575195629e+00
1.670000000000000000e+02 6.631511252631601572e+00
1.680000000000000000e+02 6.514312492329676907e+00
1.690000000000000000e+02 6.408939211186621243e+00
1.700000000000000000e+02 6.292591753246802533e+00
1.710000000000000000e+02 6.198095609477484835e+00
1.720000000000000000e+02 6.084074416856287471e+00
1.730000000000000000e+02 6.008918040152507523e+00
1.740000000000000000e+02 5.910608281521947838e+00
1.750000000000000000e+02 5.806174514037655499e+00
1.760000000000000000e+02 5.725979439197569576e+00
1.770000000000000000e+02 5.628822111522502780e+00
1.780000000000000000e+02 5.553200653571762402e+00
1.790000000000000000e+02 5.497563745095709997e+00
1.800000000000000000e+02 5.416499590382433560e+00
1.810000000000000000e+02 5.326748743176875855e+00
1.820000000000000000e+02 5.263741555388456561e+00
1.830000000000000000e+02 5.177668843048758518e+00
1.840000000000000000e+02 5.108716170623148756e+00
1.850000000000000000e+02 5.040677561533921214e+00
1.860000000000000000e+02 4.991452673831101805e+00
1.870000000000000000e+02 4.907687149192812015e+00
1.880000000000000000e+02 4.823932577267304289e+00
1.890000000000000000e+02 4.747284745566424213e+00
1.900000000000000000e+02 4.698322746332614486e+00
1.910000000000000000e+02 4.670225084246579783e+00
1.920000000000000000e+02 4.611712012856954424e+00
1.930000000000000000e+02 4.559528332297310804e+00
1.940000000000000000e+02 4.506703479776237309e+00
1.950000000000000000e+02 4.419588798372671157e+00
1.960000000000000000e+02 4.377461900276140128e+00
1.970000000000000000e+02 4.337805645310457869e+00
1.980000000000000000e+02 4.279186974454131764e+00
1.990000000000000000e+02 4.222984303443097609e+00
2.000000000000000000e+02 4.184044994417322805e+00
2.010000000000000000e+02 4.101747532531677010e+00
2.020000000000000000e+02 4.081012249341309683e+00
2.030000000000000000e+02 4.034318235292807309e+00
2.040000000000000000e+02 3.991694251179558339e+00
2.050000000000000000e+02 3.938814577360568947e+00
2.060000000000000000e+02 3.909064960813112499e+00
2.070000000000000000e+02 3.848349113162726098e+00
2.080000000000000000e+02 3.810591028757134513e+00
2.090000000000000000e+02 3.765665772526459509e+00
2.100000000000000000e+02 3.729073303558344765e+00
2.110000000000000000e+02 3.685056202224559208e+00
2.120000000000000000e+02 3.644107966549613220e+00
2.130000000000000000e+02 3.601777464139459983e+00
2.140000000000000000e+02 3.577755552386627791e+00
2.150000000000000000e+02 3.525210929270061744e+00
2.160000000000000000e+02 3.474622431142768697e+00
2.170000000000000000e+02 3.444214042395722153e+00
2.180000000000000000e+02 3.410990954796015995e+00
2.190000000000000000e+02 3.372230412471844296e+00
2.200000000000000000e+02 3.331436065201196950e+00
2.210000000000000000e+02 3.292812639750724912e+00
2.220000000000000000e+02 3.252817656220543086e+00
2.230000000000000000e+02 3.227177844810511509e+00
2.240000000000000000e+02 3.213987384425112115e+00
2.250000000000000000e+02 3.164149877517833609e+00
2.260000000000000000e+02 3.134639113824883694e+00
2.270000000000000000e+02 3.103868569971572899e+00
2.280000000000000000e+02 3.085903112375883772e+00
2.290000000000000000e+02 3.030149219076393674e+00
2.300000000000000000e+02 3.001907084309755280e+00
2.310000000000000000e+02 2.959747706055749106e+00
2.320000000000000000e+02 2.938465861503458676e+00
2.330000000000000000e+02 2.907127970156336172e+00
2.340000000000000000e+02 2.882335751054916351e+00
2.350000000000000000e+02 2.848757112860182072e+00
2.360000000000000000e+02 2.809937940193449446e+00
2.370000000000000000e+02 2.781418746532221764e+00
2.380000000000000000e+02 2.760345005803903629e+00
2.390000000000000000e+02 2.718634365857336199e+00
2.400000000000000000e+02 2.685494346769533802e+00
2.410000000000000000e+02 2.663564783569122074e+00
2.420000000000000000e+02 2.630855440116364186e+00
2.430000000000000000e+02 2.618304504859282567e+00
2.440000000000000000e+02 2.585247397790636281e+00
2.450000000000000000e+02 2.565707723726949219e+00
2.460000000000000000e+02 2.540348591987579230e+00
2.470000000000000000e+02 2.522813764693135230e+00
2.480000000000000000e+02 2.488796794501657583e+00
2.490000000000000000e+02 2.453497607881826248e+00
2.500000000000000000e+02 2.432902176466844146e+00
2.510000000000000000e+02 2.401705014256347415e+00
2.520000000000000000e+02 2.378801011389910069e+00
2.530000000000000000e+02 2.362452736569294220e+00
2.540000000000000000e+02 2.341723753716674850e+00
2.550000000000000000e+02 2.323945728292925672e+00
2.560000000000000000e+02 2.303957926563507286e+00
2.570000000000000000e+02 2.288361899094668139e+00
2.580000000000000000e+02 2.248494046547388159e+00
2.590000000000000000e+02 2.235277735372373176e+00
2.600000000000000000e+02 2.214312337855309565e+00
2.610000000000000000e+02 2.199403038295522972e+00
2.620000000000000000e+02 2.179593402938691860e+00
2.630000000000000000e+02 2.155043162935348366e+00
2.640000000000000000e+02 2.132157499725048755e+00
2.650000000000000000e+02 2.111662945482048137e+00
2.660000000000000000e+02 2.088904369305677022e+00
2.670000000000000000e+02 2.076083929822554186e+00
2.680000000000000000e+02 2.065769073877237627e+00
2.690000000000000000e+02 2.043221934410860641e+00
2.700000000000000000e+02 2.032759452426112556e+00
2.710000000000000000e+02 2.018862101626889949e+00
2.720000000000000000e+02 2.001120168378068609e+00
2.730000000000000000e+02 1.982407548009685216e+00
2.740000000000000000e+02 1.966950505760658219e+00
2.750000000000000000e+02 1.949575603778173072e+00
2.760000000000000000e+02 1.931633028683591657e+00
2.770000000000000000e+02 1.920710754857198888e+00
2.780000000000000000e+02 1.902730697722133879e+00
2.790000000000000000e+02 1.883266680059274334e+00
2.800000000000000000e+02 1.876377503362720800e+00
2.810000000000000000e+02 1.861462855966455887e+00
2.820000000000000000e+02 1.848645326561168645e+00
2.830000000000000000e+02 1.835457514854958339e+00
2.840000000000000000e+02 1.818774718322907713e+00
2.850000000000000000e+02 1.811451381127086480e+00
2.860000000000000000e+02 1.790659162997126908e+00
2.870000000000000000e+02 1.777064079500197069e+00
2.880000000000000000e+02 1.763685867008898622e+00
2.890000000000000000e+02 1.755370989341658472e+00
2.900000000000000000e+02 1.730623683140938285e+00
2.910000000000000000e+02 1.715342472153430053e+00
2.920000000000000000e+02 1.697511653348375171e+00
2.930000000000000000e+02 1.684519211661321458e+00
2.940000000000000000e+02 1.676236321537721619e+00
2.950000000000000000e+02 1.660307986743253306e+00
2.960000000000000000e+02 1.645088817392013292e+00
2.970000000000000000e+02 1.639526773990116704e+00
2.980000000000000000e+02 1.621137684920835431e+00
2.990000000000000000e+02 1.612193110474080315e+00
3.000000000000000000e+02 1.593055823906290414e+00
3.010000000000000000e+02 1.579385204464786474e+00
3.020000000000000000e+02 1.568268962657146437e+00
3.030000000000000000e+02 1.554534250110612303e+00
3.040000000000000000e+02 1.534710009352518334e+00
3.050000000000000000e+02 1.521059377192151230e+00
3.060000000000000000e+02 1.510345077928874069e+00
3.070000000000000000e+02 1.492527318878366982e+00
3.080000000000000000e+02 1.484824328756075174e+00
3.090000000000000000e+02 1.480680476039266891e+00
3.100000000000000000e+02 1.473933645838537254e+00
3.110000000000000000e+02 1.455300934055497430e+00
3.120000000000000000e+02 1.439076703018197234e+00
3.130000000000000000e+02 1.429235822356100805e+00
3.140000000000000000e+02 1.420188517162349173e+00
3.150000000000000000e+02 1.410705319737614705e+00
3.160000000000000000e+02 1.401709791572251396e+00
3.170000000000000000e+02 1.391565418229269158e+00
3.180000000000000000e+02 1.378387956830537719e+00
3.190000000000000000e+02 1.369346759043056805e+00
3.200000000000000000e+02 1.358251700973911236e+00
3.210000000000000000e+02 1.349808226258153221e+00
3.220000000000000000e+02 1.341957051155224567e+00
3.230000000000000000e+02 1.329700822683903993e+00
3.240000000000000000e+02 1.319739897982189936e+00
3.250000000000000000e+02 1.312480478908754522e+00
3.260000000000000000e+02 1.304114676153396379e+00
3.270000000000000000e+02 1.296386178140306322e+00
3.280000000000000000e+02 1.289161907574573274e+00
3.290000000000000000e+02 1.282637970170221964e+00
3.300000000000000000e+02 1.272127357669411429e+00
3.310000000000000000e+02 1.263416297198666216e+00
3.320000000000000000e+02 1.257324777890471923e+00
3.330000000000000000e+02 1.253836209974912963e+00
3.340000000000000000e+02 1.235645384265802393e+00
3.350000000000000000e+02 1.232314727794918907e+00
3.360000000000000000e+02 1.218829584453513082e+00
3.370000000000000000e+02 1.213314595324446188e+00
3.380000000000000000e+02 1.205829906310048827e+00
3.390000000000000000e+02 1.198685114792395145e+00
3.400000000000000000e+02 1.193690762067828759e+00
3.410000000000000000e+02 1.185510703875167549e+00
3.420000000000000000e+02 1.173952620060967789e+00
3.430000000000000000e+02 1.162493207913816828e+00
3.440000000000000000e+02 1.155889773992249348e+00
3.450000000000000000e+02 1.150368863166631339e+00
3.460000000000000000e+02 1.141329710904303019e+00
3.470000000000000000e+02 1.135929600300370268e+00
3.480000000000000000e+02 1.131538351574688184e+00
3.490000000000000000e+02 1.125081404869262558e+00
3.500000000000000000e+02 1.116981723344357968e+00
3.510000000000000000e+02 1.105893446805125802e+00
3.520000000000000000e+02 1.098702296464357797e+00
3.530000000000000000e+02 1.095433005423165351e+00
3.540000000000000000e+02 1.087676461325962851e+00
3.550000000000000000e+02 1.081864235110743033e+00
3.560000000000000000e+02 1.077747647200366643e+00
3.570000000000000000e+02 1.066845208449750615e+00
3.580000000000000000e+02 1.062899232289654439e+00
3.590000000000000000e+02 1.056574167584296342e+00
3.600000000000000000e+02 1.054876914202928617e+00
3.610000000000000000e+02 1.048004392290473374e+00
3.620000000000000000e+02 1.039803614180068392e+00
3.630000000000000000e+02 1.032638877034790736e+00
3.640000000000000000e+02 1.028193501427572709e+00
3.650000000000000000e+02 1.020220001062306148e+00
3.660000000000000000e+02 1.015741343268361740e+00
3.670000000000000000e+02 1.009798894487712984e+00
3.680000000000000000e+02 1.004199809711031177e+00
3.690000000000000000e+02 9.997451947505067160e-01
3.700000000000000000e+02 9.943461102431139231e-01
3.710000000000000000e+02 9.911589465432983914e-01
3.720000000000000000e+02 9.881408201972283756e-01
3.730000000000000000e+02 9.832626115225564511e-01
3.740000000000000000e+02 9.796975047458900132e-01
3.750000000000000000e+02 9.757445174744896477e-01
3.760000000000000000e+02 9.687246206536508364e-01
3.770000000000000000e+02 9.640088939588544736e-01
3.780000000000000000e+02 9.595766067492446094e-01
3.790000000000000000e+02 9.561284076898922679e-01
3.800000000000000000e+02 9.528057555788784772e-01
3.810000000000000000e+02 9.442260598223901624e-01
3.820000000000000000e+02 9.378875290503306816e-01
3.830000000000000000e+02 9.315053613750768902e-01
3.840000000000000000e+02 9.258960208930999691e-01
3.850000000000000000e+02 9.186803599797609410e-01
3.860000000000000000e+02 9.142357780428733705e-01
3.870000000000000000e+02 9.053724391940324301e-01
3.880000000000000000e+02 9.011014196037584467e-01
3.890000000000000000e+02 8.956121260276979079e-01
3.900000000000000000e+02 8.937631280907353259e-01
3.910000000000000000e+02 8.900442439714486564e-01
3.920000000000000000e+02 8.831685914238454060e-01
3.930000000000000000e+02 8.809534962681643266e-01
3.940000000000000000e+02 8.774391347141702324e-01
3.950000000000000000e+02 8.716540408633236536e-01
3.960000000000000000e+02 8.670327117639815562e-01
3.970000000000000000e+02 8.621807902216614972e-01
3.980000000000000000e+02 8.579314675787061972e-01
3.990000000000000000e+02 8.546874985718876383e-01
4.000000000000000000e+02 8.470670840851388661e-01
4.010000000000000000e+02 8.412881818177159188e-01
4.020000000000000000e+02 8.385367895007860284e-01
4.030000000000000000e+02 8.359090890415894481e-01
4.040000000000000000e+02 8.283668782582451762e-01
4.050000000000000000e+02 8.232532426840946105e-01
4.060000000000000000e+02 8.202677344118801672e-01
4.070000000000000000e+02 8.179363782436414043e-01
4.080000000000000000e+02 8.137686050341385036e-01
4.090000000000000000e+02 8.103910235671879514e-01
4.100000000000000000e+02 8.080937639468749323e-01
4.110000000000000000e+02 8.050009046510689936e-01
4.120000000000000000e+02 7.998989135496544778e-01
4.130000000000000000e+02 7.939548638726641183e-01
4.140000000000000000e+02 7.897471628317228598e-01
4.150000000000000000e+02 7.842831686729165863e-01
4.160000000000000000e+02 7.815111374464138727e-01
4.170000000000000000e+02 7.748018914595142803e-01
4.180000000000000000e+02 7.714718204945745228e-01
4.190000000000000000e+02 7.672329719432667838e-01
4.200000000000000000e+02 7.622649368791472035e-01
4.210000000000000000e+02 7.584258167140796036e-01
4.220000000000000000e+02 7.544499658158121402e-01
4.230000000000000000e+02 7.519777615565162998e-01
4.240000000000000000e+02 7.454175518317163185e-01
4.250000000000000000e+02 7.402886387565025261e-01
4.260000000000000000e+02 7.383791450048958760e-01
4.270000000000000000e+02 7.325071308221641209e-01
4.280000000000000000e+02 7.300343540120519670e-01
4.290000000000000000e+02 7.264246231782807151e-01
4.300000000000000000e+02 7.244275998557807572e-01
4.310000000000000000e+02 7.174570934617582330e-01
4.320000000000000000e+02 7.119778941833802000e-01
4.330000000000000000e+02 7.073843413189601081e-01
4.340000000000000000e+02 7.048143504993463759e-01
4.350000000000000000e+02 7.031490704337771680e-01
4.360000000000000000e+02 6.994808714658922177e-01
4.370000000000000000e+02 6.965080631750824036e-01
4.380000000000000000e+02 6.938854545772618065e-01
4.390000000000000000e+02 6.906718976167016688e-01
4.400000000000000000e+02 6.883040013233446830e-01
4.410000000000000000e+02 6.853363705458346278e-01
4.420000000000000000e+02 6.830766846831102246e-01
4.430000000000000000e+02 6.807321034100762835e-01
4.440000000000000000e+02 6.770494180905740622e-01
4.450000000000000000e+02 6.727520041544406970e-01
4.460000000000000000e+02 6.711331775394152599e-01
4.470000000000000000e+02 6.704188111034510289e-01
4.480000000000000000e+02 6.667669703554249816e-01
4.490000000000000000e+02 6.628534701139514596e-01
4.500000000000000000e+02 6.596324604208144704e-01
4.510000000000000000e+02 6.539966999253282731e-01
4.520000000000000000e+02 6.511347530478049928e-01
4.530000000000000000e+02 6.485595853973352698e-01
4.540000000000000000e+02 6.429276923932368826e-01
4.550000000000000000e+02 6.399203999622004035e-01
4.560000000000000000e+02 6.374394653614985362e-01
4.570000000000000000e+02 6.356801937166566274e-01
4.580000000000000000e+02 6.333067396163617468e-01
4.590000000000000000e+02 6.311653450366176976e-01
4.600000000000000000e+02 6.286243745657119630e-01
4.610000000000000000e+02 6.260217209991293386e-01
4.620000000000000000e+02 6.217433103603539069e-01
4.630000000000000000e+02 6.205373173765263983e-01
4.640000000000000000e+02 6.162912287033593950e-01
4.650000000000000000e+02 6.113715350641723001e-01
4.660000000000000000e+02 6.094367102553490678e-01
4.670000000000000000e+02 6.069185427295817892e-01
4.680000000000000000e+02 6.027539322852341064e-01
4.690000000000000000e+02 6.020898273384180932e-01
4.700000000000000000e+02 5.982643619850954719e-01
4.710000000000000000e+02 5.946779876287067168e-01
4.720000000000000000e+02 5.912291961467025514e-01
4.730000000000000000e+02 5.846164584205758574e-01
4.740000000000000000e+02 5.804030278947565069e-01
4.750000000000000000e+02 5.791989862948996315e-01
4.760000000000000000e+02 5.763787586698851939e-01
4.770000000000000000e+02 5.737744741892485401e-01
4.780000000000000000e+02 5.695407713933403615e-01
4.790000000000000000e+02 5.679627396058976041e-01
4.800000000000000000e+02 5.652210498053946708e-01
4.810000000000000000e+02 5.630664658551969293e-01
4.820000000000000000e+02 5.610974783969215895e-01
4.830000000000000000e+02 5.580923757820793751e-01
4.840000000000000000e+02 5.546060711048214076e-01
4.850000000000000000e+02 5.526664439162283227e-01
4.860000000000000000e+02 5.493385983096407132e-01
4.870000000000000000e+02 5.469572676617556750e-01
4.880000000000000000e+02 5.464743286750352036e-01
4.890000000000000000e+02 5.429835174875073944e-01
4.900000000000000000e+02 5.419729135687064714e-01
4.910000000000000000e+02 5.403045388642618851e-01
4.920000000000000000e+02 5.351952234189080171e-01
4.930000000000000000e+02 5.304169481897971217e-01
4.940000000000000000e+02 5.269610540812769139e-01
4.950000000000000000e+02 5.249719854619832038e-01
4.960000000000000000e+02 5.228664781993505040e-01
4.970000000000000000e+02 5.209462908832621642e-01
4.980000000000000000e+02 5.197354246294891844e-01
4.990000000000000000e+02 5.186826013637317878e-01
5.000000000000000000e+02 5.135217130009741560e-01
5.010000000000000000e+02 5.124132487293552307e-01
5.020000000000000000e+02 5.103641477810928473e-01
5.030000000000000000e+02 5.081505730229894935e-01
5.040000000000000000e+02 5.067070283817420862e-01
5.050000000000000000e+02 5.036534480086672927e-01
5.060000000000000000e+02 4.998631906044943007e-01
5.070000000000000000e+02 4.973873530011004851e-01
5.080000000000000000e+02 4.947383672456011627e-01
5.090000000000000000e+02 4.921923252420632444e-01
5.100000000000000000e+02 4.904521815170865828e-01
5.110000000000000000e+02 4.881029018330240166e-01
5.120000000000000000e+02 4.857508099745171948e-01
5.130000000000000000e+02 4.849945364593093999e-01
5.140000000000000000e+02 4.831596894404519005e-01
5.150000000000000000e+02 4.822741063160008168e-01
5.160000000000000000e+02 4.785945917499893065e-01
5.170000000000000000e+02 4.771423789314868658e-01
5.180000000000000000e+02 4.742093702372430775e-01
5.190000000000000000e+02 4.733743699391898541e-01
5.200000000000000000e+02 4.706707352587113369e-01
5.210000000000000000e+02 4.674161949122528914e-01
5.220000000000000000e+02 4.663922483564476584e-01
5.230000000000000000e+02 4.637017250262310264e-01
5.240000000000000000e+02 4.606953672603639749e-01
5.250000000000000000e+02 4.592445869017126592e-01
5.260000000000000000e+02 4.588270971289335476e-01
5.270000000000000000e+02 4.583523958817987132e-01
5.280000000000000000e+02 4.544060524296405501e-01
5.290000000000000000e+02 4.520479815026726689e-01
5.300000000000000000e+02 4.513806752870580530e-01
5.310000000000000000e+02 4.486341472250790496e-01
5.320000000000000000e+02 4.475063630553867133e-01
5.330000000000000000e+02 4.457620504340504275e-01
5.340000000000000000e+02 4.445240782686271097e-01
5.350000000000000000e+02 4.428949661427367679e-01
5.360000000000000000e+02 4.391836644592417849e-01
5.370000000000000000e+02 4.377489390856850737e-01
5.380000000000000000e+02 4.361766672900772579e-01
5.390000000000000000e+02 4.336465324180178160e-01
5.400000000000000000e+02 4.308768322808248508e-01
5.410000000000000000e+02 4.293644841990902905e-01
5.420000000000000000e+02 4.275795382123398491e-01
5.430000000000000000e+02 4.231507795208833689e-01
5.440000000000000000e+02 4.201370919100904100e-01
5.450000000000000000e+02 4.174866570864875226e-01
5.460000000000000000e+02 4.163996430899352674e-01
5.470000000000000000e+02 4.147632686431107496e-01
5.480000000000000000e+02 4.127632339896473157e-01
5.490000000000000000e+02 4.108884343148074825e-01
5.500000000000000000e+02 4.094778269680217075e-01
5.510000000000000000e+02 4.074879144931655151e-01
5.520000000000000000e+02 4.064731914336915941e-01
5.530000000000000000e+02 4.060167130798568724e-01
5.540000000000000000e+02 4.029438574458523159e-01
5.550000000000000000e+02 4.007638815870723792e-01
5.560000000000000000e+02 3.997219884183882965e-01
5.570000000000000000e+02 3.978590748800042154e-01
5.580000000000000000e+02 3.964223022158681053e-01
5.590000000000000000e+02 3.942028993727091368e-01
5.600000000000000000e+02 3.929354859764030983e-01
5.610000000000000000e+02 3.918567267390135056e-01
5.620000000000000000e+02 3.896372210168189132e-01
5.630000000000000000e+02 3.891122923177890436e-01
5.640000000000000000e+02 3.873170864284870563e-01
5.650000000000000000e+02 3.854513485041972110e-01
5.660000000000000000e+02 3.835825762841537090e-01
5.670000000000000000e+02 3.810801800834786035e-01
5.680000000000000000e+02 3.800171852584132148e-01
5.690000000000000000e+02 3.769176522339337532e-01
5.700000000000000000e+02 3.757407323788230502e-01
5.710000000000000000e+02 3.730539567013787527e-01
5.720000000000000000e+02 3.725172142439157064e-01
5.730000000000000000e+02 3.706926706436292629e-01
5.740000000000000000e+02 3.677284907466891739e-01
5.750000000000000000e+02 3.667206089444013939e-01
5.760000000000000000e+02 3.661637307536736441e-01
5.770000000000000000e+02 3.636271091070979455e-01
5.780000000000000000e+02 3.627805129640721549e-01
5.790000000000000000e+02 3.605980827916557274e-01
5.800000000000000000e+02 3.601219587760546292e-01
5.810000000000000000e+02 3.582204838625067667e-01
5.820000000000000000e+02 3.567493547781808161e-01
5.830000000000000000e+02 3.557717074843941285e-01
5.840000000000000000e+02 3.550540290842185143e-01
5.850000000000000000e+02 3.518165753253224004e-01
5.860000000000000000e+02 3.512972432469201323e-01
5.870000000000000000e+02 3.504050442746852734e-01
5.880000000000000000e+02 3.496743212401535739e-01
5.890000000000000000e+02 3.479128292208677475e-01
5.900000000000000000e+02 3.461782290285984054e-01
5.910000000000000000e+02 3.454273340782437196e-01
5.920000000000000000e+02 3.446800855098892669e-01
5.930000000000000000e+02 3.440849007335297083e-01
5.940000000000000000e+02 3.427660146562636623e-01
5.950000000000000000e+02 3.405387426349825164e-01
5.960000000000000000e+02 3.398244802684040611e-01
5.970000000000000000e+02 3.390685281839461163e-01
5.980000000000000000e+02 3.372845164154523179e-01
5.990000000000000000e+02 3.357560332494223254e-01
6.000000000000000000e+02 3.353142502067212871e-01
6.010000000000000000e+02 3.336382187190043425e-01
6.020000000000000000e+02 3.318711542476076026e-01
6.030000000000000000e+02 3.299670565577582648e-01
6.040000000000000000e+02 3.288002362853283955e-01
6.050000000000000000e+02 3.277144504939658587e-01
6.060000000000000000e+02 3.259696594414407400e-01
6.070000000000000000e+02 3.240691734870863594e-01
6.080000000000000000e+02 3.220611645010325041e-01
6.090000000000000000e+02 3.210996121319492635e-01
6.100000000000000000e+02 3.202894852801033698e-01
6.110000000000000000e+02 3.187373594609120286e-01
6.120000000000000000e+02 3.172066353173139674e-01
6.130000000000000000e+02 3.162597110398687739e-01
6.140000000000000000e+02 3.153913113413228664e-01
6.150000000000000000e+02 3.126932130012827771e-01
6.160000000000000000e+02 3.116507344046439698e-01
6.170000000000000000e+02 3.107468812673047642e-01
6.180000000000000000e+02 3.105478968329095091e-01
6.190000000000000000e+02 3.102450908335399604e-01
6.200000000000000000e+02 3.083493867759550811e-01
6.210000000000000000e+02 3.069193744040217275e-01
6.220000000000000000e+02 3.045509416073746700e-01
6.230000000000000000e+02 3.044488753793135327e-01
6.240000000000000000e+02 3.039146115531651260e-01
6.250000000000000000e+02 3.027615150773897978e-01
6.260000000000000000e+02 3.009757870431659099e-01
6.270000000000000000e+02 2.992149115101234158e-01
6.280000000000000000e+02 2.984583268754995578e-01
6.290000000000000000e+02 2.971229750500915534e-01
6.300000000000000000e+02 2.954401294421088453e-01
6.310000000000000000e+02 2.948524335304415489e-01
6.320000000000000000e+02 2.944912567828079086e-01
6.330000000000000000e+02 2.931269946591235631e-01
6.340000000000000000e+02 2.920177989325065115e-01
6.350000000000000000e+02 2.905580484054637314e-01
6.360000000000000000e+02 2.883173580517991996e-01
6.370000000000000000e+02 2.864206519320524058e-01
6.380000000000000000e+02 2.856066363485638138e-01
6.390000000000000000e+02 2.850262890987337316e-01
6.400000000000000000e+02 2.846130679024082566e-01
6.410000000000000000e+02 2.834274679422844612e-01
6.420000000000000000e+02 2.822229870943341323e-01
6.430000000000000000e+02 2.813777067693989387e-01
6.440000000000000000e+02 2.802213919410709853e-01
6.450000000000000000e+02 2.794870941299539280e-01
6.460000000000000000e+02 2.791422296083836407e-01
6.470000000000000000e+02 2.776277390136734358e-01
6.480000000000000000e+02 2.769461442697869757e-01
6.490000000000000000e+02 2.758406897158384163e-01
6.500000000000000000e+02 2.757141054099192523e-01
6.510000000000000000e+02 2.741595327727117670e-01
6.520000000000000000e+02 2.731671657688470312e-01
6.530000000000000000e+02 2.717812930564201257e-01
6.540000000000000000e+02 2.710899227003689127e-01
6.550000000000000000e+02 2.691908111861283093e-01
6.560000000000000000e+02 2.685932155950908062e-01
6.570000000000000000e+02 2.671142612522337534e-01
6.580000000000000000e+02 2.660037195492321871e-01
6.590000000000000000e+02 2.655914716380335938e-01
6.600000000000000000e+02 2.651835813634380590e-01
6.610000000000000000e+02 2.646274408844642156e-01
6.620000000000000000e+02 2.640970322706762685e-01
6.630000000000000000e+02 2.626619421789494480e-01
6.640000000000000000e+02 2.616650244019479987e-01
6.650000000000000000e+02 2.596543137922052158e-01
6.660000000000000000e+02 2.586617439365299087e-01
6.670000000000000000e+02 2.573065771157881931e-01
6.680000000000000000e+02 2.566343219573870571e-01
6.690000000000000000e+02 2.551197312155501495e-01
6.700000000000000000e+02 2.542759822695846994e-01
6.710000000000000000e+02 2.538469834414735504e-01
6.720000000000000000e+02 2.517921383735594598e-01
6.730000000000000000e+02 2.502107548757629973e-01
6.740000000000000000e+02 2.494516136491553848e-01
6.750000000000000000e+02 2.491194684528465764e-01
6.760000000000000000e+02 2.483658794485416876e-01
6.770000000000000000e+02 2.481234649703218387e-01
6.780000000000000000e+02 2.472738617795955662e-01
6.790000000000000000e+02 2.468756266278450406e-01
6.800000000000000000e+02 2.463881377257799155e-01
6.810000000000000000e+02 2.440201857263548935e-01
6.820000000000000000e+02 2.422558596811895948e-01
6.830000000000000000e+02 2.415114280545054004e-01
6.840000000000000000e+02 2.410985306798437977e-01
6.850000000000000000e+02 2.401429458410367646e-01
6.860000000000000000e+02 2.396986257172792345e-01
6.870000000000000000e+02 2.384166129845596838e-01
6.880000000000000000e+02 2.374756761252939663e-01
6.890000000000000000e+02 2.366678747226256818e-01
6.900000000000000000e+02 2.353472870215208845e-01
6.910000000000000000e+02 2.336316326611769523e-01
6.920000000000000000e+02 2.319943933181408680e-01
6.930000000000000000e+02 2.308610722041406771e-01
6.940000000000000000e+02 2.291689206844647331e-01
6.950000000000000000e+02 2.275389524046327328e-01
6.960000000000000000e+02 2.269097983115821726e-01
6.970000000000000000e+02 2.264477052300907511e-01
6.980000000000000000e+02 2.240515799412676479e-01
6.990000000000000000e+02 2.219661031649386440e-01
7.000000000000000000e+02 2.212608722358872237e-01
7.010000000000000000e+02 2.204489525187078025e-01
7.020000000000000000e+02 2.195766959328144807e-01
7.030000000000000000e+02 2.188085282359417405e-01
7.040000000000000000e+02 2.182408733461043693e-01
7.050000000000000000e+02 2.169814561582348034e-01
7.060000000000000000e+02 2.157619772715881346e-01
7.070000000000000000e+02 2.155435004868977711e-01
7.080000000000000000e+02 2.140080167137076161e-01
7.090000000000000000e+02 2.133340933097432612e-01
7.100000000000000000e+02 2.123115258348045875e-01
7.110000000000000000e+02 2.109259082325208867e-01
7.120000000000000000e+02 2.106185024966538422e-01
7.130000000000000000e+02 2.104255009317974878e-01
7.140000000000000000e+02 2.095255349052929650e-01
7.150000000000000000e+02 2.088421774076642534e-01
7.160000000000000000e+02 2.078033412042397388e-01
7.170000000000000000e+02 2.064480150436301120e-01
7.180000000000000000e+02 2.059564130782499392e-01
7.190000000000000000e+02 2.032138191317451326e-01
7.200000000000000000e+02 2.017435140173826635e-01
7.210000000000000000e+02 2.005235780527977185e-01
7.220000000000000000e+02 1.995318496762510663e-01
7.230000000000000000e+02 1.977487285607023859e-01
7.240000000000000000e+02 1.964344946627140098e-01
7.250000000000000000e+02 1.960033928303326067e-01
7.260000000000000000e+02 1.950691540122910517e-01
7.270000000000000000e+02 1.944101678913915388e-01
7.280000000000000000e+02 1.933863935867747297e-01
7.290000000000000000e+02 1.922389998720179238e-01
7.300000000000000000e+02 1.919463461364201151e-01
7.310000000000000000e+02 1.913885061501305329e-01
7.320000000000000000e+02 1.900960411919257187e-01
7.330000000000000000e+02 1.895368417792180626e-01
7.340000000000000000e+02 1.887883102842799476e-01
7.350000000000000000e+02 1.886744095319139447e-01
7.360000000000000000e+02 1.868242003209971414e-01
7.370000000000000000e+02 1.858458177053665394e-01
7.380000000000000000e+02 1.846154929056635918e-01
7.390000000000000000e+02 1.844278554809885839e-01
7.400000000000000000e+02 1.835295942592997387e-01
7.410000000000000000e+02 1.825145364000743120e-01
7.420000000000000000e+02 1.802547468049509050e-01
7.430000000000000000e+02 1.796353606426690508e-01
7.440000000000000000e+02 1.782938433576378434e-01
7.450000000000000000e+02 1.780631894104520441e-01
7.460000000000000000e+02 1.776809204707798240e-01
7.470000000000000000e+02 1.773995386817826536e-01
7.480000000000000000e+02 1.764852526363061280e-01
7.490000000000000000e+02 1.759510921457417831e-01
7.500000000000000000e+02 1.753582241782775386e-01
7.510000000000000000e+02 1.742369369642077781e-01
7.520000000000000000e+02 1.740380608087198078e-01
7.530000000000000000e+02 1.725548767367256486e-01
7.540000000000000000e+02 1.721449147502412680e-01
7.550000000000000000e+02 1.712510070038683330e-01
7.560000000000000000e+02 1.703384640641495695e-01
7.570000000000000000e+02 1.695822934526376169e-01
7.580000000000000000e+02 1.675064903624771395e-01
7.590000000000000000e+02 1.672591174670557956e-01
7.600000000000000000e+02 1.669027122760613213e-01
7.610000000000000000e+02 1.666010111304513930e-01
7.620000000000000000e+02 1.651979798597267846e-01
7.630000000000000000e+02 1.645426717732992317e-01
7.640000000000000000e+02 1.625046020525083290e-01
7.650000000000000000e+02 1.619046231708339834e-01
7.660000000000000000e+02 1.611560849897328285e-01
7.670000000000000000e+02 1.607924634037111999e-01
7.680000000000000000e+02 1.595842641480313406e-01
7.690000000000000000e+02 1.584190739339792209e-01
7.700000000000000000e+02 1.578299710695506564e-01
7.710000000000000000e+02 1.571413904627034785e-01
7.720000000000000000e+02 1.568883605937410330e-01
7.730000000000000000e+02 1.561160153521994609e-01
7.740000000000000000e+02 1.550288410551042828e-01
7.750000000000000000e+02 1.539056523574325874e-01
7.760000000000000000e+02 1.529922528472602850e-01
7.770000000000000000e+02 1.527276433906170072e-01
7.780000000000000000e+02 1.522330435560219075e-01
7.790000000000000000e+02 1.518151675202623341e-01
7.800000000000000000e+02 1.509830120762239714e-01
7.810000000000000000e+02 1.490901838955255021e-01
7.820000000000000000e+02 1.485753908606951557e-01
7.830000000000000000e+02 1.482219837642207994e-01
7.840000000000000000e+02 1.467991305226494514e-01
7.850000000000000000e+02 1.462911680106386558e-01
7.860000000000000000e+02 1.455255969608933442e-01
7.870000000000000000e+02 1.451817548372903721e-01
7.880000000000000000e+02 1.448761708582798902e-01
7.890000000000000000e+02 1.435612241990734117e-01
7.900000000000000000e+02 1.432423350595025124e-01
7.910000000000000000e+02 1.429012638495646137e-01
7.920000000000000000e+02 1.421220171289961365e-01
7.930000000000000000e+02 1.413105351199269721e-01
7.940000000000000000e+02 1.403024617653963468e-01
7.950000000000000000e+02 1.397393815116157734e-01
7.960000000000000000e+02 1.391425205944215870e-01
7.970000000000000000e+02 1.386807865441083976e-01
7.980000000000000000e+02 1.384677366692416978e-01
7.990000000000000000e+02 1.381294422114444642e-01
8.000000000000000000e+02 1.374638611041854031e-01
8.010000000000000000e+02 1.365701640783563708e-01
8.020000000000000000e+02 1.357151125186218388e-01
8.030000000000000000e+02 1.352995865930178288e-01
8.040000000000000000e+02 1.344372376962863769e-01
8.050000000000000000e+02 1.338386842993547488e-01
8.060000000000000000e+02 1.327520045492122658e-01
8.070000000000000000e+02 1.323853551505280446e-01
8.080000000000000000e+02 1.321009709352418127e-01
8.090000000000000000e+02 1.316985498699359269e-01
8.100000000000000000e+02 1.313473789975739547e-01
8.110000000000000000e+02 1.309504563540650202e-01
8.120000000000000000e+02 1.309049724375969392e-01
8.130000000000000000e+02 1.297881237323762205e-01
8.140000000000000000e+02 1.295183602020717473e-01
8.150000000000000000e+02 1.293735069760489909e-01
8.160000000000000000e+02 1.286651672215744779e-01
8.170000000000000000e+02 1.283982407840833506e-01
8.180000000000000000e+02 1.279607275222924556e-01
8.190000000000000000e+02 1.278559269808597909e-01
8.200000000000000000e+02 1.270621218015135778e-01
8.210000000000000000e+02 1.268843124474754169e-01
8.220000000000000000e+02 1.258570681336606822e-01
8.230000000000000000e+02 1.255884450872881697e-01
8.240000000000000000e+02 1.254741127633189346e-01
8.250000000000000000e+02 1.253209096259820521e-01
8.260000000000000000e+02 1.247406674905089524e-01
8.270000000000000000e+02 1.243217373650471608e-01
8.280000000000000000e+02 1.238516157039606241e-01
8.290000000000000000e+02 1.233486132381108880e-01
8.300000000000000000e+02 1.220748455476254046e-01
8.310000000000000000e+02 1.210077793999073531e-01
8.320000000000000000e+02 1.203554974165926966e-01
8.330000000000000000e+02 1.196819621656827759e-01
8.340000000000000000e+02 1.193628373659916808e-01
8.350000000000000000e+02 1.183778099643948006e-01
8.360000000000000000e+02 1.177865017390719582e-01
8.370000000000000000e+02 1.167417420409950224e-01
8.380000000000000000e+02 1.166112195644825461e-01
8.390000000000000000e+02 1.161486658231240948e-01
8.400000000000000000e+02 1.154236617043935126e-01
8.410000000000000000e+02 1.152352105991375636e-01
8.420000000000000000e+02 1.150954942316652907e-01
8.430000000000000000e+02 1.135855302706334086e-01
8.440000000000000000e+02 1.122731837364911306e-01
8.450000000000000000e+02 1.116132470071537069e-01
8.460000000000000000e+02 1.112508801922829499e-01
8.470000000000000000e+02 1.106568794804566463e-01
8.480000000000000000e+02 1.099133170276050953e-01
8.490000000000000000e+02 1.096199948344746961e-01
8.500000000000000000e+02 1.091637593560951525e-01
8.510000000000000000e+02 1.081342507104768175e-01
8.520000000000000000e+02 1.077699614850101684e-01
8.530000000000000000e+02 1.073268079681918979e-01
8.540000000000000000e+02 1.070406282867133602e-01
8.550000000000000000e+02 1.068406360978477604e-01
8.560000000000000000e+02 1.067673910323686248e-01
8.570000000000000000e+02 1.054692140812832496e-01
8.580000000000000000e+02 1.046907416743183827e-01
8.590000000000000000e+02 1.045764947679690693e-01
8.600000000000000000e+02 1.038597911559930587e-01
8.610000000000000000e+02 1.037152387773136175e-01
8.620000000000000000e+02 1.034573713700301240e-01
8.630000000000000000e+02 1.032727588407645336e-01
8.640000000000000000e+02 1.030429889282005185e-01
8.650000000000000000e+02 1.028354002360403613e-01
8.660000000000000000e+02 1.021588706749146785e-01
8.670000000000000000e+02 1.017816746990280879e-01
8.680000000000000000e+02 1.011811677968776912e-01
8.690000000000000000e+02 1.007798564368265898e-01
8.700000000000000000e+02 1.003423264378568575e-01
8.710000000000000000e+02 9.960990310541389947e-02
8.720000000000000000e+02 9.854330183647797003e-02
8.730000000000000000e+02 9.784882814511858262e-02
8.740000000000000000e+02 9.775948153810681829e-02
8.750000000000000000e+02 9.724516059839885540e-02
8.760000000000000000e+02 9.699736456782713512e-02
8.770000000000000000e+02 9.625312290513660107e-02
8.780000000000000000e+02 9.557641608333246330e-02
8.790000000000000000e+02 9.507747065652390195e-02
8.800000000000000000e+02 9.496452311376045452e-02
8.810000000000000000e+02 9.370753809614136565e-02
8.820000000000000000e+02 9.345941123809937967e-02
8.830000000000000000e+02 9.252858475916934944e-02
8.840000000000000000e+02 9.236450272219175195e-02
8.850000000000000000e+02 9.172481158801326639e-02
8.860000000000000000e+02 9.160427145917018898e-02
8.870000000000000000e+02 9.117454225487867103e-02
8.880000000000000000e+02 9.092518749962009983e-02
8.890000000000000000e+02 9.014952339196784237e-02
8.900000000000000000e+02 8.930542431785407076e-02
8.910000000000000000e+02 8.886132998261472848e-02
8.920000000000000000e+02 8.865431678984295183e-02
8.930000000000000000e+02 8.854232536265550790e-02
8.940000000000000000e+02 8.841770916350769061e-02
8.950000000000000000e+02 8.820726316071204887e-02
8.960000000000000000e+02 8.808215853975789877e-02
8.970000000000000000e+02 8.759341286878073729e-02
8.980000000000000000e+02 8.680021619809853706e-02
8.990000000000000000e+02 8.591022524388630677e-02
9.000000000000000000e+02 8.584610612704386690e-02
9.010000000000000000e+02 8.565017733374964692e-02
9.020000000000000000e+02 8.540431393787557834e-02
9.030000000000000000e+02 8.524911880683344600e-02
9.040000000000000000e+02 8.508934153565957115e-02
9.050000000000000000e+02 8.478869992317127069e-02
9.060000000000000000e+02 8.455568240720377771e-02
9.070000000000000000e+02 8.446085928919309926e-02
9.080000000000000000e+02 8.335928381366632112e-02
9.090000000000000000e+02 8.324539270093332666e-02
9.100000000000000000e+02 8.307695209434003136e-02
9.110000000000000000e+02 8.272021678813933077e-02
9.120000000000000000e+02 8.249243409101356117e-02
9.130000000000000000e+02 8.232318011451443540e-02
9.140000000000000000e+02 8.211064653462944729e-02
9.150000000000000000e+02 8.107296555243895253e-02
9.160000000000000000e+02 8.088936883346746487e-02
9.170000000000000000e+02 8.084713125757578278e-02
9.180000000000000000e+02 8.079164704336481984e-02
9.190000000000000000e+02 8.074932701605058716e-02
9.200000000000000000e+02 8.054061011935290115e-02
9.210000000000000000e+02 8.035081684086804732e-02
9.220000000000000000e+02 7.983078498880713525e-02
9.230000000000000000e+02 7.937458706852038026e-02
9.240000000000000000e+02 7.931174295618559356e-02
9.250000000000000000e+02 7.920715020068010148e-02
9.260000000000000000e+02 7.846547009799770267e-02
9.270000000000000000e+02 7.771832619000622333e-02
9.280000000000000000e+02 7.719763183011364716e-02
9.290000000000000000e+02 7.675082590681701900e-02
9.300000000000000000e+02 7.652538707633894932e-02
9.310000000000000000e+02 7.635340990442315845e-02
9.320000000000000000e+02 7.565875791561896269e-02
9.330000000000000000e+02 7.553702970565553954e-02
9.340000000000000000e+02 7.536359753260180039e-02
9.350000000000000000e+02 7.526211451705538957e-02
9.360000000000000000e+02 7.517436448847325536e-02
9.370000000000000000e+02 7.507639429578526202e-02
9.380000000000000000e+02 7.496549035655827864e-02
9.390000000000000000e+02 7.486341295643335336e-02
9.400000000000000000e+02 7.394179089478940259e-02
9.410000000000000000e+02 7.392100559549001637e-02
9.420000000000000000e+02 7.305934669377484036e-02
9.430000000000000000e+02 7.259808914236372257e-02
9.440000000000000000e+02 7.197609831328617702e-02
9.450000000000000000e+02 7.189829767489501477e-02
9.460000000000000000e+02 7.183003630935659578e-02
9.470000000000000000e+02 7.121449035996610388e-02
9.480000000000000000e+02 7.103612937465141053e-02
9.490000000000000000e+02 7.096890062816828271e-02
9.500000000000000000e+02 7.058498395418695559e-02
9.510000000000000000e+02 6.999525406423576235e-02
9.520000000000000000e+02 6.992393924399858962e-02
9.530000000000000000e+02 6.893211361640681767e-02
9.540000000000000000e+02 6.844171715481532636e-02
9.550000000000000000e+02 6.836198915912371221e-02
9.560000000000000000e+02 6.825993563526852603e-02
9.570000000000000000e+02 6.767097568560384580e-02
9.580000000000000000e+02 6.750679126207667635e-02
9.590000000000000000e+02 6.743477904492865826e-02
9.600000000000000000e+02 6.742196127239966086e-02
9.610000000000000000e+02 6.735696124715882804e-02
9.620000000000000000e+02 6.719489500332867515e-02
9.630000000000000000e+02 6.694037968141310080e-02
9.640000000000000000e+02 6.609438129894806835e-02
9.650000000000000000e+02 6.599365504790290216e-02
9.660000000000000000e+02 6.595001163614712392e-02
9.670000000000000000e+02 6.593656956111028367e-02
9.680000000000000000e+02 6.582523429692901940e-02
9.690000000000000000e+02 6.471589990234477563e-02
9.700000000000000000e+02 6.382011744093445127e-02
9.710000000000000000e+02 6.347342541090326973e-02
9.720000000000000000e+02 6.275090854752977954e-02
9.730000000000000000e+02 6.267022969570620883e-02
9.740000000000000000e+02 6.252893123461455982e-02
9.750000000000000000e+02 6.174568016144408450e-02
9.760000000000000000e+02 6.167977539799296416e-02
9.770000000000000000e+02 6.158576716923672145e-02
9.780000000000000000e+02 6.149114190414405046e-02
9.790000000000000000e+02 6.057259338116032649e-02
9.800000000000000000e+02 6.046489728700048250e-02
9.810000000000000000e+02 6.019928936358424909e-02
9.820000000000000000e+02 6.007489708994865479e-02
9.830000000000000000e+02 5.899982877863085146e-02
9.840000000000000000e+02 5.855575566360285422e-02
9.850000000000000000e+02 5.839310990193594120e-02
9.860000000000000000e+02 5.831479020245636941e-02
9.870000000000000000e+02 5.804491625302035662e-02
9.880000000000000000e+02 5.783853712511202033e-02
9.890000000000000000e+02 5.780769623887713898e-02
9.900000000000000000e+02 5.765751423903611728e-02
9.910000000000000000e+02 5.753538525396014597e-02
9.920000000000000000e+02 5.735199053605783553e-02
9.930000000000000000e+02 5.704914567813076931e-02
9.940000000000000000e+02 5.695734709183387229e-02
9.950000000000000000e+02 5.687429024066899957e-02
9.960000000000000000e+02 5.646657615295481297e-02
9.970000000000000000e+02 5.637821679061533892e-02
9.980000000000000000e+02 5.623796747585850520e-02
9.990000000000000000e+02 5.604776924502536534e-02
1.000000000000000000e+03 5.585991073893566833e-02
