1	2421.8410841572213
2	2113.654600593505
3	1756.0565666961772
4	1756.0565666961772
5	1753.2639075803527
6	1531.4917306186408
7	1525.4164553855665
8	1459.6922750508563
9	1200.5966955895221
10	1117.4970064488484
11	950.0702742941821
12	872.8057674801267
13	832.3498879599813
14	832.3498879599813
15	781.7284547458057
16	666.9435247551497
17	666.9435247551497
18	633.3303558768553
19	541.5430683736698
20	485.58097161505805
21	485.58097161505805
22	436.03721305940456
23	393.59542947591524
24	386.48446274103907
25	351.3730593517319
26	327.0887014616553
27	327.0887014616553
28	299.6395324117093
29	275.8861765550188
30	273.2521699567148
31	251.3517305847012
32	250.55794705543667
33	247.72837890884466
34	228.42936971594517
35	221.31643116211217
36	204.383619038083
37	200.79011078336336
38	189.32607054916565
39	184.95410681820664
40	181.00785588976004
41	163.65747846824183
42	163.29017573094114
43	163.29017573094114
44	158.88614534869777
45	139.34951177497072
46	139.34951177497072
47	139.34951177497072
48	128.87708949672546
49	128.87708949672546
50	121.8765295141128
51	113.39653413023343
52	110.90715172466298
53	99.57590251513516
54	98.70062985088595
55	87.75503114466659
56	87.75503114466659
57	79.35384961483844
58	79.35384961483844
59	75.1199414439842
60	65.69476793037876
61	65.69476793037876
62	64.63032915370323
63	57.02168645685488
64	57.02168645685488
65	56.258478082832916
66	45.0414404786615
67	45.0414404786615
68	44.148077594389015
69	40.04596903045396
70	38.310997869995475
71	38.310997869995475
72	34.53205692842015
73	34.53205692842015
74	31.371282613176284
75	31.371282613176284
76	30.51266896501216
77	29.16115816352489
78	27.9309325387675
79	25.905225637553624
80	23.34153692596766
81	23.34153692596766
82	23.34153692596766
83	20.120425830325306
84	20.120425830325306
85	18.238586330380883
86	18.238586330380883
87	17.926237059793706
88	17.926237059793706
89	17.926237059793706
90	16.800593218265405
91	15.831118053860882
92	15.831118053860882
93	14.718036259873534
94	14.193702948987033
95	13.731779434217021
96	12.952554234289618
97	12.506870417566127
98	11.941024339606447
99	11.941024339606447
100	10.568577369378698
101	10.568577369378698
102	10.496854932666231
103	9.763072523538272
104	9.587364920808733
105	9.587364920808733
106	8.955977536391028
107	8.369799754859681
108	6.874602847593049
109	6.874602847593049
110	6.874602847593049
111	6.874602847593049
112	6.865209249314107
113	6.865209249314107
114	6.342559630159069
115	5.941623322945575
116	5.941623322945575
117	5.941623322945575
118	5.287095826472148
119	5.287095826472148
120	4.917441743635006
121	4.917441743635006
122	4.6026160183364775
123	4.454211685031282
124	4.454211685031282
125	4.449451714517095
126	3.9473790339717723
127	3.9473790339717723
128	3.7985019847116566
129	3.466596070736085
130	3.466596070736085
131	3.264777199287465
132	2.910864620646094
133	2.910864620646094
134	2.6704456117993502
135	2.6704456117993502
136	2.563280646146036
137	2.563280646146036
138	2.563280646146036
139	2.5596298585142594
140	2.3598203810497655
141	2.3598203810497655
142	2.1323404562362365
143	2.1323404562362365
144	2.1323404562362365
145	2.1323404562362365
146	2.107500486498471
147	1.9265337767531432
148	1.8701111025578923
149	1.8423220854052063
150	1.8423220854052063
151	1.7733331628684956
152	1.5377066899668625
153	1.5377066899668625
154	1.5168726226334555
155	1.4198354609024375
156	1.4198354609024375
157	1.4198354609024375
158	1.3510654770188433
159	1.314697521315938
160	1.314697521315938
161	1.2844777401160843
162	1.282733973744688
163	1.282733973744688
164	1.2042622715572415
165	1.2042622715572415
166	1.1087100286935858
167	1.1087100286935858
168	1.1087100286935858
169	1.1087100286935858
170	1.0555599812390801
171	1.0555599812390801
172	1.050624702830059
173	1.0115890105034815
174	0.9880731279696673
175	0.9644297155556295
176	0.9641283018552428
177	0.9315602049744219
178	0.9056607037138001
179	0.9035154110116513
180	0.8840646002015415
181	0.8474366060787295
182	0.8415987834584708
183	0.7968326338098135
184	0.7968326338098135
185	0.7968326338098135
186	0.7968326338098135
187	0.764235392028705
188	0.7474509781761939
189	0.7474509781761939
190	0.7256089068932168
191	0.6769871304860998
192	0.6498461365310497
193	0.6498461365310497
194	0.6498461365310497
195	0.6474820238189214
196	0.6474820238189214
197	0.6199413390476556
198	0.6046680561943594
199	0.5755308848829381
200	0.5755308848829381
201	0.5537850901380635
202	0.5537850901380635
203	0.5537850901380635
204	0.5392555857335491
205	0.5206124585606683
206	0.47320426513681013
207	0.44439778094220356
208	0.44439778094220356
209	0.4237458183639668
210	0.38154309838045725
211	0.38154309838045725
212	0.38154309838045725
213	0.37773547781013456
214	0.3496751558552361
215	0.3496751558552361
216	0.3496751558552361
217	0.3407398423859251
218	0.33738344061711756
219	0.33738344061711756
220	0.3257091166601893
221	0.30523570280031076
222	0.30523570280031076
223	0.29839420115569787
224	0.29839420115569787
225	0.29839420115569787
226	0.2980164634155998
227	0.2878129293619711
228	0.2878129293619711
229	0.2811041009952062
230	0.2811041009952062
231	0.2758564878942328
232	0.2758564878942328
233	0.2621496865247273
234	0.2621496865247273
235	0.260693647942018
236	0.23536397123344568
237	0.2234849984464741
238	0.2234849984464741
239	0.20774962392668245
240	0.20774962392668245
241	0.20774962392668245
242	0.20710142224927813
243	0.19805982241769163
244	0.19805982241769163
245	0.19805982241769163
246	0.18299688232208364
247	0.1797875177478596
248	0.17571082941989338
249	0.16820037667817198
250	0.16820037667817198
251	0.16539652378673422
252	0.16072591705129521
253	0.15431130089738185
254	0.14655019099763122
255	0.14655019099763122
256	0.14617246781701623
257	0.14617246781701623
258	0.13696721592554312
259	0.13528450718988091
260	0.13528450718988091
261	0.13528450718988091
262	0.13347443163921036
263	0.1333098521707414
264	0.1333098521707414
265	0.13174491063364316
266	0.13174491063364316
267	0.13136879537408294
268	0.12202106352762766
269	0.12202106352762766
270	0.12170560081927882
271	0.12170560081927882
272	0.12148326657322475
273	0.11890918638195574
274	0.11723314486412094
275	0.11723314486412094
276	0.11425326983382901
277	0.11180717945804439
278	0.11180717945804439
279	0.11180717945804439
280	0.11180717945804439
281	0.11084878359499115
282	0.11084878359499115
283	0.10696260695414424
284	0.10696260695414424
285	0.10696260695414424
286	0.10696260695414424
287	0.10321251613864915
288	0.09946684135837537
289	0.09827341830101322
290	0.09827341830101322
291	0.09754236251281052
292	0.09754236251281052
293	0.09705289669582425
294	0.09705289669582425
295	0.09432677539983728
296	0.0943226962756097
297	0.0943226962756097
298	0.09293981327612032
299	0.09106446510823211
300	0.09106446510823211
301	0.09106446510823211
302	0.08997991053895678
303	0.08997991053895678
304	0.08480751442428519
305	0.08480751442428519
306	0.08480624783381151
307	0.08187841368807892
308	0.08187841368807892
309	0.08187841368807892
310	0.08187841368807892
311	0.0781234938518283
312	0.07780532051533336
313	0.07780532051533336
314	0.07399726625353213
315	0.07274868071773488
316	0.07253586696135061
317	0.07127733538025582
318	0.07121216380957379
319	0.07041464323110898
320	0.0674702211766086
321	0.06684622722737375
322	0.06684622722737375
323	0.06486851665427851
324	0.06486851665427851
325	0.06039763853397954
326	0.06039763853397954
327	0.06039763853397954
328	0.06039763853397954
329	0.0597392148145939
330	0.05950257077805796
331	0.05911215887849041
332	0.05911215887849041
333	0.05911215887849041
334	0.05872429147815516
335	0.05872429147815516
336	0.05872429147815516
337	0.056956498087179556
338	0.055715529190259475
339	0.05410539135066406
340	0.05410539135066406
341	0.05410539135066406
342	0.052518104705045844
343	0.052518104705045844
344	0.05097524011340529
345	0.05097524011340529
346	0.05026644266685472
347	0.04786969373808088
348	0.04786969373808088
349	0.04786969373808088
350	0.04786969373808088
351	0.04786969373808088
352	0.04786969373808088
353	0.047430344775986254
354	0.047430344775986254
355	0.04663470764876614
356	0.04663470764876614
357	0.04663470764876614
358	0.04663470764876614
359	0.045087626437826635
360	0.045087626437826635
361	0.045087626437826635
362	0.045087626437826635
363	0.045087626437826635
364	0.045087626437826635
365	0.045087626437826635
366	0.045087626437826635
367	0.04457953825180988
368	0.04456210657297428
369	0.04456210657297428
370	0.04456210657297428
371	0.04456210657297428
372	0.04456210657297428
373	0.04213794389603884
374	0.04213794389603884
375	0.04213794389603884
376	0.04200703505449127
377	0.04200703505449127
378	0.04154003230042777
379	0.04154003230042777
380	0.04021132414615999
381	0.040204319212990565
382	0.040204319212990565
383	0.04015867065328425
384	0.04014036117796038
385	0.04004734945142525
386	0.04004734945142525
387	0.04004393895725653
388	0.038078112455686104
389	0.03772773463205468
390	0.03771915727127717
391	0.037559120779754505
392	0.036282798772684394
393	0.036282798772684394
394	0.03481061844760156
395	0.03479169736429495
396	0.03278977323691356
397	0.03278977323691356
398	0.032690978700056654
399	0.032690978700056654
400	0.02991188766464166
401	0.029602914070514432
402	0.029301551319515357
403	0.02854571155000567
404	0.028136461624985235
405	0.027484059031974446
406	0.027484059031974446
407	0.027484059031974446
408	0.027484059031974446
409	0.02548615088630117
410	0.02548585331549513
411	0.02548585331549513
412	0.025483105042639977
413	0.025481410739591308
414	0.024444349975136788
415	0.024444349975136788
416	0.024260128518605647
417	0.024260128518605647
418	0.02346953302175293
419	0.023462868988965366
420	0.02340992177557953
421	0.02340918053633568
422	0.023163682193287717
423	0.023155365285379023
424	0.023153008881152987
425	0.02314688677646028
426	0.022826179004232935
427	0.021834725357899525
428	0.021554228074115483
429	0.021553807080860583
430	0.021551512492540986
431	0.021518465762582508
432	0.021507387297228075
433	0.02143965168920145
434	0.02143965168920145
435	0.021435072041859356
436	0.020785595245655333
437	0.020780631170536024
438	0.020780337474016992
439	0.020696690144480515
440	0.020693830498246378
441	0.02053372038730107
442	0.020080563691281073
443	0.02003094101775207
444	0.020026132246084724
445	0.019961117019942198
446	0.018809973038840223
447	0.01879536939104347
448	0.017166778750332817
449	0.017166505372995824
450	0.017159460686794862
451	0.017153507165300196
452	0.017149866062914836
453	0.01705242472305974
454	0.017052198797387084
455	0.017039441426156494
456	0.01703790834331334
457	0.017029634696619177
458	0.016985025723915248
459	0.016785151754647332
460	0.016780545626502306
461	0.015945109798931177
462	0.01592591416750416
463	0.015921816121541657
464	0.015102832535613458
465	0.015101656573279993
466	0.014956575093654318
467	0.014956574338646111
468	0.014936184854378346
469	0.014936184854378346
470	0.014313948993354739
471	0.01429345684381108
472	0.014278009764861583
473	0.0142494427619277
474	0.014187370440387313
475	0.01418589126004164
476	0.014182102338276308
477	0.01417523338948073
478	0.014170038137804132
479	0.014155904434663644
480	0.014149392614369174
481	0.014147347605517127
482	0.014110295084510494
483	0.014107213938399654
484	0.014103704724986774
485	0.014101268999382738
486	0.014091253455064049
487	0.013886970612116602
488	0.013881163753343579
489	0.01387750085515343
490	0.01387559900325381
491	0.012399684856570703
492	0.012392527548490344
493	0.01239254632478101
494	0.01232126660441968
495	0.012223803604403925
496	0.012219567959733042
497	0.012209731597357585
498	0.012188684435521326
499	0.012183208650802232
500	0.012142061167504282
501	0.012136816704030272
502	0.012135365771485437
503	0.01213259251163389
504	0.012106982498961806
505	0.012093292931746229
506	0.011949907927708808
507	0.011943411466422924
508	0.011662088572367394
509	0.01148684329555185
510	0.011481469859772652
511	0.011458080967684272
512	0.011449728906133005
513	0.010658950808434495
514	0.010658950808434495
515	0.009985241867636665
516	0.009956803229234748
517	0.009936819973555172
518	0.009931520897324507
519	0.009917375308507786
520	0.009898732545105053
521	0.009897017507932742
522	0.009847487492700079
523	0.00967042871008496
524	0.009665705635541203
525	0.009663258023860588
526	0.00928261939193579
527	0.009271754614092435
528	0.009265216437430817
529	0.009260074532616161
530	0.00924537902672811
531	0.009239226877413449
532	0.009226424841488851
533	0.00920812475881583
534	0.009195014763904401
535	0.009160079281162139
536	0.008948709481359516
537	0.008940390380022116
538	0.008936759631298504
539	0.008931585482749853
540	0.008841313183025282
541	0.008807567685620996
542	0.008789569651165074
543	0.008786692224423206
544	0.008773679159791574
545	0.007635868869232747
546	0.007616000430294759
547	0.007600094570244292
548	0.007599253149581517
549	0.007140608425873606
550	0.007126684912900463
551	0.0071170887951292235
552	0.007086613447949706
553	0.0070156684940770484
554	0.0061813798361875505
555	0.006178241200272715
556	0.006172009445570034
557	0.006009022778003665
558	0.006002496100566857
559	0.005953655801103727
560	0.005948484571538212
561	0.005945670503705621
562	0.005943974853946457
563	0.005925067705400116
564	0.005911378917051726
565	0.005901026090541905
566	0.005899319362549032
567	0.005846234904422305
568	0.005844701836309733
569	0.005727350581582881
570	0.005703422894830539
571	0.005701794553283528
572	0.005700752517592647
573	0.005688382853372808
574	0.005675725530879964
575	0.005667630372965275
576	0.005648695177554784
577	0.005641594131032289
578	0.005617413607880909
579	0.005616032206779688
580	0.005611604796706324
581	0.005599702807932118
582	0.005587520028861626
583	0.005462012480075356
584	0.005459329625742429
585	0.005099610955193484
586	0.005096390620987956
587	0.005070047137576177
588	0.005054989401513161
589	0.005047466869990053
590	0.00502603853395417
591	0.00501561417468067
592	0.005009178751397533
593	0.004985805448413979
594	0.004957048654677209
595	0.004947299085435917
596	0.00484870236163465
597	0.004832711116712366
598	0.0048090038931296
599	0.004795424068935
600	0.004781044694854598
601	0.004777673816410972
602	0.004775658387925303
603	0.004768627922679317
604	0.004490212347745441
605	0.004487169953808684
606	0.004468136306347171
607	0.004465568732512972
608	0.004447731581223719
609	0.004440402758689063
610	0.004435541860380046
611	0.004419927758250661
612	0.004417295395179381
613	0.0044048723359122735
614	0.0044040224075964605
615	0.0038115634245979887
616	0.003790815027594174
617	0.003785527506968533
618	0.0037807125169732714
619	0.0036099105103702
620	0.003595606440035596
621	0.00359333966578113
622	0.0033164007566407324
623	0.003313867540404899
624	0.0032871867415777893
625	0.0032793851635096872
626	0.003258212700168698
627	0.003250213820211872
628	0.0032259174213180868
629	0.0032150637688101694
630	0.003198195122939142
631	0.003165622483776622
632	0.003150515773842605
633	0.0031443932422880625
634	0.003140565876533665
635	0.003136423861100953
636	0.0029625941027080676
637	0.0029599509923447062
638	0.0029029622750639836
639	0.002870785368740036
640	0.0028672399976977614
641	0.0028605122394570743
642	0.0028411535112691016
643	0.0027972447419920806
644	0.002697084084808822
645	0.0026762938000416407
646	0.002669029391385074
647	0.0026585023957522067
648	0.00264962318632993
649	0.0026441542324033463
650	0.0026396944661434313
651	0.002632381546852268
652	0.0026245559509102422
653	0.002622432373077388
654	0.002619842496162061
655	0.002608673697522497
656	0.002596912838426683
657	0.002593049075908479
658	0.00258602248130168
659	0.0024802645128861466
660	0.002478042093711701
661	0.002375998322676014
662	0.002374711012942511
663	0.0023736250034457358
664	0.002369480774575578
665	0.002348817657100869
666	0.0023474679515944914
667	0.0023484641559948422
668	0.002340858854840064
669	0.0023437544324022507
670	0.002334718388339417
671	0.0023236487221872906
672	0.0023051701085810795
673	0.0022921621517557043
674	0.0022702107624278218
675	0.0022548573088727398
676	0.0022538570794705406
677	0.0022431207700436815
678	0.002235242933392409
679	0.0022309121552537402
680	0.0022245927419377452
681	0.0021200926075377927
682	0.0021170665451740052
683	0.0021042865437822305
684	0.002039787277297982
685	0.0020311785032551366
686	0.0020293589864296725
687	0.0020296159346835513
688	0.0020155046693815406
689	0.0020119717366972527
690	0.0020037287352627103
691	0.002000523383814101
692	0.00200085379089616
693	0.001993159130229827
694	0.0019936430301447827
695	0.0018393330794303823
696	0.0018317718655347598
697	0.0018306253758087337
698	0.0018296669123798802
699	0.00182659807940599
700	0.0018204667525833806
701	0.0018178665795324739
702	0.0018169559399462242
703	0.0018152603502524516
704	0.0018144741961155192
705	0.0018069465095544319
706	0.0018059958828279237
707	0.001799050520981903
708	0.0017935920165905877
709	0.001715829511758849
710	0.0017128267662345719
711	0.0017055229133218178
712	0.0017030207129617354
713	0.0017018456505921385
714	0.001697589738094614
715	0.0016851900027226592
716	0.0016739603741647564
717	0.0016550081808801853
718	0.0016487166634643277
719	0.0016437949725272684
720	0.001634317738484597
721	0.0016269380797490829
722	0.0016273702454945803
723	0.0016224576709702855
724	0.0016073646839360588
725	0.0016007686971927326
726	0.001596643955913018
727	0.0015561426720272847
728	0.0015479521115992015
729	0.00154466728037546
730	0.0015370237696520246
731	0.001529726986975527
732	0.0015227803329558784
733	0.0015203212886613737
734	0.0015208622015740268
735	0.0015186302414170528
736	0.0015181395729664089
737	0.0015136318100973337
738	0.001505083357169146
739	0.0014990581234928442
740	0.001496640837392741
741	0.001490615866259521
742	0.0014877322402960876
743	0.0014762079106340523
744	0.0014666142691458005
745	0.0014635040468051112
746	0.0014620920689776661
747	0.0014547946719201692
748	0.001454796480542573
749	0.0014501919750409085
750	0.0014464948329248695
751	0.0014297513242527398
752	0.001420722967359928
753	0.0014166413023932413
754	0.0014114347453585828
755	0.0014103935506861167
756	0.0014093862668308418
757	0.0014043407470478296
758	0.001403365166920649
759	0.0013962210069754764
760	0.001390484254727563
761	0.0013876245032299534
762	0.001384639946096101
763	0.0013753689366334855
764	0.0013762792780063677
765	0.0013671413739492458
766	0.0013643018880443493
767	0.0013611287945328612
768	0.0013576183085023288
769	0.0013485080323879877
770	0.0013424252225962207
771	0.0013414061361470488
772	0.0013375744323988212
773	0.0013317925346932801
774	0.0013325824702138146
775	0.001328916021167697
776	0.001326922245011574
777	0.0013258902446261988
778	0.0013240730948049448
779	0.0013231635287707275
780	0.001318235254956289
781	0.0013161617449004178
782	0.0013151369109871826
783	0.0013099328079089758
784	0.0013089523650397158
785	0.0013083732466073947
786	0.0013109219592953773
787	0.0013116378738422074
788	0.0013107790147195667
789	0.001309472341289589
790	0.001301676105493364
791	0.001304858880597975
792	0.0013002509765161151
793	0.0012964964238723518
794	0.0012935118402283867
795	0.0012909852679516068
796	0.0012887405608783186
797	0.0012838166014570208
798	0.0012805349121713457
799	0.001280672551790232
800	0.001277359028584667
801	0.0012712096425323218
802	0.0012687508139933147
803	0.001263425219284764
804	0.0012548655961478318
805	0.0012542030421094032
806	0.0012498212691215266
807	0.001243933699025736
808	0.0012429546939530037
809	0.0012385480870968045
810	0.0012392495780998867
811	0.0012371798400910093
812	0.0012405369969575508
813	0.001233939889052443
814	0.0012283356160405882
815	0.001221085790931399
816	0.0012094278120357532
817	0.0012062382470097745
818	0.001198289292588837
819	0.0011930696977663193
820	0.0011823502578330793
821	0.0011729448985304076
822	0.0011663881453456272
823	0.0011565355619078354
824	0.001147607598736025
825	0.0011428186714532802
826	0.0011405297417639891
827	0.0011403862270385927
828	0.0011349712685919053
829	0.001133329420394101
830	0.0011359617676099988
831	0.0011338630839879571
832	0.0011283271206099146
833	0.0011250015362305721
834	0.001122651998850716
835	0.0011209401384516104
836	0.0011194423817568542
837	0.0011173809397385336
838	0.0011173269093459565
839	0.0011154982574243266
840	0.0011117816441599728
841	0.0011088643575783812
842	0.0011077388715351035
843	0.0011070278848605247
844	0.0011074158319965201
845	0.001106600868146782
846	0.0011058543283824565
847	0.0011049468133080978
848	0.0011028119879624352
849	0.0011030656805241545
850	0.0010992358480058344
851	0.001098656419827282
852	0.0011001157531088863
853	0.0010905718226481588
854	0.001089236361445176
855	0.0010858710977727296
856	0.0010809483924835808
857	0.0010824195842158615
858	0.0010806100223496903
859	0.0010824581196544213
860	0.001081058210300459
861	0.001078049322452707
862	0.0010720910579360395
863	0.0010723139024170448
864	0.0010721354847533253
865	0.0010720096948517
866	0.0010701115226649449
867	0.0010608510366834044
868	0.0010601353408393297
869	0.0010621159971787076
870	0.0010571746937382465
871	0.001057854990849406
872	0.0010582144803864466
873	0.0010581509446643898
874	0.0010517270575156818
875	0.0010510236855020547
876	0.0010463585550887495
877	0.0010444924436532276
878	0.0010363882791102745
879	0.0010340925886904004
880	0.0010321791143880464
881	0.0010312997769723509
882	0.001025336644450134
883	0.0010211496047449347
884	0.0010150358984724573
885	0.0010076406168419692
886	0.001002238285711132
887	9.952059546610866E-4
888	9.95073158179288E-4
889	9.947893244144136E-4
890	9.87574642918741E-4
891	9.816383377940156E-4
892	9.789531300143932E-4
893	9.793481032936754E-4
894	9.769465954337037E-4
895	9.768601071332135E-4
896	9.769846984119578E-4
897	9.720568438626566E-4
898	9.704501605842759E-4
899	9.697731538331533E-4
900	9.686505056714207E-4
901	9.67466749614149E-4
902	9.6798245309821E-4
903	9.681970854257183E-4
904	9.646616236053372E-4
905	9.627262535321407E-4
906	9.597934985991888E-4
907	9.630578182972512E-4
908	9.6227747567297E-4
909	9.607158760434949E-4
910	9.61427478773182E-4
911	9.562945571294643E-4
912	9.475519617235E-4
913	9.448941760755E-4
914	9.439290754948011E-4
915	9.406792582326076E-4
916	9.391228314164975E-4
917	9.352296796674585E-4
918	9.354175045885992E-4
919	9.35160250390854E-4
920	9.315618870307399E-4
921	9.238057885536707E-4
922	9.188447508634413E-4
923	9.176360518915585E-4
924	9.135305239532729E-4
925	9.080223075694647E-4
926	8.98392339306326E-4
927	8.924144389375936E-4
928	8.900897003062731E-4
929	8.850480265219146E-4
930	8.822303368901704E-4
931	8.791958807291565E-4
932	8.707813024513675E-4
933	8.656032920085685E-4
934	8.601253939366086E-4
935	8.59577304198252E-4
936	8.581278853702091E-4
937	8.591605694813989E-4
938	8.54929846665149E-4
939	8.521359468649865E-4
940	8.399240420681398E-4
941	8.375200581103398E-4
942	8.357935065309828E-4
943	8.258811144431079E-4
944	8.230447216636538E-4
945	8.22495816505965E-4
946	8.193259518315853E-4
947	8.175927399759372E-4
948	8.116661662068459E-4
949	8.122907414479625E-4
950	8.090250575065645E-4
951	8.059103339384061E-4
952	8.042545154680797E-4
953	8.031873056271175E-4
954	8.002930787647935E-4
955	7.953071838924002E-4
956	7.931903895727624E-4
957	7.897257905424266E-4
958	7.89458483571231E-4
959	7.848102784954982E-4
960	7.825504370145562E-4
961	7.778740795707505E-4
962	7.768647368186705E-4
963	7.766837530724879E-4
964	7.715398107634262E-4
965	7.733663401765703E-4
966	7.708532446877967E-4
967	7.690841161250449E-4
968	7.679923663072477E-4
969	7.652406185856379E-4
970	7.66286830220666E-4
971	7.638153274527366E-4
972	7.625819302221221E-4
973	7.610017653456729E-4
974	7.608759949875819E-4
975	7.617312730414136E-4
976	7.614082800504314E-4
977	7.602049025970578E-4
978	7.599956681467637E-4
979	7.575479524341057E-4
980	7.497377499834134E-4
981	7.524202888294977E-4
982	7.494236322740554E-4
983	7.487693407933825E-4
984	7.432456483580886E-4
985	7.418734340400256E-4
986	7.413876553246752E-4
987	7.373877609714276E-4
988	7.358872981034017E-4
989	7.310937223280178E-4
990	7.319633454542274E-4
991	7.289591663238812E-4
992	7.233038576944424E-4
993	7.197314454475332E-4
994	7.165258620120821E-4
995	7.104812104750513E-4
996	7.06785381883075E-4
997	7.035489202059494E-4
998	6.993228244374346E-4
999	6.941548500359515E-4
1000	6.948780878158845E-4