5.0527842129890525E-6	1.1964081301053209	0.0
2.1421137309441396	3.742353092400406E-8	0.003564227897335203
7.704621606792378E-13	1.6121786783289496	0.018513685745034553
2.145100435708087E-28	4.488585373581359E-16	1.5845219509285422
1.835296573692553E-14	1.5964446184248956E-22	1.0046021292686194
2.145100435708087E-28	4.488585373581359E-16	1.5845219509285422
1.615238222610354	2.5881841000724665E-8	0.005698543770483239
1.3015231338290507E-13	1.3163840363303014	0.023078582556602025
1.2082220004132043	2.3106447037377856E-7	8.277720515142221E-5
8.708167215836382E-20	7.967529550408099E-17	1.3011970985887775
1.615238222610354	2.5881841000724665E-8	0.005698543770483239
5.637700632295423E-17	5.427535352451236E-17	1.2780361763807906
6.164760691704586E-17	6.47248624473806E-19	1.0068373126453303
4.289687498097665E-12	1.5253544711530784	0.007615003529369782
0.46455221206316905	0.8402726356901117	0.2920167662112323
1.0599393867216238	0.005289367329368518	0.0017636377173553882
5.0527842129890525E-6	1.1964081301053209	0.0
5.217926563057443E-13	1.0918420630328247	0.01914195743418382
0.2410565156013903	0.9045790180573778	0.365543908687232
0.003934533045897452	1.026695205942728	0.3368794699108383
1.17837543409001	2.058666113788343E-8	0.01990385281172738
0.1178686814533865	0.9945938108360722	0.21302543830091156
0.31732983409682297	0.942092452442817	0.14990094186615943
0.883526334866448	0.501244561665189	0.10536114864710071
0.38751982141864755	0.70842339871188	0.5976301318218878
0.19141116182438914	0.7410634754860603	0.6478198592058416
0.9165307972591802	0.35600647005334146	0.20391423591836802
0.7053173405440638	0.3364972550263512	0.6331977019952162
5.083205979903093E-13	1.0636520151916682	0.13888396322805996
1.0121073712120998	0.2878984165740954	0.06066189255087568
0.7865704060606039	0.6002803221193442	0.17152294740020993
0.42259775933107213	0.7638122312550417	0.5071345748839217
0.2663763855734472	0.46587723047993057	0.8486969192458272
0.13602592614045392	0.9146078336041301	0.39267248450770026
0.549845149745652	0.07857699202620841	0.8869885414070019
0.7651004960427571	0.2889208740559043	0.610738523354395
0.6757737009725353	0.4844217047906726	0.5615864852403318
0.14426254010469927	0.5585238516577128	0.8203423746405526
0.03613855579069921	0.9766957633898457	0.3227548184935724
0.2516725849637173	0.666212140240698	0.7080888749676677
0.8227713146134019	0.32119026575414555	0.518672538029847
0.9363933904482972	0.021211910754414996	0.46409130223332684
0.2778466259948978	0.04475291140020965	0.9645527002934703
0.11631444715479412	0.7221677390497605	0.6871283018021058
0.20269703105016357	0.6206353796475572	0.7620906748248476
0.36487273251015584	0.6829036078933053	0.6386378844572485
0.8961236399249137	0.08487475135036984	0.4442439758768211
0.2868932764624144	0.2318610453312236	0.9338135080629627
0.5194601277649891	0.15192779851220742	0.8673629167769048
0.6537845914539435	0.5575337200967541	0.5351399850150302
0.6403636170440672	0.5175282581408712	0.5740724017572536
0.7213740704386761	0.2109820726704961	0.6689545456038869
0.004401345731549364	0.5804719572806218	0.8255111455205045
0.4286181820103861	0.8006567773453502	0.4264749929502267
0.21542080034906652	0.188829470177827	0.9841150915812541
0.2913072686076322	0.1677363496614752	0.9460152561046288
0.43034387501265386	0.24791675010008765	0.8972953079095505
0.07370079095674613	0.6475691839565964	0.7644648020590578
0.4456216318884589	0.25013437955216605	0.8820018865520671
0.6109980012939201	0.18388403640092751	0.7851278980618367
0.9728641977035503	0.031542457724274955	0.24687035297619303
0.3369339769845959	0.9250057638266436	0.20951165411339384
0.4372748884637942	0.7764413742169758	0.46203664589554183
5.16204488661662E-13	1.080148919376328	0.03390127384245603
0.7263955192539225	0.3867057442964218	0.5745505852907747
0.5878657581178008	0.4904719601467423	0.6480053858439491
0.48074656950288464	0.8695646615503335	0.14442187155081984
0.556784256443672	0.4096157100644953	0.7271089247293355
0.4325663356795453	0.8080319100996033	0.41065932184480697
0.9690326198920052	0.2756456131145903	0.2573347347520545
0.47259057799524296	0.8810769872393662	0.08561183883653392
0.9647412433886501	0.010509993371246217	0.2762339620393035
0.05503728697045044	0.5395855998971528	0.8637983132338184
0.715875538815234	0.4136824580569181	0.5772672786098609
0.5701160238474239	0.44510660354031945	0.6944864491588723
0.8417285363913066	0.1692037346870468	0.5227195217680317
0.7625393188510875	0.44307284659137636	0.4881992378227584
0.6181946844068036	0.14265121916032472	0.7806625774847715
0.49416481455949685	0.8774572193116499	0.08427219647073678
0.03375173426157733	0.28260132717257636	0.9754584697460725
0.9844282169481825	0.09783021849776544	0.17453591255652673
0.3576558546687505	0.6469206686968593	0.6799709066498965
0.043027031981752895	0.9652356513507134	0.273562553263769
0.5062244849651303	0.4057997095996179	0.773059795363314
0.9856562702185614	0.03248749936395549	0.1818073218835204
0.8150589081013097	0.22862851387408797	0.6015162069815991
0.6707739372442503	0.19618292557574246	0.7214109940902197
0.6616047728631577	0.4726233170800587	0.587047569252089
0.7383444462619451	0.6247636087983841	0.26982439501895034
0.7983886127021464	0.5788804730942088	0.1818029530271755
0.5754306156072094	0.16829762661837902	0.8058627383521205
1.0300089853310892	0.043179000760567986	0.013980994054531438
0.8709826936505609	0.5354446563186396	0.007727232148901682
4.404120748193771E-12	1.566045376903225	0.007467686763794209
4.4213026076633866E-12	1.5721550122033079	0.006208211510677271
0.7575997190934721	0.4431280175314511	0.4858523431075704
0.9150202485990085	0.04266302341414086	0.4085237203000711
0.06587470675800801	0.6315604136034787	0.7771440053014872
0.8564912735244504	0.12564393194134113	0.508868802577246
0.8568764735766337	0.1206511436898332	0.5086753299861229
