8.023823175620961E-16	4.689905789848379E-12	2.0069274833175577
1.368509605091876E-10	1.584353666003492	0.5122191090666732
1.1748446606074462E-7	1.0365771997215347	0.0
1.2419222581772771E-16	8.723533439764138E-9	1.009770117722136
1.4220202492754492	3.1284803561936983E-10	0.6708809018567664
1.0673065254304277E-10	1.1001283778260158E-17	1.0141184171537572
3.042534366360158E-12	5.0117397183828156E-14	1.3021528305299745
1.2309950079684407E-13	4.285808312916048E-12	1.8347604413746343
1.1748446606074462E-7	1.0365771997215347	0.0
1.1163674922297486	9.048108463521319E-10	0.09642387290487475
2.2283800990676223E-12	1.0948310208268949E-12	1.0624551229918926
1.2666444391549363	1.026609637951673E-9	0.05311264207638668
1.3850779352289802	3.047206335049763E-10	0.7440857640655659
1.2792119009736922	1.0367955093998058E-9	0.005078942769954107
0.03426524671494315	0.904362472342629	0.4486363055181302
8.023823175620961E-16	4.689905789848379E-12	2.0069274833175577
0.6329933852551474	0.6662553713342035	0.42402840235923717
1.0228109447239428	2.5914449355779388E-8	4.716701615276382E-10
0.576413793896724	0.09437303537817841	0.8290785203562372
0.3699025758309178	0.8131946887683934	0.4735713345377348
0.3917021406094128	0.933133621724721	0.029876877683973797
0.5451652066502872	0.3271196507578829	0.7958180512347636
0.1902240127638026	0.30368272040981226	0.9586695421758663
0.8715100664410952	0.4835215341877563	0.16787642010387369
0.2654114261168501	0.6003142619210495	0.7773725026840901
0.08144317664347887	0.9618629547185823	0.2969933802253727
0.21748036849886984	0.6856491913415167	0.7092239966896731
0.781917635944041	0.622159191973832	0.14733110319409645
0.47507713009367797	0.8830152195895655	0.12142753107681455
0.6131980229789812	0.7644106692582708	0.24533743240042857
0.7621294003233174	0.5210553696824897	0.41009124240834427
0.5302598863054108	0.5749154631772048	0.6387170892413946
0.6982852425879957	0.3266374699992116	0.6535291785051879
0.928819996824546	0.21190970051245078	0.3364610646868805
0.8171937064594729	0.030752897547944247	0.5930118332038368
0.5907270533679175	0.0781917810449419	0.8172930790402184
0.3271268158231392	0.24403054179769193	0.9308587171819503
0.4425698777501281	0.8544512603673229	0.30883943661822566
0.49919561041936233	0.798715939963381	0.36504663825291134
0.6681502369569996	0.4602715908661199	0.6039887016593882
0.6816451234998957	0.008825928122631787	0.74575932102415
0.10673305986974599	0.8262402413889475	0.5696704498468504
0.13825444712086796	0.08699037328026551	0.9964733148424606
0.7376137709524666	0.4195044123225529	0.5467948788021813
0.928742706902843	0.3489012966172629	0.20127580282724944
0.17885253339541213	0.41106800511477887	0.90512482904699
0.014626115717790189	0.7995544406226734	0.6172573568160509
0.8066289160082789	0.19156729522300647	0.5758084767515327
0.34183208554457345	0.7771035328816789	0.5470462500645702
0.9096738576813136	0.385490147556713	0.21730929723344464
0.4848298244105637	0.8456713868814896	0.2638562963792575
0.3871538402946907	0.26496337778717716	0.894741417895712
0.8935544188020218	0.42470914133731785	0.20877208468901107
0.06923583995099233	0.7133836808336932	0.7145480139698032
0.4531703313076746	0.7344626542988134	0.526098035559534
1.4126801392141186	0.22958967078745046	0.0
0.7163313254018768	0.044428921331288146	0.7150735832802353
0.7982108299184907	0.6351234223886861	0.0664327936063126
0.07327291770254976	0.998952677751193	0.14397049451606456
0.22737652994348276	0.47020315192294976	0.8644274840663144
0.8266455840879419	0.29537940752028613	0.555031564482126
0.42447156773292627	0.8381538678805857	0.3694534021013149
0.982260008263924	0.16588506230432917	0.16527100841633394
0.8477988401074446	0.5338855714855907	0.12956959139074556
0.4347345182268494	0.8264105338241701	0.39240309575555926
0.16177069344400746	0.25825847932594054	0.966582922577147
0.3598135290779906	0.7239680106355162	0.6098462311940505
0.9671635792262472	0.21744658400199765	0.19113469216111512
0.9551812961051149	0.17062123730708234	0.28176403530964533
0.7919254992548216	0.4987003729447064	0.4119594171773046
0.9719747976549847	0.12726118506868067	0.2437967056883651
0.9369667019320733	0.05867049707546417	0.41752545717447304
1.0086739873658845	0.04358206622553612	0.027193207467443546
0.9097986186688903	0.43437288190865286	0.07251657112818864
0.07737428826063335	0.967775762335136	0.28562193330276603
0.46266257481805745	0.5767536671747371	0.6893554807900805
0.801440839641397	0.5640559675745627	0.24705474691293078
0.0038084020280985086	0.8710329176989244	0.5612724562498054
0.9907477744773201	0.1769743731685842	0.08513777548887558
0.12551440473377096	0.07991436961135658	0.9995303863533103
0.6728348723828144	0.3643893518488497	0.668472798185763
0.29223346741417905	0.5894840586744832	0.7663693456499762
0.7543904236700028	0.38936712260333817	0.5470430019772742
0.24075401997990992	0.7026206926437912	0.6850060480321918
0.711701127913839	0.0026239693968067865	0.9761576575005533
0.2590829920744218	0.6978571680537812	0.6848056048110697
0.9967672634610575	0.14284962880920885	0.07080606822357795
0.5103176900592162	0.12119597704589755	0.8645997504546141
0.22065321475842145	0.53996423287241	0.8248690279780686
1.0411235589440199E-10	0.7432031242490106	0.9273605838514248
0.8465047718865979	0.06490521389964377	0.5470629252370983
0.8001432676509158	0.4507388360700435	0.43555889120475905
0.29274838759953614	0.5905227393000925	0.7660551342815092
0.3091427850205126	0.6992269531610217	0.6675180331064707
1.3919707791892177E-10	1.0107927995183572	9.250373049186475E-4
0.9998101641742306	0.12054946012904441	0.07081310492544314
0.41304839312689523	0.28239441108844465	0.877349435772665
0.41304839312689523	0.28239441108844465	0.877349435772665
0.17578459629362922	0.4683812459613311	0.8772191274223546
0.3169246699956814	0.2568797016408472	0.9304829974842116
