-19593.0 -19140.0 
-19593.0 -19140.0 
-18845.0 -19850.0 
-19051.0 -19795.0 
-19588.0 -19220.0 
-19113.0 -19735.0 
-18970.0 -19825.0 
-18915.0 -19844.0 
-19174.0 -19725.0 
-19314.0 -19607.0 
-18970.0 -19825.0 
-19229.0 -19705.0 
-19470.0 -19411.0 
-19396.0 -19531.0 
-19174.0 -19725.0 
-19293.0 -19647.0 
-19366.0 -19542.0 
-19344.0 -19604.0 
-19060.0 -19788.0 
-19490.0 -19405.0 
-19503.0 -19354.0 
-18930.0 -19830.0 
-19365.0 -19574.0 
-19449.0 -19456.0 
-19523.0 -19336.0 
-19570.0 -19248.0 
-19570.0 -19248.0 
-19067.0 -19755.0 
-19555.0 -19275.0 
-19524.0 -19309.0 
-19229.0 -19705.0 
-19540.0 -19283.0 
-19501.0 -19369.0 
-19538.0 -19307.0 
-19397.0 -19496.0 
-19092.0 -19740.0 
-19588.0 -19220.0 
-19249.0 -19690.0 
-19365.0 -19574.0 
-19270.0 -19651.0 
-19470.0 -19411.0 
-19501.0 -19369.0 
-19427.0 -19462.0 
-19449.0 -19456.0 
-19265.0 -19657.0 
-19254.0 -19677.0 
-19293.0 -19647.0 
-19254.0 -19677.0 
-19446.0 -19461.0 
-19344.0 -19604.0 
-19314.0 -19607.0 
-19555.0 -19275.0 
-19076.0 -19753.0 
-19418.0 -19469.0 
-18915.0 -19844.0 
-19092.0 -19740.0 
-19249.0 -19690.0 
-18930.0 -19830.0 
-19523.0 -19336.0 
-19404.0 -19471.0 
-19076.0 -19753.0 
-19490.0 -19405.0 
-19265.0 -19657.0 
-19402.0 -19476.0 
-19399.0 -19487.0 
-19396.0 -19531.0 
-19366.0 -19542.0 
-19399.0 -19487.0 
-19418.0 -19469.0 
-19397.0 -19496.0 
-19540.0 -19283.0 
-19427.0 -19462.0 
-19270.0 -19651.0 
-19067.0 -19755.0 
-19402.0 -19476.0 
-19538.0 -19307.0 
-19404.0 -19471.0 
-19446.0 -19461.0 
-19524.0 -19309.0 
-19470.0 -19411.0 
-19501.0 -19369.0 
-19449.0 -19456.0 
-19344.0 -19604.0 
-19523.0 -19336.0 
-19396.0 -19531.0 
-19366.0 -19542.0 
-19418.0 -19469.0 
-19344.0 -19604.0 
-19344.0 -19604.0 
-19501.0 -19369.0 
-19501.0 -19369.0 
-19501.0 -19369.0 
-19523.0 -19336.0 
-19344.0 -19604.0 
-19449.0 -19456.0 
-19470.0 -19411.0 
-19470.0 -19411.0 
-19501.0 -19369.0 
-19396.0 -19531.0 
-19501.0 -19369.0 
