-19610.0 -19321.0 
-19106.0 -19853.0 
-19106.0 -19853.0 
-19610.0 -19321.0 
-19403.0 -19669.0 
-19447.0 -19611.0 
-19572.0 -19333.0 
-19468.0 -19508.0 
-19498.0 -19497.0 
-19346.0 -19705.0 
-19556.0 -19387.0 
-19360.0 -19679.0 
-19453.0 -19562.0 
-19556.0 -19387.0 
-19526.0 -19448.0 
-19137.0 -19833.0 
-19466.0 -19547.0 
-19526.0 -19448.0 
-19533.0 -19427.0 
-19533.0 -19427.0 
-19213.0 -19805.0 
-19251.0 -19775.0 
-19498.0 -19497.0 
-19321.0 -19718.0 
-19168.0 -19816.0 
-19276.0 -19774.0 
-19281.0 -19763.0 
-19168.0 -19816.0 
-19240.0 -19802.0 
-19135.0 -19835.0 
-19317.0 -19747.0 
-19188.0 -19815.0 
-19572.0 -19333.0 
-19303.0 -19749.0 
-19188.0 -19815.0 
-19303.0 -19749.0 
-19218.0 -19803.0 
-19360.0 -19679.0 
-19453.0 -19562.0 
-19318.0 -19730.0 
-19243.0 -19792.0 
-19135.0 -19835.0 
-19281.0 -19763.0 
-19243.0 -19792.0 
-19466.0 -19547.0 
-19321.0 -19718.0 
-19318.0 -19730.0 
-19251.0 -19775.0 
-19276.0 -19774.0 
-19218.0 -19803.0 
-19240.0 -19802.0 
-19317.0 -19747.0 
-19556.0 -19387.0 
-19168.0 -19816.0 
-19572.0 -19333.0 
-19188.0 -19815.0 
-19453.0 -19562.0 
-19135.0 -19835.0 
-19318.0 -19730.0 
-19188.0 -19815.0 
-19188.0 -19815.0 
-19188.0 -19815.0 
-19188.0 -19815.0 
-19188.0 -19815.0 
-19188.0 -19815.0 
-19188.0 -19815.0 
-19318.0 -19730.0 
-19188.0 -19815.0 
-19572.0 -19333.0 
-19188.0 -19815.0 
-19188.0 -19815.0 
-19188.0 -19815.0 
-19188.0 -19815.0 
-19188.0 -19815.0 
-19188.0 -19815.0 
-19572.0 -19333.0 
-19188.0 -19815.0 
-19188.0 -19815.0 
-19188.0 -19815.0 
-19188.0 -19815.0 
-19188.0 -19815.0 
-19572.0 -19333.0 
-19188.0 -19815.0 
-19188.0 -19815.0 
-19188.0 -19815.0 
-19556.0 -19387.0 
-19188.0 -19815.0 
-19188.0 -19815.0 
-19188.0 -19815.0 
-19556.0 -19387.0 
-19188.0 -19815.0 
-19556.0 -19387.0 
-19188.0 -19815.0 
-19188.0 -19815.0 
-19188.0 -19815.0 
-19556.0 -19387.0 
-19188.0 -19815.0 
-19188.0 -19815.0 
-19556.0 -19387.0 
-19556.0 -19387.0 
