-18379.0 -19320.0 
-19066.0 -18614.0 
-18379.0 -19320.0 
-19066.0 -18614.0 
-18741.0 -19122.0 
-19049.0 -18676.0 
-18381.0 -19302.0 
-18843.0 -18996.0 
-18983.0 -18783.0 
-18892.0 -18888.0 
-18809.0 -18998.0 
-18438.0 -19293.0 
-18871.0 -18953.0 
-19012.0 -18689.0 
-18789.0 -19004.0 
-18871.0 -18953.0 
-18887.0 -18925.0 
-18950.0 -18831.0 
-18993.0 -18739.0 
-18780.0 -19071.0 
-18698.0 -19154.0 
-18698.0 -19154.0 
-18485.0 -19282.0 
-18755.0 -19084.0 
-18592.0 -19215.0 
-18920.0 -18887.0 
-18453.0 -19283.0 
-18784.0 -19041.0 
-18496.0 -19258.0 
-18677.0 -19159.0 
-18956.0 -18795.0 
-18645.0 -19193.0 
-18617.0 -19201.0 
-18562.0 -19241.0 
-18784.0 -19041.0 
-18645.0 -19193.0 
-18562.0 -19241.0 
-18677.0 -19159.0 
-18592.0 -19215.0 
-18958.0 -18787.0 
-18887.0 -18925.0 
-18525.0 -19248.0 
-18843.0 -18996.0 
-18761.0 -19073.0 
-19049.0 -18676.0 
-18609.0 -19212.0 
-19006.0 -18710.0 
-18642.0 -19195.0 
-18525.0 -19248.0 
-18934.0 -18849.0 
-18755.0 -19084.0 
-18993.0 -18739.0 
-18950.0 -18831.0 
-18438.0 -19293.0 
-18452.0 -19292.0 
-18487.0 -19268.0 
-18999.0 -18725.0 
-19006.0 -18710.0 
-18999.0 -18725.0 
-18934.0 -18849.0 
-18496.0 -19258.0 
-19012.0 -18689.0 
-18924.0 -18873.0 
-18542.0 -19246.0 
-18682.0 -19158.0 
-18924.0 -18873.0 
-18983.0 -18783.0 
-18552.0 -19245.0 
-18617.0 -19201.0 
-18956.0 -18795.0 
-18929.0 -18862.0 
-18932.0 -18860.0 
-18542.0 -19246.0 
-18487.0 -19268.0 
-18552.0 -19245.0 
-18609.0 -19212.0 
-18789.0 -19004.0 
-18682.0 -19158.0 
-18642.0 -19195.0 
-18761.0 -19073.0 
-18929.0 -18862.0 
-18892.0 -18888.0 
-18780.0 -19071.0 
-18958.0 -18787.0 
-18920.0 -18887.0 
-18932.0 -18860.0 
-18485.0 -19282.0 
-18452.0 -19292.0 
-18453.0 -19283.0 
-19066.0 -18614.0 
-18379.0 -19320.0 
-18871.0 -18953.0 
-18784.0 -19041.0 
-18645.0 -19193.0 
-18562.0 -19241.0 
-18677.0 -19159.0 
-18592.0 -19215.0 
-18887.0 -18925.0 
-18843.0 -18996.0 
-19049.0 -18676.0 
