-19057.0 -18732.0 
-18338.0 -19382.0 
-18338.0 -19382.0 
-19057.0 -18732.0 
-18965.0 -18973.0 
-18485.0 -19353.0 
-18986.0 -18913.0 
-18847.0 -19075.0 
-18782.0 -19159.0 
-18414.0 -19366.0 
-18703.0 -19178.0 
-18414.0 -19366.0 
-19044.0 -18798.0 
-18667.0 -19247.0 
-18579.0 -19283.0 
-19019.0 -18845.0 
-18789.0 -19111.0 
-19033.0 -18799.0 
-18880.0 -19046.0 
-18992.0 -18905.0 
-18524.0 -19309.0 
-18920.0 -18976.0 
-18485.0 -19353.0 
-18616.0 -19252.0 
-18740.0 -19172.0 
-18686.0 -19242.0 
-18606.0 -19274.0 
-18993.0 -18864.0 
-18740.0 -19172.0 
-18524.0 -19309.0 
-18695.0 -19213.0 
-18880.0 -19046.0 
-18695.0 -19213.0 
-18997.0 -18850.0 
-18894.0 -19020.0 
-18553.0 -19297.0 
-18894.0 -19020.0 
-18901.0 -18999.0 
-18798.0 -19104.0 
-18553.0 -19297.0 
-18824.0 -19083.0 
-18821.0 -19089.0 
-18610.0 -19253.0 
-18535.0 -19301.0 
-18897.0 -19000.0 
-18798.0 -19104.0 
-18912.0 -18985.0 
-18782.0 -19159.0 
-18912.0 -18985.0 
-18821.0 -19089.0 
-19019.0 -18845.0 
-18993.0 -18864.0 
-18535.0 -19301.0 
-19033.0 -18799.0 
-18789.0 -19111.0 
-18686.0 -19242.0 
-19044.0 -18798.0 
-18606.0 -19274.0 
-18824.0 -19083.0 
-18616.0 -19252.0 
-18920.0 -18976.0 
-18997.0 -18850.0 
-18610.0 -19253.0 
-18897.0 -19000.0 
-18338.0 -19382.0 
-19057.0 -18732.0 
-18414.0 -19366.0 
-18485.0 -19353.0 
-18740.0 -19172.0 
-18524.0 -19309.0 
-18695.0 -19213.0 
-18894.0 -19020.0 
-18798.0 -19104.0 
-18782.0 -19159.0 
-18912.0 -18985.0 
-18821.0 -19089.0 
-18993.0 -18864.0 
-18535.0 -19301.0 
-18789.0 -19111.0 
-19044.0 -18798.0 
-18606.0 -19274.0 
-18686.0 -19242.0 
-18824.0 -19083.0 
-18920.0 -18976.0 
-18997.0 -18850.0 
-18616.0 -19252.0 
-18610.0 -19253.0 
-18897.0 -19000.0 
-18338.0 -19382.0 
-19057.0 -18732.0 
-18414.0 -19366.0 
-18740.0 -19172.0 
-18695.0 -19213.0 
-18485.0 -19353.0 
-18524.0 -19309.0 
-18798.0 -19104.0 
-18782.0 -19159.0 
-18912.0 -18985.0 
-18821.0 -19089.0 
-18993.0 -18864.0 
