2.509854127116693118e-02
1.434177552727832622e-02
1.831255760602352664e-02
1.548256515833617815e-03
4.542728331150383547e-02
1.634650969986801636e-02
3.833244260687273391e-02
9.778679601934965604e-03
1.136664836629704221e-03
6.122967244981625951e-02
1.423994485953521821e-02
9.336762645904782970e-03
1.014017870999496355e-02
6.624470379372281170e-02
4.820541569199505993e-02
5.424704497498200433e-03
1.855817466924553766e-02
5.167654380856852823e-03
5.586687762874161314e-03
7.335329524261399725e-02
2.967007613727628071e-02
4.021974221256579413e-02
2.539767906975757411e-02
6.081972712470054901e-03
8.555584487201197547e-03
1.096597502832560335e-02
2.046405061436559411e-02
1.027802231417972688e-02
2.790633854195527855e-02
5.787509415193902405e-03
2.312886653166453671e-02
