7.448036795156218193e-02
8.086718684351365538e-02
2.691512938801677787e-02
6.069237887501783418e-02
6.444800210749572489e-02
3.121031378082343016e-02
9.575193515775769215e-02
4.085612130476173887e-02
6.363013985345401802e-02
7.319275518342210907e-02
1.886037565527475326e-02
7.982143246168429962e-02
7.501787427072240111e-02
4.287011571060931475e-02
3.429353786899945467e-02
2.074604689557474346e-02
1.332419795419566566e-01
3.560327631309431057e-02
7.107952368094928863e-02
2.840475898086848930e-02
4.267477708881756843e-02
5.227840257294188997e-02
8.943595780398494455e-02
5.146208622169194669e-02
7.994768348476800901e-02
9.230496008585313550e-02
1.026701218372157443e-01
2.286509637958813318e-02
1.387924303971569129e-01
7.803357990485720874e-02
2.515078711662959918e-02
