12.430772834793538	19.037657022300042
8.08272846064973	21.295393880060374
11.446233928767944	19.774147638193583
22.318591203934712	2.8807346679312045
22.332194402747533	3.3018905912892373
8.201025308286363	21.304671490359894
8.665710717019632	21.0375274896783
16.92544854939601	15.063971539027952
2.2649496427140137	22.705921421813386
22.80627122231656	0.6030994901281261
6.305076779637565	21.840351817124674
10.828888356168306	20.009434408171142
1.9521351588363576	22.6889011799254
1.6861861109586878	22.75149829791703
11.039671933759083	19.990304749746258
18.962861903184102	12.084488400841689
1.0990586429533384	22.65577923835783
21.19955949193537	8.193511475824902
18.601018174671875	13.325933640421864
16.52173550805345	15.56472685438279
3.6617833659360803	22.599720557364147
21.828100651705522	5.29961902323658
21.366760932852166	7.595592638333034
21.67389707477448	7.4430179781092285
15.616539871037498	16.559966119209733
21.219737399237935	8.10593680229028
19.06058274328996	12.378699194170713
12.368786805729487	18.96874194317281
22.20730535368808	5.275974541039151
7.965789626954058	21.153869869911606
3.216714609662282	22.63613966544219
22.28912670067952	4.66531668759159
4.43512338319215	22.49519890869237
22.548907334916397	3.459227752036052
3.168886722321973	22.536502226989384
10.167834590766514	20.20634086094408
14.95018242185771	17.196666157766593
18.01697120569405	14.087185585303015
20.96311615749234	8.42919114732799
22.520109640432366	3.4936930229519034
2.6888718340194706	22.57606720036907
18.465387585205328	13.048151738519223
1.1124299260976769	22.722640998143817
16.078123394877785	16.00487330364558
8.807795260988415	20.86709767345553
22.287130775619676	3.769945108350508
6.489343718906966	21.78394745453199
20.382235985145343	9.842270064510462
20.294292722905443	10.261676106678426
5.52187010431439	22.230840459711654
15.87852258082106	16.232364091986955
21.147271254947977	7.8654834182642395
16.434240538898376	15.737650729602311
6.675733723631822	21.785934487897716
18.697559992926692	13.126544607281625
5.09564608896864	22.334053069566547
18.33694220147897	13.289497414784622
20.039609220973045	10.486115548262426
19.495535965731882	11.738660644914038
21.260535541528927	8.538968984295854
19.038761170635407	12.174029005750226
2.418844660574938	22.501560828722685
18.915157052105663	12.683200883183424
5.976473987851229	21.949634923427382
13.77932545656083	17.86582815681823
21.754815585510325	6.967418876186209
16.080276144040308	15.761101045376924
19.79771052635858	11.238231887905306
22.665887957476762	1.10782149262934
20.701238256915936	8.874221065374439
5.682641690459537	21.698145599202313
14.059254832184081	17.777665616108937
17.81597892853051	13.78545631597429
20.106836243040018	10.733630730311088
9.109642870128422	20.927276703654194
6.69572332111114	21.76445050156014
14.031827732463773	17.88025312838032
0.44744661459058216	22.666929907354586
21.39791338770941	7.346020353130693
14.787680864611586	17.16231677999586
22.35249556541553	4.300530762708025
14.698708866398807	17.445819760274787
3.6068283738333426	22.513363816994723
0.25844307691601753	22.848741029869135
20.656944607178197	9.980632441681145
15.246163116294085	16.830485137311626
22.423464796990636	3.2260941581646603
2.649387501614321	22.588532556827523
11.57305459462322	19.6158369027829
18.56250850498757	13.041682509855036
15.52722460097053	16.66736931359636
9.765725788963698	20.432965678162923
20.63257728680305	9.090582960914878
6.5370402298607875	21.785797131600983
17.601036264322428	14.441969990955265
11.54390232949222	19.410135834172067
6.782754401837231	21.84745692513103
19.26498560753449	12.049484773920993
22.291734904299567	4.96882014490268
2.3213171025882775	22.51331179917263
