-18298.0 -19476.0 
-19184.0 -18533.0 
-18298.0 -19476.0 
-19184.0 -18533.0 
-19008.0 -18928.0 
-19123.0 -18673.0 
-19019.0 -18838.0 
-19131.0 -18595.0 
-18709.0 -19249.0 
-18359.0 -19459.0 
-18638.0 -19315.0 
-18499.0 -19390.0 
-19132.0 -18580.0 
-18359.0 -19459.0 
-18438.0 -19407.0 
-18409.0 -19419.0 
-18593.0 -19322.0 
-19055.0 -18785.0 
-18936.0 -18990.0 
-19075.0 -18739.0 
-18316.0 -19473.0 
-18513.0 -19354.0 
-19132.0 -18580.0 
-18842.0 -19122.0 
-18897.0 -19066.0 
-18827.0 -19142.0 
-18737.0 -19237.0 
-18409.0 -19419.0 
-18868.0 -19094.0 
-18842.0 -19122.0 
-18658.0 -19286.0 
-18920.0 -19033.0 
-18559.0 -19347.0 
-18683.0 -19277.0 
-18953.0 -18939.0 
-18971.0 -18933.0 
-18776.0 -19193.0 
-18438.0 -19407.0 
-18827.0 -19142.0 
-19055.0 -18785.0 
-18792.0 -19167.0 
-18927.0 -19006.0 
-18875.0 -19077.0 
-18506.0 -19383.0 
-18868.0 -19094.0 
-19100.0 -18700.0 
-18952.0 -18968.0 
-19044.0 -18801.0 
-18683.0 -19277.0 
-18877.0 -19067.0 
-18572.0 -19335.0 
-18802.0 -19165.0 
-18898.0 -19042.0 
-18316.0 -19473.0 
-18531.0 -19353.0 
-19083.0 -18728.0 
-19100.0 -18700.0 
-19044.0 -18801.0 
-18593.0 -19322.0 
-18744.0 -19212.0 
-19107.0 -18688.0 
-18802.0 -19165.0 
-18417.0 -19409.0 
-18638.0 -19315.0 
-19083.0 -18728.0 
-18763.0 -19198.0 
-18572.0 -19335.0 
-18763.0 -19198.0 
-18531.0 -19353.0 
-19031.0 -18824.0 
-19031.0 -18824.0 
-18499.0 -19390.0 
-18946.0 -18972.0 
-18906.0 -19036.0 
-18927.0 -19006.0 
-18658.0 -19286.0 
-19107.0 -18688.0 
-19075.0 -18739.0 
-18776.0 -19193.0 
-19029.0 -18835.0 
-18671.0 -19284.0 
-18740.0 -19221.0 
-18559.0 -19347.0 
-19081.0 -18738.0 
-18792.0 -19167.0 
-18958.0 -18934.0 
-18971.0 -18933.0 
-18414.0 -19410.0 
-18744.0 -19212.0 
-19008.0 -18928.0 
-18737.0 -19237.0 
-18671.0 -19284.0 
-18946.0 -18972.0 
-18903.0 -19039.0 
-18506.0 -19383.0 
-18740.0 -19221.0 
-18920.0 -19033.0 
-18513.0 -19354.0 
-18958.0 -18934.0 
-19029.0 -18835.0 
