-19021.0 -18738.0 
-18430.0 -19306.0 
-19021.0 -18738.0 
-18430.0 -19306.0 
-18973.0 -18854.0 
-18745.0 -19106.0 
-18647.0 -19153.0 
-18645.0 -19195.0 
-18994.0 -18785.0 
-18974.0 -18812.0 
-18809.0 -19009.0 
-18798.0 -19048.0 
-18937.0 -18879.0 
-18937.0 -18879.0 
-18994.0 -18785.0 
-18462.0 -19305.0 
-18499.0 -19283.0 
-18576.0 -19245.0 
-18847.0 -18972.0 
-18876.0 -18961.0 
-18754.0 -19066.0 
-18510.0 -19267.0 
-18902.0 -18902.0 
-18832.0 -19004.0 
-18619.0 -19197.0 
-18602.0 -19221.0 
-18462.0 -19305.0 
-18549.0 -19249.0 
-18537.0 -19259.0 
-18678.0 -19151.0 
-18709.0 -19109.0 
-18602.0 -19221.0 
-18499.0 -19283.0 
-18902.0 -18902.0 
-18576.0 -19245.0 
-18974.0 -18812.0 
-18889.0 -18937.0 
-18776.0 -19057.0 
-18973.0 -18854.0 
-18776.0 -19057.0 
-18840.0 -18989.0 
-18880.0 -18945.0 
-18690.0 -19131.0 
-18758.0 -19061.0 
-18840.0 -18989.0 
-18686.0 -19145.0 
-18612.0 -19209.0 
-18891.0 -18918.0 
-18699.0 -19115.0 
-18690.0 -19131.0 
-18798.0 -19048.0 
-18537.0 -19259.0 
-18612.0 -19209.0 
-18510.0 -19267.0 
-18847.0 -18972.0 
-18893.0 -18909.0 
-18703.0 -19110.0 
-18809.0 -19009.0 
-18549.0 -19249.0 
-18876.0 -18961.0 
-18699.0 -19115.0 
-18754.0 -19066.0 
-18832.0 -19004.0 
-18880.0 -18945.0 
-18745.0 -19106.0 
-18891.0 -18918.0 
-18889.0 -18937.0 
-18686.0 -19145.0 
-18678.0 -19151.0 
-18893.0 -18909.0 
-18709.0 -19109.0 
-18619.0 -19197.0 
-18758.0 -19061.0 
-18645.0 -19195.0 
-18647.0 -19153.0 
-18430.0 -19306.0 
-19021.0 -18738.0 
-18937.0 -18879.0 
-18994.0 -18785.0 
-18462.0 -19305.0 
-18602.0 -19221.0 
-18499.0 -19283.0 
-18902.0 -18902.0 
-18576.0 -19245.0 
-18974.0 -18812.0 
-18973.0 -18854.0 
-18776.0 -19057.0 
-18840.0 -18989.0 
-18690.0 -19131.0 
-18798.0 -19048.0 
-18537.0 -19259.0 
-18612.0 -19209.0 
-18510.0 -19267.0 
-18847.0 -18972.0 
-18809.0 -19009.0 
-18549.0 -19249.0 
-18876.0 -18961.0 
-18699.0 -19115.0 
-18754.0 -19066.0 
-18832.0 -19004.0 
