-19410.0 -20559.0 
-19410.0 -20559.0 
-20357.0 -19432.0 
-20357.0 -19432.0 
-20315.0 -19645.0 
-19564.0 -20497.0 
-20291.0 -19654.0 
-19490.0 -20500.0 
-20278.0 -19716.0 
-20242.0 -19791.0 
-20336.0 -19525.0 
-19591.0 -20459.0 
-20332.0 -19555.0 
-19957.0 -20184.0 
-19650.0 -20418.0 
-20278.0 -19716.0 
-19709.0 -20407.0 
-19799.0 -20353.0 
-20195.0 -19881.0 
-20145.0 -19951.0 
-19994.0 -20136.0 
-20109.0 -20009.0 
-19930.0 -20219.0 
-19997.0 -20112.0 
-20043.0 -20050.0 
-20138.0 -19976.0 
-19637.0 -20440.0 
-19751.0 -20371.0 
-19846.0 -20276.0 
-20336.0 -19525.0 
-19907.0 -20232.0 
-20148.0 -19911.0 
-20040.0 -20090.0 
-19782.0 -20368.0 
-20332.0 -19555.0 
-19960.0 -20161.0 
-20055.0 -20048.0 
-20029.0 -20101.0 
-19863.0 -20252.0 
-20203.0 -19809.0 
-20242.0 -19791.0 
-19816.0 -20326.0 
-19606.0 -20450.0 
-20159.0 -19908.0 
-19729.0 -20393.0 
-19930.0 -20219.0 
-19447.0 -20547.0 
-20109.0 -20009.0 
-19900.0 -20237.0 
-20200.0 -19843.0 
-20138.0 -19976.0 
-20083.0 -20018.0 
-20066.0 -20028.0 
-19822.0 -20280.0 
-19729.0 -20393.0 
-20159.0 -19908.0 
-20200.0 -19843.0 
-19971.0 -20151.0 
-20219.0 -19795.0 
-19487.0 -20518.0 
-19564.0 -20497.0 
-19884.0 -20247.0 
-19462.0 -20546.0 
-19472.0 -20529.0 
-19709.0 -20407.0 
-20195.0 -19881.0 
-19816.0 -20326.0 
-19447.0 -20547.0 
-19819.0 -20300.0 
-20083.0 -20018.0 
-19751.0 -20371.0 
-19971.0 -20151.0 
-19606.0 -20450.0 
-19650.0 -20418.0 
-19637.0 -20440.0 
-19863.0 -20252.0 
-20029.0 -20101.0 
-19884.0 -20247.0 
-19819.0 -20300.0 
-20215.0 -19804.0 
-19839.0 -20279.0 
-19782.0 -20368.0 
-20066.0 -20028.0 
-19472.0 -20529.0 
-19997.0 -20112.0 
-20040.0 -20090.0 
-19487.0 -20518.0 
-19462.0 -20546.0 
-20215.0 -19804.0 
-19839.0 -20279.0 
-20219.0 -19795.0 
-20203.0 -19809.0 
-19490.0 -20500.0 
-20148.0 -19911.0 
-19822.0 -20280.0 
-19884.0 -20247.0 
-20215.0 -19804.0 
-20219.0 -19795.0 
-19410.0 -20559.0 
-19472.0 -20529.0 
