-20259.0 -19551.0 
-20259.0 -19551.0 
-19383.0 -20511.0 
-19383.0 -20511.0 
-19398.0 -20482.0 
-19925.0 -20171.0 
-19461.0 -20481.0 
-19937.0 -20115.0 
-19962.0 -20066.0 
-19959.0 -20106.0 
-19641.0 -20372.0 
-19989.0 -20060.0 
-19606.0 -20407.0 
-19838.0 -20231.0 
-19783.0 -20281.0 
-19795.0 -20271.0 
-19838.0 -20231.0 
-19795.0 -20271.0 
-19641.0 -20372.0 
-20215.0 -19628.0 
-20077.0 -19928.0 
-20177.0 -19773.0 
-20014.0 -20033.0 
-19676.0 -20358.0 
-20245.0 -19589.0 
-19887.0 -20174.0 
-20166.0 -19778.0 
-19606.0 -20407.0 
-20154.0 -19814.0 
-20131.0 -19822.0 
-20193.0 -19718.0 
-19723.0 -20327.0 
-20213.0 -19666.0 
-19865.0 -20205.0 
-20207.0 -19693.0 
-20187.0 -19749.0 
-19545.0 -20419.0 
-20016.0 -20002.0 
-20113.0 -19870.0 
-20116.0 -19843.0 
-20227.0 -19607.0 
-19574.0 -20416.0 
-19505.0 -20449.0 
-19532.0 -20429.0 
-20000.0 -20036.0 
-20068.0 -19957.0 
-19696.0 -20332.0 
-19874.0 -20181.0 
-19574.0 -20416.0 
-20234.0 -19596.0 
-20020.0 -19998.0 
-19505.0 -20449.0 
-19757.0 -20290.0 
-20124.0 -19841.0 
-20059.0 -19979.0 
-20077.0 -19928.0 
-19487.0 -20457.0 
-19532.0 -20429.0 
-20225.0 -19627.0 
-20043.0 -19994.0 
-20113.0 -19870.0 
-20045.0 -19992.0 
-20100.0 -19900.0 
-20068.0 -19957.0 
-20207.0 -19693.0 
-20193.0 -19718.0 
-20187.0 -19749.0 
-19475.0 -20472.0 
-20213.0 -19666.0 
-20098.0 -19903.0 
-19677.0 -20345.0 
-19852.0 -20212.0 
-20098.0 -19903.0 
-20059.0 -19979.0 
-19737.0 -20311.0 
-20245.0 -19589.0 
-19937.0 -20115.0 
-19475.0 -20472.0 
-19750.0 -20299.0 
-19859.0 -20207.0 
-19487.0 -20457.0 
-19741.0 -20304.0 
-19737.0 -20311.0 
-19723.0 -20327.0 
-19852.0 -20212.0 
-20166.0 -19778.0 
-19685.0 -20341.0 
-19398.0 -20482.0 
-19545.0 -20419.0 
-19887.0 -20174.0 
-20100.0 -19900.0 
-19696.0 -20332.0 
-20144.0 -19816.0 
-19874.0 -20181.0 
-19757.0 -20290.0 
-20144.0 -19816.0 
-19925.0 -20171.0 
-19685.0 -20341.0 
-20154.0 -19814.0 
-19676.0 -20358.0 
