-19432.0 -20518.0 
-20266.0 -19627.0 
-20266.0 -19627.0 
-19432.0 -20518.0 
-19522.0 -20501.0 
-20239.0 -19687.0 
-20022.0 -20069.0 
-20009.0 -20091.0 
-19885.0 -20188.0 
-20235.0 -19739.0 
-20190.0 -19820.0 
-20114.0 -19943.0 
-20158.0 -19863.0 
-19872.0 -20241.0 
-20074.0 -19992.0 
-19594.0 -20454.0 
-20120.0 -19891.0 
-20046.0 -20014.0 
-19977.0 -20101.0 
-19823.0 -20288.0 
-20195.0 -19777.0 
-20084.0 -19959.0 
-20190.0 -19820.0 
-20130.0 -19867.0 
-19636.0 -20406.0 
-19758.0 -20340.0 
-20202.0 -19750.0 
-19828.0 -20261.0 
-19560.0 -20466.0 
-19546.0 -20473.0 
-19522.0 -20501.0 
-19910.0 -20186.0 
-19972.0 -20124.0 
-19798.0 -20307.0 
-20035.0 -20038.0 
-20158.0 -19863.0 
-19689.0 -20380.0 
-20035.0 -20038.0 
-20042.0 -20016.0 
-19616.0 -20411.0 
-20243.0 -19660.0 
-19764.0 -20323.0 
-20074.0 -19992.0 
-19546.0 -20473.0 
-20195.0 -19777.0 
-19607.0 -20430.0 
-20242.0 -19664.0 
-19859.0 -20246.0 
-20099.0 -19945.0 
-19798.0 -20307.0 
-19835.0 -20257.0 
-19779.0 -20310.0 
-19739.0 -20341.0 
-20243.0 -19660.0 
-19692.0 -20368.0 
-19947.0 -20143.0 
-19560.0 -20466.0 
-19677.0 -20389.0 
-19720.0 -20360.0 
-19607.0 -20430.0 
-19594.0 -20454.0 
-19725.0 -20350.0 
-19859.0 -20246.0 
-20084.0 -19959.0 
-19823.0 -20288.0 
-20218.0 -19744.0 
-19955.0 -20137.0 
-19652.0 -20404.0 
-19661.0 -20398.0 
-19931.0 -20160.0 
-20218.0 -19744.0 
-19677.0 -20389.0 
-19924.0 -20168.0 
-19955.0 -20137.0 
-20120.0 -19891.0 
-19932.0 -20146.0 
-19919.0 -20176.0 
-19915.0 -20178.0 
-20126.0 -19876.0 
-19936.0 -20144.0 
-19872.0 -20241.0 
-19661.0 -20398.0 
-19835.0 -20257.0 
-19972.0 -20124.0 
-20099.0 -19945.0 
-19739.0 -20341.0 
-19885.0 -20188.0 
-19703.0 -20367.0 
-19930.0 -20166.0 
-20126.0 -19876.0 
-19977.0 -20101.0 
-19769.0 -20319.0 
-19710.0 -20363.0 
-19614.0 -20418.0 
-19725.0 -20350.0 
-19769.0 -20319.0 
-19614.0 -20418.0 
-19711.0 -20361.0 
-19779.0 -20310.0 
-20202.0 -19750.0 
