36.110164125218276	6.620318692666561
37.84156423472068	29.107633306840746
15.25401464403837	31.6105676359659
55.90770008815268	16.73163835316519
15.820285481925456	33.63870513834843
44.109883838768205	10.126794957202463
23.71481973317457	17.142040068775014
49.31843681873647	10.018122917247968
0.48392978976946055	32.93771987514136
44.95793746669724	11.710411060752397
3.6897591455345937	45.56687891200315
22.07598386530192	13.35891149779855
18.669520256600975	54.27751038267
45.680530931532275	4.613078951966673
54.40915905708919	20.68874373429562
14.699120965596432	43.26167847171903
0.6532947161353422	42.006512703451634
46.85099781089968	6.731769060450421
42.939647610289214	5.410022117585993
14.87644326319962	41.89979218219385
32.76911624051052	3.40585968681069
24.067275627364502	31.1458788261496
29.41090891406357	13.640502812412644
24.92114033617561	7.172013475543535
46.3503305567685	30.808770341484422
34.43402644952843	10.706304623730142
34.55279984998489	35.755340106457304
9.855133414244417	19.287515796783705
32.78438719903462	22.62076917912481
16.24743002266926	20.921926119475913
33.53968315436549	15.801642397006459
9.69523848631943	51.97420643210883
17.47099373696944	35.80140240022912
44.340323561183396	45.00204064440109
42.48215667248103	34.6554789070838
41.13640807359258	50.45601608079794
32.43309416462725	44.97883448876225
33.948733425500905	21.965741052988086
47.41959282799302	24.203247034780205
43.78574203505194	9.267219162433777
44.69095280833743	31.24542100369807
35.1265524024568	3.3157147068295187
29.308165506441664	29.28200632642862
18.17921792389602	30.97786942917637
14.07448196148225	45.806777647114565
21.77453570520647	38.441805999720664
22.17093606822842	5.592444299833453
20.636560852605744	24.34259438863969
5.988701918189794	45.67683622182288
58.802498712015975	11.390665295601414
1.4800349171652518	44.61292513615298
35.067956232715105	1.242351582570285
1.604857118822649	37.48099071026241
10.707481428528613	45.19316334640237
52.7414283851385	10.008162413215244
43.561848106584804	1.1476206961991597
45.007387139341176	43.888827834726456
7.925741726670596	35.2675392350657
50.66096965693197	39.20397257514197
26.07465464564021	32.9207348257224
16.127485135544475	34.69459837608611
42.191793705496366	19.377916733715164
41.21588874222235	14.939394816483489
14.372363204819129	37.75548380145556
44.86222323590374	26.137284482920627
10.277605733709894	34.41871497548882
41.62909704408731	12.788991743035293
15.327887200369622	42.72376505022914
22.351620454771318	39.88439784173404
26.97150668180383	23.17051682228042
26.724763672861428	38.859189433292926
37.78007580555607	12.932660803601262
23.141058449448316	32.116632480986446
36.87240779186576	33.024243556372255
18.53772401075992	19.28172031763163
16.65121809856278	24.081806593049272
0.27415493094991095	32.25147327243576
20.235900042323703	30.583347133969994
36.21636297326656	3.9276209043362065
27.202229787444413	12.360883992947832
19.448128500542666	13.436480328993325
35.74515469425582	38.5257668617496
29.27133307590034	18.00654596407914
39.340408122480355	40.80462716112105
26.000681196252806	25.780026052730157
40.35863029374609	7.195177486574006
56.860224277660976	9.226909961790822
48.060168121147775	27.31128000876935
51.73768903284766	18.638698210194313
6.756902149482642	46.708040079498005
20.207720594839	32.08372213402364
40.34015680229966	7.203367864362188
36.83059997671042	29.28862347185095
29.748201869357995	23.63699101962692
36.06128738416397	28.166944752512883
34.64250278912742	7.121597748576229
28.237429978167526	15.74477777038134
13.521911250438112	34.14250923421372
22.355390482315045	55.28295814165609
18.481666479711492	47.06017101686255
