3.9882472154993535E-16	3.8014090431639
0.0	3.8081468747195983
9.090496115251876E-8	3.7999687551198944
1.0657536921431086E-5	3.796650183851258
2.8509924275842278E-5	3.7874172388159106
3.9882472154993535E-16	3.8022448630661043
0.0	3.8141248644561356
2.8509924275842278E-5	3.79414129096617
2.8597657134119496E-5	3.792994897435936
3.9882472154993535E-16	3.8053244059786664
0.0	3.814334505716289
1.8315488866689517E-8	3.803408277571568
2.8509924275842278E-5	3.795947991910961
2.421472764331642E-15	3.807105478142801
3.9882472154993535E-16	3.80851866754583
0.0	3.8209090206736294
0.0	3.8209090206736294
2.007742378599795E-8	3.8056764708051958
9.099456417747682E-8	3.8036778321572484
9.099456417747682E-8	3.8036778321572484
6.500486886466264E-7	3.8034290170390674
2.855482639164281E-5	3.8033981284103824
2.421472764331642E-15	3.814252680204193
0.0	3.8231280301316284
1.559608868518184E-10	3.812503969004774
7.516408452693606E-9	3.8116148657349433
2.007742378599795E-8	3.809998001827981
4.2840476621568204E-7	3.8060796457476798
6.500486886466264E-7	3.803691251670061
2.421472764331642E-15	3.8156543443493525
0.0	3.8242510477730622
5.815039301640989E-10	3.8146184582662017
9.151337056659649E-10	3.8134017795927573
1.7376645826920064E-8	3.8123763183789756
1.7673420624910422E-8	3.8119483736882813
8.202584451308408E-8	3.811615238504479
9.090496115251876E-8	3.8100301831897054
6.366574111279195E-7	3.806773517856101
2.421472764331642E-15	3.815806941805144
0.0	3.8263111190763097
9.151337056659649E-10	3.813418329800057
1.7376645826920064E-8	3.8124783680155923
2.007742378599795E-8	3.8124545202894375
6.530462127347471E-7	3.809917145122872
1.1019494083741256E-6	3.808844853297685
2.8845436333085005E-5	3.8072847999477277
2.421472764331642E-15	3.8168686298310357
0.0	3.8281932927500053
7.516408452693606E-9	3.815274618272291
1.6853941227532804E-8	3.814789625972198
1.685622740546268E-8	3.8146132366088596
1.685622740546268E-8	3.8146132366088596
1.0768121098552216E-7	3.8136612014472515
1.0768121098552216E-7	3.8136612014472515
6.392016496709126E-7	3.813628989122349
6.500486886466264E-7	3.8132918785619943
1.1250917658686299E-6	3.808992468854769
2.421472764331642E-15	3.816884271152449
0.0	3.828196408129708
0.0	3.828196408129708
0.0	3.828196408129708
0.0	3.828196408129708
7.516408452693606E-9	3.8155717422214868
7.820999163569048E-9	3.8152864048297412
1.7376645826920064E-8	3.8147278011189787
2.0795415202248966E-7	3.813944316353457
6.704742270422129E-7	3.8136480008252107
1.1250917658686299E-6	3.8105326673501883
0.0	3.8283839815446923
0.0	3.8283839815446923
6.18455108352933E-11	3.817644621338904
7.712484963073667E-9	3.8166001969887695
7.820999163569048E-9	3.816310873263569
7.820999163569048E-9	3.816310873263569
7.820999163569048E-9	3.816310873263569
1.2891100215229164E-8	3.8160091612374756
1.4285973650214473E-8	3.8153358983833363
1.4285973650214473E-8	3.8153358983833363
2.007742378599795E-8	3.8149312672245532
2.0795415202248966E-7	3.8147350110677203
3.9718275873825244E-7	3.8146072054283944
4.291995958213572E-7	3.814464474363996
6.500486886466264E-7	3.814040042814766
6.504483258548799E-7	3.8140341604281183
6.928745066888752E-7	3.8139122916358055
1.3206665179633012E-6	3.8138049278034893
2.809991765407273E-5	3.8106244733295767
2.809991765407273E-5	3.8106244733295767
1.4092311812582406E-4	3.8106505350542177
0.0	3.828418853976707
1.4092311812582406E-4	3.8106505350542177
2.8669089477384198E-5	3.8108075327746413
7.168259674016548E-11	3.821712039248511
9.141389265898147E-7	3.814436119509938
2.8509924275842278E-5	3.8121557774962316
4.634760647113178E-9	3.81819415267744
2.1290079927123297E-8	3.8162694467064027
5.049104477406044E-7	3.8147186735836014
1.7324804968803458E-8	3.817003350367637
2.855482639164281E-5	3.8120380654666226
