-19297.0 -18373.0 
-18399.0 -19498.0 
-19297.0 -18373.0 
-18399.0 -19498.0 
-18497.0 -19429.0 
-18691.0 -19303.0 
-19094.0 -18842.0 
-18793.0 -19183.0 
-19282.0 -18498.0 
-19289.0 -18390.0 
-19251.0 -18618.0 
-18535.0 -19394.0 
-18617.0 -19318.0 
-19100.0 -18780.0 
-19068.0 -18886.0 
-18754.0 -19223.0 
-18696.0 -19258.0 
-18438.0 -19443.0 
-19199.0 -18679.0 
-19029.0 -18889.0 
-18569.0 -19371.0 
-19164.0 -18700.0 
-19223.0 -18646.0 
-19262.0 -18507.0 
-19253.0 -18568.0 
-18719.0 -19224.0 
-18536.0 -19374.0 
-19253.0 -18568.0 
-18823.0 -19173.0 
-19145.0 -18730.0 
-19223.0 -18646.0 
-19025.0 -18907.0 
-18843.0 -19121.0 
-19199.0 -18679.0 
-18892.0 -19092.0 
-18754.0 -19223.0 
-18592.0 -19322.0 
-18579.0 -19340.0 
-18617.0 -19318.0 
-18991.0 -18976.0 
-18712.0 -19246.0 
-18836.0 -19150.0 
-19131.0 -18770.0 
-19160.0 -18725.0 
-18406.0 -19469.0 
-18979.0 -18996.0 
-18962.0 -19016.0 
-19127.0 -18776.0 
-18997.0 -18919.0 
-18438.0 -19443.0 
-18875.0 -19100.0 
-18909.0 -19046.0 
-19068.0 -18886.0 
-18895.0 -19074.0 
-18979.0 -18996.0 
-18926.0 -19027.0 
-18418.0 -19446.0 
-18996.0 -18945.0 
-18996.0 -18945.0 
-18836.0 -19150.0 
-18895.0 -19074.0 
-18714.0 -19235.0 
-18579.0 -19340.0 
-18875.0 -19100.0 
-18945.0 -19018.0 
-18852.0 -19109.0 
-18406.0 -19469.0 
-18823.0 -19173.0 
-18991.0 -18976.0 
-19164.0 -18700.0 
-18945.0 -19018.0 
-19289.0 -18390.0 
-18909.0 -19046.0 
-19008.0 -18916.0 
-19131.0 -18770.0 
-18962.0 -19016.0 
-18845.0 -19110.0 
-19267.0 -18503.0 
-19008.0 -18916.0 
-19145.0 -18730.0 
-18926.0 -19027.0 
-18416.0 -19450.0 
-18916.0 -19038.0 
-18592.0 -19322.0 
-18916.0 -19038.0 
-18852.0 -19109.0 
-18416.0 -19450.0 
-18569.0 -19371.0 
-19262.0 -18507.0 
-19282.0 -18498.0 
-19100.0 -18780.0 
-19267.0 -18503.0 
-19160.0 -18725.0 
-19127.0 -18776.0 
-18536.0 -19374.0 
-18997.0 -18919.0 
-19223.0 -18646.0 
-19262.0 -18507.0 
-18592.0 -19322.0 
-18438.0 -19443.0 
