0.5572466144346947 126935.25296176628 
0.73208195330283 152794.44803835443 
0.6425757116371129 187090.69761062096 
0.8109402006254598 200760.28348840468 
0.9313963395210475 182933.04130925616 
0.7315039445424929 148879.461600147 
0.09842916470124219 128956.30721568089 
0.9628805572815256 159780.61006935334 
0.9705049719807083 201686.22743418856 
0.9939271639321912 156713.95606917402 
0.44995440192639446 170584.29994279158 
0.2554481167967253 185776.6899798841 
0.3202653102688996 152411.26405459098 
0.17521312570130798 189876.50822951875 
0.0159215862140224 146060.34409174364 
0.25825731319222134 156368.5498526436 
0.6839236884317934 165131.17352608638 
0.3838988653059563 153321.36480243987 
0.315019622943984 131258.340780075 
0.25065645678090487 134427.99394060508 
0.23544906109147667 138862.83634263597 
0.6296994009591295 161135.90375081878 
0.04789279888776787 183838.37090879574 
0.9575753777815167 168068.73547296072 
0.3592228678780721 163191.63170707176 
0.8641122451209978 153515.25528316753 
0.36430244261689193 134343.1552094281 
0.015813183942153808 163376.64102773106 
0.6340894719038366 179175.11905087437 
0.10941021130285311 182450.76273897424 
0.055434778416029395 168651.13141341918 
0.9938439677945649 158265.07341158506 
0.7715348886696366 162089.2224410241 
0.5542325785805409 150954.1646520631 
0.7219647003866062 182728.2342862295 
0.5761902485597101 181830.63424679195 
0.05130169109812688 167265.06485929622 
0.103074579823906 148653.6861038711 
0.0825421739206249 205834.82444840003 
0.9448561717360682 163200.27606061302 
0.3696970078025408 153584.11842508754 
0.7121541472379359 126707.31073233919 
0.5029865817380851 131974.0174225394 
0.995165439788002 166694.34637885692 
0.20714396000862578 159661.2958323155 
0.2358649067059162 181707.88193906838 
0.3488873139214208 175082.31613861004 
0.5225720311089995 135664.33489350666 
0.37264268416595536 155616.07293422034 
0.8188223944494821 157396.61548508465 
0.9317899450290387 150960.20208511493 
0.7011536940884795 162939.06663204383 
0.9566159659138771 148309.40958784427 
0.8274389701827825 163782.1102438454 
0.5531159674242175 158398.28775642026 
0.44783104030105425 148024.96433112075 
0.6740334141432152 152641.3705643435 
0.17854357432445822 141309.35367260614 
0.8829119429524273 148905.11494158366 
0.4811446137403643 144883.67114827808 
0.8962289151544982 145989.74314013653 
0.38266309195370973 183567.18017060962 
0.3454882633202251 156791.73892880202 
0.8887150360796665 188632.6762012999 
0.513224784492507 180732.97042951192 
0.23363025669125415 122579.37974426794 
0.4131617800563524 170235.38553964486 
0.4090733075670997 156460.2525416844 
0.20549886294752995 180672.75934160862 
0.4935370133406466 169861.27372369295 
0.4554424149446413 169243.51544683735 
0.5075630749435134 193758.03821801857 
0.3260128455172019 147884.27644837124 
0.4906768354341211 170909.6491699767 
0.8585634600659225 170806.51418941835 
0.0033580345266392975 161879.0751934235 
0.793245666439853 148903.43245584096 
0.2770591698924908 149975.52285161524 
0.8875024942954534 218044.03554323013 
0.11312310212152199 162304.8560262517 
0.22015681998762449 136165.71075010358 
0.5021303631521823 143789.50318296714 
0.7854151917179518 190465.24912610333 
0.15946225329964137 187684.86650772675 
0.887939187488734 129386.38949814484 
0.9994092774241959 204316.63318343874 
0.8865710578403916 196419.06741975909 
0.6773028057662415 173532.383921042 
0.44961684948004765 176558.51596240266 
0.6374932286522145 126319.81451897952 
0.43134237091788663 128678.19250364069 
0.6702665217728542 153473.01928374442 
0.7682441752075342 177377.04664442732 
0.7125434058286141 143665.177718199 
0.08456880033504688 156476.2432768433 
0.14238697099391384 140772.71898377908 
0.6468925572889942 159063.6987081307 
0.7646994530460809 148550.61710436002 
0.8525645809744847 191244.50707535236 
0.5660328916858498 194917.85862099956 
