1.1602143055477419	9.42280298557298E-13
1.0248918828250205E-13	1.1647703690880995
1.1570087252460681	0.08003133167930988
0.09474738140483631	1.1544574817225437
0.0012975185506181916	1.1581133705491895
1.091060123772562	0.42836198149257537
0.10898478196906716	1.1531376935895097
1.1546702236519248	0.1390497787496298
0.17183445901080066	1.151068732173825
1.1009410211682031	0.36710383992629253
0.6661621780210314	0.9509333490200613
1.1132081500171254	0.33991174958412596
0.49887520392021806	1.0516014979312627
0.5291497747683899	1.0347800782424006
0.6942578773529308	0.9285371335882534
0.6366653929232534	0.9767290613143865
1.119709164190151	0.3013562984490081
0.24237870608646123	1.1395785123606603
0.8162650947267284	0.8302927403639434
0.5725415688246097	1.0154687858416276
0.73371123827025	0.8979615191047902
1.0545473750620813	0.49136523945857913
0.6557952741312323	0.9664338587135619
0.7866767064405101	0.8543826297696937
0.5939702621329835	0.9985877519756327
0.8049693246790932	0.8397837972183821
0.9800873502935887	0.6306739100799175
0.44151363982673886	1.0764286796391134
1.0431863838271505	0.5113164884454972
0.716804884538309	0.9156683586176592
0.8852214074493088	0.7543910455446705
1.0164924958586454	0.5707176049663801
0.4251150865364775	1.0837463095803754
0.6134678286386422	0.9901347508047297
1.07961770601	0.4407888408242074
1.0076154455469086	0.58494211111922
0.7507021731606296	0.8927312269760322
1.149011085968328	0.1757638868739626
0.9884082950931942	0.616548374869089
0.5478378585812624	1.0288815751568123
0.9216030889620022	0.7076608196512096
0.8660039035192908	0.7780852894319898
0.8753629383193173	0.7695786300752261
0.7758862242759256	0.8652605876985945
1.1468354806768681	0.1967784601815846
1.1534640009435264	0.15688367278412058
0.4579646228346609	1.0669266091232619
1.0602723668867637	0.472201822838028
0.32901350370458393	1.1170945501931002
0.9667454116888252	0.6481044117839131
0.1845728380248669	1.149403472185453
0.8334451919057302	0.8106895741099082
1.1362778300153356	0.2439945641116898
0.48330795927555636	1.061328613056259
1.1031404052854041	0.36087157047930146
0.4063134925356447	1.0901341944249874
1.127394528119626	0.2882315569776405
1.140046713984719	0.22442303018974039
0.5574287069999289	1.0190362324654227
1.0243780394220228	0.5524378752383926
0.2781082325006494	1.1269615544849478
0.9322551247496441	0.6941494480104508
0.8334451919057302	0.8106895741099082
1.1321021523087786	0.274945178857203
0.3486866003859282	1.112269893678421
0.7101153839008851	0.9240012358519051
0.9548258385955963	0.6713639033220342
0.2947261067596746	1.1260495701290079
0.9393407850433896	0.6888273373550156
0.962997484557342	0.6543355495688244
1.1323675123464916	0.2569960463132574
0.3748927832633231	1.1043346879954954
1.1455816765425337	0.21511047233784142
0.3983429355902808	1.09587211770714
0.3550269717082768	1.1076867443048117
1.0706536584119213	0.45591072512178465
0.22993142463072283	1.1420485890803267
0.8540754106784112	0.7913433965989176
0.20721876501305977	1.145882765168127
0.9495582987558879	0.6762158292477223
0.9106008589420387	0.7266213215000682
0.3803679184616299	1.098445225099292
0.7644482584309911	0.8817646430855827
0.8540754106784112	0.7913433965989176
1.030021318440064	0.5469404708444006
0.4697584869756231	1.0624749276924723
0.8980145786217367	0.7429709121115318
1.0350174562278616	0.5319910244317663
0.9159382957179198	0.7213950858167706
0.2781082325006494	1.1269615544849478
0.9016267700141138	0.7399412563409077
1.0380657302796636	0.5245706278740572
0.9972848810225935	0.5988728111389255
0.6032183670249633	0.9919821346373139
0.7668095380069145	0.8772883506409708
1.0691705431112108	0.46432289225106377
0.21265947393724807	1.1437411884576163
0.9958908685139249	0.6012105428283558
0.30734560621484297	1.1209782172673277
0.31243125659134496	1.1175080511200075
