-18510.0 -19574.0 
-18510.0 -19574.0 
-19249.0 -18749.0 
-19249.0 -18749.0 
-19084.0 -19110.0 
-19163.0 -18976.0 
-19164.0 -18908.0 
-19090.0 -19045.0 
-19218.0 -18803.0 
-19007.0 -19193.0 
-18571.0 -19530.0 
-19218.0 -18803.0 
-18994.0 -19225.0 
-19056.0 -19119.0 
-18609.0 -19526.0 
-18657.0 -19495.0 
-18691.0 -19484.0 
-18733.0 -19465.0 
-19179.0 -18884.0 
-18930.0 -19271.0 
-18974.0 -19228.0 
-19128.0 -18995.0 
-19039.0 -19132.0 
-19125.0 -19018.0 
-19193.0 -18829.0 
-18847.0 -19362.0 
-18553.0 -19553.0 
-18706.0 -19473.0 
-18831.0 -19383.0 
-18954.0 -19268.0 
-18737.0 -19447.0 
-19038.0 -19156.0 
-18535.0 -19555.0 
-18798.0 -19407.0 
-18867.0 -19358.0 
-19188.0 -18854.0 
-19188.0 -18854.0 
-18972.0 -19245.0 
-19143.0 -18994.0 
-18885.0 -19344.0 
-19179.0 -18884.0 
-19105.0 -19024.0 
-18639.0 -19506.0 
-19053.0 -19129.0 
-18657.0 -19495.0 
-18626.0 -19518.0 
-18524.0 -19559.0 
-18519.0 -19568.0 
-18816.0 -19384.0 
-18556.0 -19537.0 
-18751.0 -19430.0 
-18766.0 -19413.0 
-19198.0 -18823.0 
-19115.0 -19023.0 
-18691.0 -19484.0 
-19090.0 -19045.0 
-18885.0 -19344.0 
-19198.0 -18823.0 
-18911.0 -19297.0 
-18639.0 -19506.0 
-19164.0 -18908.0 
-18752.0 -19417.0 
-18706.0 -19473.0 
-18867.0 -19358.0 
-18780.0 -19409.0 
-18564.0 -19536.0 
-18924.0 -19280.0 
-18924.0 -19280.0 
-19025.0 -19170.0 
-19143.0 -18994.0 
-18609.0 -19526.0 
-18811.0 -19390.0 
-18626.0 -19518.0 
-18966.0 -19254.0 
-19019.0 -19179.0 
-18897.0 -19330.0 
-18897.0 -19330.0 
-18966.0 -19254.0 
-19019.0 -19179.0 
-19025.0 -19170.0 
-18811.0 -19390.0 
-18911.0 -19297.0 
-18841.0 -19371.0 
-18903.0 -19321.0 
-18760.0 -19415.0 
-19163.0 -18976.0 
-18746.0 -19439.0 
-18841.0 -19371.0 
-19105.0 -19024.0 
-18780.0 -19409.0 
-18994.0 -19225.0 
-18908.0 -19308.0 
-18798.0 -19407.0 
-18954.0 -19268.0 
-18908.0 -19308.0 
-19084.0 -19110.0 
-19038.0 -19156.0 
-18903.0 -19321.0 
-18746.0 -19439.0 
-18733.0 -19465.0 
