0.0	15.087655252114631
0.0	15.087655252114631
2.347297055542101E-10	15.083496408431873
8.460463533065439E-10	15.08246170684657
6.870905577690099E-8	14.910912912945928
0.0010399460314786482	14.85291699470582
0.0	15.087819705847767
6.870905577690099E-8	15.043571814087224
7.111649083594636E-8	14.99942378072661
1.964655714471761E-7	14.967331056102555
4.3269639429978235E-6	14.961730907924556
0.0	15.244944470428132
9.5262219214154E-13	15.088886632744746
1.9355245015634728E-7	15.062455517941123
2.3749022856327595E-6	15.01193351545002
9.168902301914111E-6	14.998417030203202
2.8150183997508588E-5	14.987872009251129
0.01953155190700162	14.97566983553572
0.0	15.350503796899748
1.8435630110495065E-14	15.253504204593225
2.2146760859054686E-12	15.143641314593756
2.257987304313457E-12	15.097291774452655
4.3269639429978235E-6	15.019784507763307
1.085625976595438E-4	14.989538324832466
0.012500680054062218	14.989527900547703
0.0	15.363114604974271
2.2959167625180234E-14	15.32851332862983
2.2146760859054686E-12	15.14877225491496
4.558196167682755E-11	15.138707363295824
8.449998764863213E-9	15.136271297290369
9.068933990688672E-9	15.121351941536451
1.3987677032466027E-6	15.100909754982881
4.3269639429978235E-6	15.087845619933764
2.792810148980767E-5	15.03503613015266
0.0010399460314786482	15.001207532982816
0.012339700518893028	14.999378002585724
0.030708583202427767	14.997706789158213
0.0	15.372336147838457
5.551732081372614E-13	15.354671823563395
5.551732081372614E-13	15.354671823563395
6.547352741138309E-13	15.347058782415612
2.2146760859054686E-12	15.312322249955542
4.7167185326908525E-11	15.190235229659931
9.038246502559997E-11	15.157526591246278
9.038246502559997E-11	15.157526591246278
8.334447926141269E-9	15.155534408736937
8.449998764863213E-9	15.14486410808088
1.2257420283798284E-7	15.141588015950264
1.2258251835146902E-7	15.139653994340893
1.9211526251883142E-7	15.131049424612483
1.431964078400271E-6	15.129698039764126
1.4970658849794385E-6	15.125628961601086
1.0380113328434465E-5	15.1053183687405
2.1826207318472075E-4	15.084165295848896
5.431710986819538E-4	15.042423394488473
0.0011257561734694826	15.034101743630105
0.0013394242013819377	15.03237201438738
0.0013700631681117562	15.02021282714892
0.01764511219249459	15.00816605513377
0.0	15.392952029946652
0.0	15.392952029946652
5.551732081372614E-13	15.38610948998116
2.2146760859054686E-12	15.360317513681638
2.257987304313457E-12	15.33441463027187
1.0562037461809992E-11	15.332014312914227
9.038246502559997E-11	15.166157847370746
8.449171229900733E-9	15.158398525383468
6.870905577690099E-8	15.14505903827241
1.431964078400271E-6	15.129755905036172
2.792810148980767E-5	15.126438084690452
1.0752866243230353E-4	15.111254087144802
5.619366066826973E-4	15.050480905204987
0.0011778560099597025	15.035467313366093
0.001736547962176281	15.022755362940725
0.018849130408236957	15.008384126801964
0.0	15.393214450410987
2.2146760859054686E-12	15.362234407126904
2.2146760859054686E-12	15.362234407126904
2.2146760859054686E-12	15.362234407126904
2.2146760859054686E-12	15.362234407126904
2.2146760859054686E-12	15.362234407126904
2.3147917143997554E-12	15.344516938276884
1.711644740884963E-11	15.338040476032212
1.711644740884963E-11	15.338040476032212
1.711644740884963E-11	15.338040476032212
9.038246502559997E-11	15.166489234466518
1.4287383907869592E-8	15.163792786018305
6.870905577690099E-8	15.148855165421876
6.870905577690099E-8	15.148855165421876
4.517703588217269E-7	15.147908839082591
1.4160475440697948E-6	15.146081266631677
1.4968414350461585E-6	15.144447749649714
2.3797197477302186E-6	15.134967091369786
4.795364530410461E-6	15.130116540910235
4.24005615155506E-4	15.113802608261196
0.0010514410369254247	15.066306178032873
0.0013406112923368065	15.04177675900921
0.0018938440563648477	15.024373124367397
0.026478837098440376	15.01171076728801
0.0	15.40327202282204
