-19099.0 -18602.0 
-18347.0 -19361.0 
-18347.0 -19361.0 
-19099.0 -18602.0 
-19088.0 -18703.0 
-19019.0 -18866.0 
-18893.0 -19019.0 
-19043.0 -18761.0 
-19064.0 -18752.0 
-19037.0 -18801.0 
-19025.0 -18811.0 
-18410.0 -19357.0 
-18455.0 -19350.0 
-19088.0 -18703.0 
-18784.0 -19138.0 
-18983.0 -18871.0 
-18693.0 -19200.0 
-18553.0 -19288.0 
-18942.0 -18933.0 
-18509.0 -19294.0 
-18719.0 -19165.0 
-18646.0 -19244.0 
-18418.0 -19354.0 
-18458.0 -19329.0 
-18764.0 -19150.0 
-18672.0 -19209.0 
-18756.0 -19159.0 
-18658.0 -19213.0 
-18707.0 -19187.0 
-18563.0 -19276.0 
-18818.0 -19091.0 
-18858.0 -19034.0 
-18506.0 -19304.0 
-18907.0 -18977.0 
-18496.0 -19318.0 
-18960.0 -18905.0 
-18908.0 -18964.0 
-19064.0 -18752.0 
-18607.0 -19259.0 
-18814.0 -19104.0 
-18487.0 -19326.0 
-18580.0 -19266.0 
-18624.0 -19245.0 
-18960.0 -18905.0 
-18836.0 -19065.0 
-18967.0 -18892.0 
-18842.0 -19044.0 
-18929.0 -18956.0 
-18967.0 -18892.0 
-18898.0 -18997.0 
-18795.0 -19106.0 
-18716.0 -19181.0 
-18904.0 -18996.0 
-18827.0 -19078.0 
-18827.0 -19078.0 
-18983.0 -18871.0 
-18791.0 -19119.0 
-18618.0 -19254.0 
-18836.0 -19065.0 
-18607.0 -19259.0 
-18858.0 -19034.0 
-18576.0 -19270.0 
-18791.0 -19119.0 
-18658.0 -19213.0 
-18553.0 -19288.0 
-19025.0 -18811.0 
-18756.0 -19159.0 
-18931.0 -18949.0 
-18938.0 -18939.0 
-18646.0 -19244.0 
-18938.0 -18939.0 
-18410.0 -19357.0 
-18850.0 -19041.0 
-18793.0 -19109.0 
-18931.0 -18949.0 
-19019.0 -18866.0 
-18618.0 -19254.0 
-18580.0 -19266.0 
-18576.0 -19270.0 
-18491.0 -19324.0 
-18929.0 -18956.0 
-18842.0 -19044.0 
-18716.0 -19181.0 
-18719.0 -19165.0 
-18509.0 -19294.0 
-18908.0 -18964.0 
-18850.0 -19041.0 
-18855.0 -19037.0 
-18624.0 -19245.0 
-18491.0 -19324.0 
-18487.0 -19326.0 
-18855.0 -19037.0 
-18898.0 -18997.0 
-18814.0 -19104.0 
-18458.0 -19329.0 
-18793.0 -19109.0 
-18904.0 -18996.0 
-18938.0 -18939.0 
-18931.0 -18949.0 
-18929.0 -18956.0 
