-19014.0 -18789.0 
-18331.0 -19398.0 
-19014.0 -18789.0 
-18331.0 -19398.0 
-18484.0 -19392.0 
-18583.0 -19332.0 
-18730.0 -19232.0 
-18486.0 -19352.0 
-18735.0 -19190.0 
-18625.0 -19304.0 
-18685.0 -19260.0 
-18998.0 -18831.0 
-18606.0 -19305.0 
-18627.0 -19273.0 
-18998.0 -18831.0 
-18982.0 -18886.0 
-18548.0 -19336.0 
-18648.0 -19266.0 
-18993.0 -18857.0 
-18993.0 -18857.0 
-18962.0 -18928.0 
-18543.0 -19341.0 
-18970.0 -18907.0 
-18982.0 -18886.0 
-18897.0 -19021.0 
-18845.0 -19097.0 
-18513.0 -19344.0 
-18746.0 -19185.0 
-18970.0 -18907.0 
-18905.0 -19001.0 
-18802.0 -19119.0 
-18938.0 -18948.0 
-18685.0 -19260.0 
-18707.0 -19245.0 
-18914.0 -18996.0 
-18583.0 -19332.0 
-18931.0 -18968.0 
-18872.0 -19047.0 
-18949.0 -18931.0 
-18799.0 -19135.0 
-18863.0 -19070.0 
-18712.0 -19239.0 
-18926.0 -18979.0 
-18851.0 -19079.0 
-18606.0 -19305.0 
-18926.0 -18979.0 
-18781.0 -19163.0 
-18864.0 -19057.0 
-18872.0 -19047.0 
-18855.0 -19072.0 
-18883.0 -19030.0 
-18832.0 -19099.0 
-18707.0 -19245.0 
-18791.0 -19142.0 
-18789.0 -19154.0 
-18945.0 -18943.0 
-18504.0 -19346.0 
-18886.0 -19024.0 
-18931.0 -18968.0 
-18768.0 -19171.0 
-18820.0 -19113.0 
-18883.0 -19030.0 
-18914.0 -18996.0 
-18768.0 -19171.0 
-18781.0 -19163.0 
-18504.0 -19346.0 
-18648.0 -19266.0 
-18758.0 -19175.0 
-18756.0 -19180.0 
-18639.0 -19269.0 
-18894.0 -19022.0 
-18815.0 -19114.0 
-18825.0 -19107.0 
-18851.0 -19079.0 
-18825.0 -19107.0 
-18905.0 -19001.0 
-18639.0 -19269.0 
-18730.0 -19232.0 
-18712.0 -19239.0 
-18938.0 -18948.0 
-18513.0 -19344.0 
-18864.0 -19057.0 
-18789.0 -19154.0 
-18962.0 -18928.0 
-18799.0 -19135.0 
-18815.0 -19114.0 
-18735.0 -19190.0 
-18791.0 -19142.0 
-18945.0 -18943.0 
-18548.0 -19336.0 
-18832.0 -19099.0 
-18484.0 -19392.0 
-18486.0 -19352.0 
-18802.0 -19119.0 
-18543.0 -19341.0 
-18845.0 -19097.0 
-18756.0 -19180.0 
-18949.0 -18931.0 
-18627.0 -19273.0 
-18758.0 -19175.0 
