-18996.0 -18737.0 
-18188.0 -19416.0 
-18188.0 -19416.0 
-18996.0 -18737.0 
-18958.0 -18819.0 
-18478.0 -19309.0 
-18990.0 -18751.0 
-18869.0 -18907.0 
-18403.0 -19341.0 
-18351.0 -19342.0 
-18859.0 -18954.0 
-18826.0 -18962.0 
-18424.0 -19314.0 
-18946.0 -18833.0 
-18686.0 -19115.0 
-18958.0 -18819.0 
-18990.0 -18751.0 
-18887.0 -18901.0 
-18223.0 -19406.0 
-18825.0 -18989.0 
-18796.0 -19020.0 
-18538.0 -19254.0 
-18236.0 -19396.0 
-18853.0 -18961.0 
-18946.0 -18833.0 
-18893.0 -18876.0 
-18492.0 -19280.0 
-18679.0 -19138.0 
-18719.0 -19085.0 
-18798.0 -19001.0 
-18654.0 -19160.0 
-18913.0 -18858.0 
-18575.0 -19225.0 
-18308.0 -19374.0 
-18308.0 -19374.0 
-18759.0 -19056.0 
-18341.0 -19367.0 
-18654.0 -19160.0 
-18268.0 -19379.0 
-18913.0 -18858.0 
-18554.0 -19235.0 
-18499.0 -19273.0 
-18236.0 -19396.0 
-18602.0 -19215.0 
-18565.0 -19234.0 
-18715.0 -19104.0 
-18268.0 -19379.0 
-18280.0 -19377.0 
-18773.0 -19037.0 
-18417.0 -19316.0 
-18634.0 -19174.0 
-18905.0 -18859.0 
-18623.0 -19198.0 
-18773.0 -19037.0 
-18515.0 -19257.0 
-18746.0 -19065.0 
-18414.0 -19330.0 
-18746.0 -19065.0 
-18717.0 -19101.0 
-18729.0 -19077.0 
-18503.0 -19261.0 
-18893.0 -18876.0 
-18811.0 -19000.0 
-18628.0 -19181.0 
-18624.0 -19187.0 
-18672.0 -19145.0 
-18223.0 -19406.0 
-18764.0 -19041.0 
-18729.0 -19077.0 
-18412.0 -19335.0 
-18346.0 -19365.0 
-18696.0 -19111.0 
-18760.0 -19047.0 
-18634.0 -19174.0 
-18492.0 -19280.0 
-18796.0 -19020.0 
-18575.0 -19225.0 
-18608.0 -19210.0 
-18608.0 -19210.0 
-18478.0 -19309.0 
-18672.0 -19145.0 
-18538.0 -19254.0 
-18347.0 -19352.0 
-18859.0 -18954.0 
-18696.0 -19111.0 
-18602.0 -19215.0 
-18554.0 -19235.0 
-18869.0 -18907.0 
-18280.0 -19377.0 
-18515.0 -19257.0 
-18674.0 -19139.0 
-18623.0 -19198.0 
-18811.0 -19000.0 
-18825.0 -18989.0 
-18341.0 -19367.0 
-18905.0 -18859.0 
-18887.0 -18901.0 
-18424.0 -19314.0 
-18347.0 -19352.0 
-18503.0 -19261.0 
