9.990453308588485 1.2844595133524925E-12 
9.990453308588485 1.2844595133524925E-12 
1.117692928870618E-12 9.981922190052614 
6.418226735082041 7.655263677166226 
4.808940923504901 8.754661341817869 
5.127124328810925 8.569175899978084 
9.296390264989896 3.648559427726729 
9.010832876299636 4.316421546287864 
7.42513685736688 6.683202204335781 
3.3174193509989576 9.418510904279662 
6.633922884758521 7.462037266504778 
9.934880371106996 0.9818883197025856 
7.992281619376662 5.987531322255562 
4.484718810511102 8.924431149619092 
6.220272539922592 7.815335716561928 
8.776703838046052 4.772337028067467 
7.621784274904173 6.448977937080935 
8.645807118900043 4.992162682236535 
9.383985090519682 3.410356771507395 
4.9441362902240975 8.676217623081595 
8.195639006304834 5.704029279415337 
8.895056954138854 4.540240724619007 
8.079584669167852 5.871943313785891 
7.7880248497417215 6.257464888414695 
0.2806908741300405 9.980667139352382 
8.524801948821255 5.199992922886607 
9.687303919625968 2.4264657545865322 
3.829227000778407 9.219886560984937 
3.6441603622684577 9.302690732826091 
6.005802055190234 7.97425668955957 
3.084914129601552 9.49669679763332 
9.534828845772152 2.9823431185465314 
9.961133356940476 0.6900815446065459 
5.86145729628426 8.08953891174475 
3.4920810234785513 9.353406424824371 
2.4161470005697616 9.689791545971072 
2.2233684634978803 9.735561029111398 
7.547545703782596 6.534858036891406 
5.612577939048139 8.255119926601393 
8.374864858012751 5.443824794554456 
1.5420353241855127 9.864643220221549 
5.743496847791704 8.16864747141626 
9.841520968606448 1.685116795404878 
5.4924077743805615 8.343859497585136 
9.13173606507758 4.0531322763512945 
2.846209339004014 9.577097936061358 
8.466707942540388 5.292192642180725 
9.801315639994868 1.9186360631102544 
9.883219125648665 1.4438226123378477 
5.354939821918317 8.427704680419785 
0.47585891926605917 9.973475363743457 
9.443732290378973 3.240872761767782 
9.632760889685196 2.630709217578893 
6.127822896160006 7.886123998181815 
4.2819155769559 9.018948853072356 
7.288334646505497 6.827137774401481 
6.701950269182634 7.399007432526392 
1.2496051838176747 9.905731538785213 
8.71112553761033 4.87527874018051 
7.047937160468612 7.074959293983963 
7.850285706172275 6.179310295631983 
4.054736081646502 9.125483033130829 
2.6641303624378216 9.62631263425725 
9.607489600515153 2.721528455596852 
9.728099089040096 2.250428041944208 
8.943390809692692 4.43990461351365 
4.21373117969686 9.055015354933142 
9.563369393558823 2.90201024379736 
1.394421071961384 9.885737019028621 
4.022992373288705 9.208536998106931 
2.9680458466483213 9.528842079774941 
2.573146726978177 9.647463947993089 
9.96810891714715 0.5585510258583133 
2.0618887522928784 9.767100342743625 
9.985435369107316 0.15587852899104607 
4.46627190459119 8.934199073504667 
9.755242346364001 2.154717762622424 
9.865929984328599 1.5704415535437517 
9.779263839006546 2.0165296597330093 
9.975698469929046 0.39974829619558183 
9.907858070991995 1.220684986741122 
1.7601052591783872 9.830525347828754 
7.244407058703222 6.873599589012732 
8.282946939317291 5.57236152054523 
6.859800459483816 7.259087355964171 
9.97963521201742 0.29039024018173654 
0.7034659068239318 9.961972972520648 
9.91634276877572 1.1830901306056725 
0.65329844555419 9.966244624640908 
1.871856413927284 9.805536720418814 
1.0723192406597517 9.926631978070052 
1.9720517826293493 9.788708472891292 
7.139665510369638 6.98395648472228 
9.184536715874126 3.9323509566935453 
5.365891630017794 8.418236126121878 
8.302571982923968 5.550216540008788 
7.159610586543737 6.963929034713728 
0.8751909519845267 9.948163627919271 
6.9597895999085395 7.163940064282906 
9.21869606693215 3.8487875203335005 
