-18348.0 -19382.0 
-19189.0 -18464.0 
-19189.0 -18464.0 
-18966.0 -18957.0 
-19122.0 -18639.0 
-19112.0 -18725.0 
-19151.0 -18589.0 
-18971.0 -18895.0 
-19171.0 -18533.0 
-19159.0 -18538.0 
-18915.0 -19005.0 
-18500.0 -19317.0 
-18440.0 -19338.0 
-18556.0 -19287.0 
-18508.0 -19292.0 
-18936.0 -18958.0 
-18819.0 -19091.0 
-18787.0 -19129.0 
-18388.0 -19358.0 
-18460.0 -19326.0 
-19032.0 -18808.0 
-18630.0 -19260.0 
-18809.0 -19118.0 
-19021.0 -18850.0 
-19055.0 -18758.0 
-18843.0 -19059.0 
-18718.0 -19204.0 
-18746.0 -19169.0 
-18996.0 -18866.0 
-18772.0 -19138.0 
-18931.0 -18983.0 
-18768.0 -19159.0 
-18440.0 -19338.0 
-18596.0 -19269.0 
-18745.0 -19179.0 
-18891.0 -19017.0 
-18357.0 -19362.0 
-19043.0 -18794.0 
-19081.0 -18755.0 
-19143.0 -18610.0 
-18876.0 -19045.0 
-19106.0 -18734.0 
-18866.0 -19053.0 
-18693.0 -19217.0 
-18672.0 -19223.0 
-18388.0 -19358.0 
-18505.0 -19299.0 
-18693.0 -19217.0 
-18722.0 -19183.0 
-18578.0 -19273.0 
-19128.0 -18623.0 
-18841.0 -19072.0 
-18460.0 -19326.0 
-18987.0 -18890.0 
-18596.0 -19269.0 
-19081.0 -18755.0 
-18635.0 -19246.0 
-18829.0 -19076.0 
-19106.0 -18734.0 
-18931.0 -18983.0 
-19122.0 -18639.0 
-19041.0 -18802.0 
-18769.0 -19152.0 
-18720.0 -19185.0 
-19171.0 -18533.0 
-18565.0 -19286.0 
-18884.0 -19031.0 
-19014.0 -18853.0 
-18984.0 -18892.0 
-18672.0 -19223.0 
-18809.0 -19118.0 
-18657.0 -19235.0 
-19143.0 -18610.0 
-18884.0 -19031.0 
-19043.0 -18794.0 
-18375.0 -19359.0 
-19014.0 -18853.0 
-19112.0 -18725.0 
-18891.0 -19017.0 
-19128.0 -18623.0 
-18867.0 -19049.0 
-18648.0 -19237.0 
-18657.0 -19235.0 
-19066.0 -18756.0 
-18578.0 -19273.0 
-19032.0 -18808.0 
-18995.0 -18875.0 
-18375.0 -19359.0 
-18648.0 -19237.0 
-18995.0 -18875.0 
-18565.0 -19286.0 
-18718.0 -19204.0 
-19055.0 -18758.0 
-19021.0 -18850.0 
-18829.0 -19076.0 
-18630.0 -19260.0 
-18635.0 -19246.0 
-19066.0 -18756.0 
-18357.0 -19362.0 
-18931.0 -18983.0 
