-19202.0 -18721.0 
-18635.0 -19302.0 
-19202.0 -18721.0 
-18635.0 -19302.0 
-18867.0 -19146.0 
-18758.0 -19234.0 
-18849.0 -19170.0 
-18696.0 -19246.0 
-18664.0 -19270.0 
-19164.0 -18754.0 
-18738.0 -19237.0 
-18904.0 -19103.0 
-18876.0 -19123.0 
-18664.0 -19270.0 
-19086.0 -18862.0 
-19099.0 -18860.0 
-19186.0 -18728.0 
-19124.0 -18805.0 
-18944.0 -19035.0 
-18888.0 -19105.0 
-19138.0 -18766.0 
-18966.0 -19033.0 
-18683.0 -19260.0 
-18976.0 -19006.0 
-19112.0 -18817.0 
-19131.0 -18775.0 
-18911.0 -19083.0 
-19028.0 -18953.0 
-18887.0 -19121.0 
-19020.0 -18977.0 
-18738.0 -19237.0 
-18784.0 -19185.0 
-18774.0 -19189.0 
-19077.0 -18901.0 
-18770.0 -19207.0 
-19083.0 -18883.0 
-19170.0 -18748.0 
-18912.0 -19079.0 
-19106.0 -18840.0 
-19186.0 -18728.0 
-18683.0 -19260.0 
-18925.0 -19073.0 
-19042.0 -18940.0 
-19005.0 -18983.0 
-19170.0 -18748.0 
-18696.0 -19246.0 
-18968.0 -19026.0 
-18819.0 -19178.0 
-18837.0 -19173.0 
-18990.0 -18997.0 
-19083.0 -18883.0 
-19005.0 -18983.0 
-18935.0 -19063.0 
-19061.0 -18911.0 
-18819.0 -19178.0 
-18770.0 -19207.0 
-18989.0 -19003.0 
-19036.0 -18950.0 
-19054.0 -18925.0 
-18805.0 -19181.0 
-18837.0 -19173.0 
-19105.0 -18844.0 
-18980.0 -19005.0 
-18797.0 -19184.0 
-18925.0 -19073.0 
-19134.0 -18773.0 
-19138.0 -18766.0 
-18968.0 -19026.0 
-19077.0 -18901.0 
-19047.0 -18938.0 
-19067.0 -18910.0 
-18938.0 -19053.0 
-18943.0 -19045.0 
-19048.0 -18931.0 
-18990.0 -18997.0 
-19124.0 -18805.0 
-18935.0 -19063.0 
-19050.0 -18926.0 
-18771.0 -19200.0 
-19067.0 -18910.0 
-19028.0 -18953.0 
-18805.0 -19181.0 
-19014.0 -18978.0 
-19114.0 -18815.0 
-19118.0 -18812.0 
-18938.0 -19053.0 
-19014.0 -18978.0 
-19106.0 -18840.0 
-19105.0 -18844.0 
-18771.0 -19200.0 
-19020.0 -18977.0 
-18797.0 -19184.0 
-19131.0 -18775.0 
-19036.0 -18950.0 
-19118.0 -18812.0 
-18943.0 -19045.0 
-19054.0 -18925.0 
-19061.0 -18911.0 
-18635.0 -19302.0 
-18943.0 -19045.0 
