1.0	0.0	0.5237633296033705	0.5229770400719699	0.5220162980888801	0.5204417612374467	0.5207528613170134	0.5194948414836292	0.5187980106765537	0.5198171123399503	0.5206491463584549	0.5215784777788467	0.5221213128963992	0.5225468136923839	0.522161502917255	0.5209134549585908	0.5193089755747162	0.5169066474556383	0.5123195913140645	0.5061737255218584
0.0	1.0	0.5236645248324683	0.5231500614461068	0.5218282303710645	0.5205025259954196	0.5208263457840757	0.5194991655654588	0.5188339530518833	0.5197954729144193	0.5206576008739422	0.5215785470206921	0.5217075768219385	0.5225503005311041	0.522204203233234	0.5209241134214974	0.5192650779080933	0.5169252911465593	0.5126254091416813	0.5060856173702413
1.0	1.0	0.5236729730449002	0.5231483270419721	0.5219089123824612	0.5204652711527017	0.5208816831308588	0.5194219815063565	0.5186973970720271	0.5197884368308949	0.5206735359679399	0.5215969794163524	0.522135214439846	0.5225267840394869	0.5222831587637687	0.5209320605351377	0.5192680581345978	0.5168782858588284	0.512409489340461	0.5068695646861989
4.2527942615738605E-4	0.003929119349575738	0.5237777142212474	0.523090773561787	0.5218548995900087	0.5205061960566933	0.5207942037709925	0.5194056339634816	0.5187641401564831	0.5196857775316173	0.5206478328945648	0.5215774832662735	0.5217056188341787	0.5225503219464294	0.5222553223733858	0.5209037305449206	0.5192644493196629	0.5169027958224031	0.5124248176288161	0.5069082292398606
0.3793042609661196	0.08723356520477095	0.5236663341308732	0.5231819457624295	0.5218524950790926	0.5204727826503528	0.5207971588208659	0.5194871575805486	0.5188021324675344	0.5198004931829191	0.5206831899039892	0.5215780327456659	0.5217065719800109	0.522551231313474	0.5221649090306689	0.5209037567718077	0.5192605701875579	0.5169279922016833	0.5123950830689522	0.5068416297162139
0.45298984542544746	0.6689520005118846	0.5236663196303364	0.5231025565295152	0.5218593630622327	0.5204712078709407	0.520910419953783	0.5193873928507066	0.5187621466184255	0.5198200708816357	0.521270886228426	0.5215774932391907	0.5220622019285206	0.5225468689955823	0.5221660404105174	0.5208954048122626	0.5193141205907896	0.516924524695106	0.5124083072699102	0.5061091811415068
0.15790403556215843	0.4120367613659949	0.523643514453671	0.5231492349131949	0.5218089606570507	0.5204290963476548	0.5208113529449782	0.5194941353533595	0.5187875834280758	0.5196842547920795	0.5207108675200529	0.5216045550233022	0.5221035551411118	0.5225507641757662	0.5222777675951235	0.5208905874069417	0.5192676737349881	0.5169246477047049	0.5126391867403416	0.5061273637468157
0.22237305108941802	0.874544109280837	0.5237700780214346	0.5231815390988217	0.5218546470780974	0.5204652467717623	0.5210641637768239	0.5194176327376266	0.51882654957515	0.5197942584475267	0.5206735486112251	0.521578771334091	0.5217221945359573	0.5225259042419308	0.5222112756341514	0.5209075250770283	0.5192690587978691	0.5169259220407239	0.5126283162215458	0.5061737315718747
0.29083002376138845	0.43412245484856316	0.5236696279967585	0.5230885837402381	0.5217709179252785	0.5204429740714663	0.5210502935989884	0.5194723187414145	0.5187616463059652	0.5197954831374191	0.5206828099821604	0.5215730362553053	0.5220963706122684	0.5225577167738368	0.5217143622481933	0.5209149650894622	0.5193136287671132	0.5169259976921147	0.5126232369766085	0.5060979141499509
0.17229926631535478	0.0913094661688944	0.5237782804353783	0.522976422356219	0.5218386672343017	0.5204699025083993	0.5208774067454178	0.5194877271474411	0.5187976087071975	0.519686172946398	0.5206827814822409	0.5215769775238394	0.5217102222751933	0.5225468934532621	0.522173521844687	0.5207486008813433	0.5193072929081619	0.5169068924908102	0.5124320644044842	0.5061091439847624
0.570208235925176	0.3968143627403677	0.5236679659237331	0.5231427756459978	0.5218326923286576	0.5204652865982825	0.521058721077404	0.5193290781702383	0.5187679692563365	0.5196793572456616	0.5206563381484989	0.5216045246760783	0.5216847532515207	0.5225314054873154	0.5221998274646275	0.5209020065310445	0.5192690593429574	0.5169255661046673	0.5125638379705588	0.5068323129356526
0.46457136531347626	0.2127027828522023	0.5237668801717431	0.5230956894943964	0.521910134778892	0.5204677765789545	0.5209973161991878	0.519389875062259	0.5186973731232948	0.519694010982347	0.5206734911365178	0.52157727872582	0.5217055493716951	0.522526597121502	0.5222153199105551	0.5209285379273255	0.519260041305377	0.5169258365742553	0.5126251239713068	0.5070802710247412
0.08587133312787074	0.5887428462851038	0.5236448305029182	0.5230778345294544	0.5218750938384384	0.5204410726672652	0.520925099890367	0.5193822408502081	0.5185659070386056	0.519789926026378	0.5206825439761188	0.521565030703218	0.5227715262278353	0.5225007702579029	0.5216615945811001	0.5209085746468832	0.5192615753381487	0.5169345561672438	0.5124441411281175	0.5059723615473577
0.4093133776768401	0.7876290178620688	0.5237651667956293	0.5230807103203602	0.5218536747035679	0.5204925360515467	0.5207620637616556	0.5193822408502081	0.5185714725294547	0.519789926026378	0.5206825439761188	0.521565030703218	0.5227715262278353	0.5225007702579029	0.5216571271706112	0.5209085746468832	0.5192615753381487	0.5169345561672438	0.5124441411281175	0.5059723615473577
0.13045158718916355	0.298647439333147	0.5236647038881845	0.5231466199704211	0.5218385701508815	0.5204728744762503	0.5210221628525118	0.5194846881953592	0.5187978652192832	0.5197946760003435	0.5206819398892568	0.5216050288096219	0.5217101182488525	0.5225013743235123	0.5221875378147752	0.5208992885986666	0.519270825683534	0.51692534703636	0.5124118806792644	0.5060825386264866
0.7135241666227651	0.9848237973494213	0.5236645248324683	0.5231500614461068	0.5218282303710645	0.5205027083433389	0.5208204676360326	0.5194629990074043	0.5192980837092293	0.5197954729144193	0.5206805140219734	0.5215793777163984	0.5217096548373527	0.5225511646284517	0.5222040655536261	0.5208956130700125	0.5192650779080933	0.5169252911465593	0.5126254091416813	0.5060856173702413
0.646335166925571	0.6854264241097655	0.5236642655122025	0.5231479703039739	0.5217735126425507	0.5204725753045851	0.5209573625544099	0.5193637916053965	0.5193006040290588	0.5197098513845608	0.5212967899162373	0.521576961579972	0.5221472217996768	0.5225520052571778	0.522217052412264	0.5208956987057788	0.5192001346819775	0.5169245252255459	0.5123680650135476	0.5071212060059931
0.11820594091904676	0.9690595868146188	0.523779251847608	0.5231724358320647	0.521839375966868	0.5204653562671452	0.5209647011020798	0.5207687492361316	0.5188246807578832	0.5196795213759364	0.5206818587051105	0.5215757631082791	0.5217010150460382	0.5225473112617994	0.522173521844687	0.520909193074245	0.5192660967707555	0.5169006711748887	0.5124320644044842	0.5068657919407609
0.5327322421588522	0.41959255580571037	0.5236665666818356	0.5231839497468225	0.5218390998383805	0.5204762522497366	0.520798029299584	0.5194847672955804	0.5187967086921764	0.5198183886411974	0.5206819180118005	0.5215775991013254	0.5220643939340338	0.5225366771193805	0.5222108087232771	0.5207464305976566	0.5192682586853908	0.5168989760743061	0.512372100334344	0.5069022113604462
0.18152144919933774	0.9798102019785019	0.5236654492067837	0.5229777794199215	0.5224337536855929	0.5204743195350391	0.5209634078196054	0.5194871237614198	0.5187630192611485	0.519799252382222	0.5206815941651727	0.5215769775238394	0.5217102222751933	0.5225468934532621	0.52217387551308	0.5207505575330086	0.5193072929081619	0.5168995978230873	0.5124109981744133	0.5061091439847624
0.4628962235479169	0.4777455566316901	0.5236504987555549	0.5231484509947265	0.5218410527258924	0.5204956130249239	0.5192840170825908	0.5192438609142751	0.51879708551187	0.5196871785608704	0.5206720475574306	0.5215664726595277	0.5217224744433098	0.5225721265586035	0.5222164908584783	0.5209060599159707	0.5192983100543425	0.5169244836312015	0.512384904292325	0.506068887044742
0.01714273489314376	0.4726094319171411	0.5236644864524106	0.5231029473985814	0.521835030093168	0.5204666660200699	0.5208795744792762	0.519487505216671	0.5188249333630058	0.5196798797165466	0.520719113551465	0.5216057607717961	0.5221000633525702	0.5225621827732865	0.5222117656957949	0.5208989041736697	0.5192711254492484	0.5168875401837351	0.512403557759076	0.5069858695378056
0.8078071839047252	0.19557111341639405	0.5236423272882149	0.52306468977072	0.5218284611198797	0.5205053731319961	0.5210221628525118	0.5193878026677605	0.5188328615909553	0.5197942229157155	0.520649787013517	0.5216038069269147	0.5216485343119525	0.5225510798570397	0.5221877257560266	0.5209188159001045	0.519253010880912	0.5169253731700583	0.5126254092521921	0.5070883158616497
0.2764512195931462	0.3812127359175937	0.5237819604480134	0.5231467627095088	0.5218395900492088	0.5204653587202572	0.520961364100907	0.51949528935253	0.5188251635507471	0.5198055543194957	0.5206576008739422	0.5215959125718662	0.521701093534464	0.5225508161079072	0.5222206515131819	0.520909902377861	0.5192656364169035	0.5169252911465593	0.5126191595781308	0.5068758690168506
0.3051036921837223	0.42024824093212243	0.5236681527525857	0.5231464334116996	0.5218773676525578	0.5204702637794374	0.5209369115166459	0.5194135173509409	0.5187853594734747	0.5196807658081738	0.5206469128182178	0.5216066783092417	0.5217399373360593	0.5225012954859264	0.5221766060761659	0.5209069070317682	0.5192690608896862	0.5169054347733869	0.5126158886848527	0.5061111353771695
0.7084824810789152	0.22655433183229612	0.5236788848704568	0.5230692985966806	0.5218387466489761	0.520441634218021	0.52087891216084	0.5194879766988417	0.5187670386323394	0.5197895025768379	0.52068298390151	0.5216057607717961	0.5217073901540985	0.522621538536212	0.522211697841814	0.5209173916780273	0.5193061897956336	0.5169067126837716	0.5124318126316818	0.5061106953669394
0.19753238847159055	0.21515708492148616	0.5236429591869883	0.5231459599642524	0.521838566518827	0.5204728741886256	0.5210221628525118	0.5193835883762691	0.5187978342727173	0.5197946760003435	0.5206819398892568	0.5215772527566582	0.5217101182488525	0.5225040121539468	0.522187430036759	0.5209262695615938	0.5192650654780044	0.51692534703636	0.5126157521644213	0.5060849545182327
0.8140345895995675	0.7192310540812485	0.523679216328284	0.5230615918034333	0.5218295796236114	0.5204418538800527	0.5207914135979589	0.51941439696861	0.518761482188576	0.5197948699830431	0.5206478167464215	0.5216044158655264	0.5216474787279356	0.5225508692036758	0.5221759750932385	0.520746500810948	0.5193316653920159	0.5169256040875374	0.512639632501529	0.5070981485267458
0.21908186098743473	0.045659961511417796	0.5236644810130968	0.5231836271092256	0.521827046202917	0.5204653815990543	0.5210274439998592	0.5194545267390308	0.5188253518299003	0.519710976133017	0.5206486718907494	0.5215752708654289	0.5220803864653896	0.5225367071591968	0.5222026995533723	0.5209249437925657	0.519266470823417	0.5169248333460517	0.5126276654581065	0.5069281947486541
0.21869181736782067	0.558841431817905	0.523663234759343	0.5231887991727104	0.5218552965727675	0.5205008664169415	0.5208322366254234	0.5194629694783122	0.5193140925162208	0.5197919733217863	0.5207018049835741	0.5215768979953215	0.5217220955084507	0.5225723241484167	0.5222081401024233	0.5208959593023418	0.5192690587978691	0.5169252301929079	0.5126354145944804	0.5060897236022176
0.12898927686369632	0.702769190731189	0.5237626689811238	0.523189175209587	0.5218378342635412	0.5204719832645065	0.5207595842488532	0.5194567684452653	0.5187977180056608	0.5198129701235216	0.5207921158273611	0.521576961579972	0.5217183611539647	0.5225467520827859	0.5221752085643749	0.5209028524398535	0.5191987903569514	0.5169047853418204	0.5126285508475988	0.5071212060059931
0.006643543911075356	0.4042491109268821	0.5237777142212474	0.5230918044409298	0.5218567599536912	0.5205061960566933	0.5207942037709925	0.5194056339634816	0.5187641401564831	0.5196855072556423	0.5206478328945648	0.5215774832662735	0.5217056188341787	0.5225503219464294	0.5222553223733858	0.5209037305449206	0.5192645189103963	0.5169245295929803	0.5124250929761891	0.506834964818036
0.32255480903379163	0.9486770507188991	0.5236664591613716	0.523178368627551	0.5218326429851031	0.520475013889865	0.5208825601622523	0.5194217226580689	0.5187629474689172	0.5198008282410147	0.5207660771342284	0.5216061067883704	0.5220660307152227	0.5225507346756503	0.5222001388995333	0.5209019590607412	0.51926880477847	0.516925570364875	0.5123950582235894	0.5068361981423062
0.7232723583802805	0.22703533806873438	0.5236788848704568	0.5230692985966806	0.5218350297684644	0.5204413938744581	0.5208788401504789	0.5194879766988417	0.5187670386323394	0.5197892165029118	0.52068298390151	0.5216057607717961	0.5217073901540985	0.522621538536212	0.522211697841814	0.520923944187396	0.5192690587978691	0.5169246200039211	0.5123968502687197	0.5062945610568721
0.34776287818642193	0.7632282430814658	0.5237704263915046	0.523177893177092	0.5224480602890831	0.5204654097879008	0.5208546866639328	0.519496735651205	0.5187982470161399	0.5206385425791802	0.520802618195014	0.5215726569412807	0.5217233460876256	0.5225368537767744	0.5221656021410694	0.5209044336555687	0.5192643651375959	0.516921669343649	0.5123908100424949	0.5068940541883784
0.07523754224769691	0.7903700703613524	0.5236645953587091	0.5231842869336321	0.521834967887537	0.5205018383993688	0.5208278413163234	0.5193680431994772	0.5188291401712621	0.5197976259067998	0.5206577051560655	0.5216056938997183	0.5220804744419656	0.5224995770984013	0.5222042172508703	0.52092753988493	0.519264904495265	0.5169010538015203	0.5124262547500787	0.5069010473463978
0.3593646444756862	0.9209692794740603	0.5236659810212552	0.5231795396880765	0.5218390494564785	0.5204434302636832	0.5208877172208098	0.5194194550832743	0.5187863339018887	0.5197914951015565	0.5206535188710117	0.5216030417799187	0.5217222675021078	0.522537728988316	0.5221816045260731	0.5209044259358356	0.519311658898777	0.5169250836659735	0.5124301492932566	0.5069129342247138
0.6333576629955294	0.3864059097838794	0.5236728755833586	0.5231804120562801	0.5217692293630153	0.5204672526543136	0.5208775294308015	0.5193665709338106	0.5186897025875591	0.5197901259816133	0.520672707109745	0.5215950172816535	0.5220757523264126	0.5225508604055819	0.5221759373609367	0.5207427735303014	0.5193242961665747	0.5169252645816431	0.512602161117266	0.5068760758418187
0.23753690320284274	0.21515708492148616	0.5236429591869883	0.5231459599642524	0.5218284674612022	0.5205049256259514	0.5210221628525118	0.5193878026677605	0.5188328615909553	0.5197942229157155	0.5206819702301019	0.5216038069269147	0.5217096713885071	0.5225510798570397	0.5221882748433224	0.5209245311499366	0.5192599359197195	0.5169253756599037	0.5126254092521921	0.5060849545182327
0.04496229298401788	0.025405686818735673	0.5236817787339054	0.5231800026636573	0.5220244180444081	0.5204707100683954	0.5209821029213512	0.5194972124519451	0.5187700413476607	0.5196837585639918	0.5207622227778169	0.521579668163351	0.5221056274843014	0.5225439560509574	0.522160650813672	0.5209080163831673	0.5192672878317776	0.5169063846519957	0.512360076105788	0.5061214175777431
0.2589625666444042	0.12046240022403604	0.5236725913307817	0.523189175209587	0.5218295683303134	0.5204726788083868	0.52080474724332	0.5194551434524652	0.5187977180056608	0.5198035390660031	0.5213139126396681	0.5215973659012582	0.5217226417213158	0.5225467532647072	0.522175377137502	0.5208955782967862	0.5192001346819775	0.5169248245400733	0.5126277142721701	0.5071189670942962
0.4160557465315523	0.7350138064855067	0.5237801032211667	0.5231860167535217	0.5218541256606376	0.520492409897826	0.5207548911277217	0.5194579823781075	0.5187798619868912	0.5196870864766833	0.5206828690889209	0.5216049826411526	0.5217017417996322	0.5225468824565346	0.521729000529954	0.5209003161662807	0.5192673045517826	0.5169251282666486	0.512375834533354	0.5061710800839849
0.5384014751080988	0.474695842336711	0.5236664552810734	0.5230941865518619	0.5218203679425886	0.5204685253838274	0.5193807238230359	0.5194867239596948	0.5187680206785893	0.5197942880268703	0.5206820636674496	0.5216045225453363	0.5217066057116543	0.5225717593355749	0.5222077091572308	0.5209037940514797	0.5192693474217546	0.5169186701690228	0.5124281305792796	0.5059960767451404
0.010028884886046974	0.5321994534507478	0.5236676501465309	0.5231807974073261	0.5224537868498601	0.5204725554822468	0.5208036267584083	0.5193851250082896	0.5187638853635396	0.5197954862911013	0.5206708402707162	0.521596988306374	0.5217135114346462	0.5225507624174717	0.5222083841213702	0.5208900100815281	0.5192595561148003	0.5168998718698231	0.51241007330259	0.5069212000521796
0.03939331828260734	0.48099897213674625	0.5236657715230318	0.5231506017314054	0.5220229227004246	0.5204728709137714	0.520968020633997	0.5194863593984027	0.5187874656344513	0.5196836164376106	0.5206832888154754	0.5216064793616747	0.5221067974209432	0.5225519410553343	0.5222018074011313	0.5209038223135416	0.5193119517351299	0.5169279373360254	0.5125896081447775	0.5061166672042388
0.7510221305728055	0.7147135462618478	0.5236656376813777	0.523148567841625	0.5218533360956475	0.5204728709137714	0.520788040310814	0.5194863593984027	0.5188009583924883	0.5197065515543386	0.52068108112546	0.5215773673238543	0.5217065719623473	0.5225511783101184	0.5222075301362412	0.5209037572493305	0.5193148730363056	0.5169255952462275	0.5124035637648938	0.5061441301831532
0.4029641126514374	0.7638168673878966	0.5237565675923825	0.523081013096833	0.5224527919259839	0.5204658068197482	0.5207620637616556	0.5193796645060463	0.5185714725294547	0.5197911046646504	0.5207644651926256	0.5215768167885043	0.5227715262278353	0.5225007702579029	0.5222048993753016	0.5209085746468832	0.5192615753381487	0.5169345561672438	0.5124441411281175	0.5059648375591337
0.5598166665970783	0.0778337805800246	0.5237782829082388	0.5230690655855881	0.521853103429015	0.5204416168389683	0.5208779597894013	0.5194891645284754	0.5187981012995051	0.5196812434260101	0.5212981119314853	0.521566283028089	0.5220685759821009	0.5225476727753646	0.5222099998775929	0.5209066727514926	0.5192679280624686	0.5169047357621126	0.5126165202026144	0.5068853117097769
0.2385287666376006	0.017210056885342107	0.5237704263915046	0.5231004040629058	0.5218696373361388	0.5204644853770273	0.5193160321055824	0.5194146727723142	0.5188011751129679	0.5198029191094299	0.5207898625689131	0.5215726608953046	0.5217222652151743	0.5225366115478776	0.5221656021410694	0.5209028463708165	0.5192600522032702	0.5169060510971127	0.5123916533359819	0.5069282379483535
0.07523754224769691	0.6695734254825426	0.5236706099871568	0.5231844618512267	0.521834967887537	0.5204740449963281	0.5207960567079033	0.5193680431994772	0.5188262497101207	0.5197976709018104	0.5206564663442428	0.5216056938997183	0.5220840046573817	0.5225511517409982	0.5222042177056261	0.5207534582428315	0.5193127767784569	0.5169010538015203	0.5124262547500787	0.5068976756619237
0.00196161707469069	0.8524129381106647	0.5237796972623558	0.5231771936251639	0.5217713677702641	0.5204469526287179	0.5208071317197662	0.5194731351793961	0.5188266327366087	0.519692484637165	0.5206479065397273	0.521572843988884	0.5216397779706181	0.5225389480866314	0.5222021039928118	0.5209104219205659	0.519313169060246	0.5168993495171175	0.5123950433763163	0.5069086497741865
0.7537949886498507	0.7308380224587595	0.5236795674591527	0.5231016527140143	0.5218596713486646	0.5204419922068431	0.5208928752566849	0.5193205091905372	0.5187621447044057	0.5197077042254921	0.5206561440998835	0.5215972520203583	0.5217239645624392	0.5225567657435767	0.5221709602574308	0.5209049562062052	0.5192612406577757	0.5169017147494838	0.5123931271474521	0.5061411287999448
0.10404313549115596	0.34433550058806583	0.5236809512252967	0.5231795589512144	0.5217680542365183	0.5204733262717438	0.520791639682989	0.5193667271145826	0.5187807245727283	0.5197904968799023	0.5206836371941321	0.5216065563425408	0.5221306564184788	0.5226475127286648	0.5221842234925084	0.5209047920916307	0.5193200252724511	0.5169069812916876	0.5126039841710067	0.5068760758418187
0.6333576629955294	0.008191236490549203	0.5237667099692503	0.5231803135800573	0.5218703842194038	0.5204672225446831	0.5208775294308015	0.5194139621749064	0.5187958233625456	0.5197901259816133	0.5208088828661265	0.5215950172816535	0.5220757523264126	0.5225503478501548	0.5221759373609367	0.5207401582793142	0.5193242961665747	0.5169252645816431	0.512602161117266	0.5068760758418187
0.5089584576447709	0.21515708492148616	0.5236429591869883	0.5230243938049536	0.5218284807119489	0.520476467436248	0.5207649467294053	0.5193886496956908	0.5188336250962144	0.519818204529795	0.5206819702301019	0.5216038069269147	0.5217097816161108	0.5225510798570397	0.522211301200362	0.5207436536824729	0.5192599359197195	0.5169253756599037	0.5126254092521921	0.5060849545182327
0.5430482290468585	0.9565491081793562	0.5237777359817334	0.523148335412589	0.5218542262802913	0.5204962200095521	0.5208019307065083	0.5194847277686684	0.5187962552950995	0.5196840485011835	0.5206833056695765	0.5215787144147502	0.522101904516422	0.5225310218329232	0.5222016389898222	0.5207947486380139	0.5192689224011776	0.516925915116703	0.5126179150221499	0.506139235027826
0.3593646444756862	0.4871888621747578	0.5236509789190316	0.5231795396880765	0.521841020380517	0.5204434302636832	0.5210187941837449	0.5194230520400659	0.5187863339018887	0.5197915290347402	0.5206535188710117	0.5216030417799187	0.5217222675021078	0.522537728988316	0.522216724776794	0.5209044259358356	0.519311658898777	0.5169250836659735	0.5124302202713358	0.5069282817446559
0.002129722727726712	0.7784596841084784	0.5237790707732983	0.5230474392305563	0.5218192750450169	0.5204990840401221	0.5192778004135037	0.5194864410452549	0.5187995438921855	0.5196853119658664	0.5206828110891059	0.5216061549103005	0.5217017794399	0.5225411307390755	0.5222082056267003	0.5209067246529672	0.5192688091312445	0.5169052636273873	0.5123883140188457	0.506139900922108
0.3508770895668536	0.4730195887748332	0.5236663641489293	0.5231859325469793	0.5218419231709637	0.5204741906655509	0.5208779597894013	0.5194553147807771	0.5187968437827873	0.5196812434260101	0.5207194171444747	0.5215722482974899	0.5217227527195362	0.5225599463011744	0.5222007806914828	0.5208989168170288	0.5191995611578789	0.5169257634580874	0.5126286767126188	0.5069161370888629
0.5013430667613934	0.27626767529845375	0.5236665666818356	0.5231839497468225	0.5218390998383805	0.5204762522497366	0.5207972820195301	0.5194847672955804	0.5187967086921764	0.5198183886411974	0.5206819180118005	0.5215775991013254	0.5216961220984263	0.5225507746475162	0.522210678727322	0.5207464305976566	0.5192606149627755	0.5168858852544704	0.512372100334344	0.5069026525200719
0.05872206034272337	0.4853554860644391	0.5236504987555549	0.5231484509947265	0.5217737855024803	0.520495842050138	0.5208881420159425	0.5193814840979083	0.5187982611850664	0.519793218420615	0.5206831364753722	0.5216062331199867	0.5220998422477044	0.5225723133933492	0.5222018434993323	0.5208901011081005	0.5192986448760806	0.5169183603290205	0.5123676239881868	0.5069024703266306
0.2723353400413593	0.017386660940376962	0.5237632759604313	0.5229770400719699	0.5220162980888801	0.5204650304502897	0.5193330524151121	0.5194948414836292	0.5187980106765537	0.5196807960326765	0.5206491463584549	0.5215784777788467	0.5221213128963992	0.522536892310693	0.5221657920052759	0.5209132389873485	0.5192620404643369	0.5169066474556383	0.5123196540574285	0.5061737255218584
0.2667846090646013	0.7632167808528006	0.5236625774850905	0.5231012458919428	0.5224519414590886	0.5204643902472911	0.5208007895923529	0.5194907361899688	0.5187984981387118	0.5196865916961269	0.520763139115242	0.5215772778884876	0.522059058149078	0.5225503260848227	0.5222067945735528	0.520908895154995	0.5192643704783365	0.5169042413221416	0.5126621833172382	0.5068958592333859
0.33353374509536937	0.1502212450393112	0.5236631084913127	0.5229775646356409	0.5220196498196895	0.520464393571762	0.520876841452571	0.5194218428357066	0.5187851001765693	0.5196864397998147	0.5207631259314494	0.5215764684839428	0.5220955397552672	0.5226218178583086	0.5217055546533454	0.5209136309886263	0.519311662048651	0.5169043363405511	0.5123195913140645	0.5062188822745413
0.0	0.029970447696480607	0.5236645248324683	0.5231500614461068	0.5218282303710645	0.5204704040638973	0.5208283334396481	0.5194976157969348	0.5188339810938349	0.5198048246484388	0.5206576008739422	0.5215793808772596	0.5217096548373527	0.5225511646284517	0.5222042013300069	0.520908070702542	0.5192650779080933	0.5169254418824882	0.5126254091416813	0.5060856173702413
0.7538058049328479	0.31702732847845144	0.5236656383633692	0.5230506691260149	0.5218592278008259	0.5204712078709407	0.5208928752566849	0.51941439696861	0.5187621466184255	0.5197077042254921	0.5206466200501354	0.5215773743054027	0.5220748946644496	0.5225567657435767	0.5221661436148147	0.5209028353686127	0.5193141205907896	0.5169246405750086	0.5123931271474521	0.5061409341760036
0.570208235925176	0.41994216456355854	0.5236679171946915	0.5231425849838004	0.5218293390192306	0.5204954436430757	0.521058721077404	0.5193290781702383	0.5187678467236907	0.5196798251025064	0.5206559932429358	0.5216045772639705	0.5220899029563572	0.5225314054873154	0.5221998274646275	0.5208901079181969	0.5192985135620861	0.5169253801378625	0.5125624522761952	0.5069127934228043
0.2593791362229866	0.7129023309988776	0.5236678603624048	0.5231010962157783	0.5224537868498601	0.5204644182705358	0.5208036267584083	0.5194994518555651	0.5187981372878908	0.519803430281033	0.5207903655245804	0.521596988306374	0.5217183724100217	0.5225501259162035	0.5221369954563164	0.520902853764764	0.5192030428705507	0.5168960492207824	0.512409848757229	0.507121556062742
0.4525959119873601	0.29000584364182314	0.5236663196303364	0.5231671011126011	0.5218593654321353	0.5204712078709407	0.5209103480586857	0.5193873928507066	0.5187621466184255	0.5198200708816357	0.5212728878708032	0.5215774966252879	0.5220622019285206	0.5225468689955823	0.5221660404105174	0.5208954048122626	0.5193141205907896	0.516924524695106	0.5124084962214464	0.5061091811415068
0.045446774517830704	0.3767861887023105	0.5236817836471508	0.5231795589512144	0.5217702817125591	0.5204706384606561	0.520791639682989	0.5193667271145826	0.5187810006525841	0.5197904968799023	0.520764710959078	0.5215783914949648	0.5216828039206576	0.5226437562073377	0.5221842234925084	0.5209047920916307	0.5193200252724511	0.516906385466547	0.5125965029005524	0.5068760758418187
0.09364041533970913	0.7350138064855067	0.5237801032211667	0.5231505887539187	0.5218541256606376	0.520492409897826	0.5207548911277217	0.5194576472737278	0.5187798619868912	0.5196870864766833	0.520681157197201	0.5216054736977046	0.5217016199817905	0.5225468824565346	0.521729000529954	0.5209003161662807	0.5192705778921838	0.5169255994067363	0.5123757145940313	0.506144030223068
0.17675255065332526	0.3913692142523285	0.5237641651588675	0.5231813940563469	0.5218524950790926	0.5204728598809574	0.5207985918181729	0.5194856728582045	0.5187784709708286	0.5198004931829191	0.5206693576372546	0.5215785150874592	0.521707999454784	0.5225512682526942	0.5221704625370416	0.5209031770013329	0.5192676418003195	0.5169279373360254	0.5125640429271089	0.5068223187429752
0.7581878381134559	0.7314169291787879	0.5236795674591527	0.5231063844243169	0.5218380360789386	0.5204404896092067	0.520759680690134	0.5192950799890297	0.5187621447044057	0.5198116296148623	0.5206561440998835	0.5215972520203583	0.5217180422276285	0.5225566674763228	0.5221709602574308	0.5209049562062052	0.5192030483241513	0.5169012275071934	0.512624164862378	0.5070945703880686
0.617987556620819	0.005821316854231373	0.5236423272882149	0.5230635421050143	0.5218284471847909	0.5205053731319961	0.5207887609758175	0.5193878026677605	0.5187983701853908	0.5197942229157155	0.520649787013517	0.5216038069269147	0.5216485343119525	0.5225512274207879	0.5221876360289175	0.5209037912917537	0.5192573623345085	0.5169253731700583	0.5125912003638609	0.5070883158616497
0.6237825079322167	0.259731467828906	0.5236432381776304	0.5231505149206614	0.5224086391382999	0.5204725631980023	0.5207985836161179	0.5193706946743979	0.5187773733960301	0.5197970025942084	0.5206791603088051	0.5216064815069336	0.5217206476710673	0.5225297277270916	0.5221881731548877	0.5209063943065089	0.5192622800847803	0.5169252955376394	0.512433480044568	0.5060702860250154
0.38596441202204107	0.22703533806873438	0.5236786145953112	0.5230686300924585	0.5218350297684644	0.5204413938744581	0.5208781221982548	0.5194875848001815	0.5187660051736314	0.5197892699759638	0.520681706541874	0.5216049830535888	0.5217073902593173	0.5225486952554014	0.522211895783984	0.5209146525963418	0.5192643462782927	0.5169246182549551	0.5126625260178584	0.5069817995033721
0.5637959392187318	0.5626211503766836	0.5236679171946915	0.5231425849838004	0.5218284738388533	0.5204400146027766	0.521058721077404	0.5193267046396275	0.5187627362793846	0.5198028145066398	0.5206562901067239	0.5216045246760783	0.5216847532515207	0.5225314054873154	0.5222002719028999	0.5209069567649519	0.519269062015542	0.51692534703636	0.5123986944531153	0.5059731312724098
0.07523754224769691	0.6815991240406751	0.5236706250704565	0.5231844618512267	0.5218384240700645	0.5204740449963281	0.5207960567079033	0.5193680431994772	0.5188262497101207	0.5197976709018104	0.5206569783919581	0.5216062356569394	0.5220839541846747	0.5225511517409982	0.5221761241933625	0.5207534582428315	0.5193125583625723	0.5169007578754305	0.5124262547500787	0.5068976756619237
0.022900014536424984	1.0	0.5236645248324683	0.5230608425694541	0.5218303115162249	0.520475518692196	0.5208283334396481	0.519462947674941	0.5188363577691544	0.519795293127546	0.5206576008739422	0.5216046467622637	0.5217096548373527	0.5225318183170445	0.5221767378127165	0.5209115374875161	0.5192660423897946	0.5169252911465593	0.5123958790932533	0.5060856173702413
0.4231886717103909	0.984818489522192	0.5237642619412729	0.5231479810948104	0.5219104600066007	0.5204707231038259	0.5209040119644791	0.5194238774458919	0.5187777825446485	0.519685010112961	0.5206819394664006	0.5215785243406754	0.5217073221586175	0.5225267817287034	0.5221728453006714	0.5209030363325102	0.519268056210877	0.5169177771354565	0.5123716348936779	0.5068679479555718
0.4231886717103909	0.4146847553513459	0.5237642619412729	0.5231479810948104	0.5218546000394367	0.5204707231038259	0.5209040119644791	0.5194536418315503	0.518778678270766	0.5196849536897625	0.5206819394664006	0.5215785243406754	0.5217073221586175	0.5225290521043493	0.5221719610270182	0.5209030363325102	0.5192674100096774	0.5169179462006809	0.5123690995168454	0.5069191119982022
0.3593646444756862	0.017431272280021382	0.5236719542617673	0.5231749475593959	0.5218390494564785	0.5204431627529726	0.5207681973564475	0.5194194550832743	0.518800771832216	0.519802669359742	0.5206807637948317	0.5216030507524458	0.5217222653595139	0.5225522767352071	0.5222078498954773	0.5209043651206865	0.519311658898777	0.5169251696876771	0.5124307066167123	0.5069479483757785
0.20210360590088294	0.7632167808528006	0.523643730970788	0.5231012458919428	0.5224519414590886	0.5204643902101644	0.5208007895923529	0.5194907361899688	0.5187984724120588	0.5196865916961269	0.520763139115242	0.5215772548325722	0.522059058149078	0.5225510943323614	0.5222062241401997	0.520908895154995	0.5192643838825397	0.5169041744700383	0.5126621833172382	0.5068958592333859
0.8033714483496242	0.7192310540812485	0.5236789155023618	0.5230685841011185	0.5218295792998742	0.5204418656156503	0.5207909884704172	0.5194726063956238	0.5187619681163278	0.5196928869899491	0.5206436516361578	0.5216055923199538	0.5216403557643046	0.5225310693339306	0.522177100932673	0.5209103862376313	0.5193339213275803	0.5169251852678837	0.512388481745173	0.5070981485267458
0.0017562247066199022	0.9486770507188991	0.5236664591613716	0.5231498381217888	0.5218326550823049	0.5205025372694236	0.520881947654724	0.5194655291377999	0.518833954497775	0.5198008282410147	0.5206571975400006	0.5216061067883704	0.5220660307152227	0.5225507521532127	0.5222000907747795	0.5209015425236856	0.51926880477847	0.516925570364875	0.5123950582235894	0.5068350494531233
0.5103985191856627	0.9297984785085565	0.5236491449216577	0.5230304814850216	0.5219542861951734	0.5204424959476542	0.5207696118580563	0.5194903099201984	0.518826544876684	0.5197086767554108	0.5206491877248215	0.5216061346537338	0.5216777296694511	0.5225507388691695	0.5222018700673258	0.5207466315312224	0.519268585282587	0.5168864012039783	0.5123855425811668	0.5069026525200719
0.6688425409062482	0.018429746650325207	0.5237704263915046	0.5231760916483502	0.5218696373361388	0.5204654097879008	0.5210507472216471	0.5194139283787738	0.5188262494746111	0.519676940820322	0.5208069728296344	0.5215790933577705	0.5217222652151743	0.5226501988116528	0.5221634259162921	0.5209044336555687	0.5192600522032702	0.5169059427794417	0.5125636230120213	0.5060585768957936
1.5315553466097032E-4	0.4280244628832468	0.5236645114458874	0.5231500493524166	0.5217697675748336	0.5205032013070361	0.5209683784708462	0.5194639106741726	0.5188336246772226	0.5197860904617491	0.5206839648832068	0.5215724045735824	0.5217056713742454	0.5225396817079475	0.5222019960015013	0.5209160315290252	0.5192650778374539	0.5168993495171175	0.5126989474975587	0.5060857739623734
0.11790795524620012	0.7192227651248729	0.5236433665743166	0.5231806924069275	0.5218276726781907	0.5204728581373086	0.5207713871643591	0.5193226159790277	0.5187824598472148	0.5196843779837335	0.520656109584325	0.5215975409783116	0.5216831088887395	0.5225443637777336	0.5222544839216721	0.5209168629844837	0.5192603855001017	0.5169028229980914	0.5123877571487768	0.5068229654663501
0.04426043533050211	0.34416696071090813	0.5236818198559272	0.5231795589512144	0.5217702817125591	0.5204706384606561	0.520791639682989	0.5193667271145826	0.5187810006525841	0.5197904968799023	0.5206444718581372	0.5215783914949648	0.5216828039206576	0.5226430630999954	0.5221842234925084	0.5209047920916307	0.5193200252724511	0.5169063580408356	0.5125965029005524	0.5068760758418187
0.3335969713267945	0.7632167808528006	0.5236625774850905	0.5231012458919428	0.5224519414590886	0.5204643902472911	0.5208007895923529	0.5194907361899688	0.5187984981387118	0.5196865916961269	0.520763139115242	0.5215772778884876	0.522059058149078	0.5225503260848227	0.5222067945735528	0.520908895154995	0.5192643704783365	0.5169042413221416	0.5126621833172382	0.5068958592333859
0.5397843029157523	0.08092635838711928	0.5237782829082388	0.5230690655855881	0.521853103429015	0.5204417589865111	0.5208779597894013	0.5194214978854067	0.5187799210772719	0.5196812434260101	0.52129375549655	0.521572283883605	0.5220685759821009	0.5225476727753646	0.5222099998775929	0.5209049537383149	0.5192679280624686	0.5169257634580874	0.5126165202026144	0.5068853117097769
0.38745040644827744	0.7632167808528006	0.5236388439988858	0.5231012458919428	0.5224519414590886	0.5204652668002119	0.5208007895923529	0.519489986462752	0.5187984981387118	0.5196865916961269	0.5207102972935231	0.5215772778884876	0.5217073782869202	0.5225503260848227	0.5222079011145943	0.5209088285068448	0.5192643704783365	0.5169216927903018	0.5126621833172382	0.5068958592333859
0.6455371918938767	0.7043502788626745	0.523659837642153	0.5230909597079054	0.5218690482464519	0.5204655114683641	0.5210589495476199	0.5194564971710565	0.5188274730851081	0.5196653298542427	0.520645761256053	0.5215790549735314	0.5217019838162936	0.5226481703420539	0.5222995037083262	0.520740521333971	0.5193328839888596	0.5169257516311141	0.512571637112582	0.5061158793075216
0.3203990433174203	0.47237527752040853	0.523668401060417	0.5231834148009462	0.5209863477928979	0.5204655007892396	0.5208779597894013	0.5194206141523652	0.518824619657642	0.519680008801859	0.5206488859859303	0.5215722545512688	0.5220550375981708	0.5225371412676216	0.5222006667844035	0.5209049537383149	0.5193364160951903	0.5168864073628898	0.5126976520188855	0.5068878334640365
0.11790795524620012	0.7192227651248729	0.5236433665743166	0.5231806924069275	0.5218276726781907	0.5204728581373086	0.5207713871643591	0.5193226159790277	0.5187824598472148	0.5196843779837335	0.520656109584325	0.5215975409783116	0.5216831088887395	0.5225443637777336	0.5222544839216721	0.5209168629844837	0.5192603855001017	0.5169028229980914	0.5123877571487768	0.5068229654663501
0.5013430667613934	0.9297984785085565	0.5236492951170127	0.5231548771866371	0.5218975873631184	0.5204424959476542	0.5207696118580563	0.5194903099201984	0.518826544876684	0.5197085253304938	0.52068191774758	0.5216057668586846	0.5217064665689359	0.5225507905917479	0.5222018700673258	0.5207464305976566	0.519269217448801	0.5168852468525085	0.512372100334344	0.5069017734172648
0.05872206034272337	0.31948151787829887	0.5236663135059733	0.5231484509947265	0.5217785112519459	0.520495842050138	0.5208881420159425	0.5194141881658726	0.5187982611850664	0.519793218420615	0.520646050342429	0.5216089828660845	0.522073722118347	0.5225566819145168	0.5222018434993323	0.5208901011081005	0.519298722045451	0.5169244604156412	0.5123676239881868	0.5069024703266306
0.22996541998112727	0.7766835156257763	0.5236630798177535	0.523042100858875	0.5218683853551515	0.5204699421140749	0.5192754724045139	0.5194935002928399	0.51879133200768	0.5196807658081738	0.5206822463653289	0.5215970727977755	0.521699590447818	0.5225415722824125	0.5221963788380599	0.5209004365045571	0.5192669024124641	0.5169246377126416	0.5125658912909122	0.5061104294001864
0.22237305108941802	0.9069394478749278	0.5237700780214346	0.523176612755758	0.5218541493843393	0.5204652467717623	0.5210641637768239	0.5194172889448764	0.51882654957515	0.5197942584475267	0.520683187254461	0.521578771334091	0.5217221945359573	0.5226382409670649	0.5222112649696331	0.5209075250770283	0.5192690587978691	0.5169259220407239	0.5123886574046628	0.5061737315718747
