7.459592461198008E-5	0.013089124106702016	0.5248654245117447	0.5246120566478956	0.5246112235363731	0.5248855982824959	0.5246421197134148	0.5248008217797895	0.5249006244591661	0.5246856942081016	0.524257225806295	0.5243336328525114	0.5241584133007475	0.5240069011168678	0.5240941268244506	0.5240446962107709	0.5239502386836062	0.5236627493151418	0.5227422475705665	0.5210025671120289
1.0	0.9999999999999999	0.5248584665085779	0.524603081203723	0.5246154991090419	0.524812593737958	0.5246474104538649	0.5248008320532102	0.5249007366104053	0.524685843224551	0.5242556872284083	0.5243463996485281	0.5241520363840453	0.5240067753872412	0.524073251227132	0.5240431123492885	0.5239429731472544	0.5236625589987506	0.522758999248448	0.5210054444838536
0.0	1.0	0.5248572547337426	0.5246045313147224	0.524611008463956	0.5248424078550672	0.5246473917101319	0.5248008338798068	0.5248926573469823	0.5246769495921316	0.5242572205826401	0.5243449394514589	0.5242799893194705	0.5240059760761302	0.5240994851870056	0.5240241796778204	0.5235365746049232	0.5236620871935077	0.522744015110243	0.5210056949968741
0.9999999999975137	0.0	0.5248796151407331	0.5248363332869929	0.5246145804024912	0.5248834985474523	0.5246473032372511	0.5248008110142119	0.5248960873608939	0.524673008446393	0.5242573610189732	0.5243331898568422	0.5242947577455493	0.52400686191633	0.5240953265921302	0.5240296967519517	0.5239141166234533	0.5236627157823692	0.5227435396947191	0.5210023019211302
7.459592461198008E-5	0.9818273084774167	0.5248654245117447	0.5246121137618851	0.524611232438881	0.5248855982824959	0.5246474219710022	0.5248008340385627	0.5249006244591661	0.5246856942081016	0.524257220585952	0.5243336328525114	0.5241572619316494	0.5240069011168678	0.5240941268244506	0.5240241170614738	0.5239502386836062	0.5236627493151418	0.5227422475705665	0.5210025671120289
0.014463940664451697	0.5663347188821863	0.524878260153163	0.5248074414452536	0.5246110580250404	0.5248387616525378	0.5246420252186551	0.524800779019934	0.5248916766007166	0.5246777558484291	0.52425752164392	0.5243358391977385	0.5242836547971643	0.5240068981495087	0.5240833109551927	0.5240398131068714	0.5239098610729348	0.523662078896551	0.5227419708098225	0.5210040183982472
0.2256332515674146	0.5912663936480335	0.5248661122087894	0.5246242285491054	0.5246153366422602	0.5248126948712112	0.5246475323086508	0.5248008133983334	0.5248921530911046	0.5246863823555648	0.5242571150208793	0.5243387400859879	0.5242799858569009	0.5240073752234257	0.5240838189221558	0.5240295763356215	0.5239124327176663	0.5236620870329244	0.5227438839558007	0.5210057365134435
0.162623619240884	0.5402481485876145	0.5248466887712276	0.5248091650403114	0.5245977307651504	0.5248226496477136	0.5246424223627392	0.5248008194302732	0.52489614826383	0.524667452377383	0.524252760900071	0.5243468155012655	0.5242875842659392	0.524005646386847	0.5240729627921581	0.5240166480782752	0.5239154442867018	0.5236620471810528	0.5227449891643958	0.5210075313570353
0.10250954763620516	0.21595469156236455	0.52485974342817	0.5248335200533448	0.5246121475155665	0.524815010475183	0.5246432786436702	0.5248007980807439	0.5248920159199705	0.5246695502243437	0.5242579358752271	0.5243493703098872	0.5242849523278008	0.5240062677537324	0.5240558534705714	0.5240448749255155	0.5239585026846227	0.5236327403993934	0.5227439998638364	0.5210040699527102
0.2931314037344849	0.26609554948073416	0.5248660412157216	0.5248210379023805	0.5246156308297857	0.5248540742456268	0.5246412951008468	0.5248017536143775	0.5248926718900752	0.5246747206232097	0.5242576398126829	0.5243459255958092	0.5242802662194599	0.5240067852889415	0.5240968803640726	0.5240197987578911	0.5239116889367308	0.5236620339216553	0.5227592468739595	0.5210081648881207
0.2560944713296916	0.945304158604773	0.5248620775395199	0.5248286307992419	0.5246082904820834	0.5248136577150027	0.5246420903558169	0.5248008051018792	0.5248924746476721	0.5246861866748033	0.5242569518878253	0.5243389774791359	0.5241653660653053	0.5240098169899801	0.5240985099883786	0.5240159513456945	0.5239609461306891	0.5236620846417552	0.5227546742130902	0.5210050073538596
0.3890214052131722	0.844839893846674	0.524693738699657	0.5248496484723103	0.5246006430410287	0.5248738697046129	0.5246435212442455	0.5248007935563571	0.5248920557847863	0.5246860238376774	0.5242581309714037	0.5243455821157543	0.52428831745839	0.5240097410460335	0.5240998637457871	0.524043234704994	0.5239207360383071	0.5236327475592378	0.5227570700773808	0.5210059522721858
0.33883899976864107	0.488967654590326	0.5248556175521816	0.5248351412504774	0.5246093999419223	0.5248098976744577	0.5246419897459151	0.5248017347996776	0.5248919794675285	0.5246743503343089	0.5242522420457173	0.5243459950221842	0.524283720724662	0.5240099531683261	0.5240551134307531	0.5240131426419076	0.5239165083652805	0.5236620322092457	0.5227450094738679	0.5210052196085938
0.8715575838760921	0.4923879904345542	0.5248635467561764	0.5248351684171765	0.5246127794874512	0.5248345493976033	0.5246435268267363	0.5248016835743246	0.5248912965341078	0.5246861924172784	0.5242578508220652	0.5243456110342921	0.5242882257205477	0.5240075913412394	0.5240998829486252	0.5240263523796662	0.5239212655728016	0.5236620775126443	0.5227436893356422	0.5210059488395292
0.46406355551650624	0.49200680424166604	0.5246814052102884	0.5246284376258596	0.5246176890824737	0.5248148557579101	0.5246433037889182	0.5248007739669314	0.5248924646430848	0.5246760789321309	0.5242521293448902	0.5243460933758161	0.5242885403075014	0.5240096225945631	0.5240839306398793	0.5240445933102462	0.5239264731218296	0.5236625050753387	0.522754768121452	0.5210025545338439
0.6763809395085523	0.37541564391244264	0.5248696018887541	0.5246163508036041	0.5246153803547625	0.524810145737448	0.5246409406816774	0.5248007783218838	0.5248998659515325	0.5246672180477021	0.524257061441328	0.5243450161255416	0.5242810349286704	0.5240076452357277	0.5240725477213597	0.524024871585296	0.5240011878766478	0.5236620099541804	0.5227436497320528	0.521005528238631
0.18642845615387718	0.2751193112216369	0.5248662200029645	0.524843333105463	0.5246096060592661	0.5248530429714511	0.5246425334532627	0.5248007777009693	0.524896133419067	0.5246757774735495	0.5242571386963992	0.5243387772978049	0.5242882798241432	0.5240074143962403	0.5240985529186241	0.5240251548691683	0.523921906429325	0.5236620358607518	0.5227582815043871	0.5210037764342109
0.6139805040419304	0.43897687607280883	0.5248695903900022	0.524834882452704	0.5246121920551318	0.5248540371266857	0.5246425894505705	0.5248009272212325	0.5249000899728852	0.5246739108514957	0.524257846942472	0.5243451472595347	0.5242951590535665	0.5240076407025729	0.5240945336395516	0.5240445523402285	0.5239568764811677	0.5236615124276353	0.5227436711118625	0.521005454461614
0.11523430452683325	0.4919076596777465	0.5248572590273899	0.5248041818785691	0.5246120938917574	0.5248388061936319	0.5246421851549082	0.5248008114787057	0.5248920537391512	0.5246758731471186	0.5242571179832243	0.5243462579758809	0.5242948132539449	0.524009636667939	0.5240832663900784	0.5240251932204937	0.523912705338269	0.5236637849172684	0.5227449029533896	0.5210082491916943
0.17942692084757975	0.656289403776319	0.524866677074392	0.5248258032433731	0.5246154741781596	0.5248128779481461	0.5246475323086508	0.5248008111643963	0.524892202889731	0.5246861821048784	0.5242570526746188	0.5243463025944719	0.5242799882452552	0.524009799826374	0.5240838128042824	0.5240296695836792	0.523890668680386	0.5236620870329244	0.5227440227618482	0.5210057365134435
0.6734861853044909	0.6328626424134929	0.5248696161956211	0.524833251522217	0.5246153817230785	0.5248542387364603	0.5246425370117058	0.5248007777039749	0.5248961665599884	0.5246872831196531	0.5242571330243978	0.5243447777720688	0.5242951645554569	0.5240097628338077	0.5240843326450393	0.5240249722059653	0.5239504464104188	0.5236637540051396	0.5227439771278013	0.5210060251676587
0.2827170535595652	0.06643884242245768	0.524860293267936	0.5248541455607525	0.5246155148411674	0.5248096797726767	0.5246432630517327	0.5248017139700941	0.5248918714272031	0.5246857299565786	0.5242578175480911	0.5243383199090953	0.5242801872103139	0.5240068987863936	0.5240988545360364	0.5240249529114771	0.5239435359145592	0.523662079254973	0.5227440038199715	0.5210057976669257
0.32233562396979176	0.9640067851729337	0.5248574144626474	0.5248349376162359	0.5246153545248626	0.524814804139649	0.5246475323086508	0.5248008111643963	0.5248921519304356	0.5246740077774881	0.5242571428392754	0.5243463328816942	0.5242878371652426	0.5240097909214204	0.5240837132671134	0.5240295545066963	0.5239125555541897	0.5236604865681723	0.5227438839558007	0.5210016315119748
0.07025364237880055	0.9904510120875749	0.5248821971036578	0.5248335200533448	0.5246121999401441	0.5248099444012582	0.5246409687604235	0.5248017152639133	0.5248920366133255	0.5246738362312323	0.5242580611491617	0.5243346968611213	0.5242803113444273	0.5240062629478932	0.5240555559780659	0.5240238055512448	0.5239131761268694	0.5236327403993934	0.5227439998638364	0.5210074423901729
0.23877105077489164	0.6557359870471063	0.5248664142434168	0.5248349376162359	0.5246154741781596	0.524812881686801	0.5246475323086508	0.5248008111643963	0.5248922076684629	0.5246861815355616	0.524257052671717	0.5243463118822776	0.5242799882452552	0.524009799826374	0.524083825264195	0.524029976363836	0.5239115710753723	0.5236620870329244	0.5227440310122922	0.5210057365134435
0.49567700809088194	0.8685822379606871	0.5246934065822055	0.524608680727291	0.524606225455593	0.5248727562755353	0.5246421095717989	0.5248008142316953	0.5248920708345006	0.5246737128776642	0.5242567913383203	0.5243378662104927	0.5242883942460889	0.5240059747483851	0.524094888201054	0.5240285200643905	0.5239246707934095	0.5236620399338178	0.5227433185730761	0.5210042184223516
0.2068596275555715	0.07697345931932037	0.524880549253992	0.5248298992263551	0.5246063593687592	0.524873026655153	0.5246433132259989	0.5248016504524892	0.5248920172035407	0.5246867760951781	0.5242575932341073	0.52434596291019	0.5242868511994072	0.5240068338242766	0.5240718379031309	0.5240440465309036	0.5239252514232913	0.523662043315143	0.5227441161165821	0.5209291987229501
0.36482503597323246	0.0747340548681632	0.5248575597536472	0.5246072550074014	0.5246003686371423	0.5248288135410727	0.5246420158274319	0.5248008211393138	0.52489151103046	0.5246735622922314	0.5242527432563953	0.5243459948251553	0.5242882567465432	0.5240075891688962	0.5240727999297398	0.524044173674962	0.5239165761447209	0.5236620206048431	0.5227450094738679	0.5210052196085938
0.8297156795392333	0.656289403776319	0.5248666564503709	0.5248258032433731	0.5246119929911157	0.524842817836201	0.5246475323086508	0.5248008094350244	0.5248922029855047	0.5246861547379047	0.524257053309359	0.5243462252625192	0.5242799882452552	0.5240076844507477	0.5240838126046659	0.5240303994019253	0.5239580850191217	0.5236621009597873	0.5227438839558007	0.5210057003618919
0.11551954216081682	0.656289403776319	0.5248664142434168	0.5248349376162359	0.5246154741781596	0.524812881686801	0.5246474582059201	0.5248008316280066	0.5248921519304356	0.5246858877051543	0.5242570584830397	0.5243463363917454	0.5242801898075446	0.524009799826374	0.5240838247408313	0.5240296858833706	0.5239177609644985	0.5236620870329244	0.5227578138626355	0.5210056551217426
0.24990411449257777	0.92658352799466	0.524865834174296	0.5248286307992419	0.5246118538099779	0.5248419976358246	0.524640919430465	0.5248008051018792	0.524892051777814	0.5246737207574207	0.5242569562849149	0.5243389774791359	0.5242946536584872	0.5240099732260787	0.5240985099883786	0.52401602102092	0.5239609461306891	0.5236621291395068	0.5227546742130902	0.5210081320139182
0.4898916380687557	0.481258022154174	0.524866304697962	0.5246192941003827	0.5246009164560914	0.5248422611530779	0.5246425404293525	0.5248006867174072	0.5248963859193011	0.5246739027771884	0.524257258561675	0.5243459996965925	0.5242875087433474	0.5240076382909048	0.5240994648609079	0.5240430863489915	0.5239206121059468	0.523661612209636	0.5227439124566454	0.5210054039987562
0.8392894189213396	0.5423854809121946	0.5248464732937954	0.5248250581597036	0.524606778583972	0.5248291488763445	0.524642067757012	0.5248008214009817	0.5248923812270123	0.5246738573298824	0.524257505403731	0.5243446497698768	0.5242795932601151	0.5240076054699052	0.5240715941675753	0.5240444050969492	0.5239541264165606	0.5236614948478819	0.5227440333036012	0.5210076386343331
0.7785999233838885	0.4903618376614811	0.5248657523833637	0.5248113528747421	0.5246119836477521	0.5248429930185471	0.5246409084899015	0.5248007882578327	0.5248920535677356	0.5246735368439733	0.5242572800195006	0.5243459824063291	0.524294730833217	0.524007674832216	0.5240833080282888	0.5240229820399822	0.5239583091225654	0.5236637859367463	0.5227543008577066	0.5210080118620639
0.2662681996233203	0.47542515701137655	0.524860293267936	0.5248516866899569	0.5246152519094144	0.5248154250771034	0.5246432717066649	0.5248017139700941	0.5248918714272031	0.5246857299565786	0.5242578175480911	0.5243383536179297	0.524280465584013	0.5240068987863936	0.5240988545360364	0.5240249529114771	0.5239435359145592	0.5236332342029811	0.5227438112087763	0.5210057976669257
0.5386623606731669	0.014453382454376495	0.5248584675976271	0.524838123007026	0.524609376664842	0.5248104707470376	0.5246477961416013	0.5248008114292653	0.52489151103046	0.5246675123167646	0.5242528461250205	0.5243466753300001	0.5242841757930562	0.5240067866474049	0.5240819921919457	0.5240224795488323	0.5239596791914416	0.5236620208068874	0.5227546726542167	0.5210051863249514
0.35459612409910923	0.18746467288946705	0.5248575531590176	0.5248252597953691	0.5246165639799574	0.5248081158500119	0.5246422436711823	0.5248007775791191	0.5248921219912567	0.5246858179380764	0.5242567588338645	0.5243375024036417	0.5242882620182167	0.5240075226181987	0.524071973815086	0.5240130318830349	0.5239585633490005	0.5236395122791861	0.5227433261611587	0.5209286880460138
0.5937406888525908	0.08244635119190837	0.5248559869428332	0.5248274147434017	0.5246115831078397	0.5248136130996858	0.5246425517762193	0.5248008521891708	0.5248923299424383	0.5246739111243274	0.524257893310299	0.5243460009984302	0.5242955800145723	0.524007614632504	0.5240994647475519	0.524042762623073	0.5239105993624945	0.523662079184369	0.5227436566861241	0.5210058660334599
0.42387211816551995	0.6974110522283538	0.5248806698300286	0.5245950288133355	0.5246064266391189	0.5248109164468655	0.5246420215713743	0.5248008278873596	0.524892357585528	0.5246861750881354	0.5242575045574117	0.5243464829567412	0.5242798933252396	0.5240099853586471	0.5240719050784743	0.5240437840747797	0.5239157370968991	0.523661490776162	0.5227441294297802	0.5209304323686267
0.2560944713296916	0.9297899353006784	0.5248620775395199	0.5248286617653745	0.5246082904820834	0.5248136577150027	0.5246420835183073	0.5248017465053824	0.5248924746476721	0.5246861483602732	0.5242569518878253	0.5243394185507911	0.524284577305959	0.5240096119036037	0.524098478961744	0.5240436574640593	0.5239609461306891	0.5236627021818313	0.5227546742130902	0.5210050073538596
0.3884835525697828	0.12001869085676725	0.5248559869428332	0.5248317294117716	0.5246117193103712	0.5248159349425091	0.5246425517762193	0.5248007949628752	0.5248920538280396	0.5246862566891272	0.5242579001038261	0.5243460002594119	0.5242951511721279	0.524007614632504	0.5240986257035006	0.5240427662442732	0.5239589223916161	0.5236617495065974	0.522756519132213	0.5210058660334599
0.7153895918317486	0.4831436262193338	0.5248584624807529	0.5248453548547648	0.5246145139193868	0.5248137315493687	0.5246429566082841	0.5248017274699308	0.5248920141380696	0.524673671510249	0.5242573157889012	0.5243460055897428	0.5242945750767731	0.5240069122006643	0.5240816935176149	0.5240220841953492	0.523925243097443	0.5236629306566667	0.522744007747469	0.5210061790535028
0.04085840670058444	0.021819244524165782	0.5248654029027056	0.5248353240571546	0.5246127794874512	0.5248357407467946	0.5246478152561418	0.5248016774774887	0.5248912880333482	0.5246861924172784	0.5242578508220652	0.524334431902005	0.524295389313395	0.5240076581526857	0.5240955334832577	0.5240263523796662	0.523957120083709	0.5236619976643876	0.522754673258326	0.5210051845876057
0.6683378283604012	0.7129145450696757	0.5248605536862713	0.5248323437648149	0.5246145027901662	0.5248098739131192	0.5246433040029704	0.5248016820776503	0.524892026300089	0.5246703588678718	0.5242577792400511	0.5243459832884547	0.5242801898589564	0.524006904808938	0.5240981168308971	0.5240137558100642	0.5239426570994612	0.5236607940919268	0.5227438920171449	0.5210053409650303
0.26643637968441336	0.569321008701115	0.5248656582337428	0.5246129318788659	0.5246115873508361	0.5248058637450694	0.5246426096580323	0.5248008218199783	0.524892323722315	0.524673900878702	0.5242580658977695	0.5243459858586864	0.5242881029393527	0.5240068056277705	0.5240948046337727	0.5240431525172646	0.5239104631967878	0.523662121985195	0.5227497796562396	0.5210083239837682
0.5576928220600018	0.9382343184042772	0.5248822075317058	0.5248211279223725	0.5246059338875502	0.5248104260071569	0.5246412993022893	0.5248017531132328	0.5248924111311459	0.5246868638050112	0.5242565268256402	0.5243458893366928	0.5242800009172182	0.524006777295592	0.5240564492049392	0.5240280814144789	0.5239439644688152	0.5236620374289533	0.5227440790354104	0.5210108854541251
0.4545152682459519	0.48004881910363884	0.5248563212137048	0.5248314613886836	0.5246170659829198	0.5248103596437278	0.5246420158274319	0.5248008113784742	0.52489151103046	0.5246860436934184	0.5242521793338059	0.5243460913942276	0.5242882567465432	0.5240075891688962	0.5240727999297398	0.5240224594582861	0.5239165181707564	0.5236626261705927	0.5227450094738679	0.5210052196085938
0.4898916380687557	0.7119997429805667	0.524866304697962	0.5246219891657917	0.5246010919485513	0.524810148422712	0.5246425404293525	0.5248006867174072	0.5248963859193011	0.5246703079035762	0.5242577797535611	0.5243459996965925	0.5242877996210662	0.5240069163461358	0.5240994648609079	0.5240433699971916	0.5239206121059468	0.523661612209636	0.5227438924784873	0.5210054050054884
0.011231976036525884	0.4830686146645005	0.5248584624807529	0.524834625704197	0.5246154267964591	0.5248113109458737	0.5246427514611132	0.5248008131605444	0.5248923872258388	0.5246736244777086	0.5242573538343734	0.5243456943849388	0.5242882726200913	0.5240069027836911	0.524082700625456	0.5240220893491889	0.5239585871687915	0.5236616942573238	0.5227547271815057	0.521006590805694
0.03583001360898491	0.5931115697207804	0.5248821891125837	0.5248376684470817	0.524612192443291	0.5248111082371488	0.5246419183835507	0.524800834374971	0.5248926793339181	0.5246738938189441	0.5242572205826401	0.524345166835258	0.5242803109094333	0.5240062767319275	0.524098273453907	0.5240445390279868	0.5239678243745537	0.5236352215081814	0.5227445164286221	0.52100408329163
0.6982477999553509	0.6558944590364527	0.5248580727663343	0.5248580050885123	0.5246092607175318	0.5248110443768703	0.5246425370117058	0.5248007777039749	0.5248963468085404	0.5246859151483131	0.5242571330243978	0.5243447795369998	0.5242849883686388	0.5240096976544616	0.5240843418826875	0.5240366998806898	0.5239504464104188	0.5236619275416484	0.5227439781906984	0.521006022444984
0.0024187251984157526	0.2825150168665357	0.5248662200029645	0.524843333105463	0.5246096060592661	0.5248861354924089	0.5246421251941411	0.5248008212303115	0.524900663303654	0.5246757774735495	0.5242571397306715	0.5243387772978049	0.5242875492116393	0.5240069210181467	0.5240985529186241	0.5240251503362647	0.5239211855646365	0.5236620479364303	0.5227582815043871	0.5210037764342109
0.7532413810935208	0.3685278065508687	0.5248564984704623	0.5246161948386444	0.524606073803411	0.5248430850037076	0.5246432501257774	0.524800761670929	0.524892703542337	0.5246861976320791	0.5242568624416789	0.5243346067648282	0.5242872516226731	0.5240055592071251	0.524084078995215	0.5240451433339812	0.5238908277186067	0.5236620251700768	0.522743530700594	0.5210015789039243
0.3058600499852663	0.9836635552495069	0.5248551280004039	0.5248114283402452	0.5246112785631648	0.5248386891038461	0.5246432543063415	0.524800859277638	0.5248921883353082	0.5246780341653587	0.5242574940129141	0.5243459612549376	0.5242911689508555	0.5240068983161305	0.5240724667869539	0.524040091682366	0.52393890073276	0.5236328049576053	0.5227422669551142	0.5210029943705201
0.040584205845483556	0.4387884762465306	0.5248695903900022	0.524837672733369	0.5246121924573254	0.5248540371266857	0.5246425894505705	0.5248009272212325	0.5248930547303094	0.5246739108514957	0.524257846942472	0.5243451472595347	0.5242951590535665	0.5240076379966018	0.5240983132379714	0.524044538837489	0.5239568764811677	0.5236615124276353	0.5227436884699006	0.5210040934483937
0.12822327721358862	0.2541203752324211	0.5248621224221979	0.5246243962422371	0.5246082406606845	0.5248149454266138	0.5246421868808655	0.5248008123765243	0.5248922304451773	0.5246758789026184	0.5242571244115389	0.5243462579758809	0.5242799874888798	0.5240098309986133	0.5240988802882909	0.5240251704536021	0.5239609310983453	0.5236620846906953	0.5227447728780185	0.5210056548276137
0.6315037042063602	0.6338814782704222	0.524857684682796	0.5248549546688672	0.5245957625673838	0.52484266520117	0.5246425579283861	0.5248008644187487	0.5248918657411183	0.5246742648392092	0.5242571325696083	0.5243461196138248	0.5242876644888806	0.5240097528141461	0.5240836667491562	0.5240296408723448	0.5239127104359753	0.5236638449297198	0.5227450714850768	0.5210057409407901
0.5549312572731452	0.49037323192620186	0.524862193790334	0.5248179315744722	0.5245976485223964	0.5248144566416013	0.524642512705844	0.5248007850779264	0.5248927578685372	0.5246864525782554	0.5242575969497598	0.5243459272544764	0.5242874039252079	0.5240076524318152	0.5240954805163951	0.5240431389859392	0.5239609623305708	0.5236620132613294	0.5227543510639813	0.5210054454901505
0.3580232488564616	0.9917165323729129	0.5248575531590176	0.5246058964303838	0.5246165506799843	0.5248081158500119	0.5246423229115456	0.5248007775791191	0.5248999037732974	0.5246858369286332	0.5242567768608823	0.524338335921801	0.5242882620182167	0.5240075226181987	0.5240724406302155	0.5240130318830349	0.5239227058612953	0.5236395122791861	0.5227440036990688	0.5209286880460138
0.3201132635705283	0.017373030115288124	0.5248664893687088	0.5245994951980809	0.5246143704023215	0.5248166886143477	0.5246409477643306	0.5248016957046742	0.5249002804567543	0.5246667629787402	0.524256911787853	0.5243459945703358	0.5242952886904302	0.5240097612529174	0.5240836675506279	0.5240296851400421	0.5239266406099935	0.5236391612437741	0.5227583423423422	0.5210055252393935
0.41558220178509087	0.38691319463718	0.524879147602851	0.5248140029656037	0.5246110926008916	0.5248429509932828	0.5246421312885392	0.5248008415691003	0.5248923433810795	0.5246858640847816	0.5242579414793291	0.5243389376562325	0.5242830146580796	0.5240098856811793	0.5240981466380735	0.524044430588841	0.5239471455957709	0.5236620839018848	0.522759046666105	0.521005376781325
0.20740130811963797	0.9836635552495069	0.5248548920778461	0.5248109082319169	0.5246112785631648	0.5248386891038461	0.5246432543063415	0.5248008583045006	0.5248920196587772	0.5246780341653587	0.5242574940129141	0.5243351182404861	0.5242911689508555	0.5240068983161305	0.5240724667869539	0.524040091682366	0.5239387259306263	0.5236633960539836	0.5227422669551142	0.5210017753391939
0.46141441290257895	0.5098709506500196	0.524879894209743	0.5248344973159667	0.5246119012799015	0.5248141866540575	0.5246433037889182	0.5248007740114706	0.5248924564714343	0.5246659057507362	0.5242575582926092	0.5243459978735927	0.5242885403075014	0.5240096943784764	0.5240955602207064	0.5240436179884282	0.5239100240896296	0.523637967352471	0.5227547110773066	0.5210031638462815
0.22296812514193104	0.4795780951007178	0.5248661122087894	0.5248423913361996	0.5246153366422602	0.5248103836562682	0.5246475323086508	0.5248008133983334	0.5248921530911046	0.5246863823555648	0.5242571150208793	0.5243387400859879	0.5242882654545934	0.5240075877961118	0.5240838012228958	0.5240295763356215	0.523912493938962	0.5236620870329244	0.522744976247432	0.5210052350623495
0.6978294065998634	0.37541564391244264	0.5248696018887541	0.5246163383560657	0.5246092890728659	0.5248101732228049	0.5246409406816774	0.5248007783218838	0.5248998659515325	0.5246672508104818	0.5242566732753458	0.5243450161255416	0.5242949648168755	0.5240076452357277	0.5240725477213597	0.5240433016490258	0.5240008468437014	0.5236620099541804	0.5227436497320528	0.521005528238631
0.14839099263001165	0.030107855677775075	0.5248803512840401	0.5248287380483824	0.524612489386851	0.5248145585030604	0.5246433139776273	0.5248008057281724	0.524895760610331	0.5246862879175039	0.524252613408938	0.524339143973854	0.5242912450155682	0.5240069642258519	0.5240950867686912	0.5240283895298871	0.5239112557459273	0.5236621628157023	0.5227549892999114	0.5210049917113209
0.5886199830059048	0.598142966719626	0.5248463755065937	0.5248117240278203	0.524597649665493	0.5248143091452251	0.524642070166735	0.5248008211298644	0.5248926713170107	0.5246868989528627	0.5242575545353036	0.524338583287468	0.5242875898097111	0.5240076562717573	0.524072945163218	0.5240432020967138	0.5239541225247953	0.5236614867836672	0.5227543472981045	0.5210075863068724
0.7785999233838885	0.03210677465132203	0.5248657523833637	0.5248120952785122	0.5246191721103234	0.5247807979731486	0.5246409084899015	0.5248007882578327	0.5248998428296441	0.5246731702827362	0.5242572800195006	0.5243459824063291	0.5242947217049675	0.524007674832216	0.5240953386941695	0.5240439883239253	0.5239974564412644	0.5236637859367463	0.5227544273137135	0.5210080118620639
0.13244393880408234	0.1281299411792289	0.5248782954852089	0.5246176859888734	0.5246144096005111	0.5248778884251026	0.5246422418964769	0.5248008150192539	0.5248997480630466	0.5246860947420682	0.5242514680672654	0.52434599423881	0.5242878311862454	0.5240075121961414	0.5240837965940298	0.5240207011149465	0.5239585728224914	0.52366208457096	0.5227457294942657	0.5210040252417213
0.08098414247456032	0.46972719450965783	0.5248658589150917	0.5248351266642897	0.5246126930211324	0.5248290062381945	0.5246476951849025	0.5248008214009817	0.5248913812011416	0.5246737148996417	0.524258077954909	0.5243460316674637	0.5242797448016033	0.5240076738115932	0.5240562629240977	0.5240432997774956	0.5239560097375723	0.5236620475132412	0.522744003401635	0.5210073837245834
0.5801157949474692	0.08244635119190837	0.5248559869428332	0.5248317294117716	0.5246117193103712	0.5248136130996858	0.5246425517762193	0.5248008521891708	0.5248921524557977	0.5246739111243274	0.5242579001038261	0.5243460002594119	0.5242952719474	0.524007614632504	0.5240986257035006	0.5240427662442732	0.5239589223916161	0.523662079184369	0.5227436566861241	0.5210058660334599
0.3112158241232645	0.3557097855802485	0.5248696018887541	0.5246119858718542	0.5246112425058796	0.5248104830197426	0.5246410173751319	0.5248007783218838	0.5248919065692291	0.5246665242490273	0.524257061441328	0.5243459230562653	0.5242914719887375	0.5240069048975458	0.5240725477213597	0.524024871585296	0.5240011878766478	0.5236620099541804	0.5227436497320528	0.5210029149392689
0.6315037042063602	0.9651650892520517	0.5248577254826199	0.5248549546688672	0.5245957625673838	0.52484266520117	0.5246425579283861	0.5248008644187487	0.5248918893255669	0.5246742648392092	0.5242571448154033	0.5243461036612993	0.5242876644888806	0.5240097528141461	0.5240836523150857	0.5240296408723448	0.5239127104359753	0.5236604711842051	0.5227591257479144	0.5210057409407901
0.1477974182691531	0.030107855677775075	0.5248803512840401	0.5248348924908255	0.524612489386851	0.5248537721346499	0.524643320579513	0.5248017031348758	0.5248959178314139	0.5246739111243274	0.524252613408938	0.5243459948362095	0.5242951590535665	0.5240069653731773	0.5240950867686912	0.5240283895298871	0.5239105712894525	0.5236621628157023	0.5227549892999114	0.5210022874694333
0.8800413671416207	0.07355586281289472	0.5248658589150917	0.5248351266642897	0.5246126930211324	0.5248290062381945	0.5246476951849025	0.5248008214009817	0.5248913812011416	0.5246737148996417	0.5242580763827492	0.5243460316674637	0.5242953401705306	0.5240076451979839	0.5240954042435944	0.5240432997774956	0.5239560097375723	0.5236620475132412	0.5227436695421303	0.5210073837245834
0.17235867069016692	0.2100715117189471	0.5248696964589606	0.5248334601996753	0.5246154757597281	0.5248109614626427	0.5246431759381573	0.5248008111643963	0.5248922081394788	0.5246865357467904	0.524257053309359	0.5243388235891469	0.5242848927231021	0.524006508821096	0.5240838126046659	0.5240436814350509	0.5239565296277804	0.523662048610768	0.5227440001030658	0.5210074791529414
0.44720472398750055	0.005237746307252822	0.5248661039872986	0.5248300446925694	0.5246126746415986	0.5248513663458431	0.5246433679435504	0.5248016961256441	0.5248920172174903	0.5246861764215911	0.5242572594528186	0.5243460294753951	0.5242788326584675	0.5240099811064995	0.5240952675110607	0.5240437802920519	0.5239557690086168	0.5236621896886158	0.5227445901452195	0.5210064235431371
0.36847088376289083	0.47845066564245603	0.5248651439075926	0.5248243308105788	0.524612202230183	0.5248085454086064	0.5246420803824727	0.5248007802961551	0.52489151103046	0.5246735591418777	0.5242578917658886	0.5243458901608302	0.5242882567465432	0.5240076388374205	0.5240705448428613	0.5240225788096675	0.5239434293330117	0.5236620217261824	0.5227450094738679	0.5210055097163221
0.0021012968775555307	0.7252840643586613	0.5248601673389129	0.5246045313147224	0.524611008463956	0.5248101490671746	0.5246432769617722	0.5248008338798068	0.524892687163482	0.5246769055007352	0.5242522415958296	0.524345166835258	0.5242835473655783	0.5240060401468487	0.524098273453907	0.5240245496283771	0.5235291632716774	0.5236620791378713	0.5227464421506814	0.5210079137350688
0.057235105169150036	0.18631326781298582	0.5248774584173107	0.5248269902743408	0.5246157807031986	0.5248778884251026	0.5246422418964769	0.52480081474135	0.5248921330744479	0.5246861875951986	0.5242571512860993	0.5243459524430969	0.5242878830034378	0.5240075274617731	0.5240984086706237	0.5240251844339259	0.5239584045037986	0.5236620364587784	0.5227598042775193	0.5210040252417213
0.5801157949474692	0.5105254935763024	0.5248797743289187	0.5248389288411781	0.5246146197998796	0.5248099197534788	0.5246425894505705	0.5248016990461326	0.5248923368518322	0.5246739111964757	0.5242580636701509	0.5243460002293105	0.5242951590535665	0.524006893198174	0.5240945336395516	0.5240237946542659	0.5239105712894525	0.5236619144830644	0.5227436113057277	0.5210024801278713
0.24990411449257777	0.34772342300356085	0.5248652547796734	0.5248243455565199	0.5246060669160131	0.5248419976358246	0.5246430771114237	0.5248008051018792	0.524892051777814	0.524674728393443	0.5242569503420399	0.5243389774791359	0.5242945131731734	0.5240099732260787	0.5240985099883786	0.52401602102092	0.5238926409904592	0.5236621291395068	0.5227548660292458	0.521001689847594
0.4536424036162661	0.1412067382149943	0.5248806278695218	0.5248510019447749	0.5246065291349565	0.5248109164468655	0.5246420215713743	0.5248008278873596	0.524892357585528	0.5246861750881354	0.5242575045574117	0.5243462268429794	0.52428015072492	0.5240099828766933	0.5240724289449523	0.5240437840747797	0.5239156591205609	0.523661490776162	0.5227441294297802	0.5209304323686267
0.19667649444916457	0.9911476294218798	0.5248745463373193	0.5246048195148177	0.5246143911243171	0.5248148454330657	0.5246421499303194	0.524801694187695	0.5248959852784993	0.5246776576175106	0.5242525326606862	0.5243463273217911	0.524295184330958	0.5240097620443518	0.5240965397259353	0.523983085344111	0.5239277774707408	0.5236604861547728	0.5227580212760394	0.5210077269294338
0.3355882979728149	0.23012136234970448	0.5248663176076727	0.5246121982075529	0.5246094347836578	0.5248101083244127	0.524642120955616	0.5248008217404736	0.5248922845227261	0.5246858827272612	0.5242567805895154	0.524339145713941	0.5242880787419139	0.5240075164498741	0.5240835794706928	0.5240424769187131	0.5239176752983277	0.5236387034858939	0.5227420943956882	0.5210060810069655
0.3792926795704405	0.6489546327916087	0.5248574036999262	0.5248349942134528	0.5246165506799843	0.5248081553135956	0.5246420817926567	0.5248008110042764	0.5248922887388432	0.5246861638895066	0.5242567768608823	0.5243383545079664	0.5242880908618206	0.5240059650306085	0.5240724406302155	0.5240130318830349	0.5239244818278407	0.5236611941166347	0.5227440036990688	0.5209286880460138
0.011658505510910966	0.009118783168001965	0.5248674562614102	0.524845491800871	0.5246188776189716	0.5248424708756213	0.5246473058267248	0.5248008114031579	0.5249001158717289	0.5246735355337095	0.5242574436573539	0.5243450013881001	0.5242934973140624	0.5240068959449611	0.5240952711149436	0.5240445806100987	0.5239582708257268	0.5236626992489135	0.5227438793897874	0.5210080705679597
0.10528603579691055	0.9927510450463481	0.5248821343468687	0.5248335193622234	0.5246120428202676	0.524815029897472	0.5246432786436702	0.5248007980807439	0.5248921489787063	0.5246695502243437	0.5242570593757245	0.5243346968611213	0.5242802705876419	0.5240062747751303	0.5240743033655852	0.5240448749255155	0.5239167306607354	0.5236626039097936	0.5227580065254018	0.5210040699527102
0.011326474483645578	0.21595469156236455	0.5248597323326144	0.5248335200533448	0.5246121475155665	0.5248113595207458	0.524643262513864	0.524800798243658	0.5248923918719315	0.5246695132549718	0.5242579358752271	0.5243493703098872	0.5242849523278008	0.5240062615235812	0.5240573757972602	0.5240448749255155	0.5239585026846227	0.5236328503034025	0.5227548597531074	0.5210040699527102
0.41558220178509087	0.47309355226942207	0.5248530966358084	0.5246051811356968	0.5246111619494325	0.5248410787723553	0.5246420141867821	0.5248007833398496	0.5248923416217616	0.5246845178270205	0.5242565207199412	0.5243448278382179	0.5242942007437262	0.5240098811094724	0.5240722928168886	0.5240431518962713	0.5239471455957709	0.5236620206521212	0.5227570762714052	0.5210053968985416
0.057235105169150036	0.18735403561546782	0.5248458594995158	0.5248270079279472	0.5246157807031986	0.5248293873155518	0.5246422418964769	0.5248008211607018	0.5248921330744479	0.5246739726756973	0.5242579525508938	0.5243459531899725	0.5242796209464499	0.5240060142188707	0.5240717415924881	0.5240205814761552	0.5239541157029853	0.52366208457096	0.5227598042775193	0.5210040252417213
0.6228022943903615	0.5232424216543016	0.5248573838071715	0.5248548983706526	0.5246112974739979	0.5248387668425428	0.5246432485512296	0.5248017088452167	0.5249003391116813	0.5246742011469259	0.5242571495559457	0.5243459559819162	0.5242951293083254	0.5240075953972492	0.5240711959326375	0.5240401247103843	0.5239132151735257	0.5236326962058798	0.5227436711118625	0.5210054497593194
0.7363689509632884	0.48103254371395465	0.5248691624751258	0.5246173253765744	0.5246120188528802	0.5248086221022084	0.5246474658061033	0.5248008449083754	0.5248921088897185	0.5246739840547395	0.5242574430980403	0.5243331690136341	0.5242848082476699	0.5240075689177969	0.5240990361369863	0.5240223350989207	0.5239572188507503	0.5236620823011221	0.5227450500458041	0.5210030926137432
0.3081178711024778	0.14542491467944363	0.5248579120753268	0.5248114891915364	0.5246113159701808	0.5248430511501297	0.5246425741216212	0.5248008641264417	0.5248963482371765	0.5246738147354916	0.5242579263262453	0.5243390549839747	0.5242911272380755	0.52400583313338	0.5240986279946288	0.524042753442868	0.5239589337161117	0.5236578869717287	0.5227423267781224	0.521002963547445
0.6129902311408653	0.9838181642513896	0.5248573838071715	0.5248548983706526	0.5246112974739979	0.5248387668425428	0.5246432485512296	0.5248016895521089	0.5249003327325863	0.5246742011469259	0.5242557762962571	0.524344871458871	0.5242951293083254	0.5240075953972492	0.5240711959326375	0.5240431010477693	0.5239423821955246	0.5236326962058798	0.5227436711118625	0.5210054445486045
0.2165715585908755	0.9999999999999999	0.5248580644548638	0.524603081203723	0.5246167143450432	0.5248422071260997	0.5246421153714794	0.5248007801456868	0.5248916883887748	0.5246666838259886	0.5242556872284083	0.5243448717422602	0.5241583656742652	0.5240067769341452	0.5240733484362257	0.5240429699847163	0.5239249330233067	0.5236625589987506	0.5227440077583649	0.5210050496810946
0.6286712055347347	0.6558944590364527	0.5248662975926387	0.5248360884681496	0.5246110194620399	0.5248536242352733	0.5246425370117058	0.5248007777039749	0.5248961665599884	0.5246861281843089	0.5242571330243978	0.5243447904119317	0.5242951645554569	0.5240097139768329	0.5240843326450393	0.5240364808335612	0.5239504464104188	0.5236637540051396	0.5227439781906984	0.5210060251676587
0.827922010796119	0.43897687607280883	0.5248666734904347	0.524834882452704	0.5246121920551318	0.5248430032353136	0.5246425894505705	0.5248008112499786	0.5248924310357931	0.5246859987351566	0.524257846942472	0.5243462343983074	0.5242951590535665	0.5240076398207961	0.5240945336395516	0.5240452642359814	0.5239568764811677	0.5236615124276353	0.5227436721093132	0.5210054573984362
0.08098414247456032	0.46972719450965783	0.5248658589150917	0.5248351266642897	0.5246126930211324	0.5248290062381945	0.5246476951849025	0.5248008214009817	0.5248913812011416	0.5246737148996417	0.524258077954909	0.5243460316674637	0.5242797448016033	0.5240076738115932	0.5240562629240977	0.5240432997774956	0.5239560097375723	0.5236620475132412	0.522744003401635	0.5210073837245834
0.7774109179625869	0.3685278065508687	0.5248564984704623	0.5246161948386444	0.5246112183255551	0.5248857750921294	0.5246421275445149	0.524800761670929	0.5249006925001651	0.5246861976320791	0.5242572181825595	0.5243345668754285	0.5242858610376764	0.5240055592071251	0.524084078995215	0.5240451363716174	0.5239514694692867	0.5236620251700768	0.5227435535897893	0.5210015709446277
