1	3842.9473477236193
2	3391.0225559501355
3	3191.102243857655
4	2832.0052072952303
5	2832.0052072952303
6	2633.3145385014086
7	2458.6328793190473
8	2387.087357620704
9	1947.0309125828874
10	1794.5147436583927
11	1446.7412445165876
12	1446.7412445165876
13	1340.7084547435236
14	1172.2484375111887
15	1172.2484375111887
16	1148.153339610808
17	1023.0404219675319
18	1009.9808335928417
19	760.1755689646395
20	760.1755689646395
21	690.3152962987666
22	656.2720211949518
23	656.2720211949518
24	640.500006505528
25	590.3195051192223
26	548.3146848090646
27	544.6424305133079
28	508.2835274380658
29	416.8449104039822
30	416.8449104039822
31	404.4304744670564
32	404.4304744670564
33	401.3431139995762
34	363.65660109884357
35	353.32182504404085
36	353.32182504404085
37	308.8478968867929
38	308.8478968867929
39	304.90163815438876
40	289.02094769875634
41	275.36985874614084
42	237.2364344284318
43	237.2364344284318
44	224.16700589724556
45	219.79439380741917
46	203.70375986296364
47	203.70375986296364
48	198.3620219634466
49	197.68137582678503
50	176.5187597823834
51	153.76355222384694
52	153.76355222384694
53	144.07099329536663
54	144.07099329536663
55	137.42280339886491
56	137.42280339886491
57	135.918984194183
58	129.33475530545718
59	123.76574805449465
60	123.76574805449465
61	113.04621300807361
62	113.04621300807361
63	111.06989110367057
64	105.49365254652454
65	96.41182817652533
66	96.41182817652533
67	96.41182817652533
68	96.41182817652533
69	95.15668749671869
70	91.98464658075729
71	88.25723238908441
72	82.66151406645021
73	82.66151406645021
74	79.70404036039778
75	79.70404036039778
76	75.40809332892378
77	75.40809332892378
78	75.40809332892378
79	69.05840611061865
80	68.45082990258108
81	67.65283846786409
82	62.37330945566956
83	60.20923341046141
84	58.1927946692619
85	57.656837470135734
86	53.44161206438635
87	50.9718425298398
88	41.590066078704595
89	41.590066078704595
90	41.590066078704595
91	41.590066078704595
92	41.590066078704595
93	37.55107637472179
94	37.55107637472179
95	35.245535569058
96	32.02568474791313
97	32.02568474791313
98	29.82805254594669
99	28.342600935705004
100	28.342600935705004
101	28.02042996308588
102	26.95590857922507
103	25.49086686433818
104	24.703282047934472
105	24.664815507220123
106	22.914022298688355
107	22.42727484775893
108	22.42727484775893
109	20.641627051998192
110	20.641627051998192
111	20.595486143944242
112	19.827869258982187
113	19.105159551215614
114	18.507161489214695
115	18.049176304601744
116	17.869126768967305
117	17.315987994412
118	17.315987994412
119	17.006876276347047
120	16.09675489840313
121	16.09675489840313
122	14.862523263210127
123	14.862523263210127
124	14.862523263210127
125	13.981282764779351
126	13.981282764779351
127	13.981282764779351
128	13.808810426896862
129	12.862421757434765
130	12.862421757434765
131	11.573782103835377
132	11.573782103835377
133	11.573782103835377
134	11.305387876337633
135	11.305387876337633
136	10.93869434727692
137	10.741040936230087
138	10.62802754760146
139	10.62802754760146
140	10.173135638916085
141	9.368695086716126
142	9.368695086716126
143	8.194809492337319
144	8.194809492337319
145	8.194809492337319
146	8.194809492337319
147	8.194809492337319
148	8.194809492337319
149	7.663436390757281
150	7.663436390757281
151	7.663436390757281
152	7.597936249469923
153	7.4667971813055445
154	7.4667971813055445
155	7.066748886280471
156	7.066748886280471
157	7.066748886280471
158	7.066748886280471
159	6.913781859036596
160	6.913781859036596
161	6.587875028187306
162	6.587875028187306
163	6.587875028187306
164	6.438290147944548
165	6.427178474981162
166	6.388049823249232
167	6.183785487918064
168	6.183785487918064
169	5.988640355826722
170	5.988640355826722
171	5.527971559137581
172	5.527971559137581
173	5.527971559137581
174	5.527971559137581
175	5.4261120066296
176	5.325276548253206
177	5.325276548253206
178	5.325276548253206
179	5.125922113246444
180	5.009286807179991
181	4.951522207520113
182	4.951522207520113
183	4.881941014771729
184	4.581087636612043
185	4.581087636612043
186	4.479699083353141
187	4.389776310995218
188	4.387189290734731
189	4.387189290734731
190	4.257426213722909
191	4.257426213722909
192	4.257426213722909
193	4.257426213722909
194	4.1598815742197806
195	4.1598815742197806
196	4.047971498856675
197	4.047971498856675
198	4.041046721267998
199	3.970546555199806
200	3.8161428701520337
201	3.7993086531296503
202	3.7993086531296503
203	3.7126473934227815
204	3.6728196749288538
205	3.6728196749288538
206	3.667263600723521
207	3.667263600723521
208	3.65604015433627
209	3.4717874337891033
210	3.4717874337891033
211	3.4160121975599904
212	3.4146420170202427
213	3.4146420170202427
214	3.3939806247017734
215	3.3382523892326117
216	3.3382523892326117
217	3.2696948461592084
218	3.2696948461592084
219	3.20549918173071
220	3.1108186452361797
221	3.0931516931080307
222	2.9527773311931544
223	2.9527773311931544
224	2.9527773311931544
225	2.684364551379505
226	2.684364551379505
227	2.684364551379505
228	2.684364551379505
229	2.4781004604405545
230	2.40493692656019
231	2.38813513739348
232	2.38813513739348
233	2.2083829370817907
234	2.2083829370817907
235	2.2083829370817907
236	2.2082641572911057
237	2.2010352773259947
238	2.2010352773259947
239	2.2010352773259947
240	2.2010352773259947
241	2.2010352773259947
242	2.2010352773259947
243	2.161628824910158
244	2.1563377865028506
245	2.075932488411836
246	2.075932488411836
247	1.9912861472005494
248	1.9912861472005494
249	1.9912861472005494
250	1.9895267802482544
251	1.9768371451267186
252	1.9082087180198657
253	1.9082087180198657
254	1.8855676836280246
255	1.8805104018715977
256	1.8805104018715977
257	1.8666112923062634
258	1.7707858271571697
259	1.7707858271571697
260	1.7622560345094647
261	1.7130946424029627
262	1.7130946424029627
263	1.666073136066475
264	1.666073136066475
265	1.6658243770553012
266	1.6510104310367735
267	1.6507603897932082
268	1.6507603897932082
269	1.5893906388321024
270	1.5893906388321024
271	1.5259522963771415
272	1.5259522963771415
273	1.5259522963771415
274	1.5259522963771415
275	1.5259522963771415
276	1.505868004766577
277	1.505868004766577
278	1.505868004766577
279	1.505868004766577
280	1.4460516851014689
281	1.4417207850923013
282	1.4294289617747107
283	1.4294289617747107
284	1.4268256048927983
285	1.4268256048927983
286	1.4268256048927983
287	1.4136525973300584
288	1.4136525973300584
289	1.4047446244054231
290	1.4047446244054231
291	1.3994765936827025
292	1.3981537198402239
293	1.395437591722321
294	1.3793033882185872
295	1.3793033882185872
296	1.3793033882185872
297	1.3793033882185872
298	1.3793033882185872
299	1.3793033882185872
300	1.3127768453723583
301	1.2830784092162297
302	1.2830784092162297
303	1.2830784092162297
304	1.2830784092162297
305	1.2338117611139314
306	1.2338117611139314
307	1.2110494118137125
308	1.2110494118137125
309	1.2110494118137125
310	1.2065080167512814
311	1.2010011355171122
312	1.1755211214832433
313	1.1755211214832433
314	1.1755211214832433
315	1.1755211214832433
316	1.1755211214832433
317	1.1486493587019024
318	1.1453063800825174
319	1.1453063800825174
320	1.1414241282347186
321	1.1358568250126353
322	1.1358568250126353
323	1.1349140175671915
324	1.1171035869990782
325	1.1171035869990782
326	1.1171035869990782
327	1.1171035869990782
328	1.1167416222861055
329	1.0778783680265964
330	1.0778783680265964
331	1.0724825755085954
332	1.0657256218986428
333	1.0657256218986428
334	1.0625172392194224
335	1.062069515183368
336	1.062069515183368
337	1.0614402066028608
338	1.0383215560281103
339	1.0336359788663922
340	1.0336359788663922
341	1.0336359788663922
342	1.0336359788663922
343	1.0336359788663922
344	1.027697283798369
345	1.027697283798369
346	1.027697283798369
347	1.0233713048639874
348	1.020875178259368
349	1.020875178259368
350	1.020875178259368
351	1.014199720305143
352	0.9667861811196891
353	0.9667861811196891
354	0.9667861811196891
355	0.9667861811196891
356	0.9667861811196891
357	0.9480362715575978
358	0.9376760256115884
359	0.9376760256115884
360	0.9320028477600363
361	0.9320028477600363
362	0.9320028477600363
363	0.9320028477600363
364	0.9202982303618973
365	0.9202982186296544
366	0.9172188933753789
367	0.8903072939322865
368	0.8884991943680866
369	0.8884991943680866
370	0.8810981464816834
371	0.8810981464816834
372	0.8810981464816834
373	0.8638395398289627
374	0.8638395398289627
375	0.8556098407455172
376	0.8419349132186921
377	0.8092776171690828
378	0.8092776171690828
379	0.8092776171690828
380	0.8092776171690828
381	0.7542350310369123
382	0.7542350310369123
383	0.7542350310369123
384	0.7527844688229919
385	0.7508712100135272
386	0.7415255072694736
387	0.7013197089862416
388	0.7013197089862416
389	0.6968249812079941
390	0.6968249812079941
391	0.6968227493723199
392	0.6809855401384449
393	0.6809855401384449
394	0.6809855401384449
395	0.6796276419266191
396	0.6796276419266191
397	0.6796276419266191
398	0.6757233618941243
399	0.6757233618941243
400	0.6757233618941243
401	0.6730937941253761
402	0.6730937941253761
403	0.6730937941253761
404	0.6730937941253761
405	0.6729448638028821
406	0.6708737064721394
407	0.6708737064721394
408	0.6708737064721394
409	0.6708737064721394
410	0.668133506627462
411	0.668133506627462
412	0.6678243659749437
413	0.6676898506463691
414	0.6648467174264178
415	0.6648467174264178
416	0.6648467174264178
417	0.6646197682839731
418	0.664599547258438
419	0.6641846738728091
420	0.6641846738728091
421	0.6641846738728091
422	0.6638331878210103
423	0.6634645745177139
424	0.6634645745177139
425	0.6634645745177139
426	0.6444407243747737
427	0.6444407243747737
428	0.6429050344671308
429	0.6429050344671308
430	0.6409653779855196
431	0.6409653779855196
432	0.6356125918108123
433	0.6355950421802276
434	0.6334539442998157
435	0.632952136666791
436	0.6317640058086501
437	0.6317640058086501
438	0.6317640058086501
439	0.618072993043319
440	0.618072993043319
441	0.6163873584221446
442	0.6163873584221446
443	0.6163873584221446
444	0.605726967141643
445	0.605726967141643
446	0.605726967141643
447	0.6057200954133355
448	0.6055942298501168
449	0.6055703851561933
450	0.6052700031952051
451	0.6052176816941393
452	0.6031942460875412
453	0.5966543300748077
454	0.588662216314385
455	0.5773573492160085
456	0.5668865568005214
457	0.5668865568005214
458	0.5668865568005214
459	0.5666701681017335
460	0.5666701681017335
461	0.5527495620430347
462	0.5480886661339688
463	0.5480886661339688
464	0.5480886661339688
465	0.5293644785055391
466	0.5214682551524674
467	0.507378301682709
468	0.507378301682709
469	0.507378301682709
470	0.507378301682709
471	0.507378301682709
472	0.486797808577968
473	0.486797808577968
474	0.4826531557050774
475	0.4826531557050774
476	0.4547473931107177
477	0.4542075198553502
478	0.4542075198553502
479	0.4542075198553502
480	0.45326241912627663
481	0.453054511572953
482	0.453054511572953
483	0.45210981356190016
484	0.4324095267948102
485	0.42376837583967975
486	0.42376837583967975
487	0.4234424931860314
488	0.42286904371509243
489	0.42286904371509243
490	0.42237947514100666
491	0.42237947514100666
492	0.42018844265221444
493	0.42018844265221444
494	0.41675879433988927
495	0.41675879433988927
496	0.41675879433988927
497	0.4147571381890454
498	0.41413617835334987
499	0.41413617835334987
500	0.41413617835334987
501	0.41413617835334987
502	0.4134630040487933
503	0.4125856794602411
504	0.4125259349693216
505	0.3933639020242602
506	0.3933639020242602
507	0.393312719433528
508	0.393312719433528
509	0.386531605358916
510	0.386531605358916
511	0.36009729771067167
512	0.36009729771067167
513	0.36009729771067167
514	0.3303248896153386
515	0.3303248896153386
516	0.3303248896153386
517	0.3214646794671612
518	0.3214646794671612
519	0.3214646794671612
520	0.3214646794671612
521	0.3214646794671612
522	0.3214646794671612
523	0.3214646794671612
524	0.3213357953099293
525	0.32097836460569623
526	0.32097836460569623
527	0.32073485798777956
528	0.3186843803079597
529	0.3186843803079597
530	0.3186843803079597
531	0.31845881836494966
532	0.31845881836494966
533	0.31845881836494966
534	0.31845881836494966
535	0.31845881836494966
536	0.3184111242260579
537	0.3184111242260579
538	0.3184111242260579
539	0.2851065859644575
540	0.28201195091125525
541	0.28201195091125525
542	0.28201195091125525
543	0.28201195091125525
544	0.28201195091125525
545	0.2815356730225132
546	0.2815356730225132
547	0.27761178225594785
548	0.27761178225594785
549	0.27761178225594785
550	0.27720109719753794
551	0.2758358838955179
552	0.2752869896003114
553	0.27256711748867557
554	0.27256711748867557
555	0.27256711748867557
556	0.2668900149981011
557	0.2668900149981011
558	0.2668900149981011
559	0.2668900149981011
560	0.2668900149981011
561	0.26620006645540245
562	0.26620006645540245
563	0.26620006645540245
564	0.26620006645540245
565	0.26620006645540245
566	0.26610615277884153
567	0.26610615277884153
568	0.2660621618955138
569	0.2658957709231396
570	0.26579564687507784
571	0.26579564687507784
572	0.26579564687507784
573	0.26564385742234203
574	0.26564385742234203
575	0.2652966439843435
576	0.2652966439843435
577	0.2652966439843435
578	0.2652394566879404
579	0.2652394566879404
580	0.2651385485180595
581	0.2651385485180595
582	0.26506899620937246
583	0.26353993211292864
584	0.26353993211292864
585	0.24377474761976328
586	0.24372407695635012
587	0.24372407695635012
588	0.2433923228862423
589	0.23851429954972192
590	0.23851429954972192
591	0.23851429954972192
592	0.23712356444769297
593	0.23712356444769297
594	0.23712356444769297
595	0.23712356444769297
596	0.2368014127967988
597	0.2368014127967988
598	0.2368014127967988
599	0.2366946579749823
600	0.2366946579749823
601	0.2366946579749823
602	0.2366946579749823
603	0.2366946579749823
604	0.23528468143682404
605	0.23528468143682404
606	0.23528468143682404
607	0.23528468143682404
608	0.23528468143682404
609	0.23528468143682404
610	0.2271718143895771
611	0.2271718143895771
612	0.2271718143895771
613	0.2271718143895771
614	0.2271718143895771
615	0.2271718143895771
616	0.2271718143895771
617	0.2271718143895771
618	0.2271718143895771
619	0.22698998647726434
620	0.22698998647726434
621	0.22698998647726434
622	0.22698998647726434
623	0.2266532432311675
624	0.2266532432311675
625	0.22565597072786903
626	0.22565597072786903
627	0.22564606351132716
628	0.22564606351132716
629	0.22530867919481334
630	0.22530867919481334
631	0.22530867919481334
632	0.22530867919481334
633	0.22302180001969737
634	0.22302180001969737
635	0.22302180001969737
636	0.22302180001969737
637	0.22302180001969737
638	0.22256731823217943
639	0.22256731823217943
640	0.22250454901956537
641	0.22250454901956537
642	0.22247757852010755
643	0.22196867641165677
644	0.19988575218973167
645	0.19988575218973167
646	0.1970854512280832
647	0.19708208926597182
648	0.19707897471326538
649	0.19707897471326538
650	0.1970707570948158
651	0.1970707570948158
652	0.1970707570948158
653	0.1970701468244624
654	0.19478857840974753
655	0.1946731403212281
656	0.19446587463038137
657	0.19446587463038137
658	0.19446587463038137
659	0.19435900439969003
660	0.19412904653572027
661	0.19331796783966726
662	0.19331796783966726
663	0.19324786710886932
664	0.19324786710886932
665	0.18362103695142315
666	0.18361506058884527
667	0.18290777430660135
668	0.18267997334867514
669	0.18267997334867514
670	0.18267997334867514
671	0.18267997334867514
672	0.1814620623359223
673	0.1814620623359223
674	0.18056222607978256
675	0.18056222607978256
676	0.18056222607978256
677	0.18056222607978256
678	0.18056222607978256
679	0.18056222607978256
680	0.1804160624007897
681	0.18003166100056356
682	0.18003108309986923
683	0.18003108309986923
684	0.17955969105632497
685	0.17952786331055456
686	0.17952786331055456
687	0.17952786331055456
688	0.17952786331055456
689	0.1794804125038542
690	0.1794804125038542
691	0.17947829768604234
692	0.17947829768604234
693	0.17947829768604234
694	0.17947829768604234
695	0.17947829768604234
696	0.17947829768604234
697	0.17947037760309234
698	0.17947037760309234
699	0.17947037760309234
700	0.1794630459643661
701	0.1794630459643661
702	0.1794630459643661
703	0.1792943973863387
704	0.17916114904829955
705	0.17916114904829955
706	0.17911026304452007
707	0.17869356869782219
708	0.17869356869782219
709	0.17869356869782219
710	0.17869356869782219
711	0.17869179029438648
712	0.17817383282651372
713	0.17817383282651372
714	0.17817383282651372
715	0.17817383282651372
716	0.17817383282651372
717	0.17801650243009048
718	0.17801650243009048
719	0.17801650243009048
720	0.17801650243009048
721	0.17801650243009048
722	0.17801650243009048
723	0.17801650243009048
724	0.17598528818926093
725	0.17567725756107844
726	0.17567725756107844
727	0.17566457822393108
728	0.17566457822393108
729	0.17566457822393108
730	0.17530253268416535
731	0.16888632934536846
732	0.16888632934536846
733	0.16888632934536846
734	0.1682859190300791
735	0.1682859190300791
736	0.16694736487263653
737	0.16694736487263653
738	0.1666958108789219
739	0.1665240541945347
740	0.1665240541945347
741	0.16652058658819474
742	0.16561431883596311
743	0.16531370383520233
744	0.16531370383520233
745	0.1653070457889062
746	0.1653070457889062
747	0.1653070457889062
748	0.16383823752612453
749	0.15705407571690927
750	0.15705407571690927
751	0.15705407571690927
752	0.15705407571690927
753	0.13924972692495355
754	0.13785761736741572
755	0.13785761736741572
756	0.13785761736741572
757	0.13785761736741572
758	0.13771041463928702
759	0.13770853407352146
760	0.1377066326388771
761	0.1377066326388771
762	0.130696805053843
763	0.130696805053843
764	0.130696805053843
765	0.130696805053843
766	0.130696805053843
767	0.130696805053843
768	0.130696805053843
769	0.12261675049502838
770	0.12113152437235418
771	0.11442118656210153
772	0.11442118656210153
773	0.1126006432889175
774	0.1126006432889175
775	0.1123873044775311
776	0.1123873044775311
777	0.1123873044775311
778	0.11155136435820903
779	0.11155136435820903
780	0.11155136435820903
781	0.11155136435820903
782	0.11155136435820903
783	0.11155136435820903
784	0.10984949168540531
785	0.10984949168540531
786	0.10984949168540531
787	0.10984949168540531
788	0.10984949168540531
789	0.10984949168540531
790	0.10984949168540531
791	0.10936082807392614
792	0.10898166830973866
793	0.10898166830973866
794	0.10758871710450116
795	0.10758871710450116
796	0.10758871710450116
797	0.10758871710450116
798	0.10758871710450116
799	0.1075857353915642
800	0.1075857353915642
801	0.10679221439630986
802	0.10679221439630986
803	0.10679221439630986
804	0.10649990936929989
805	0.10647217535489749
806	0.10647217535489749
807	0.10647217535489749
808	0.10508708086403443
809	0.09697680816795982
810	0.09697680816795982
811	0.09659490915782813
812	0.09659490915782813
813	0.09612294190482513
814	0.09612294190482513
815	0.09612294190482513
816	0.09612294190482513
817	0.09612294190482513
818	0.09612294190482513
819	0.09612294190482513
820	0.09612294190482513
821	0.09612285322691963
822	0.09594222705228735
823	0.09594222705228735
824	0.09594222705228735
825	0.09594222705228735
826	0.09591274121080122
827	0.09591274121080122
828	0.09591274121080122
829	0.09582044090659256
830	0.09582044090659256
831	0.09582044090659256
832	0.09582044090659256
833	0.09582044090659256
834	0.09582044090659256
835	0.09582044090659256
836	0.0951630645400162
837	0.0941915130499594
838	0.09418102614648745
839	0.09418102614648745
840	0.09405048066312532
841	0.09405048066312532
842	0.09405048066312532
843	0.0939826387862684
844	0.0939826387862684
845	0.09373684512889266
846	0.09373684512889266
847	0.09369121826951038
848	0.09369121826951038
849	0.09369121826951038
850	0.09282656498202826
851	0.09282656498202826
852	0.092691928627759
853	0.092691928627759
854	0.092691928627759
855	0.092691928627759
856	0.092691928627759
857	0.09172435767385624
858	0.09172435767385624
859	0.09172435767385624
860	0.0916214563683709
861	0.09143616409697715
862	0.09112838107805636
863	0.09112838107805636
864	0.09112838107805636
865	0.09112838107805636
866	0.09112838107805636
867	0.09112838107805636
868	0.09110382037083746
869	0.09110382037083746
870	0.09110382037083746
871	0.09072767940743355
872	0.09022889338879538
873	0.09022889338879538
874	0.09022889338879538
875	0.09013198797458397
876	0.09013198797458397
877	0.08996985328014917
878	0.08996985328014917
879	0.08996985328014917
880	0.08932743102312363
881	0.08921462410370239
882	0.08921462410370239
883	0.08921462410370239
884	0.08921462410370239
885	0.08921462410370239
886	0.08917803230678932
887	0.08732345360476829
888	0.08732230772009938
889	0.08732230772009938
890	0.08732230772009938
891	0.08732230772009938
892	0.08732230772009938
893	0.08672622655026699
894	0.08672622655026699
895	0.08672622655026699
896	0.08628313861998733
897	0.08628280788096927
898	0.08628280788096927
899	0.08628280788096927
900	0.08628280788096927
901	0.08628280788096927
902	0.08627811777519177
903	0.08627811777519177
904	0.08627811777519177
905	0.08627811777519177
906	0.08627811777519177
907	0.08627811777519177
908	0.08627811777519177
909	0.08627811777519177
910	0.08627811777519177
911	0.08627811777519177
912	0.08627804381485271
913	0.08621761954996185
914	0.08456652981414607
915	0.08456652981414607
916	0.08456652981414607
917	0.08456652981414607
918	0.08456652981414607
919	0.08456652981414607
920	0.08315668599254336
921	0.08241970040613586
922	0.08239639149112611
923	0.08239639149112611
924	0.08239639149112611
925	0.08239639149112611
926	0.08239639149112611
927	0.08079123946635675
928	0.08079123946635675
929	0.08079123946635675
930	0.08079123946635675
931	0.08079123946635675
932	0.08079123946635675
933	0.08058866343607328
934	0.08058866343607328
935	0.08058866343607328
936	0.08058866343607328
937	0.08042064438394672
938	0.08042064438394672
939	0.08042064438394672
940	0.08042064438394672
941	0.08023966681245522
942	0.08023966681245522
943	0.08022429248577626
944	0.08020086048815407
945	0.08020086048815407
946	0.08020086048815407
947	0.08020086048815407
948	0.08020086048815407
949	0.08020086048815407
950	0.08020086048815407
951	0.06421903156921815
952	0.06421903156921815
953	0.06421903156921815
954	0.05747360029654035
955	0.05747360029654035
956	0.05747360029654035
957	0.05747272075087782
958	0.05746971404777519
959	0.057314995582954234
960	0.057314995582954234
961	0.05722855315928706
962	0.05684917541534961
963	0.056849141209134514
964	0.056849141209134514
965	0.05683937903396777
966	0.05683937903396777
967	0.05683526606477331
968	0.05684014683213155
969	0.05684014683213155
970	0.05684014683213155
971	0.05684014683213155
972	0.05684014683213155
973	0.05684014683213155
974	0.05683910218863092
975	0.05683910218863092
976	0.05683910218863092
977	0.056801986714576536
978	0.05680157484823068
979	0.05680157484823068
980	0.05680157484823068
981	0.05665750991271683
982	0.056657498236720845
983	0.056657498236720845
984	0.056657498236720845
985	0.056657498236720845
986	0.056450951466077134
987	0.056450951466077134
988	0.05645046295820459
989	0.05645046295820459
990	0.05645046295820459
991	0.056438211571827254
992	0.05643486644438063
993	0.05030387735307887
994	0.05030387735307887
995	0.05030371099962656
996	0.04399169817901523
997	0.04267829757296833
998	0.04267829757296833
999	0.04165778004789653
1000	0.03934890900804409