-1.845800000000000000e+04 -1.952800000000000000e+04
-1.846400000000000000e+04 -1.948400000000000000e+04
-1.821900000000000000e+04 -1.962700000000000000e+04
-1.866400000000000000e+04 -1.934800000000000000e+04
-1.869600000000000000e+04 -1.933400000000000000e+04
-1.861800000000000000e+04 -1.940500000000000000e+04
-1.833100000000000000e+04 -1.955800000000000000e+04
-1.839700000000000000e+04 -1.953300000000000000e+04
-1.840400000000000000e+04 -1.953100000000000000e+04
-1.828700000000000000e+04 -1.959200000000000000e+04
-1.832800000000000000e+04 -1.957900000000000000e+04
-1.839200000000000000e+04 -1.953500000000000000e+04
-1.852600000000000000e+04 -1.944800000000000000e+04
-1.884100000000000000e+04 -1.920700000000000000e+04
-1.880100000000000000e+04 -1.925000000000000000e+04
-1.900800000000000000e+04 -1.904400000000000000e+04
-1.909600000000000000e+04 -1.893000000000000000e+04
-1.902200000000000000e+04 -1.901500000000000000e+04
-1.892600000000000000e+04 -1.910800000000000000e+04
-1.897200000000000000e+04 -1.910500000000000000e+04
-1.913000000000000000e+04 -1.888400000000000000e+04
-1.910800000000000000e+04 -1.892200000000000000e+04
-1.915500000000000000e+04 -1.886300000000000000e+04
-1.907100000000000000e+04 -1.897100000000000000e+04
-1.905700000000000000e+04 -1.897800000000000000e+04
-1.912000000000000000e+04 -1.890800000000000000e+04
-1.909000000000000000e+04 -1.896600000000000000e+04
-1.898700000000000000e+04 -1.905700000000000000e+04
-1.903100000000000000e+04 -1.901200000000000000e+04
-1.910900000000000000e+04 -1.891900000000000000e+04
-1.932400000000000000e+04 -1.857700000000000000e+04
-1.928500000000000000e+04 -1.863500000000000000e+04
-1.927800000000000000e+04 -1.865900000000000000e+04
-1.924100000000000000e+04 -1.871100000000000000e+04
-1.924300000000000000e+04 -1.869000000000000000e+04
-1.921200000000000000e+04 -1.879100000000000000e+04
-1.921600000000000000e+04 -1.874300000000000000e+04
-1.923400000000000000e+04 -1.872000000000000000e+04
-1.916700000000000000e+04 -1.882600000000000000e+04
-1.926400000000000000e+04 -1.867900000000000000e+04
-1.914700000000000000e+04 -1.888000000000000000e+04
-1.912700000000000000e+04 -1.889600000000000000e+04
-1.916500000000000000e+04 -1.883500000000000000e+04
-1.863400000000000000e+04 -1.937600000000000000e+04
-1.865700000000000000e+04 -1.935400000000000000e+04
-1.872500000000000000e+04 -1.932800000000000000e+04
-1.867700000000000000e+04 -1.933800000000000000e+04
-1.852700000000000000e+04 -1.944100000000000000e+04
-1.851400000000000000e+04 -1.947800000000000000e+04
-1.878400000000000000e+04 -1.925200000000000000e+04
-1.870500000000000000e+04 -1.933300000000000000e+04
-1.877000000000000000e+04 -1.927600000000000000e+04
-1.876100000000000000e+04 -1.928100000000000000e+04
-1.864900000000000000e+04 -1.936700000000000000e+04
-1.865300000000000000e+04 -1.935500000000000000e+04
-1.875200000000000000e+04 -1.930200000000000000e+04
-1.862800000000000000e+04 -1.939900000000000000e+04
-1.880300000000000000e+04 -1.923400000000000000e+04
-1.859000000000000000e+04 -1.943600000000000000e+04
-1.846300000000000000e+04 -1.952300000000000000e+04
-1.884200000000000000e+04 -1.918700000000000000e+04
-1.882800000000000000e+04 -1.921400000000000000e+04
-1.887000000000000000e+04 -1.917100000000000000e+04
-1.898000000000000000e+04 -1.906800000000000000e+04
-1.892400000000000000e+04 -1.912900000000000000e+04
-1.892100000000000000e+04 -1.913800000000000000e+04
-1.886600000000000000e+04 -1.918300000000000000e+04
-1.902000000000000000e+04 -1.903000000000000000e+04
-1.889600000000000000e+04 -1.916100000000000000e+04
-1.904800000000000000e+04 -1.899900000000000000e+04
-1.911700000000000000e+04 -1.890900000000000000e+04
-1.909400000000000000e+04 -1.894400000000000000e+04
-1.920600000000000000e+04 -1.881500000000000000e+04
-1.921900000000000000e+04 -1.872200000000000000e+04
-1.935900000000000000e+04 -1.839900000000000000e+04
-1.934300000000000000e+04 -1.844200000000000000e+04
-1.934700000000000000e+04 -1.843600000000000000e+04
-1.933500000000000000e+04 -1.853300000000000000e+04
-1.924700000000000000e+04 -1.868300000000000000e+04
-1.928700000000000000e+04 -1.861300000000000000e+04
-1.932100000000000000e+04 -1.859300000000000000e+04
