-1.833200000000000000e+04 -1.961600000000000000e+04
-1.836900000000000000e+04 -1.960800000000000000e+04
-1.819200000000000000e+04 -1.966400000000000000e+04
-1.844100000000000000e+04 -1.955700000000000000e+04
-1.847300000000000000e+04 -1.952200000000000000e+04
-1.821200000000000000e+04 -1.965500000000000000e+04
-1.805900000000000000e+04 -1.972600000000000000e+04
-1.801000000000000000e+04 -1.973400000000000000e+04
-1.830100000000000000e+04 -1.962200000000000000e+04
-1.822300000000000000e+04 -1.964700000000000000e+04
-1.815100000000000000e+04 -1.970000000000000000e+04
-1.817000000000000000e+04 -1.966500000000000000e+04
-1.839400000000000000e+04 -1.957200000000000000e+04
-1.824600000000000000e+04 -1.963400000000000000e+04
-1.823800000000000000e+04 -1.964000000000000000e+04
-1.849300000000000000e+04 -1.951500000000000000e+04
-1.841000000000000000e+04 -1.956200000000000000e+04
-1.861200000000000000e+04 -1.944400000000000000e+04
-1.856700000000000000e+04 -1.947200000000000000e+04
-1.874700000000000000e+04 -1.931300000000000000e+04
-1.852400000000000000e+04 -1.949800000000000000e+04
-1.854100000000000000e+04 -1.948200000000000000e+04
-1.877200000000000000e+04 -1.928100000000000000e+04
-1.868800000000000000e+04 -1.935000000000000000e+04
-1.876100000000000000e+04 -1.930000000000000000e+04
-1.870700000000000000e+04 -1.934700000000000000e+04
-1.873100000000000000e+04 -1.933900000000000000e+04
-1.885400000000000000e+04 -1.922100000000000000e+04
-1.873500000000000000e+04 -1.931700000000000000e+04
-1.862900000000000000e+04 -1.942800000000000000e+04
-1.887900000000000000e+04 -1.918300000000000000e+04
-1.867500000000000000e+04 -1.937800000000000000e+04
-1.868000000000000000e+04 -1.935800000000000000e+04
-1.867200000000000000e+04 -1.939600000000000000e+04
-1.888600000000000000e+04 -1.916300000000000000e+04
-1.891300000000000000e+04 -1.914700000000000000e+04
-1.872000000000000000e+04 -1.934100000000000000e+04
-1.891600000000000000e+04 -1.914100000000000000e+04
-1.888000000000000000e+04 -1.917100000000000000e+04
-1.895300000000000000e+04 -1.910300000000000000e+04
-1.895500000000000000e+04 -1.908400000000000000e+04
-1.885900000000000000e+04 -1.918600000000000000e+04
-1.890300000000000000e+04 -1.915700000000000000e+04
-1.897700000000000000e+04 -1.906700000000000000e+04
-1.893000000000000000e+04 -1.912200000000000000e+04
-1.902300000000000000e+04 -1.899900000000000000e+04
-1.906800000000000000e+04 -1.894700000000000000e+04
-1.917400000000000000e+04 -1.879100000000000000e+04
-1.906000000000000000e+04 -1.896100000000000000e+04
-1.901300000000000000e+04 -1.902800000000000000e+04
-1.901500000000000000e+04 -1.900900000000000000e+04
-1.898700000000000000e+04 -1.903400000000000000e+04
-1.896300000000000000e+04 -1.908200000000000000e+04
-1.910600000000000000e+04 -1.888700000000000000e+04
-1.903700000000000000e+04 -1.899200000000000000e+04
-1.909200000000000000e+04 -1.891800000000000000e+04
-1.904500000000000000e+04 -1.898500000000000000e+04
-1.907800000000000000e+04 -1.892700000000000000e+04
-1.914000000000000000e+04 -1.882800000000000000e+04
-1.864800000000000000e+04 -1.940400000000000000e+04
-1.882400000000000000e+04 -1.923000000000000000e+04
-1.881600000000000000e+04 -1.924500000000000000e+04
-1.875200000000000000e+04 -1.930600000000000000e+04
-1.828600000000000000e+04 -1.963200000000000000e+04
-1.838700000000000000e+04 -1.957900000000000000e+04
-1.858100000000000000e+04 -1.945400000000000000e+04
-1.846500000000000000e+04 -1.953100000000000000e+04
-1.884100000000000000e+04 -1.922400000000000000e+04
-1.919800000000000000e+04 -1.873400000000000000e+04
-1.937700000000000000e+04 -1.840400000000000000e+04
-1.935400000000000000e+04 -1.842400000000000000e+04
-1.936900000000000000e+04 -1.840600000000000000e+04
-1.932900000000000000e+04 -1.848300000000000000e+04
-1.931200000000000000e+04 -1.849600000000000000e+04
-1.880200000000000000e+04 -1.927700000000000000e+04
-1.898000000000000000e+04 -1.905200000000000000e+04
-1.930500000000000000e+04 -1.850900000000000000e+04
-1.934200000000000000e+04 -1.845100000000000000e+04
-1.929400000000000000e+04 -1.859600000000000000e+04
-1.919500000000000000e+04 -1.874100000000000000e+04
-1.924400000000000000e+04 -1.868000000000000000e+04
-1.922700000000000000e+04 -1.870500000000000000e+04
-1.927300000000000000e+04 -1.860400000000000000e+04
-1.924600000000000000e+04 -1.865900000000000000e+04
-1.921600000000000000e+04 -1.872200000000000000e+04
-1.919200000000000000e+04 -1.876300000000000000e+04
-1.930300000000000000e+04 -1.856300000000000000e+04
-1.924800000000000000e+04 -1.863800000000000000e+04
-1.917100000000000000e+04 -1.880200000000000000e+04
-1.915200000000000000e+04 -1.881700000000000000e+04
-1.918400000000000000e+04 -1.877100000000000000e+04
-1.909500000000000000e+04 -1.889700000000000000e+04
-1.911000000000000000e+04 -1.887900000000000000e+04
-1.912500000000000000e+04 -1.887000000000000000e+04
-1.916300000000000000e+04 -1.880900000000000000e+04
-1.912700000000000000e+04 -1.883900000000000000e+04
-1.924200000000000000e+04 -1.868100000000000000e+04
-1.927100000000000000e+04 -1.862700000000000000e+04
