-1.827300000000000000e+04 -1.960800000000000000e+04
-1.829900000000000000e+04 -1.957900000000000000e+04
-1.836300000000000000e+04 -1.956600000000000000e+04
-1.844200000000000000e+04 -1.949000000000000000e+04
-1.829100000000000000e+04 -1.958100000000000000e+04
-1.823000000000000000e+04 -1.962500000000000000e+04
-1.875100000000000000e+04 -1.925800000000000000e+04
-1.883100000000000000e+04 -1.918900000000000000e+04
-1.881100000000000000e+04 -1.923400000000000000e+04
-1.901800000000000000e+04 -1.900700000000000000e+04
-1.870400000000000000e+04 -1.930100000000000000e+04
-1.861900000000000000e+04 -1.936700000000000000e+04
-1.866200000000000000e+04 -1.935100000000000000e+04
-1.868700000000000000e+04 -1.931300000000000000e+04
-1.867800000000000000e+04 -1.931400000000000000e+04
-1.853300000000000000e+04 -1.942600000000000000e+04
-1.873000000000000000e+04 -1.926500000000000000e+04
-1.867700000000000000e+04 -1.933500000000000000e+04
-1.845900000000000000e+04 -1.948500000000000000e+04
-1.848100000000000000e+04 -1.946300000000000000e+04
-1.859900000000000000e+04 -1.941100000000000000e+04
-1.841100000000000000e+04 -1.953000000000000000e+04
-1.845200000000000000e+04 -1.948900000000000000e+04
-1.873200000000000000e+04 -1.926400000000000000e+04
-1.891400000000000000e+04 -1.909400000000000000e+04
-1.891200000000000000e+04 -1.910900000000000000e+04
-1.855600000000000000e+04 -1.942400000000000000e+04
-1.861000000000000000e+04 -1.938800000000000000e+04
-1.848700000000000000e+04 -1.945100000000000000e+04
-1.847500000000000000e+04 -1.947800000000000000e+04
-1.852700000000000000e+04 -1.943500000000000000e+04
-1.830600000000000000e+04 -1.957400000000000000e+04
-1.827900000000000000e+04 -1.958700000000000000e+04
-1.839400000000000000e+04 -1.953200000000000000e+04
-1.849500000000000000e+04 -1.944200000000000000e+04
-1.838900000000000000e+04 -1.954400000000000000e+04
-1.842700000000000000e+04 -1.949600000000000000e+04
-1.842400000000000000e+04 -1.950100000000000000e+04
-1.897000000000000000e+04 -1.903700000000000000e+04
-1.876800000000000000e+04 -1.925600000000000000e+04
-1.889000000000000000e+04 -1.912100000000000000e+04
-1.872400000000000000e+04 -1.926600000000000000e+04
-1.886300000000000000e+04 -1.915500000000000000e+04
-1.851000000000000000e+04 -1.944100000000000000e+04
-1.892400000000000000e+04 -1.908900000000000000e+04
-1.887800000000000000e+04 -1.913400000000000000e+04
-1.883800000000000000e+04 -1.917500000000000000e+04
-1.874900000000000000e+04 -1.926200000000000000e+04
-1.907200000000000000e+04 -1.893400000000000000e+04
-1.896100000000000000e+04 -1.905900000000000000e+04
-1.882200000000000000e+04 -1.919300000000000000e+04
-1.901900000000000000e+04 -1.899800000000000000e+04
-1.894500000000000000e+04 -1.906800000000000000e+04
-1.896400000000000000e+04 -1.904200000000000000e+04
-1.890200000000000000e+04 -1.911200000000000000e+04
-1.900800000000000000e+04 -1.901000000000000000e+04
-1.892500000000000000e+04 -1.908200000000000000e+04
-1.916400000000000000e+04 -1.882600000000000000e+04
-1.916700000000000000e+04 -1.880900000000000000e+04
-1.903900000000000000e+04 -1.897900000000000000e+04
-1.910300000000000000e+04 -1.890300000000000000e+04
-1.908700000000000000e+04 -1.892300000000000000e+04
-1.870900000000000000e+04 -1.927200000000000000e+04
-1.935600000000000000e+04 -1.847500000000000000e+04
-1.936700000000000000e+04 -1.840700000000000000e+04
-1.934100000000000000e+04 -1.855200000000000000e+04
-1.932600000000000000e+04 -1.860600000000000000e+04
-1.928900000000000000e+04 -1.865100000000000000e+04
-1.923100000000000000e+04 -1.875600000000000000e+04
-1.928400000000000000e+04 -1.867800000000000000e+04
-1.921100000000000000e+04 -1.879000000000000000e+04
-1.897700000000000000e+04 -1.903300000000000000e+04
-1.893700000000000000e+04 -1.907400000000000000e+04
-1.898500000000000000e+04 -1.902000000000000000e+04
-1.896300000000000000e+04 -1.905600000000000000e+04
-1.905900000000000000e+04 -1.896600000000000000e+04
-1.907500000000000000e+04 -1.892900000000000000e+04
-1.909800000000000000e+04 -1.891000000000000000e+04
-1.925100000000000000e+04 -1.870600000000000000e+04
-1.930000000000000000e+04 -1.862500000000000000e+04
-1.924300000000000000e+04 -1.873800000000000000e+04
-1.918600000000000000e+04 -1.880500000000000000e+04
-1.926700000000000000e+04 -1.868000000000000000e+04
-1.909200000000000000e+04 -1.891500000000000000e+04
-1.915800000000000000e+04 -1.886400000000000000e+04
-1.912300000000000000e+04 -1.889100000000000000e+04
-1.925500000000000000e+04 -1.869900000000000000e+04
-1.916100000000000000e+04 -1.883200000000000000e+04
