-1.883300000000000000e+04 -1.919000000000000000e+04
-1.864000000000000000e+04 -1.936800000000000000e+04
-1.848500000000000000e+04 -1.948100000000000000e+04
-1.870100000000000000e+04 -1.932500000000000000e+04
-1.896100000000000000e+04 -1.906200000000000000e+04
-1.867700000000000000e+04 -1.934200000000000000e+04
-1.877300000000000000e+04 -1.927200000000000000e+04
-1.859300000000000000e+04 -1.940800000000000000e+04
-1.862800000000000000e+04 -1.937800000000000000e+04
-1.882100000000000000e+04 -1.921800000000000000e+04
-1.872000000000000000e+04 -1.931000000000000000e+04
-1.874200000000000000e+04 -1.928200000000000000e+04
-1.879700000000000000e+04 -1.924800000000000000e+04
-1.865200000000000000e+04 -1.935400000000000000e+04
-1.862500000000000000e+04 -1.939700000000000000e+04
-1.869000000000000000e+04 -1.934000000000000000e+04
-1.893400000000000000e+04 -1.909600000000000000e+04
-1.895500000000000000e+04 -1.908700000000000000e+04
-1.891900000000000000e+04 -1.911100000000000000e+04
-1.891100000000000000e+04 -1.911200000000000000e+04
-1.889600000000000000e+04 -1.914400000000000000e+04
-1.873100000000000000e+04 -1.929000000000000000e+04
-1.880800000000000000e+04 -1.922800000000000000e+04
-1.885600000000000000e+04 -1.917400000000000000e+04
-1.854700000000000000e+04 -1.945000000000000000e+04
-1.845200000000000000e+04 -1.948300000000000000e+04
-1.830100000000000000e+04 -1.954900000000000000e+04
-1.838600000000000000e+04 -1.951900000000000000e+04
-1.850900000000000000e+04 -1.945600000000000000e+04
-1.840700000000000000e+04 -1.951100000000000000e+04
-1.855600000000000000e+04 -1.942800000000000000e+04
-1.848600000000000000e+04 -1.946700000000000000e+04
-1.835700000000000000e+04 -1.953700000000000000e+04
-1.866900000000000000e+04 -1.935000000000000000e+04
-1.858800000000000000e+04 -1.941500000000000000e+04
-1.844500000000000000e+04 -1.950100000000000000e+04
-1.912600000000000000e+04 -1.886900000000000000e+04
-1.905200000000000000e+04 -1.895700000000000000e+04
-1.890400000000000000e+04 -1.913300000000000000e+04
-1.904600000000000000e+04 -1.896200000000000000e+04
-1.905800000000000000e+04 -1.894400000000000000e+04
-1.903000000000000000e+04 -1.897000000000000000e+04
-1.898600000000000000e+04 -1.902900000000000000e+04
-1.901000000000000000e+04 -1.900700000000000000e+04
-1.898400000000000000e+04 -1.904700000000000000e+04
-1.885900000000000000e+04 -1.916300000000000000e+04
-1.887800000000000000e+04 -1.916000000000000000e+04
-1.907500000000000000e+04 -1.893000000000000000e+04
-1.902500000000000000e+04 -1.899100000000000000e+04
-1.880200000000000000e+04 -1.924500000000000000e+04
-1.901800000000000000e+04 -1.899400000000000000e+04
-1.864400000000000000e+04 -1.935600000000000000e+04
-1.881600000000000000e+04 -1.922400000000000000e+04
-1.900500000000000000e+04 -1.901200000000000000e+04
-1.892900000000000000e+04 -1.910200000000000000e+04
-1.882700000000000000e+04 -1.919900000000000000e+04
-1.880300000000000000e+04 -1.923400000000000000e+04
-1.885100000000000000e+04 -1.918000000000000000e+04
-1.908900000000000000e+04 -1.892000000000000000e+04
-1.850700000000000000e+04 -1.946000000000000000e+04
-1.860200000000000000e+04 -1.939900000000000000e+04
-1.913800000000000000e+04 -1.885000000000000000e+04
-1.913000000000000000e+04 -1.885800000000000000e+04
-1.909000000000000000e+04 -1.890600000000000000e+04
-1.928200000000000000e+04 -1.863000000000000000e+04
-1.929000000000000000e+04 -1.862000000000000000e+04
-1.926300000000000000e+04 -1.867800000000000000e+04
-1.938200000000000000e+04 -1.843700000000000000e+04
-1.920800000000000000e+04 -1.874900000000000000e+04
-1.923900000000000000e+04 -1.872000000000000000e+04
-1.918700000000000000e+04 -1.878500000000000000e+04
-1.917900000000000000e+04 -1.879300000000000000e+04
-1.914600000000000000e+04 -1.884200000000000000e+04
-1.909200000000000000e+04 -1.890300000000000000e+04
-1.941500000000000000e+04 -1.836000000000000000e+04
-1.943100000000000000e+04 -1.832200000000000000e+04
-1.942600000000000000e+04 -1.835500000000000000e+04
-1.915300000000000000e+04 -1.882200000000000000e+04
-1.910900000000000000e+04 -1.887100000000000000e+04
-1.910200000000000000e+04 -1.888000000000000000e+04
-1.932000000000000000e+04 -1.858300000000000000e+04
-1.935700000000000000e+04 -1.849400000000000000e+04
-1.940500000000000000e+04 -1.840200000000000000e+04
-1.929700000000000000e+04 -1.860200000000000000e+04
-1.934600000000000000e+04 -1.855900000000000000e+04
-1.937400000000000000e+04 -1.848300000000000000e+04
-1.937700000000000000e+04 -1.844300000000000000e+04
-1.938300000000000000e+04 -1.840500000000000000e+04
-1.922300000000000000e+04 -1.872700000000000000e+04
-1.932200000000000000e+04 -1.858100000000000000e+04
-1.930300000000000000e+04 -1.859700000000000000e+04
-1.921400000000000000e+04 -1.873300000000000000e+04
-1.925400000000000000e+04 -1.869200000000000000e+04
-1.917300000000000000e+04 -1.880000000000000000e+04
-1.920200000000000000e+04 -1.875700000000000000e+04
-1.919400000000000000e+04 -1.876500000000000000e+04
-1.916100000000000000e+04 -1.881400000000000000e+04
-1.916200000000000000e+04 -1.880400000000000000e+04
-1.940800000000000000e+04 -1.836700000000000000e+04
