-17174.0 -18085.0 
-17930.0 -17413.0 
-17174.0 -18085.0 
-17930.0 -17413.0 
-17325.0 -18043.0 
-17229.0 -18066.0 
-17409.0 -17993.0 
-17243.0 -18046.0 
-17882.0 -17525.0 
-17495.0 -17947.0 
-17807.0 -17617.0 
-17386.0 -18015.0 
-17440.0 -17970.0 
-17815.0 -17589.0 
-17901.0 -17467.0 
-17686.0 -17753.0 
-17901.0 -17467.0 
-17911.0 -17421.0 
-17775.0 -17631.0 
-17325.0 -18043.0 
-17669.0 -17770.0 
-17440.0 -17970.0 
-17386.0 -18015.0 
-17772.0 -17661.0 
-17838.0 -17575.0 
-17571.0 -17865.0 
-17598.0 -17824.0 
-17882.0 -17525.0 
-17507.0 -17917.0 
-17853.0 -17545.0 
-17495.0 -17947.0 
-17507.0 -17917.0 
-17573.0 -17851.0 
-17543.0 -17867.0 
-17730.0 -17683.0 
-17845.0 -17553.0 
-17591.0 -17836.0 
-17746.0 -17680.0 
-17853.0 -17545.0 
-17716.0 -17698.0 
-17757.0 -17667.0 
-17508.0 -17893.0 
-17699.0 -17733.0 
-17699.0 -17733.0 
-17646.0 -17785.0 
-17591.0 -17836.0 
-17516.0 -17879.0 
-17716.0 -17698.0 
-17838.0 -17575.0 
-17631.0 -17802.0 
-17646.0 -17785.0 
-17710.0 -17712.0 
-17619.0 -17813.0 
-17657.0 -17778.0 
-17657.0 -17778.0 
-17705.0 -17720.0 
-17610.0 -17815.0 
-17911.0 -17421.0 
-17573.0 -17851.0 
-17775.0 -17631.0 
-17757.0 -17667.0 
-17536.0 -17872.0 
-17633.0 -17798.0 
-17243.0 -18046.0 
-17730.0 -17683.0 
-17626.0 -17811.0 
-17633.0 -17798.0 
-17524.0 -17873.0 
-17845.0 -17553.0 
-17710.0 -17712.0 
-17705.0 -17720.0 
-17746.0 -17680.0 
-17610.0 -17815.0 
-17510.0 -17886.0 
-17523.0 -17877.0 
-17510.0 -17886.0 
-17772.0 -17661.0 
-17543.0 -17867.0 
-17508.0 -17893.0 
-17536.0 -17872.0 
-17626.0 -17811.0 
-17571.0 -17865.0 
-17523.0 -17877.0 
-17524.0 -17873.0 
-17440.0 -17970.0 
-17495.0 -17947.0 
-17699.0 -17733.0 
-17591.0 -17836.0 
-17838.0 -17575.0 
-17573.0 -17851.0 
-17730.0 -17683.0 
-17633.0 -17798.0 
-17845.0 -17553.0 
-17510.0 -17886.0 
-17571.0 -17865.0 
-17699.0 -17733.0 
-17495.0 -17947.0 
-17495.0 -17947.0 
-17838.0 -17575.0 
-17495.0 -17947.0 
