-18558.0 -19296.0 
-19196.0 -18483.0 
-19196.0 -18483.0 
-18558.0 -19296.0 
-19178.0 -18573.0 
-18832.0 -19103.0 
-19081.0 -18821.0 
-19124.0 -18684.0 
-18666.0 -19225.0 
-18882.0 -19066.0 
-19088.0 -18768.0 
-18614.0 -19235.0 
-19102.0 -18736.0 
-19010.0 -18911.0 
-19178.0 -18573.0 
-19102.0 -18736.0 
-18748.0 -19185.0 
-19158.0 -18612.0 
-19158.0 -18612.0 
-18829.0 -19119.0 
-18882.0 -19066.0 
-18897.0 -19058.0 
-19141.0 -18679.0 
-18797.0 -19152.0 
-19144.0 -18645.0 
-19010.0 -18911.0 
-19031.0 -18875.0 
-18989.0 -18932.0 
-19046.0 -18832.0 
-18719.0 -19199.0 
-18968.0 -18936.0 
-18797.0 -19152.0 
-19088.0 -18768.0 
-18911.0 -19021.0 
-18832.0 -19103.0 
-18582.0 -19269.0 
-19032.0 -18854.0 
-18752.0 -19159.0 
-18719.0 -19199.0 
-18780.0 -19154.0 
-18582.0 -19269.0 
-19031.0 -18875.0 
-18829.0 -19119.0 
-19144.0 -18645.0 
-18559.0 -19291.0 
-18700.0 -19206.0 
-18956.0 -18956.0 
-18687.0 -19216.0 
-19124.0 -18684.0 
-18666.0 -19225.0 
-18911.0 -19021.0 
-18989.0 -18932.0 
-18943.0 -18970.0 
-18931.0 -18984.0 
-18931.0 -18984.0 
-18943.0 -18970.0 
-19064.0 -18825.0 
-18960.0 -18939.0 
-19064.0 -18825.0 
-18780.0 -19154.0 
-18684.0 -19219.0 
-18897.0 -19058.0 
-18750.0 -19162.0 
-19046.0 -18832.0 
-18700.0 -19206.0 
-18919.0 -18998.0 
-18559.0 -19291.0 
-19032.0 -18854.0 
-18914.0 -19006.0 
-18919.0 -18998.0 
-18956.0 -18956.0 
-18748.0 -19185.0 
-18594.0 -19259.0 
-18604.0 -19249.0 
-18612.0 -19239.0 
-18594.0 -19259.0 
-19081.0 -18821.0 
-18603.0 -19254.0 
-18612.0 -19239.0 
-18614.0 -19235.0 
-18914.0 -19006.0 
-18604.0 -19249.0 
-18684.0 -19219.0 
-19141.0 -18679.0 
-18597.0 -19258.0 
-18960.0 -18939.0 
-18597.0 -19258.0 
-18752.0 -19159.0 
-18750.0 -19162.0 
-18603.0 -19254.0 
-18558.0 -19296.0 
-19196.0 -18483.0 
-19178.0 -18573.0 
-19102.0 -18736.0 
-19158.0 -18612.0 
-18882.0 -19066.0 
-19010.0 -18911.0 
-18797.0 -19152.0 
-19088.0 -18768.0 
-18719.0 -19199.0 
