-19098.0 -18692.0 
-18302.0 -19428.0 
-19098.0 -18692.0 
-18302.0 -19428.0 
-18641.0 -19286.0 
-18710.0 -19235.0 
-18518.0 -19346.0 
-18556.0 -19308.0 
-18442.0 -19379.0 
-18625.0 -19287.0 
-18391.0 -19382.0 
-19004.0 -18915.0 
-18337.0 -19396.0 
-18711.0 -19186.0 
-18391.0 -19382.0 
-19076.0 -18761.0 
-18710.0 -19235.0 
-19006.0 -18874.0 
-18469.0 -19359.0 
-19076.0 -18761.0 
-18898.0 -19002.0 
-19090.0 -18724.0 
-19066.0 -18800.0 
-19090.0 -18724.0 
-19016.0 -18868.0 
-18546.0 -19313.0 
-18859.0 -19050.0 
-18964.0 -18941.0 
-18913.0 -18999.0 
-18798.0 -19146.0 
-19034.0 -18834.0 
-18518.0 -19346.0 
-18854.0 -19075.0 
-18807.0 -19123.0 
-18897.0 -19034.0 
-18938.0 -18973.0 
-18625.0 -19287.0 
-18450.0 -19361.0 
-18938.0 -18973.0 
-18332.0 -19402.0 
-18987.0 -18924.0 
-18756.0 -19154.0 
-18823.0 -19111.0 
-18546.0 -19313.0 
-18964.0 -18941.0 
-18332.0 -19402.0 
-18469.0 -19359.0 
-19060.0 -18812.0 
-18987.0 -18924.0 
-18556.0 -19308.0 
-18949.0 -18961.0 
-19040.0 -18826.0 
-18743.0 -19168.0 
-18913.0 -18999.0 
-18949.0 -18961.0 
-18719.0 -19175.0 
-18877.0 -19039.0 
-19034.0 -18834.0 
-18780.0 -19147.0 
-18892.0 -19038.0 
-18780.0 -19147.0 
-19016.0 -18868.0 
-19066.0 -18800.0 
-18807.0 -19123.0 
-19060.0 -18812.0 
-19040.0 -18826.0 
-18337.0 -19396.0 
-18823.0 -19111.0 
-18756.0 -19154.0 
-18840.0 -19080.0 
-18830.0 -19094.0 
-18877.0 -19039.0 
-18831.0 -19085.0 
-18859.0 -19050.0 
-18830.0 -19094.0 
-18744.0 -19164.0 
-18840.0 -19080.0 
-18744.0 -19164.0 
-19004.0 -18915.0 
-18716.0 -19178.0 
-18442.0 -19379.0 
-18719.0 -19175.0 
-18854.0 -19075.0 
-18450.0 -19361.0 
-18798.0 -19146.0 
-18711.0 -19186.0 
-18743.0 -19168.0 
-19006.0 -18874.0 
-18716.0 -19178.0 
-18831.0 -19085.0 
-18897.0 -19034.0 
-18898.0 -19002.0 
-19098.0 -18692.0 
-18302.0 -19428.0 
-18391.0 -19382.0 
-18710.0 -19235.0 
-19076.0 -18761.0 
-19090.0 -18724.0 
-18518.0 -19346.0 
-18625.0 -19287.0 
