4.884017630331793	10.616168571932032
6.425814761286731	8.570322436617369
1.5974540245635918	13.382018775029744
9.258896684166661	5.982623375868862
13.613714271879935	1.1131765871259636
6.523300292539725	10.559312158545778
9.980031443505904	2.137173377596275
10.994656577235274	4.807152587196098
10.549232299429152	3.0438740992419766
5.961099309751129	9.658648154814953
9.430133400347216	2.217954415731953
9.772474885962778	9.817242843111353
7.3240958823027	11.223700613698123
11.557421898941469	2.662785156747343
4.974102321460905	11.36416052304681
4.523035208436968	8.887870688061534
8.970673463836862	2.160518615344445
12.9357985185434	4.134130881447297
12.875084148032974	1.2454786154817854
12.007101042435297	2.9379468625125336
13.818548000965725	2.9697289546455528
2.2139630346456105	11.822937456341506
10.660594960620292	6.441605977181501
11.98590794686101	3.4241613667233914
6.309378845786307	8.948511000828313
12.537314019813033	3.487061407036627
5.9845252569569745	10.497961782988844
11.93250466625009	6.865197073905439
0.3334454076198513	11.80334395790993
10.58396138228396	6.374667540509458
7.470071592392072	8.241950711777948
4.523887461380427	10.480544026366726
10.38785865506922	6.749994854208902
5.805312333755475	9.458545715089082
4.848523441599733	10.740998150047371
7.10070981772556	11.08241351798931
9.865502981770412	1.0367660516751604
11.511208855982643	2.0091445059404363
9.060060545260889	8.180696625926348
0.2177953883172704	13.046509009331604
5.505554962276031	8.08379038425837
10.599965053179831	4.418925153770454
1.253932421457886	12.342834447870086
1.6267091557449855	11.834248039541697
8.859933941684634	9.06773400135517
3.8060222465626876	9.91815934530667
12.289963084045295	6.557697166396122
11.472528244406696	7.112739406575309
7.601455054880197	8.586194924035913
12.63362252841489	3.114919025144346
8.36672512344861	11.485564880866566
6.775852113808549	10.209214480394731
4.693616210820735	12.180107029424738
3.3322199961622525	11.070752761181035
10.23516288951478	1.2739554533982218
3.7823901905727952	13.345762964426832
9.903977832918628	4.797762827412482
12.383403820857765	4.003232764834806
12.243265770203097	2.874270213818984
0.6445951854869768	13.578858705071942
2.1198367689334985	12.126941649527087
9.857052651439592	8.518471252793086
5.562672865040442	10.348818157872072
12.1624250565327	1.8088728272215853
10.76192983630866	5.361213854452668
10.443820238020898	5.812978461577863
8.168699644794984	8.062579106154368
6.665687397325436	10.44630734526343
4.576669631556474	13.548886948231537
10.687740784814263	0.4904404256386823
9.219290852003484	6.527927594418581
10.587623376859627	5.665124459091132
9.083892135542746	5.892640958435092
0.6855684556565491	11.760929026778978
2.475576602517415	9.43307216634742
8.862299010749421	4.617400447317346
2.907374822115375	14.496471646620154
11.04563651591414	8.17745946336445
1.9295133158445181	11.641067570181443
5.029864707042314	11.029920390616578
10.283998405513541	11.730130825753541
2.8425230713776166	13.631655795797727
10.621229942105568	8.243155038513416
11.096523751444169	4.204860866916718
6.607914677456083	11.087926203285946
11.797722102207644	7.536938909441768
6.9898106527865655	11.24693826333184
9.269417617926408	6.535321644755827
6.9679261415896825	8.521873784965686
9.736490319946402	11.095696378302126
9.963789044569873	6.020463331815643
2.4121314354064665	11.644860335622043
8.525316384585985	7.3042449546972055
9.287289054910085	7.380909549196235
6.98864037766203	7.275802673632796
7.927245925832134	11.228238740618504
2.040971289288913	10.12478339103016
10.95956564047414	0.8824234808449906
2.1557617638703785	13.846344095315485
9.195030327843577	6.0887945229931875
