-18887.0 -19118.0 
-18390.0 -19523.0 
-18887.0 -19118.0 
-18390.0 -19523.0 
-18558.0 -19435.0 
-18394.0 -19484.0 
-18492.0 -19438.0 
-18687.0 -19331.0 
-18759.0 -19257.0 
-18559.0 -19393.0 
-18715.0 -19293.0 
-18646.0 -19337.0 
-18834.0 -19175.0 
-18618.0 -19359.0 
-18858.0 -19130.0 
-18692.0 -19313.0 
-18806.0 -19191.0 
-18429.0 -19478.0 
-18791.0 -19225.0 
-18776.0 -19234.0 
-18852.0 -19145.0 
-18584.0 -19383.0 
-18800.0 -19218.0 
-18720.0 -19264.0 
-18641.0 -19350.0 
-18436.0 -19470.0 
-18852.0 -19145.0 
-18615.0 -19370.0 
-18725.0 -19263.0 
-18593.0 -19374.0 
-18834.0 -19175.0 
-18472.0 -19457.0 
-18715.0 -19293.0 
-18692.0 -19313.0 
-18776.0 -19234.0 
-18451.0 -19466.0 
-18451.0 -19466.0 
-18759.0 -19257.0 
-18478.0 -19450.0 
-18815.0 -19186.0 
-18478.0 -19450.0 
-18858.0 -19130.0 
-18815.0 -19186.0 
-18569.0 -19389.0 
-18492.0 -19438.0 
-18569.0 -19389.0 
-18472.0 -19457.0 
-18641.0 -19350.0 
-18807.0 -19187.0 
-18800.0 -19218.0 
-18429.0 -19478.0 
-18593.0 -19374.0 
-18687.0 -19331.0 
-18725.0 -19263.0 
-18646.0 -19337.0 
-18394.0 -19484.0 
-18615.0 -19370.0 
-18720.0 -19264.0 
-18559.0 -19393.0 
-18558.0 -19435.0 
-18852.0 -19145.0 
-18834.0 -19175.0 
-18715.0 -19293.0 
-18451.0 -19466.0 
-18759.0 -19257.0 
-18858.0 -19130.0 
-18478.0 -19450.0 
-18815.0 -19186.0 
-18492.0 -19438.0 
-18472.0 -19457.0 
-18800.0 -19218.0 
-18429.0 -19478.0 
-18687.0 -19331.0 
-18646.0 -19337.0 
-18720.0 -19264.0 
-18559.0 -19393.0 
-18646.0 -19337.0 
-18646.0 -19337.0 
-18858.0 -19130.0 
-18858.0 -19130.0 
-18478.0 -19450.0 
-18834.0 -19175.0 
-18429.0 -19478.0 
-18852.0 -19145.0 
-18852.0 -19145.0 
-18834.0 -19175.0 
-18715.0 -19293.0 
-18852.0 -19145.0 
-18858.0 -19130.0 
-18858.0 -19130.0 
-18852.0 -19145.0 
-18759.0 -19257.0 
-18858.0 -19130.0 
-18852.0 -19145.0 
-18858.0 -19130.0 
-18715.0 -19293.0 
-18800.0 -19218.0 
-18720.0 -19264.0 
-18858.0 -19130.0 
-18715.0 -19293.0 
