-21307.0 -21174.0 
-21307.0 -21174.0 
-20650.0 -21856.0 
-21077.0 -21543.0 
-20711.0 -21843.0 
-20839.0 -21780.0 
-20755.0 -21823.0 
-21109.0 -21529.0 
-21043.0 -21604.0 
-20938.0 -21681.0 
-21304.0 -21226.0 
-20711.0 -21843.0 
-20906.0 -21685.0 
-21145.0 -21487.0 
-20788.0 -21782.0 
-21006.0 -21611.0 
-21000.0 -21625.0 
-21199.0 -21419.0 
-21154.0 -21450.0 
-21280.0 -21259.0 
-21297.0 -21257.0 
-20880.0 -21742.0 
-20763.0 -21790.0 
-21245.0 -21344.0 
-21277.0 -21285.0 
-21050.0 -21575.0 
-20844.0 -21758.0 
-20984.0 -21640.0 
-21228.0 -21346.0 
-21064.0 -21567.0 
-21181.0 -21430.0 
-20891.0 -21714.0 
-21128.0 -21490.0 
-21201.0 -21401.0 
-21304.0 -21226.0 
-21166.0 -21448.0 
-20899.0 -21707.0 
-21224.0 -21368.0 
-21248.0 -21318.0 
-21217.0 -21380.0 
-20949.0 -21670.0 
-20755.0 -21823.0 
-21217.0 -21380.0 
-20863.0 -21750.0 
-20959.0 -21647.0 
-21181.0 -21430.0 
-20863.0 -21750.0 
-21260.0 -21302.0 
-20950.0 -21653.0 
-20984.0 -21640.0 
-21201.0 -21401.0 
-21064.0 -21567.0 
-21260.0 -21302.0 
-21277.0 -21285.0 
-21117.0 -21507.0 
-20880.0 -21742.0 
-21114.0 -21513.0 
-20891.0 -21714.0 
-21166.0 -21448.0 
-21117.0 -21507.0 
-21224.0 -21368.0 
-20959.0 -21647.0 
-21050.0 -21575.0 
-20774.0 -21789.0 
-21128.0 -21490.0 
-21043.0 -21604.0 
-20899.0 -21707.0 
-20951.0 -21648.0 
-20775.0 -21786.0 
-21006.0 -21611.0 
-20844.0 -21758.0 
-21145.0 -21487.0 
-21256.0 -21309.0 
-20949.0 -21670.0 
-21154.0 -21450.0 
-20906.0 -21685.0 
-21114.0 -21513.0 
-20781.0 -21783.0 
-21251.0 -21313.0 
-20763.0 -21790.0 
-21297.0 -21257.0 
-20788.0 -21782.0 
-21256.0 -21309.0 
-21248.0 -21318.0 
-20781.0 -21783.0 
-21251.0 -21313.0 
-21228.0 -21346.0 
-21245.0 -21344.0 
-20774.0 -21789.0 
-20951.0 -21648.0 
-21217.0 -21380.0 
-21201.0 -21401.0 
-21260.0 -21302.0 
-21277.0 -21285.0 
-21128.0 -21490.0 
-21114.0 -21513.0 
-21248.0 -21318.0 
-21277.0 -21285.0 
-21114.0 -21513.0 
-21128.0 -21490.0 
