1.626285310340395973e-01
2.504034209638635478e-03
1.541544099392654077e-01
3.506396839023090753e-03
1.290300607135485278e-01
2.131349488547102777e-03
1.152776241619897918e-01
3.519881126606739944e-04
1.981803400292229955e-01
1.738576533506726784e-03
8.993652060837659980e-04
2.023422587231575032e-01
3.205983040815080839e-04
4.270397525339872727e-03
3.271094172537550217e-03
3.299179629556360516e-02
4.670219983369474151e-03
2.956802780858223262e-02
1.322494521890162644e-01
1.765036728311957792e-01
2.559425153517402287e-04
3.518717313487255277e-02
2.873838217306646375e-02
1.911793152800640716e-01
1.473540464449431542e-01
2.031938145746211011e-01
1.955648179396473618e-01
1.262518850811188698e-01
1.448493055962492976e-02
2.055522538314481507e-01
2.480159110271983719e-04
