2.5213718801328753 0.0 0.0 
1.3111535698250875E-16 0.0 2.141276277761006 
1.5609212854017192E-16 2.5491779123392857 0.0 
8.408296019960907E-33 1.3731789485450157E-16 2.24257140834578 
1.088429657465024 1.748148973103136 0.78785421092286 
1.520671336390731 1.2509874794976645 1.0222075151338605 
1.3944963796865946 1.3210672039535556 0.9623048769995008 
0.6010218114683682 1.8544636507521552 0.4943022246797418 
0.854813596994751 1.7000170322926451 1.093287045858551 
0.18573696828548383 1.3612255618491713 1.4756699297019824 
0.31252849563483837 1.0378009827054986 1.71642847927361 
1.2709373843326959 1.3447892531561478 0.8605752667305212 
1.8435909212997081 0.19674461057971634 0.8687978330113053 
2.2206796439764247 0.0033661841715292955 7.868254324695428E-4 
2.3607103794877653 0.30438729055784897 1.801954829196216E-5 
0.06866402851624946 1.5011767855194256 1.3988606424545984 
1.6224066169940015 1.20984956628359 0.6476761456085692 
2.171217456356806 0.009315516579992189 0.41022816534676765 
8.357863090398558E-4 2.367397095936859 0.0 
2.415355619722089E-17 0.3944575074876697 2.179716642970075 
0.01808870945154501 0.013764828277710316 2.0579250965138223 
0.9643709614340998 0.7437437623330352 1.7964566356426144 
0.9175399792735566 1.6680657922757296 0.9532690391018657 
0.919074048420995 0.30200799650413046 1.8914759866833557 
2.0438425704108654 0.6501871472697457 0.11638396943537908 
0.05327745411214977 2.2413863895340382 0.0 
0.645380892102731 1.2247538748150444 1.6581138159683981 
1.785417400853142 1.0958014413120851 0.4000466736148034 
1.0641880190880548 0.5063737147878309 1.865867298031169 
1.7863861904662757 0.9882143275892238 0.6137722919887278 
2.514059439519471 0.00113030250489498 0.09918516429930989 
0.9840061303811533 0.8683633558343706 1.532827368656965 
1.3458287474842705 0.7888840951961164 1.265148130723315 
1.3536408605996693 0.444806775904711 1.586841496387497 
0.9498437191017473 0.15614670550325666 1.9073511376972894 
1.8761607624963752 0.5881477686318857 0.5461092258220839 
0.566449845863916 1.922099680167499 0.20687427453104998 
2.4375660737082847 5.891268147810113E-4 0.21864835872447036 
1.9622248677984644 0.17272125792575063 0.9018014688461176 
2.3771810962433166 0.07264042304177001 5.921552314389687E-4 
9.111610290376288E-4 0.04020431234401684 2.0117881361541747 
2.4321001928281927 5.878057851574071E-4 0.26629719728967277 
0.020040305780576455 0.07138611759325415 1.9709723538498558 
0.14772331610376085 1.9696438672259216 0.37585472182978397 
0.04727455799833911 1.9962948751693643 0.33678405059857763 
0.09610447372797344 2.091445758188808 0.003295854491294191 
1.717657737184867 1.4130969560461863 0.02596715125315819 
0.4446009308209478 1.5879177475873976 1.1210743590718564 
2.1026385566502253 0.04995587524678627 0.3902211380642368 
0.7335797825702771 0.5433119887254763 1.8037239583222084 
1.8482367555271337 0.8816161147339715 0.7975572454323614 
1.2343564519968868 1.1558403854397656 1.1530432926165435 
1.157655024341095 1.0149182041528562 1.3056709025060858 
0.013977770384608396 1.7683624179856123 1.178175096733194 
1.6640141630249328 0.9425744443177567 0.6170721017461758 
0.6814369548121956 1.1740648497969561 1.4979155732857306 
0.02516180229187133 2.1376474000394636 0.02448063022455979 
1.0106999516232773 1.8374283994603822 0.3629499651218792 
1.9536937940704173 0.16816621802357373 0.9188709771355502 
0.7074458377416057 2.0594917417453362 0.0 
1.3102742334419735 0.0012275008673935286 1.7734621580976826 
0.024591617538340788 1.0736239162706813 1.7523249337401365 
8.357863090398558E-4 2.367397095936859 0.0 
0.28666626480608987 1.623517740025045 1.1208341010348193 
1.375848307235657 1.2251147540138538 1.0590572480109506 
0.7901155542524453 0.8360277376434926 1.6953193761612402 
1.1210955646707172 0.3694543699783124 1.8688481579377205 
0.22288201620624007 0.9282011525257121 1.8936725483947716 
0.39722908975485455 1.5062172378783019 1.3210750647708673 
2.0750948135632687 0.33556677723817074 0.03156752658565969 
1.375265477108034 0.7649231627264764 1.250667002117735 
1.6427501334324286 0.1470052976649725 1.1433828444355798 
0.6125762934772622 1.8878348413406785 0.3347398755911973 
1.8227918540468357 1.2041154929036468 0.04623700070071297 
1.5774968195299877 0.6146355569411595 1.1543872889408808 
1.1568200785721419 0.90683278708294 1.3562557106848718 
0.3718907105536234 1.6101622271770164 1.145626550135413 
0.516243337993454 1.7090369431962382 0.9356387115307718 
1.6213108844427642 1.5359384707270736 0.013888933540860118 
0.6328216329904349 1.2009198855370629 1.6818526527007445 
2.0164619959702796 0.6433665252313546 0.11740945206812302 
1.1518136858424535 0.3795774535601787 1.849983867407125 
1.5258248005799193 1.4377251274156544 0.1747442669390311 
1.0258928890219394 1.9529774087374712 0.010330282759175706 
0.27567312612062195 1.561258737604633 1.2033239074587605 
0.5335211190288816 1.0070528057879697 1.8048141085392049 
1.8873722387084493 1.0000540226775698 0.29467069113705574 
0.8113889502248306 1.293499564356865 1.314625265323947 
0.4139818151215002 1.5503212719988806 1.2117652277735367 
2.0620026455279286 0.008564786122209591 0.5228519389291271 
1.5360186459965142 0.5284701045478905 1.3760139668189793 
0.07754166979546676 2.2221861364408686 0.0 
0.5154440555102024 1.8410286573008192 0.6167320086296022 
1.1454968834685422 0.6429905030208652 1.5739045583242393 
1.3087896866993834E-16 1.2363029909861807E-19 2.1374167172542355 
1.551427573236085 0.6112379995338078 1.1935160938662128 
1.528963537986238 1.309558580923083 0.16779718081636544 
1.8885979845922598 1.1737841714032773 0.01041273334164844 
0.8051592106673329 0.8213364160104445 1.695134275136601 
1.3602373093579188 0.446974370862858 1.5795888520097237 
