5.708270703938703E-29 1.9267205829082333E-16 3.146573500620246 
6.711312457534566E-14 2.692038128526554 0.0 
2.6828614243789017 0.0 0.0 
5.708270703938703E-29 1.9267205829082333E-16 3.146573500620246 
1.6592190693304396E-16 0.0 2.709710376062147 
1.682007476935786E-19 1.6788195359193941E-16 2.7417217432630836 
0.6912186691045212 0.06461508415408028 2.4263852245956206 
2.463517743370869 1.1378024803492783 0.17814673531515968 
1.4056657270956328 0.48966982367305956 2.232683966504209 
0.9554566707825266 1.2796515884449664 2.16033187847929 
1.0633209489766988 2.4038720553419246 0.5792168519169355 
1.3310138105151639 1.4807744458885577 1.8439392703631998 
0.5794515842325557 1.5863391090095866 2.075111748067899 
1.5067941018341513 0.11960864013671757 2.2275776922800987 
1.7264872518155017 2.0753970019093617 0.25217417894436345 
0.4075632738534976 0.3837911688100585 2.614633100031178 
2.3191417100785157 0.7941194025364844 1.1296080905313919 
0.8001505344306474 1.0767139407990738 2.30376359463217 
0.35113796698248084 1.9179416709027872 1.8834513243994084 
0.11610764743022697 0.7756691276596787 2.5727375478730776 
2.4101332643940707 0.4278920912572455 1.0847238888713115 
0.22588949145316184 1.2463095363355596 2.499800589588916 
0.24825218219984163 2.3334133710691405 1.2901926547914495 
1.6397707264415524 1.9711557359586045 0.8824388741584704 
0.010873967688902211 2.677200265047593 0.3922489756062757 
0.39415330687212674 1.8792443993446706 1.8547762082773016 
0.8793463071272839 2.27943173621929 1.2027212427546463 
1.2768255124769259 1.7621101123235834 1.21623338950836 
1.0184140923094926 2.3023501790547796 0.9313313668477533 
1.5767119532105494 2.12168544242031 0.3081676694126044 
0.43463146459296104 2.538216087719255 0.7093212232302359 
1.9737504613451107 1.7430266373743686 0.5197449245830027 
0.3890807728875926 2.2072841639334277 1.5690623205209568 
2.1027635594175136 0.31981056694102306 1.6704612840420014 
1.9921909100394184 1.0174156641564465 1.510028865653387 
0.5565794069933314 1.6496714838440285 2.0328384804272916 
0.2798300869370907 1.3460500225225844 2.19320563011215 
2.681706441229746 0.254997205264349 0.08559035570957375 
2.542087778927912 0.9019327505703693 0.2736835616556192 
0.5360239425524421 0.6451359393613847 2.4415740048959544 
0.4724513463921246 2.252553844380888 1.3730236794190451 
0.6033973436817293 0.5713144105034218 2.418851822074533 
2.1473522378398955 0.6984494010471156 1.4596470627091285 
1.4587021842830716 1.7475149182064298 1.394116619162678 
2.267913015998958 1.1909351190802453 0.8099165285242382 
1.6998325589659153 2.043355601332163 0.4128235408989626 
2.4678973848728423 0.9882665054613303 0.4578541627944923 
2.2158238555906475 0.7463016282685787 1.2843312716167916 
2.3592084230441324 0.9507947108464673 0.9317800015673543 
0.21221264092757988 2.457890670879165 1.0692528960323011 
0.24199219415228312 2.4867606225681627 1.0183381322172975 
1.2037901152471102 0.6061847751774501 2.3456563884302106 
0.1893567800440503 2.1424070110322235 1.609055739899235 
2.1028172483550844 1.4259936121197094 0.855337198742797 
0.8245510363227596 1.0937051547192573 2.1850215367708468 
2.3862181684286727 0.8377874890549531 0.8517978227580965 
2.478914197886568 0.2987308816810905 0.9809160592039922 
1.888284572201453 0.1657254630732955 1.9103937068963672 
0.07074211445631093 1.9955566720055373 1.8025655775489955 
0.4976358617157885 1.9843187654172594 1.7790142823854092 
1.1672603450650947 0.4722893171216201 2.3925527914515197 
1.946038277532162 0.9289748545664085 1.5986007071208852 
2.0892625771059947 1.416801717469471 0.9647120413316175 
2.2029301158455157 1.5070293931228824 0.013784249312689444 
0.9450730614194329 1.2657447283835965 2.173946641286185 
2.5795238042857394 0.24267477096038545 0.7302942418210945 
2.4546730993549826 0.870918022030708 0.7388291693314806 
0.017214389394731952 0.0018072394641736437 2.662677764581838 
0.1667777437560941 2.573863453921764 0.6877766114334211 
1.8472964024766363 0.16212813271950632 1.9514199487292077 
2.650648974609086 0.2225751601810296 0.6408015324793093 
0.1672073369252882 2.6101366567257616 0.6506732714950836 
2.230102151994593 0.18726181718326493 1.4706674159528155 
1.5583893318867925 2.155381796176216 0.30798237117905825 
2.6145369966300334 0.26869787880076074 0.5791644527419133 
1.140171409323603 1.3705912523157446 2.014967177631169 
1.8528662387313555 1.2008892174535957 1.2375896634557433 
1.2876798834508443 1.603647924440419 1.7107752242425758 
0.0994917546648815 1.3689101767299066 2.388832921206365 
1.2877890885795715 0.5355284471518937 2.3152082444596123 
1.1651180792047904 1.3449559952959043 2.0051903177499044 
2.043328476519093 0.16829442860020616 1.7607254271048167 
1.2650298064251462 0.6370228489899052 2.3033218343470323 
2.5008074297174194 0.9968432608460979 0.034714118022504674 
0.23000562304366734 2.6023132589757547 0.5775450359982609 
2.668561363537373 0.01448018788283755 0.6242684283189374 
2.1771453915231294 0.6059091183678971 1.4569369734164617 
1.5555028397625883 2.1167001908198113 0.5788292707218172 
1.81952976780532 0.6256311030823803 1.859704142909835 
2.2023719542842435 0.23121433001798863 1.3495633180193438 
1.6823537872560757 2.02234450474543 0.6010056908213111 
1.7705165700129264 0.7923067910375238 1.8736864482639133 
0.8876027325490501 0.9968291273554595 2.323060706913386 
0.6544017576028632 1.7082306931797002 1.996657942622148 
0.21541592566091222 2.2220536017239336 1.4709416458744187 
1.6658981680117217 0.6740449219325936 2.017602519106674 
1.7834839297989291 2.0102415339135624 0.022549438179251487 
1.9817669750514686 1.012750046359224 1.5242098475719976 
1.8570377644300573 1.68205223260761 0.9579466929676947 
1.8686228694920877 1.6925456927880294 0.8491659728235111 
