4.746958535777242791e-03
2.687727347059469703e-03
4.524071309841607401e-03
4.333172535524234918e-03
4.657960804043591307e-03
2.919227958157382362e-03
3.574630645754978651e-03
4.019204192885091759e-03
4.534662587363023738e-03
2.304387921902116467e-03
2.894466911024477264e-03
4.339719243009098650e-03
2.375622007553826898e-03
2.776365485266717691e-03
3.751701141683174822e-03
2.772057438744588050e-03
3.286545956119363027e-03
2.987039173031243340e-03
3.196345326922248129e-03
3.420317043916639398e-03
3.572691055698158126e-03
4.083520769191743491e-03
3.918198608563315533e-03
4.517694005972785684e-03
3.806446308216492481e-03
3.876071729272757664e-03
3.595410430192003386e-03
3.734195167926414576e-03
4.888238777401316543e-03
3.432512965768103486e-03
3.894404347212518901e-03
