-19159.0 -18628.0 
-19159.0 -18628.0 
-18367.0 -19402.0 
-19000.0 -18999.0 
-19074.0 -18795.0 
-19101.0 -18717.0 
-18376.0 -19398.0 
-18452.0 -19388.0 
-19007.0 -18933.0 
-19131.0 -18687.0 
-19049.0 -18856.0 
-18565.0 -19340.0 
-19027.0 -18908.0 
-18646.0 -19281.0 
-18797.0 -19183.0 
-19119.0 -18689.0 
-18754.0 -19199.0 
-18516.0 -19367.0 
-18824.0 -19157.0 
-19074.0 -18795.0 
-18904.0 -19082.0 
-18565.0 -19340.0 
-19017.0 -18919.0 
-18871.0 -19096.0 
-19063.0 -18853.0 
-18714.0 -19225.0 
-18941.0 -19035.0 
-18711.0 -19246.0 
-18587.0 -19307.0 
-18827.0 -19128.0 
-18693.0 -19266.0 
-18697.0 -19249.0 
-18584.0 -19326.0 
-18967.0 -19006.0 
-18816.0 -19168.0 
-18516.0 -19367.0 
-19027.0 -18908.0 
-18656.0 -19271.0 
-18622.0 -19292.0 
-19064.0 -18825.0 
-18473.0 -19383.0 
-18918.0 -19043.0 
-19101.0 -18717.0 
-19131.0 -18687.0 
-19105.0 -18714.0 
-18871.0 -19096.0 
-18608.0 -19300.0 
-18499.0 -19373.0 
-18836.0 -19123.0 
-18735.0 -19212.0 
-18473.0 -19383.0 
-19066.0 -18819.0 
-18967.0 -19006.0 
-18453.0 -19384.0 
-18679.0 -19269.0 
-18622.0 -19292.0 
-19049.0 -18856.0 
-18797.0 -19183.0 
-18749.0 -19209.0 
-18948.0 -19011.0 
-18735.0 -19212.0 
-18944.0 -19016.0 
-18805.0 -19172.0 
-18754.0 -19199.0 
-18904.0 -19082.0 
-19007.0 -18933.0 
-18911.0 -19064.0 
-18499.0 -19373.0 
-18608.0 -19300.0 
-18912.0 -19050.0 
-18911.0 -19064.0 
-18376.0 -19398.0 
-18838.0 -19112.0 
-18856.0 -19108.0 
-18584.0 -19326.0 
-19105.0 -18714.0 
-18714.0 -19225.0 
-18679.0 -19269.0 
-18856.0 -19108.0 
-18842.0 -19111.0 
-18918.0 -19043.0 
-19000.0 -18999.0 
-19066.0 -18819.0 
-18510.0 -19370.0 
-18805.0 -19172.0 
-18656.0 -19271.0 
-18452.0 -19388.0 
-18941.0 -19035.0 
-18587.0 -19307.0 
-18948.0 -19011.0 
-18510.0 -19370.0 
-18850.0 -19109.0 
-18912.0 -19050.0 
-18827.0 -19128.0 
-18944.0 -19016.0 
-18749.0 -19209.0 
-18850.0 -19109.0 
-19064.0 -18825.0 
-19063.0 -18853.0 
-18912.0 -19050.0 
