-18386.0 -19401.0 
-19070.0 -18655.0 
-18510.0 -19373.0 
-18395.0 -19396.0 
-18705.0 -19260.0 
-19052.0 -18783.0 
-19061.0 -18724.0 
-19031.0 -18842.0 
-19052.0 -18783.0 
-19061.0 -18724.0 
-18561.0 -19347.0 
-18561.0 -19347.0 
-18953.0 -18980.0 
-19031.0 -18842.0 
-18595.0 -19338.0 
-18988.0 -18914.0 
-18945.0 -19026.0 
-18903.0 -19086.0 
-18934.0 -19037.0 
-18822.0 -19163.0 
-18835.0 -19150.0 
-19019.0 -18881.0 
-18621.0 -19316.0 
-18628.0 -19297.0 
-18759.0 -19201.0 
-18987.0 -18948.0 
-18909.0 -19048.0 
-18670.0 -19264.0 
-18913.0 -19047.0 
-18849.0 -19122.0 
-18595.0 -19338.0 
-18728.0 -19244.0 
-18395.0 -19396.0 
-18968.0 -18965.0 
-18652.0 -19282.0 
-18869.0 -19116.0 
-18621.0 -19316.0 
-18968.0 -18965.0 
-18731.0 -19235.0 
-18778.0 -19193.0 
-18806.0 -19172.0 
-18999.0 -18903.0 
-18843.0 -19138.0 
-18953.0 -18980.0 
-18886.0 -19089.0 
-18870.0 -19108.0 
-19002.0 -18890.0 
-18757.0 -19214.0 
-18628.0 -19297.0 
-18981.0 -18949.0 
-18884.0 -19094.0 
-19019.0 -18881.0 
-18805.0 -19181.0 
-18741.0 -19230.0 
-18945.0 -19026.0 
-18652.0 -19282.0 
-18728.0 -19244.0 
-18783.0 -19187.0 
-18667.0 -19267.0 
-18843.0 -19138.0 
-18795.0 -19186.0 
-19011.0 -18888.0 
-18884.0 -19094.0 
-18663.0 -19275.0 
-18981.0 -18949.0 
-18870.0 -19108.0 
-18999.0 -18903.0 
-18778.0 -19193.0 
-18849.0 -19122.0 
-18795.0 -19186.0 
-18656.0 -19278.0 
-18744.0 -19221.0 
-18748.0 -19216.0 
-19011.0 -18888.0 
-18806.0 -19172.0 
-18903.0 -19086.0 
-18741.0 -19230.0 
-18909.0 -19048.0 
-18663.0 -19275.0 
-18656.0 -19278.0 
-18670.0 -19264.0 
-18744.0 -19221.0 
-18869.0 -19116.0 
-18783.0 -19187.0 
-18746.0 -19217.0 
-18805.0 -19181.0 
-19002.0 -18890.0 
-18886.0 -19089.0 
-18757.0 -19214.0 
-18748.0 -19216.0 
-18746.0 -19217.0 
-18561.0 -19347.0 
-18395.0 -19396.0 
-18953.0 -18980.0 
-18849.0 -19122.0 
-18741.0 -19230.0 
-18663.0 -19275.0 
-18746.0 -19217.0 
-18849.0 -19122.0 
-18849.0 -19122.0 
