2.752313524083320126e-02
8.449544363052213097e-03
7.754085895590588640e-03
3.181188372939911316e-04
6.002900995861399497e-02
1.141458368493270537e-01
1.887253144350355474e-02
4.608922541936907175e-02
1.324241020408334878e-02
8.375703701019761305e-03
6.191107170984721381e-02
8.922306532580484562e-03
2.000944657542045452e-02
3.210045167076490402e-02
6.199595215759111551e-03
2.395143863750569518e-03
4.569171973188145865e-03
1.213249749709613551e-01
8.170003295585138992e-02
1.683507373523740035e-03
6.470988835961728747e-02
5.115972970341341186e-02
3.291001001703291323e-02
1.212423429934519426e-03
6.464465955630620394e-04
4.182680403686901867e-03
4.148486015164151025e-03
6.201727384616131239e-02
5.056459607815424855e-03
3.795239456278418425e-03
7.718653176348980183e-02
