-19511.0 -20717.0 
-20395.0 -19833.0 
-19511.0 -20717.0 
-19582.0 -20695.0 
-20379.0 -19886.0 
-20219.0 -20125.0 
-20213.0 -20170.0 
-20137.0 -20213.0 
-20135.0 -20257.0 
-20347.0 -19935.0 
-20357.0 -19895.0 
-19625.0 -20654.0 
-19585.0 -20658.0 
-20059.0 -20328.0 
-20249.0 -20104.0 
-19724.0 -20613.0 
-19892.0 -20505.0 
-19766.0 -20603.0 
-20323.0 -19948.0 
-19798.0 -20582.0 
-19770.0 -20590.0 
-20064.0 -20294.0 
-20276.0 -20040.0 
-20185.0 -20188.0 
-20185.0 -20188.0 
-20302.0 -20012.0 
-19870.0 -20511.0 
-19934.0 -20433.0 
-19724.0 -20613.0 
-20115.0 -20270.0 
-19832.0 -20523.0 
-20275.0 -20073.0 
-19912.0 -20471.0 
-19932.0 -20448.0 
-19995.0 -20382.0 
-20317.0 -19978.0 
-20155.0 -20210.0 
-19951.0 -20424.0 
-20115.0 -20270.0 
-19633.0 -20646.0 
-19691.0 -20628.0 
-19830.0 -20527.0 
-20085.0 -20287.0 
-19870.0 -20511.0 
-20006.0 -20350.0 
-20155.0 -20210.0 
-20266.0 -20081.0 
-19969.0 -20396.0 
-19912.0 -20471.0 
-19812.0 -20556.0 
-19679.0 -20632.0 
-20075.0 -20293.0 
-20005.0 -20367.0 
-20236.0 -20109.0 
-20085.0 -20287.0 
-19691.0 -20628.0 
-20282.0 -20020.0 
-20317.0 -19978.0 
-20280.0 -20027.0 
-19892.0 -20505.0 
-20266.0 -20081.0 
-20379.0 -19886.0 
-19651.0 -20643.0 
-20306.0 -19999.0 
-19919.0 -20459.0 
-19583.0 -20672.0 
-20213.0 -20170.0 
-20306.0 -19999.0 
-19995.0 -20382.0 
-20022.0 -20339.0 
-20347.0 -19935.0 
-19667.0 -20633.0 
-19798.0 -20582.0 
-19817.0 -20544.0 
-20233.0 -20115.0 
-19812.0 -20556.0 
-20323.0 -19948.0 
-20357.0 -19895.0 
-19817.0 -20544.0 
-19958.0 -20403.0 
-20022.0 -20339.0 
-19953.0 -20415.0 
-19969.0 -20396.0 
-19919.0 -20459.0 
-19965.0 -20402.0 
-19955.0 -20410.0 
-19815.0 -20551.0 
-20045.0 -20334.0 
-20045.0 -20334.0 
-20005.0 -20367.0 
-20034.0 -20337.0 
-20135.0 -20257.0 
-19583.0 -20672.0 
-19832.0 -20523.0 
-19766.0 -20603.0 
-20034.0 -20337.0 
-19661.0 -20636.0 
-19661.0 -20636.0 
-20233.0 -20115.0 
-19651.0 -20643.0 
