-18456.0 -19447.0 
-18456.0 -19447.0 
-19099.0 -18813.0 
-19099.0 -18813.0 
-19039.0 -18815.0 
-18954.0 -19029.0 
-19019.0 -18931.0 
-19029.0 -18873.0 
-19029.0 -18873.0 
-18461.0 -19418.0 
-18557.0 -19374.0 
-18782.0 -19206.0 
-18744.0 -19250.0 
-18495.0 -19406.0 
-18756.0 -19218.0 
-18863.0 -19111.0 
-18916.0 -19066.0 
-18906.0 -19081.0 
-18916.0 -19066.0 
-18992.0 -18965.0 
-18655.0 -19310.0 
-18501.0 -19381.0 
-19019.0 -18931.0 
-18744.0 -19250.0 
-18628.0 -19315.0 
-18521.0 -19378.0 
-18578.0 -19348.0 
-18885.0 -19102.0 
-18712.0 -19286.0 
-18840.0 -19141.0 
-18886.0 -19086.0 
-18979.0 -18966.0 
-18715.0 -19281.0 
-18715.0 -19281.0 
-18679.0 -19288.0 
-18783.0 -19184.0 
-18661.0 -19290.0 
-18955.0 -19009.0 
-18814.0 -19171.0 
-18849.0 -19139.0 
-18967.0 -18997.0 
-18992.0 -18965.0 
-18857.0 -19129.0 
-18578.0 -19348.0 
-18557.0 -19374.0 
-18756.0 -19218.0 
-18590.0 -19343.0 
-18521.0 -19378.0 
-18972.0 -18981.0 
-18598.0 -19331.0 
-18972.0 -18981.0 
-18609.0 -19323.0 
-18830.0 -19157.0 
-18495.0 -19406.0 
-18815.0 -19161.0 
-18967.0 -18997.0 
-18461.0 -19418.0 
-18857.0 -19129.0 
-18598.0 -19331.0 
-18955.0 -19009.0 
-18590.0 -19343.0 
-18794.0 -19181.0 
-18802.0 -19178.0 
-18673.0 -19289.0 
-18621.0 -19322.0 
-18627.0 -19321.0 
-18609.0 -19323.0 
-18802.0 -19178.0 
-18655.0 -19310.0 
-18830.0 -19157.0 
-18885.0 -19102.0 
-18823.0 -19160.0 
-18501.0 -19381.0 
-18679.0 -19288.0 
-18794.0 -19181.0 
-18673.0 -19289.0 
-18621.0 -19322.0 
-18661.0 -19290.0 
-18886.0 -19086.0 
-18798.0 -19179.0 
-18712.0 -19286.0 
-18827.0 -19158.0 
-18823.0 -19160.0 
-18827.0 -19158.0 
-18798.0 -19179.0 
-18783.0 -19184.0 
-18627.0 -19321.0 
-18815.0 -19161.0 
-19019.0 -18931.0 
-18992.0 -18965.0 
-18756.0 -19218.0 
-18590.0 -19343.0 
-18830.0 -19157.0 
-18679.0 -19288.0 
-18712.0 -19286.0 
-18798.0 -19179.0 
-18627.0 -19321.0 
-18815.0 -19161.0 
-18992.0 -18965.0 
-18992.0 -18965.0 
