-18292.0 -19399.0 
-19085.0 -18754.0 
-19085.0 -18754.0 
-18538.0 -19358.0 
-18431.0 -19359.0 
-18368.0 -19368.0 
-18966.0 -18954.0 
-18348.0 -19386.0 
-18585.0 -19347.0 
-18416.0 -19362.0 
-19083.0 -18793.0 
-19051.0 -18853.0 
-18825.0 -19145.0 
-18748.0 -19228.0 
-18937.0 -18995.0 
-18947.0 -18967.0 
-18730.0 -19248.0 
-18546.0 -19350.0 
-18664.0 -19283.0 
-18935.0 -19033.0 
-19054.0 -18821.0 
-18865.0 -19097.0 
-18812.0 -19159.0 
-18782.0 -19166.0 
-18993.0 -18934.0 
-18882.0 -19065.0 
-19027.0 -18886.0 
-18943.0 -18994.0 
-18901.0 -19056.0 
-19062.0 -18803.0 
-18934.0 -19040.0 
-18826.0 -19122.0 
-18695.0 -19251.0 
-18601.0 -19318.0 
-18348.0 -19386.0 
-18996.0 -18906.0 
-18601.0 -19318.0 
-18759.0 -19205.0 
-18901.0 -19056.0 
-18602.0 -19303.0 
-18676.0 -19254.0 
-18986.0 -18935.0 
-19058.0 -18820.0 
-19002.0 -18890.0 
-18735.0 -19231.0 
-19031.0 -18870.0 
-18611.0 -19300.0 
-18774.0 -19189.0 
-18997.0 -18894.0 
-18635.0 -19287.0 
-18611.0 -19300.0 
-18641.0 -19286.0 
-18759.0 -19205.0 
-18695.0 -19251.0 
-18635.0 -19287.0 
-18780.0 -19179.0 
-18812.0 -19159.0 
-18857.0 -19098.0 
-18851.0 -19109.0 
-18986.0 -18935.0 
-19040.0 -18862.0 
-18934.0 -19040.0 
-18667.0 -19268.0 
-19040.0 -18862.0 
-18947.0 -18967.0 
-18585.0 -19347.0 
-18865.0 -19097.0 
-18882.0 -19065.0 
-18996.0 -18906.0 
-18769.0 -19191.0 
-18764.0 -19195.0 
-18669.0 -19264.0 
-19062.0 -18803.0 
-18431.0 -19359.0 
-18888.0 -19064.0 
-19083.0 -18793.0 
-18780.0 -19179.0 
-18888.0 -19064.0 
-18732.0 -19239.0 
-19031.0 -18870.0 
-18832.0 -19119.0 
-18674.0 -19260.0 
-18832.0 -19119.0 
-18732.0 -19239.0 
-18546.0 -19350.0 
-18851.0 -19109.0 
-18935.0 -19033.0 
-18782.0 -19166.0 
-18841.0 -19114.0 
-18764.0 -19195.0 
-19002.0 -18890.0 
-18641.0 -19286.0 
-18538.0 -19358.0 
-18843.0 -19113.0 
-19027.0 -18886.0 
-18841.0 -19114.0 
-18667.0 -19268.0 
-18857.0 -19098.0 
-18674.0 -19260.0 
-18843.0 -19113.0 
