-19133.0 -18537.0 
-18066.0 -19519.0 
-18066.0 -19519.0 
-19119.0 -18704.0 
-19125.0 -18544.0 
-18232.0 -19498.0 
-18352.0 -19484.0 
-18246.0 -19486.0 
-18797.0 -19171.0 
-18673.0 -19282.0 
-19081.0 -18773.0 
-18837.0 -19119.0 
-18798.0 -19123.0 
-18903.0 -18997.0 
-18483.0 -19415.0 
-18974.0 -18939.0 
-18753.0 -19173.0 
-18843.0 -19083.0 
-18565.0 -19367.0 
-19004.0 -18855.0 
-18431.0 -19432.0 
-19000.0 -18880.0 
-18891.0 -19048.0 
-19038.0 -18811.0 
-18518.0 -19405.0 
-19046.0 -18781.0 
-18704.0 -19246.0 
-19000.0 -18880.0 
-19119.0 -18704.0 
-18704.0 -19246.0 
-19089.0 -18742.0 
-18977.0 -18919.0 
-18977.0 -18919.0 
-19049.0 -18777.0 
-18809.0 -19121.0 
-19092.0 -18741.0 
-18409.0 -19446.0 
-18638.0 -19294.0 
-19038.0 -18811.0 
-18943.0 -18941.0 
-18378.0 -19464.0 
-18905.0 -18978.0 
-18566.0 -19352.0 
-18663.0 -19292.0 
-18896.0 -19025.0 
-18860.0 -19068.0 
-19021.0 -18841.0 
-18623.0 -19309.0 
-18925.0 -18958.0 
-18745.0 -19198.0 
-19019.0 -18848.0 
-18735.0 -19202.0 
-18896.0 -19025.0 
-18483.0 -19415.0 
-18860.0 -19068.0 
-18378.0 -19464.0 
-18410.0 -19436.0 
-18536.0 -19376.0 
-18938.0 -18956.0 
-18496.0 -19408.0 
-18580.0 -19347.0 
-18232.0 -19498.0 
-18594.0 -19326.0 
-19092.0 -18741.0 
-18238.0 -19489.0 
-18623.0 -19309.0 
-18879.0 -19055.0 
-18920.0 -18970.0 
-18530.0 -19377.0 
-18879.0 -19055.0 
-18711.0 -19231.0 
-18425.0 -19433.0 
-18367.0 -19471.0 
-19021.0 -18841.0 
-18431.0 -19432.0 
-18750.0 -19186.0 
-18606.0 -19320.0 
-18918.0 -18976.0 
-18606.0 -19320.0 
-18526.0 -19391.0 
-18367.0 -19471.0 
-18843.0 -19083.0 
-18712.0 -19230.0 
-18942.0 -18946.0 
-18409.0 -19446.0 
-18592.0 -19333.0 
-18526.0 -19391.0 
-18726.0 -19210.0 
-18720.0 -19219.0 
-18720.0 -19219.0 
-18580.0 -19347.0 
-18592.0 -19333.0 
-18352.0 -19484.0 
-18638.0 -19294.0 
-18752.0 -19182.0 
-18496.0 -19408.0 
-18536.0 -19376.0 
-18726.0 -19210.0 
-19125.0 -18544.0 
-18663.0 -19292.0 
