-19100.0 -18760.0 
-18455.0 -19356.0 
-19100.0 -18760.0 
-18676.0 -19255.0 
-18974.0 -18947.0 
-18641.0 -19290.0 
-18518.0 -19342.0 
-19016.0 -18893.0 
-18641.0 -19290.0 
-19000.0 -18921.0 
-18599.0 -19329.0 
-18918.0 -19033.0 
-18697.0 -19237.0 
-19054.0 -18808.0 
-18518.0 -19342.0 
-18604.0 -19315.0 
-18906.0 -19055.0 
-18559.0 -19331.0 
-18962.0 -18969.0 
-19054.0 -18808.0 
-19049.0 -18836.0 
-18555.0 -19341.0 
-19018.0 -18872.0 
-19001.0 -18915.0 
-18928.0 -18994.0 
-18778.0 -19166.0 
-18803.0 -19162.0 
-19043.0 -18845.0 
-19043.0 -18845.0 
-18918.0 -19033.0 
-18936.0 -18976.0 
-18604.0 -19315.0 
-18774.0 -19183.0 
-19018.0 -18872.0 
-18736.0 -19205.0 
-19053.0 -18810.0 
-18878.0 -19068.0 
-18828.0 -19131.0 
-18906.0 -19055.0 
-18724.0 -19219.0 
-18813.0 -19135.0 
-18719.0 -19232.0 
-18752.0 -19201.0 
-18839.0 -19100.0 
-18831.0 -19119.0 
-18857.0 -19072.0 
-18850.0 -19078.0 
-18928.0 -18994.0 
-18761.0 -19193.0 
-18848.0 -19092.0 
-18831.0 -19119.0 
-18724.0 -19219.0 
-18761.0 -19193.0 
-18962.0 -18969.0 
-18874.0 -19069.0 
-18878.0 -19068.0 
-18736.0 -19205.0 
-18808.0 -19148.0 
-18932.0 -18983.0 
-18774.0 -19183.0 
-18708.0 -19235.0 
-18752.0 -19201.0 
-18708.0 -19235.0 
-18839.0 -19100.0 
-18809.0 -19145.0 
-18932.0 -18983.0 
-18936.0 -18976.0 
-18842.0 -19096.0 
-18857.0 -19072.0 
-18803.0 -19162.0 
-18850.0 -19078.0 
-18813.0 -19135.0 
-18778.0 -19166.0 
-18719.0 -19232.0 
-18808.0 -19148.0 
-18828.0 -19131.0 
-18842.0 -19096.0 
-18874.0 -19069.0 
-18809.0 -19145.0 
-18599.0 -19329.0 
-18848.0 -19092.0 
-19053.0 -18810.0 
-18559.0 -19331.0 
-18555.0 -19341.0 
-19043.0 -18845.0 
-18918.0 -19033.0 
-18604.0 -19315.0 
-18906.0 -19055.0 
-18878.0 -19068.0 
-18839.0 -19100.0 
-18936.0 -18976.0 
-18803.0 -19162.0 
-18778.0 -19166.0 
-18719.0 -19232.0 
-18842.0 -19096.0 
-18828.0 -19131.0 
-18559.0 -19331.0 
-18778.0 -19166.0 
-18778.0 -19166.0 
-18604.0 -19315.0 
