-18352.0 -19361.0 
-19089.0 -18655.0 
-18352.0 -19361.0 
-19044.0 -18761.0 
-18430.0 -19348.0 
-18552.0 -19312.0 
-18832.0 -19072.0 
-18714.0 -19191.0 
-18943.0 -18935.0 
-18786.0 -19133.0 
-18500.0 -19321.0 
-19063.0 -18696.0 
-18726.0 -19169.0 
-19027.0 -18805.0 
-18490.0 -19334.0 
-18446.0 -19337.0 
-18893.0 -18994.0 
-19058.0 -18732.0 
-18766.0 -19143.0 
-18678.0 -19198.0 
-19027.0 -18805.0 
-19063.0 -18696.0 
-19014.0 -18835.0 
-18766.0 -19143.0 
-18931.0 -18961.0 
-18553.0 -19277.0 
-18882.0 -19023.0 
-18660.0 -19228.0 
-18726.0 -19169.0 
-18959.0 -18920.0 
-18628.0 -19249.0 
-18822.0 -19095.0 
-18660.0 -19228.0 
-18913.0 -18976.0 
-18867.0 -19030.0 
-18794.0 -19102.0 
-18848.0 -19044.0 
-18675.0 -19221.0 
-18913.0 -18976.0 
-19058.0 -18732.0 
-18884.0 -18998.0 
-18628.0 -19249.0 
-18583.0 -19257.0 
-18982.0 -18875.0 
-18430.0 -19348.0 
-18848.0 -19044.0 
-18931.0 -18961.0 
-18964.0 -18898.0 
-18855.0 -19032.0 
-19014.0 -18835.0 
-18998.0 -18846.0 
-18676.0 -19201.0 
-18992.0 -18857.0 
-18982.0 -18875.0 
-18603.0 -19256.0 
-18959.0 -18920.0 
-18500.0 -19321.0 
-18577.0 -19271.0 
-18617.0 -19254.0 
-18446.0 -19337.0 
-18564.0 -19272.0 
-18798.0 -19098.0 
-18970.0 -18887.0 
-18809.0 -19096.0 
-18603.0 -19256.0 
-18970.0 -18887.0 
-18998.0 -18846.0 
-18964.0 -18898.0 
-18490.0 -19334.0 
-18992.0 -18857.0 
-18617.0 -19254.0 
-18581.0 -19265.0 
-18996.0 -18854.0 
-18794.0 -19102.0 
-18809.0 -19096.0 
-18822.0 -19095.0 
-18552.0 -19312.0 
-18968.0 -18890.0 
-18882.0 -19023.0 
-18855.0 -19032.0 
-18675.0 -19221.0 
-18581.0 -19265.0 
-18558.0 -19275.0 
-18558.0 -19275.0 
-18968.0 -18890.0 
-18564.0 -19272.0 
-18884.0 -18998.0 
-18798.0 -19098.0 
-18996.0 -18854.0 
-18577.0 -19271.0 
-18676.0 -19201.0 
-18352.0 -19361.0 
-19058.0 -18732.0 
-18931.0 -18961.0 
-18998.0 -18846.0 
-18822.0 -19095.0 
-18882.0 -19023.0 
-18577.0 -19271.0 
-18676.0 -19201.0 
-18882.0 -19023.0 
