-18340.0 -19405.0 
-19335.0 -18421.0 
-18340.0 -19405.0 
-19335.0 -18421.0 
-19275.0 -18499.0 
-18645.0 -19279.0 
-19270.0 -18583.0 
-18537.0 -19331.0 
-18571.0 -19294.0 
-19251.0 -18607.0 
-18997.0 -18935.0 
-18956.0 -19023.0 
-18979.0 -18984.0 
-18762.0 -19187.0 
-18695.0 -19236.0 
-18396.0 -19387.0 
-19295.0 -18454.0 
-18979.0 -18984.0 
-18901.0 -19036.0 
-19180.0 -18714.0 
-18778.0 -19152.0 
-19023.0 -18906.0 
-18889.0 -19073.0 
-18492.0 -19345.0 
-19094.0 -18825.0 
-18538.0 -19307.0 
-18997.0 -18935.0 
-19120.0 -18774.0 
-19193.0 -18686.0 
-18456.0 -19362.0 
-18920.0 -19028.0 
-19266.0 -18591.0 
-19231.0 -18662.0 
-18728.0 -19188.0 
-18653.0 -19249.0 
-19295.0 -18454.0 
-19126.0 -18750.0 
-18858.0 -19100.0 
-18424.0 -19368.0 
-19023.0 -18906.0 
-19238.0 -18639.0 
-18849.0 -19111.0 
-18456.0 -19362.0 
-18646.0 -19250.0 
-18715.0 -19212.0 
-19103.0 -18794.0 
-18489.0 -19349.0 
-18858.0 -19100.0 
-19238.0 -18639.0 
-19034.0 -18882.0 
-18715.0 -19212.0 
-18552.0 -19299.0 
-19057.0 -18846.0 
-19170.0 -18715.0 
-19286.0 -18477.0 
-19063.0 -18834.0 
-18802.0 -19131.0 
-18794.0 -19149.0 
-18695.0 -19236.0 
-18889.0 -19073.0 
-19286.0 -18477.0 
-19045.0 -18881.0 
-19211.0 -18675.0 
-19211.0 -18675.0 
-18831.0 -19112.0 
-18404.0 -19378.0 
-19137.0 -18749.0 
-18956.0 -19023.0 
-18396.0 -19387.0 
-18797.0 -19138.0 
-19056.0 -18861.0 
-18424.0 -19368.0 
-19147.0 -18739.0 
-18894.0 -19055.0 
-19147.0 -18739.0 
-18894.0 -19055.0 
-19193.0 -18686.0 
-18815.0 -19123.0 
-18815.0 -19123.0 
-18920.0 -19028.0 
-18563.0 -19297.0 
-19170.0 -18715.0 
-18571.0 -19294.0 
-19115.0 -18785.0 
-19056.0 -18861.0 
-19109.0 -18786.0 
-19077.0 -18832.0 
-18726.0 -19194.0 
-19231.0 -18662.0 
-18653.0 -19249.0 
-19146.0 -18741.0 
-18778.0 -19152.0 
-19077.0 -18832.0 
-18404.0 -19378.0 
-18492.0 -19345.0 
-19103.0 -18794.0 
-18726.0 -19194.0 
-18762.0 -19187.0 
-18831.0 -19112.0 
-18645.0 -19279.0 
