-18383.0 -19425.0 
-19156.0 -18619.0 
-19156.0 -18619.0 
-18383.0 -19425.0 
-18566.0 -19323.0 
-18483.0 -19406.0 
-19081.0 -18771.0 
-19098.0 -18695.0 
-18403.0 -19410.0 
-19140.0 -18674.0 
-18888.0 -19082.0 
-18982.0 -18883.0 
-19024.0 -18859.0 
-18902.0 -19029.0 
-18491.0 -19367.0 
-18616.0 -19313.0 
-19040.0 -18819.0 
-18655.0 -19297.0 
-18797.0 -19160.0 
-18948.0 -18984.0 
-18710.0 -19220.0 
-18530.0 -19351.0 
-18530.0 -19351.0 
-19041.0 -18780.0 
-18756.0 -19194.0 
-18756.0 -19194.0 
-18974.0 -18923.0 
-18967.0 -18946.0 
-18736.0 -19218.0 
-19003.0 -18879.0 
-19040.0 -18819.0 
-18669.0 -19264.0 
-18704.0 -19234.0 
-18669.0 -19264.0 
-19048.0 -18777.0 
-19024.0 -18859.0 
-19117.0 -18690.0 
-18828.0 -19094.0 
-18797.0 -19160.0 
-18902.0 -19029.0 
-19140.0 -18674.0 
-18511.0 -19362.0 
-18967.0 -18946.0 
-18616.0 -19313.0 
-18636.0 -19307.0 
-18803.0 -19139.0 
-18675.0 -19238.0 
-19117.0 -18690.0 
-18803.0 -19139.0 
-18679.0 -19237.0 
-18914.0 -18998.0 
-18821.0 -19116.0 
-19003.0 -18879.0 
-18636.0 -19307.0 
-18854.0 -19087.0 
-18511.0 -19362.0 
-18655.0 -19297.0 
-18824.0 -19115.0 
-18874.0 -19085.0 
-19081.0 -18771.0 
-18948.0 -18984.0 
-18401.0 -19414.0 
-19098.0 -18695.0 
-18909.0 -19010.0 
-18821.0 -19116.0 
-18935.0 -18987.0 
-18927.0 -18993.0 
-18974.0 -18923.0 
-18738.0 -19203.0 
-18842.0 -19091.0 
-18888.0 -19082.0 
-18746.0 -19196.0 
-18874.0 -19085.0 
-18842.0 -19091.0 
-18971.0 -18934.0 
-18971.0 -18934.0 
-18854.0 -19087.0 
-18798.0 -19151.0 
-18927.0 -18993.0 
-18491.0 -19367.0 
-18909.0 -19010.0 
-19048.0 -18777.0 
-18401.0 -19414.0 
-18798.0 -19151.0 
-18483.0 -19406.0 
-18982.0 -18883.0 
-18935.0 -18987.0 
-18742.0 -19197.0 
-18704.0 -19234.0 
-18912.0 -19004.0 
-18912.0 -19004.0 
-18738.0 -19203.0 
-18675.0 -19238.0 
-18679.0 -19237.0 
-18828.0 -19094.0 
-18824.0 -19115.0 
-18742.0 -19197.0 
-18736.0 -19218.0 
-19041.0 -18780.0 
-18383.0 -19425.0 
