-18282.0 -19521.0 
-19207.0 -18529.0 
-18282.0 -19521.0 
-19207.0 -18529.0 
-18950.0 -18981.0 
-19164.0 -18552.0 
-18481.0 -19397.0 
-19103.0 -18694.0 
-19031.0 -18840.0 
-19096.0 -18749.0 
-18527.0 -19383.0 
-18915.0 -18985.0 
-18432.0 -19438.0 
-18978.0 -18915.0 
-19005.0 -18850.0 
-18484.0 -19388.0 
-19037.0 -18786.0 
-19151.0 -18633.0 
-18859.0 -19090.0 
-18884.0 -19062.0 
-18951.0 -18926.0 
-18388.0 -19442.0 
-19130.0 -18660.0 
-19130.0 -18660.0 
-18358.0 -19451.0 
-18859.0 -19090.0 
-19003.0 -18874.0 
-19159.0 -18593.0 
-19075.0 -18754.0 
-18600.0 -19307.0 
-18439.0 -19424.0 
-19159.0 -18593.0 
-18731.0 -19228.0 
-18590.0 -19326.0 
-18531.0 -19362.0 
-18829.0 -19114.0 
-19003.0 -18874.0 
-18699.0 -19244.0 
-19103.0 -18694.0 
-18387.0 -19447.0 
-18316.0 -19481.0 
-18895.0 -19029.0 
-18761.0 -19189.0 
-18954.0 -18922.0 
-18884.0 -19062.0 
-18309.0 -19491.0 
-18902.0 -19016.0 
-18824.0 -19125.0 
-18567.0 -19348.0 
-18345.0 -19457.0 
-18813.0 -19135.0 
-18309.0 -19491.0 
-18345.0 -19457.0 
-18699.0 -19244.0 
-18655.0 -19287.0 
-18611.0 -19300.0 
-18791.0 -19161.0 
-19151.0 -18633.0 
-18742.0 -19202.0 
-18761.0 -19189.0 
-18978.0 -18915.0 
-18813.0 -19135.0 
-18638.0 -19291.0 
-18590.0 -19326.0 
-18680.0 -19252.0 
-18316.0 -19481.0 
-18439.0 -19424.0 
-18677.0 -19264.0 
-18829.0 -19114.0 
-19045.0 -18777.0 
-19164.0 -18552.0 
-18552.0 -19350.0 
-18668.0 -19269.0 
-18638.0 -19291.0 
-18902.0 -19016.0 
-18567.0 -19348.0 
-18791.0 -19161.0 
-18781.0 -19169.0 
-18895.0 -19029.0 
-18552.0 -19350.0 
-19064.0 -18764.0 
-18731.0 -19228.0 
-18781.0 -19169.0 
-18611.0 -19300.0 
-18736.0 -19217.0 
-19064.0 -18764.0 
-18742.0 -19202.0 
-19051.0 -18772.0 
-18668.0 -19269.0 
-18782.0 -19164.0 
-18655.0 -19287.0 
-18915.0 -18985.0 
-18736.0 -19217.0 
-19031.0 -18840.0 
-18531.0 -19362.0 
-18436.0 -19425.0 
-19037.0 -18786.0 
-19051.0 -18772.0 
-19096.0 -18749.0 
-18680.0 -19252.0 
