-19136.0 -18597.0 
-18184.0 -19515.0 
-18184.0 -19515.0 
-19136.0 -18597.0 
-18193.0 -19482.0 
-18328.0 -19469.0 
-18903.0 -19064.0 
-18909.0 -19003.0 
-18677.0 -19245.0 
-18950.0 -19001.0 
-18740.0 -19195.0 
-18494.0 -19384.0 
-19122.0 -18664.0 
-18610.0 -19277.0 
-18954.0 -18944.0 
-18661.0 -19269.0 
-19080.0 -18746.0 
-18539.0 -19354.0 
-18392.0 -19448.0 
-19068.0 -18754.0 
-18705.0 -19210.0 
-19094.0 -18685.0 
-18845.0 -19079.0 
-18455.0 -19410.0 
-19020.0 -18867.0 
-19020.0 -18867.0 
-18802.0 -19164.0 
-19050.0 -18823.0 
-18966.0 -18941.0 
-18982.0 -18901.0 
-18789.0 -19167.0 
-18495.0 -19359.0 
-18455.0 -19410.0 
-18814.0 -19126.0 
-18738.0 -19209.0 
-19050.0 -18823.0 
-18417.0 -19420.0 
-18600.0 -19309.0 
-18842.0 -19086.0 
-18360.0 -19451.0 
-18807.0 -19130.0 
-18789.0 -19167.0 
-19100.0 -18667.0 
-19055.0 -18790.0 
-18588.0 -19316.0 
-18554.0 -19321.0 
-19003.0 -18893.0 
-18842.0 -19086.0 
-18557.0 -19319.0 
-19094.0 -18685.0 
-18814.0 -19126.0 
-18328.0 -19469.0 
-18705.0 -19210.0 
-18345.0 -19462.0 
-18519.0 -19357.0 
-19051.0 -18799.0 
-18408.0 -19428.0 
-18661.0 -19269.0 
-18982.0 -18901.0 
-18193.0 -19482.0 
-19080.0 -18746.0 
-18345.0 -19462.0 
-18519.0 -19357.0 
-18903.0 -19064.0 
-19055.0 -18790.0 
-18966.0 -18941.0 
-18845.0 -19079.0 
-18610.0 -19277.0 
-18360.0 -19451.0 
-19003.0 -18893.0 
-18600.0 -19309.0 
-18993.0 -18894.0 
-19122.0 -18664.0 
-18554.0 -19321.0 
-18408.0 -19428.0 
-18588.0 -19316.0 
-18417.0 -19420.0 
-18413.0 -19427.0 
-18993.0 -18894.0 
-18807.0 -19130.0 
-19100.0 -18667.0 
-19052.0 -18797.0 
-18557.0 -19319.0 
-18950.0 -19001.0 
-19052.0 -18797.0 
-18413.0 -19427.0 
-18495.0 -19359.0 
-19051.0 -18799.0 
-18738.0 -19209.0 
-19136.0 -18597.0 
-18184.0 -19515.0 
-19020.0 -18867.0 
-18789.0 -19167.0 
-18738.0 -19209.0 
-18455.0 -19410.0 
-19050.0 -18823.0 
-18842.0 -19086.0 
-19094.0 -18685.0 
-18814.0 -19126.0 
-18705.0 -19210.0 
