-19295.0 -18390.0 
-18189.0 -19452.0 
-19295.0 -18390.0 
-18189.0 -19452.0 
-18375.0 -19439.0 
-18257.0 -19440.0 
-19244.0 -18542.0 
-19188.0 -18639.0 
-19174.0 -18689.0 
-18910.0 -18992.0 
-19199.0 -18576.0 
-19256.0 -18474.0 
-18952.0 -18985.0 
-19121.0 -18720.0 
-19278.0 -18448.0 
-18849.0 -19080.0 
-18444.0 -19411.0 
-19005.0 -18858.0 
-18642.0 -19265.0 
-19003.0 -18904.0 
-19094.0 -18764.0 
-18625.0 -19290.0 
-18408.0 -19414.0 
-19279.0 -18407.0 
-18543.0 -19345.0 
-19044.0 -18838.0 
-19101.0 -18744.0 
-18588.0 -19313.0 
-18683.0 -19237.0 
-19053.0 -18792.0 
-18975.0 -18923.0 
-19214.0 -18544.0 
-19208.0 -18555.0 
-19001.0 -18916.0 
-18509.0 -19362.0 
-18558.0 -19317.0 
-18697.0 -19225.0 
-18222.0 -19441.0 
-18642.0 -19265.0 
-18906.0 -19016.0 
-18509.0 -19362.0 
-18450.0 -19383.0 
-19120.0 -18737.0 
-18786.0 -19134.0 
-18481.0 -19375.0 
-19065.0 -18770.0 
-19176.0 -18658.0 
-18857.0 -19051.0 
-18548.0 -19320.0 
-19021.0 -18856.0 
-18968.0 -18933.0 
-18683.0 -19237.0 
-18710.0 -19202.0 
-18737.0 -19166.0 
-18588.0 -19313.0 
-18725.0 -19191.0 
-18625.0 -19290.0 
-18871.0 -19041.0 
-18967.0 -18957.0 
-18802.0 -19113.0 
-19259.0 -18455.0 
-18885.0 -19039.0 
-18705.0 -19213.0 
-18481.0 -19375.0 
-18408.0 -19414.0 
-18257.0 -19440.0 
-18447.0 -19386.0 
-19174.0 -18689.0 
-18375.0 -19439.0 
-18222.0 -19441.0 
-19289.0 -18399.0 
-19121.0 -18720.0 
-19199.0 -18576.0 
-18835.0 -19097.0 
-19256.0 -18474.0 
-18820.0 -19110.0 
-18967.0 -18957.0 
-18786.0 -19134.0 
-18763.0 -19147.0 
-18906.0 -19016.0 
-18835.0 -19097.0 
-19057.0 -18779.0 
-18737.0 -19166.0 
-18753.0 -19153.0 
-18763.0 -19147.0 
-18725.0 -19191.0 
-19036.0 -18846.0 
-18885.0 -19039.0 
-18543.0 -19345.0 
-19053.0 -18792.0 
-18952.0 -18985.0 
-18753.0 -19153.0 
-19176.0 -18658.0 
-18802.0 -19113.0 
-19036.0 -18846.0 
-18857.0 -19051.0 
-18820.0 -19110.0 
-19060.0 -18774.0 
-19044.0 -18838.0 
-19259.0 -18455.0 
