0.0 1.110659523517815 
0.0 1.110659523517815 
0.9999999999999999 0.20895758207187462 
0.49851548127338474 0.8819789523731245 
0.6400865458572855 0.7349594652141669 
0.4555023033205376 0.9233400983263984 
0.6576767384242974 0.7225114845945623 
0.8727343287065294 0.4282334167109067 
0.8415283150058206 0.47266359487464155 
0.5423814495209163 0.8463992289740265 
0.48391097842639974 0.8996739396257661 
0.2319465228578366 1.0629922426655636 
0.32116502961020965 1.0179194723673874 
0.9666538281141295 0.26898363021624505 
0.3356224441446187 1.0086596256015374 
0.9117400737079937 0.35637014684493334 
0.6897988977885506 0.6880311653798702 
0.5198212642735284 0.8744231836419236 
0.6279590218418027 0.7571272664901362 
0.4383272362671966 0.9411535417893597 
0.30941616435305636 1.0245380314369157 
0.6035511387836874 0.7779861179682662 
0.34609937261734075 1.0082690833415227 
0.8258225829571376 0.4993512232094223 
0.011264515849812473 1.105998876920391 
0.519396080956189 0.8756445270260101 
0.029707762427486517 1.1069015344559885 
0.1007054990645383 1.0981812836818718 
0.9941013781851991 0.21086833788194576 
0.21196863737006755 1.071562953331881 
0.6751049242651138 0.6948027569994183 
0.36627665539624726 0.9862493644400001 
0.7940326439880326 0.5368622876636838 
0.35847582543308704 0.9934036986511326 
0.2494885423877623 1.0513969541485955 
0.08719514864341454 1.098519019312464 
0.9294966738886109 0.33305276557185665 
0.7804649767989241 0.5612896185536418 
0.7317516090325357 0.6212889832585023 
0.11335565516317025 1.0941052559564928 
0.14478824123018416 1.0922851133608755 
0.7645881618304909 0.5760118681805091 
0.9463991048772458 0.30423961246115366 
0.740041788526347 0.6123583795993716 
0.22203401766822572 1.0667311512941635 
0.6996112877284879 0.6626276358571542 
0.40363154017101616 0.9638597608469481 
0.13401194403921157 1.0912407923122869 
0.5775690436982577 0.8121224237979408 
0.12397058246062492 1.097225799569134 
0.06271139884574123 1.1081320199799862 
0.28228343623804686 1.0385958036741008 
0.7091497146260881 0.6507701444927477 
0.05052915541930322 1.1081098223591175 
0.6685729198650159 0.7037728221466752 
0.8556090644066836 0.46000712948773037 
0.2747139731450029 1.044186040177787 
0.297443259355999 1.0262666742737245 
0.15589188565297235 1.0838020287133114 
0.8034460431694026 0.5239156463217972 
0.47306674256374687 0.9148662344956492 
0.8936868316096385 0.39136845759106387 
0.040724353849670436 1.1089130648620145 
0.9595227371199154 0.28287715280250386 
0.616598854639206 0.7701902470804641 
0.3919982189457553 0.970571426466916 
0.5645174581345457 0.8242861383229556 
0.7729533663774564 0.569137020534813 
0.18722428197971863 1.080039159595153 
0.8997599474899634 0.3818829222100114 
0.8611505282764516 0.43832714348076224 
0.5900425240502056 0.7952684425435511 
0.7199086854540995 0.6374789600529773 
0.42540986684616866 0.9447413112202702 
0.9354954278610537 0.3211630165087966 
0.5720031719822505 0.8100767523521004 
0.6124899055862534 0.7738444451857655 
0.4328939762072599 0.9414629292171436 
0.8159447468363434 0.5177164311045142 
0.18215032824844218 1.0817362852064512 
0.2646120410754386 1.0447791312969723 
0.17310598824618467 1.0846547885529612 
0.5893939084693391 0.7955153153686804 
0.38825628187967476 0.9759430709677761 
0.7526754547118981 0.6008874600857598 
0.07717203367332442 1.1068243580407207 
0.7514033482518137 0.5949763824829465 
0.41964585975883667 0.9524704972005719 
0.8114149312256151 0.5177181064113546 
0.3795956600653054 0.9814755841058052 
0.19863652786063377 1.0756067597438514 
0.07262634991241768 1.1063880299345852 
0.5457105443555281 0.8356935315585217 
0.2534417969583412 1.0543650774617233 
0.5569550128648688 0.8240522403811036 
0.2617374707031113 1.0534142981315144 
0.19863652786063377 1.0756067597438514 
0.7174619730740254 0.6423341494814125 
0.16313990345080454 1.0866633920633213 
0.3795956600653054 0.9814755841058052 
