-18445.0 -19618.0 
-19428.0 -18535.0 
-19428.0 -18535.0 
-18445.0 -19618.0 
-18540.0 -19612.0 
-19318.0 -18815.0 
-19324.0 -18728.0 
-18556.0 -19575.0 
-19275.0 -18889.0 
-19390.0 -18596.0 
-19381.0 -18664.0 
-18982.0 -19275.0 
-18964.0 -19329.0 
-19246.0 -18892.0 
-19125.0 -19109.0 
-19076.0 -19174.0 
-19203.0 -18921.0 
-19279.0 -18840.0 
-18612.0 -19570.0 
-19198.0 -18968.0 
-18930.0 -19354.0 
-19088.0 -19111.0 
-19154.0 -19044.0 
-18982.0 -19275.0 
-19162.0 -19004.0 
-19225.0 -18911.0 
-19079.0 -19129.0 
-19289.0 -18823.0 
-19044.0 -19202.0 
-19003.0 -19234.0 
-18794.0 -19449.0 
-18770.0 -19456.0 
-18725.0 -19491.0 
-18636.0 -19567.0 
-18859.0 -19410.0 
-18689.0 -19525.0 
-19135.0 -19058.0 
-19372.0 -18680.0 
-18690.0 -19511.0 
-18660.0 -19545.0 
-18943.0 -19335.0 
-19400.0 -18577.0 
-19334.0 -18711.0 
-19018.0 -19206.0 
-18820.0 -19438.0 
-19058.0 -19182.0 
-18799.0 -19439.0 
-18660.0 -19545.0 
-18872.0 -19371.0 
-19338.0 -18702.0 
-19360.0 -18686.0 
-18759.0 -19459.0 
-18729.0 -19476.0 
-18705.0 -19498.0 
-19412.0 -18546.0 
-18889.0 -19361.0 
-19218.0 -18919.0 
-18848.0 -19412.0 
-18748.0 -19468.0 
-19132.0 -19083.0 
-19028.0 -19203.0 
-18905.0 -19356.0 
-19400.0 -18577.0 
-19003.0 -19234.0 
-18866.0 -19385.0 
-18612.0 -19570.0 
-19164.0 -18997.0 
-19177.0 -18990.0 
-19132.0 -19083.0 
-18743.0 -19475.0 
-19390.0 -18596.0 
-18838.0 -19421.0 
-18643.0 -19557.0 
-18883.0 -19366.0 
-19415.0 -18540.0 
-18838.0 -19421.0 
-19280.0 -18829.0 
-19080.0 -19121.0 
-19011.0 -19225.0 
-19381.0 -18664.0 
-18964.0 -19329.0 
-19177.0 -18990.0 
-19194.0 -18974.0 
-18540.0 -19612.0 
-18705.0 -19498.0 
-19058.0 -19182.0 
-19349.0 -18691.0 
-19154.0 -19044.0 
-18556.0 -19575.0 
-18866.0 -19385.0 
-18689.0 -19525.0 
-18820.0 -19438.0 
-19194.0 -18974.0 
-18943.0 -19335.0 
-18643.0 -19557.0 
-18905.0 -19356.0 
-19412.0 -18546.0 
-19135.0 -19058.0 
-19349.0 -18691.0 
-19011.0 -19225.0 
