-19433.0 -18528.0 
-18686.0 -19447.0 
-19244.0 -18937.0 
-19030.0 -19192.0 
-19310.0 -18809.0 
-19355.0 -18714.0 
-19248.0 -18870.0 
-18905.0 -19310.0 
-19110.0 -19108.0 
-19230.0 -18973.0 
-18861.0 -19312.0 
-19138.0 -19088.0 
-19401.0 -18582.0 
-18706.0 -19427.0 
-19401.0 -18582.0 
-19310.0 -18809.0 
-19148.0 -19053.0 
-19372.0 -18612.0 
-19166.0 -19022.0 
-19197.0 -18999.0 
-18743.0 -19415.0 
-19358.0 -18653.0 
-19330.0 -18743.0 
-18790.0 -19372.0 
-18782.0 -19400.0 
-19329.0 -18763.0 
-19390.0 -18606.0 
-19281.0 -18842.0 
-19357.0 -18695.0 
-19193.0 -19010.0 
-19281.0 -18842.0 
-18860.0 -19329.0 
-18962.0 -19256.0 
-19329.0 -18763.0 
-19230.0 -18973.0 
-18964.0 -19244.0 
-19244.0 -18937.0 
-19080.0 -19141.0 
-19165.0 -19041.0 
-19264.0 -18861.0 
-19053.0 -19147.0 
-18808.0 -19368.0 
-19049.0 -19167.0 
-18706.0 -19427.0 
-18922.0 -19273.0 
-19363.0 -18643.0 
-18834.0 -19345.0 
-19007.0 -19209.0 
-18819.0 -19352.0 
-18983.0 -19239.0 
-18936.0 -19271.0 
-19041.0 -19169.0 
-19138.0 -19088.0 
-18936.0 -19271.0 
-18838.0 -19340.0 
-19197.0 -18999.0 
-19095.0 -19112.0 
-19007.0 -19209.0 
-19330.0 -18743.0 
-18918.0 -19285.0 
-18918.0 -19285.0 
-18764.0 -19404.0 
-18996.0 -19216.0 
-19062.0 -19144.0 
-19148.0 -19053.0 
-18743.0 -19415.0 
-18992.0 -19228.0 
-19086.0 -19133.0 
-19272.0 -18851.0 
-19251.0 -18865.0 
-18752.0 -19409.0 
-18819.0 -19352.0 
-19357.0 -18695.0 
-19390.0 -18606.0 
-19272.0 -18851.0 
-18764.0 -19404.0 
-18905.0 -19310.0 
-18808.0 -19368.0 
-18962.0 -19256.0 
-19093.0 -19118.0 
-19372.0 -18612.0 
-19193.0 -19010.0 
-19086.0 -19133.0 
-18983.0 -19239.0 
-18752.0 -19409.0 
-18992.0 -19228.0 
-18838.0 -19340.0 
-19041.0 -19169.0 
-19093.0 -19118.0 
-19363.0 -18643.0 
-19062.0 -19144.0 
-18782.0 -19400.0 
-18790.0 -19372.0 
-19165.0 -19041.0 
-19166.0 -19022.0 
-18860.0 -19329.0 
-18996.0 -19216.0 
-19359.0 -18646.0 
-19251.0 -18865.0 
-19359.0 -18646.0 
