-19432.0 -18288.0 
-18383.0 -19644.0 
-18383.0 -19644.0 
-19432.0 -18288.0 
-19421.0 -18459.0 
-19394.0 -18559.0 
-19426.0 -18360.0 
-19421.0 -18459.0 
-19190.0 -18951.0 
-18505.0 -19610.0 
-18444.0 -19642.0 
-19355.0 -18663.0 
-18980.0 -19221.0 
-18777.0 -19438.0 
-19117.0 -19046.0 
-18671.0 -19539.0 
-19426.0 -18360.0 
-19173.0 -19006.0 
-18868.0 -19377.0 
-18908.0 -19342.0 
-19374.0 -18573.0 
-19332.0 -18682.0 
-19234.0 -18875.0 
-19274.0 -18809.0 
-19113.0 -19085.0 
-18967.0 -19243.0 
-19099.0 -19096.0 
-18621.0 -19567.0 
-19277.0 -18755.0 
-18922.0 -19307.0 
-18811.0 -19422.0 
-18571.0 -19568.0 
-19369.0 -18604.0 
-18643.0 -19546.0 
-18848.0 -19383.0 
-18956.0 -19262.0 
-19016.0 -19220.0 
-18528.0 -19599.0 
-19205.0 -18919.0 
-18773.0 -19459.0 
-19240.0 -18850.0 
-18752.0 -19462.0 
-18737.0 -19492.0 
-18706.0 -19499.0 
-19155.0 -19016.0 
-19331.0 -18709.0 
-19264.0 -18812.0 
-19204.0 -18941.0 
-18467.0 -19625.0 
-19311.0 -18728.0 
-18638.0 -19561.0 
-19369.0 -18604.0 
-18551.0 -19570.0 
-19394.0 -18559.0 
-18848.0 -19383.0 
-19085.0 -19147.0 
-19216.0 -18895.0 
-19258.0 -18841.0 
-18447.0 -19627.0 
-19061.0 -19160.0 
-18681.0 -19514.0 
-18815.0 -19420.0 
-19093.0 -19130.0 
-18815.0 -19420.0 
-18741.0 -19472.0 
-19145.0 -19023.0 
-19023.0 -19194.0 
-18540.0 -19577.0 
-19026.0 -19180.0 
-18467.0 -19625.0 
-18684.0 -19511.0 
-18890.0 -19343.0 
-18704.0 -19503.0 
-19061.0 -19160.0 
-18938.0 -19267.0 
-19215.0 -18898.0 
-19311.0 -18728.0 
-18937.0 -19276.0 
-18536.0 -19592.0 
-19355.0 -18663.0 
-18925.0 -19288.0 
-19017.0 -19210.0 
-19287.0 -18740.0 
-18886.0 -19354.0 
-19040.0 -19175.0 
-19254.0 -18846.0 
-19135.0 -19032.0 
-19040.0 -19175.0 
-19173.0 -19006.0 
-18886.0 -19354.0 
-19278.0 -18744.0 
-19135.0 -19032.0 
-18571.0 -19568.0 
-18738.0 -19486.0 
-19093.0 -19130.0 
-19287.0 -18740.0 
-19085.0 -19147.0 
-18621.0 -19567.0 
-18923.0 -19293.0 
-19331.0 -18709.0 
