-18994.0 -18478.0 
-18146.0 -19320.0 
-18994.0 -18478.0 
-18969.0 -18628.0 
-18971.0 -18480.0 
-18833.0 -18891.0 
-18849.0 -18817.0 
-18171.0 -19281.0 
-18905.0 -18656.0 
-18862.0 -18774.0 
-18867.0 -18668.0 
-18263.0 -19266.0 
-18406.0 -19220.0 
-18459.0 -19190.0 
-18307.0 -19226.0 
-18514.0 -19189.0 
-18756.0 -19005.0 
-18413.0 -19194.0 
-18755.0 -19053.0 
-18661.0 -19136.0 
-18293.0 -19245.0 
-18728.0 -19065.0 
-18808.0 -18932.0 
-18550.0 -19184.0 
-18614.0 -19149.0 
-18862.0 -18774.0 
-18769.0 -18977.0 
-18263.0 -19266.0 
-18661.0 -19136.0 
-18691.0 -19108.0 
-18786.0 -18939.0 
-18171.0 -19281.0 
-18571.0 -19169.0 
-18700.0 -19087.0 
-18596.0 -19163.0 
-18877.0 -18661.0 
-18785.0 -18957.0 
-18691.0 -19108.0 
-18408.0 -19215.0 
-18808.0 -18932.0 
-18969.0 -18628.0 
-18696.0 -19097.0 
-18297.0 -19227.0 
-18614.0 -19149.0 
-18571.0 -19169.0 
-18713.0 -19076.0 
-18550.0 -19184.0 
-18765.0 -18985.0 
-18713.0 -19076.0 
-18600.0 -19153.0 
-18785.0 -18957.0 
-18765.0 -18985.0 
-18307.0 -19226.0 
-18877.0 -18661.0 
-18755.0 -19053.0 
-18867.0 -18668.0 
-18596.0 -19163.0 
-18786.0 -18939.0 
-18600.0 -19153.0 
-18297.0 -19227.0 
-18971.0 -18480.0 
-18661.0 -19136.0 
-18691.0 -19108.0 
-18614.0 -19149.0 
-18571.0 -19169.0 
-18550.0 -19184.0 
-18596.0 -19163.0 
-18600.0 -19153.0 
-18614.0 -19149.0 
-18661.0 -19136.0 
-18661.0 -19136.0 
-18600.0 -19153.0 
-18571.0 -19169.0 
-18596.0 -19163.0 
-18596.0 -19163.0 
-18596.0 -19163.0 
-18571.0 -19169.0 
-18691.0 -19108.0 
-18600.0 -19153.0 
-18600.0 -19153.0 
-18571.0 -19169.0 
-18600.0 -19153.0 
-18571.0 -19169.0 
-18661.0 -19136.0 
-18661.0 -19136.0 
-18661.0 -19136.0 
-18550.0 -19184.0 
-18661.0 -19136.0 
-18596.0 -19163.0 
-18550.0 -19184.0 
-18600.0 -19153.0 
-18600.0 -19153.0 
-18571.0 -19169.0 
-18600.0 -19153.0 
-18600.0 -19153.0 
-18600.0 -19153.0 
-18571.0 -19169.0 
-18571.0 -19169.0 
-18661.0 -19136.0 
-18571.0 -19169.0 
