-17009.0 -18083.0 
-17887.0 -17433.0 
-17009.0 -18083.0 
-17887.0 -17433.0 
-17541.0 -17848.0 
-17560.0 -17785.0 
-17100.0 -18071.0 
-17430.0 -17902.0 
-17628.0 -17757.0 
-17364.0 -17964.0 
-17655.0 -17702.0 
-17393.0 -17933.0 
-17480.0 -17860.0 
-17580.0 -17765.0 
-17842.0 -17504.0 
-17393.0 -17933.0 
-17314.0 -17979.0 
-17658.0 -17670.0 
-17250.0 -18014.0 
-17641.0 -17722.0 
-17448.0 -17871.0 
-17154.0 -18058.0 
-17106.0 -18062.0 
-17206.0 -18023.0 
-17760.0 -17608.0 
-17783.0 -17559.0 
-17814.0 -17532.0 
-17842.0 -17504.0 
-17364.0 -17964.0 
-17813.0 -17550.0 
-17854.0 -17472.0 
-17480.0 -17860.0 
-17560.0 -17785.0 
-17736.0 -17616.0 
-17859.0 -17461.0 
-17859.0 -17461.0 
-17641.0 -17722.0 
-17814.0 -17532.0 
-17761.0 -17585.0 
-17262.0 -17997.0 
-17439.0 -17892.0 
-17679.0 -17667.0 
-17734.0 -17630.0 
-17294.0 -17993.0 
-17308.0 -17992.0 
-17199.0 -18042.0 
-17161.0 -18049.0 
-17580.0 -17765.0 
-17696.0 -17655.0 
-17719.0 -17633.0 
-17768.0 -17574.0 
-17768.0 -17574.0 
-17696.0 -17655.0 
-17854.0 -17472.0 
-17253.0 -18001.0 
-17314.0 -17979.0 
-17180.0 -18046.0 
-17448.0 -17871.0 
-17628.0 -17757.0 
-17180.0 -18046.0 
-17439.0 -17892.0 
-17707.0 -17645.0 
-17796.0 -17555.0 
-17100.0 -18071.0 
-17679.0 -17667.0 
-17796.0 -17555.0 
-17205.0 -18033.0 
-17294.0 -17993.0 
-17707.0 -17645.0 
-17716.0 -17639.0 
-17761.0 -17585.0 
-17250.0 -18014.0 
-17262.0 -17997.0 
-17205.0 -18033.0 
-17206.0 -18023.0 
-17736.0 -17616.0 
-17154.0 -18058.0 
-17760.0 -17608.0 
-17106.0 -18062.0 
-17199.0 -18042.0 
-17716.0 -17639.0 
-17161.0 -18049.0 
-17253.0 -18001.0 
-17308.0 -17992.0 
-17658.0 -17670.0 
-17734.0 -17630.0 
-17887.0 -17433.0 
-17859.0 -17461.0 
-17439.0 -17892.0 
-17641.0 -17722.0 
-17679.0 -17667.0 
-17393.0 -17933.0 
-17641.0 -17722.0 
-17707.0 -17645.0 
-17393.0 -17933.0 
-17887.0 -17433.0 
-17205.0 -18033.0 
-17180.0 -18046.0 
-17206.0 -18023.0 
-17641.0 -17722.0 
