-19734.0 -18984.0 
-18602.0 -20056.0 
-19734.0 -18984.0 
-18658.0 -20028.0 
-18801.0 -20012.0 
-19725.0 -19065.0 
-19607.0 -19199.0 
-19668.0 -19097.0 
-19536.0 -19367.0 
-19341.0 -19638.0 
-18658.0 -20028.0 
-19660.0 -19119.0 
-19605.0 -19250.0 
-19395.0 -19565.0 
-19542.0 -19328.0 
-18961.0 -19923.0 
-19200.0 -19776.0 
-19345.0 -19585.0 
-19396.0 -19522.0 
-19630.0 -19195.0 
-19018.0 -19893.0 
-19424.0 -19507.0 
-19442.0 -19482.0 
-18922.0 -19930.0 
-19133.0 -19826.0 
-19303.0 -19668.0 
-19467.0 -19474.0 
-19207.0 -19753.0 
-18828.0 -20010.0 
-19498.0 -19392.0 
-19588.0 -19271.0 
-19308.0 -19649.0 
-19287.0 -19677.0 
-19165.0 -19791.0 
-18902.0 -19939.0 
-18898.0 -19958.0 
-19563.0 -19307.0 
-19069.0 -19855.0 
-19217.0 -19745.0 
-19427.0 -19488.0 
-19563.0 -19307.0 
-18801.0 -20012.0 
-19653.0 -19149.0 
-19555.0 -19325.0 
-19725.0 -19065.0 
-19641.0 -19170.0 
-18872.0 -19979.0 
-19668.0 -19097.0 
-19588.0 -19271.0 
-19512.0 -19372.0 
-19599.0 -19257.0 
-19081.0 -19847.0 
-19241.0 -19743.0 
-19046.0 -19857.0 
-18985.0 -19907.0 
-19256.0 -19729.0 
-19476.0 -19450.0 
-19638.0 -19175.0 
-19476.0 -19450.0 
-19098.0 -19834.0 
-19348.0 -19582.0 
-19488.0 -19423.0 
-19264.0 -19707.0 
-19505.0 -19375.0 
-19379.0 -19569.0 
-18837.0 -19999.0 
-19161.0 -19803.0 
-19030.0 -19872.0 
-19040.0 -19864.0 
-19327.0 -19645.0 
-18872.0 -19979.0 
-19276.0 -19688.0 
-18839.0 -19988.0 
-19088.0 -19836.0 
-18921.0 -19936.0 
-19653.0 -19149.0 
-18985.0 -19907.0 
-19133.0 -19826.0 
-19153.0 -19811.0 
-19495.0 -19412.0 
-19264.0 -19707.0 
-18971.0 -19912.0 
-19018.0 -19893.0 
-18898.0 -19958.0 
-19407.0 -19521.0 
-18852.0 -19984.0 
-19153.0 -19811.0 
-19488.0 -19423.0 
-19367.0 -19571.0 
-19276.0 -19688.0 
-19200.0 -19776.0 
-19256.0 -19729.0 
-18970.0 -19919.0 
-19332.0 -19642.0 
-19367.0 -19571.0 
-19030.0 -19872.0 
-19165.0 -19791.0 
-19098.0 -19834.0 
-18852.0 -19984.0 
-19407.0 -19521.0 
