-18655.0 -19235.0 
-19386.0 -18292.0 
-18655.0 -19235.0 
-18780.0 -19189.0 
-18738.0 -19221.0 
-18825.0 -19179.0 
-18839.0 -19134.0 
-19091.0 -18886.0 
-18970.0 -18986.0 
-19040.0 -18889.0 
-19099.0 -18834.0 
-19354.0 -18441.0 
-19009.0 -18984.0 
-19217.0 -18691.0 
-19360.0 -18375.0 
-18932.0 -18996.0 
-19163.0 -18777.0 
-18738.0 -19221.0 
-19369.0 -18330.0 
-19134.0 -18793.0 
-19025.0 -18954.0 
-18927.0 -19037.0 
-18868.0 -19110.0 
-19342.0 -18465.0 
-19167.0 -18733.0 
-19219.0 -18658.0 
-19185.0 -18693.0 
-19360.0 -18375.0 
-19306.0 -18529.0 
-19036.0 -18909.0 
-19369.0 -18330.0 
-18896.0 -19043.0 
-18885.0 -19068.0 
-19025.0 -18954.0 
-18868.0 -19110.0 
-19122.0 -18812.0 
-19178.0 -18730.0 
-19100.0 -18816.0 
-18890.0 -19049.0 
-19329.0 -18467.0 
-19283.0 -18571.0 
-19324.0 -18489.0 
-19261.0 -18594.0 
-18883.0 -19085.0 
-19036.0 -18909.0 
-19312.0 -18514.0 
-19297.0 -18547.0 
-19354.0 -18441.0 
-19324.0 -18489.0 
-19149.0 -18780.0 
-19261.0 -18594.0 
-19312.0 -18514.0 
-18883.0 -19085.0 
-18930.0 -19012.0 
-19181.0 -18708.0 
-19283.0 -18571.0 
-19244.0 -18616.0 
-19009.0 -18984.0 
-19149.0 -18780.0 
-19286.0 -18553.0 
-19284.0 -18561.0 
-19116.0 -18813.0 
-18930.0 -19012.0 
-19242.0 -18625.0 
-19181.0 -18708.0 
-19222.0 -18641.0 
-19297.0 -18547.0 
-19255.0 -18603.0 
-19250.0 -18612.0 
-19223.0 -18634.0 
-19255.0 -18603.0 
-19234.0 -18626.0 
-18896.0 -19043.0 
-19091.0 -18886.0 
-19227.0 -18631.0 
-19222.0 -18641.0 
-19116.0 -18813.0 
-19250.0 -18612.0 
-19227.0 -18631.0 
-19234.0 -18626.0 
-18927.0 -19037.0 
-19286.0 -18553.0 
-19329.0 -18467.0 
-19167.0 -18733.0 
-19040.0 -18889.0 
-19185.0 -18693.0 
-19242.0 -18625.0 
-19360.0 -18375.0 
-18868.0 -19110.0 
-19324.0 -18489.0 
-19283.0 -18571.0 
-18896.0 -19043.0 
-19234.0 -18626.0 
-18927.0 -19037.0 
-19286.0 -18553.0 
-18927.0 -19037.0 
-19286.0 -18553.0 
-19324.0 -18489.0 
-19283.0 -18571.0 
-19324.0 -18489.0 
