-18405.0 -19320.0 
-18405.0 -19320.0 
-19259.0 -18285.0 
-19259.0 -18285.0 
-18528.0 -19298.0 
-18409.0 -19307.0 
-19230.0 -18419.0 
-19188.0 -18593.0 
-19210.0 -18524.0 
-18846.0 -19067.0 
-19255.0 -18370.0 
-18936.0 -18981.0 
-18544.0 -19264.0 
-19246.0 -18402.0 
-19226.0 -18482.0 
-18795.0 -19112.0 
-18816.0 -19083.0 
-18949.0 -18946.0 
-18883.0 -19022.0 
-19223.0 -18485.0 
-19116.0 -18703.0 
-18652.0 -19216.0 
-18762.0 -19115.0 
-18620.0 -19220.0 
-19041.0 -18834.0 
-18853.0 -19029.0 
-19189.0 -18559.0 
-18893.0 -18993.0 
-19092.0 -18742.0 
-19141.0 -18694.0 
-18582.0 -19247.0 
-19150.0 -18676.0 
-19083.0 -18783.0 
-18866.0 -19024.0 
-18720.0 -19159.0 
-19018.0 -18848.0 
-19016.0 -18868.0 
-18816.0 -19083.0 
-18964.0 -18911.0 
-18998.0 -18892.0 
-19165.0 -18631.0 
-18653.0 -19199.0 
-19165.0 -18631.0 
-19255.0 -18370.0 
-18659.0 -19186.0 
-18544.0 -19264.0 
-19164.0 -18641.0 
-19053.0 -18804.0 
-18955.0 -18939.0 
-18582.0 -19247.0 
-18597.0 -19245.0 
-19150.0 -18676.0 
-19099.0 -18739.0 
-19100.0 -18717.0 
-19102.0 -18708.0 
-18900.0 -18992.0 
-19068.0 -18799.0 
-19193.0 -18548.0 
-18723.0 -19146.0 
-18616.0 -19228.0 
-18985.0 -18896.0 
-18918.0 -18990.0 
-18702.0 -19163.0 
-18975.0 -18908.0 
-19193.0 -18548.0 
-18795.0 -19112.0 
-18528.0 -19298.0 
-18727.0 -19136.0 
-19164.0 -18641.0 
-19016.0 -18868.0 
-19027.0 -18839.0 
-18998.0 -18892.0 
-18597.0 -19245.0 
-18741.0 -19126.0 
-18980.0 -18901.0 
-18918.0 -18990.0 
-18671.0 -19184.0 
-19051.0 -18814.0 
-19051.0 -18814.0 
-18616.0 -19228.0 
-18753.0 -19122.0 
-18741.0 -19126.0 
-19141.0 -18694.0 
-19068.0 -18799.0 
-18690.0 -19171.0 
-18702.0 -19163.0 
-18683.0 -19175.0 
-18955.0 -18939.0 
-19080.0 -18785.0 
-18683.0 -19175.0 
-18671.0 -19184.0 
-19080.0 -18785.0 
-18690.0 -19171.0 
-19027.0 -18839.0 
-18753.0 -19122.0 
-18727.0 -19136.0 
-19092.0 -18742.0 
-18964.0 -18911.0 
-18853.0 -19029.0 
-19083.0 -18783.0 
