-18560.0 -19280.0 
-19270.0 -18430.0 
-19270.0 -18430.0 
-18560.0 -19280.0 
-19213.0 -18577.0 
-19239.0 -18461.0 
-19092.0 -18829.0 
-18622.0 -19270.0 
-19158.0 -18626.0 
-19213.0 -18577.0 
-19126.0 -18729.0 
-19107.0 -18782.0 
-19107.0 -18782.0 
-18622.0 -19270.0 
-19044.0 -18849.0 
-19239.0 -18461.0 
-18692.0 -19241.0 
-18957.0 -18975.0 
-18811.0 -19135.0 
-19147.0 -18698.0 
-18668.0 -19246.0 
-18710.0 -19208.0 
-19008.0 -18925.0 
-19017.0 -18885.0 
-19158.0 -18626.0 
-19126.0 -18729.0 
-18668.0 -19246.0 
-18783.0 -19136.0 
-18972.0 -18942.0 
-19148.0 -18663.0 
-18730.0 -19204.0 
-18992.0 -18941.0 
-19035.0 -18856.0 
-19016.0 -18888.0 
-19092.0 -18829.0 
-18921.0 -19019.0 
-18941.0 -18991.0 
-18924.0 -18996.0 
-19147.0 -18698.0 
-18905.0 -19031.0 
-18967.0 -18961.0 
-18813.0 -19111.0 
-19044.0 -18849.0 
-18852.0 -19084.0 
-19035.0 -18856.0 
-18889.0 -19033.0 
-18692.0 -19241.0 
-19154.0 -18642.0 
-19008.0 -18925.0 
-18710.0 -19208.0 
-18870.0 -19065.0 
-18941.0 -18991.0 
-18762.0 -19163.0 
-18745.0 -19188.0 
-18870.0 -19065.0 
-19154.0 -18642.0 
-18763.0 -19151.0 
-19148.0 -18663.0 
-18730.0 -19204.0 
-18832.0 -19102.0 
-18852.0 -19084.0 
-18905.0 -19031.0 
-18850.0 -19093.0 
-18922.0 -19001.0 
-18992.0 -18941.0 
-18967.0 -18961.0 
-18843.0 -19094.0 
-18875.0 -19063.0 
-18752.0 -19169.0 
-18745.0 -19188.0 
-18878.0 -19042.0 
-18781.0 -19143.0 
-18819.0 -19106.0 
-18836.0 -19096.0 
-18921.0 -19019.0 
-19016.0 -18888.0 
-18876.0 -19053.0 
-18876.0 -19053.0 
-18886.0 -19040.0 
-18752.0 -19169.0 
-18748.0 -19176.0 
-18888.0 -19038.0 
-18773.0 -19148.0 
-18815.0 -19109.0 
-18773.0 -19148.0 
-18832.0 -19102.0 
-18747.0 -19182.0 
-18748.0 -19176.0 
-18769.0 -19149.0 
-18818.0 -19107.0 
-18781.0 -19143.0 
-18762.0 -19163.0 
-18747.0 -19182.0 
-18972.0 -18942.0 
-18881.0 -19041.0 
-18769.0 -19149.0 
-18836.0 -19096.0 
-18922.0 -19001.0 
-18819.0 -19106.0 
-18881.0 -19041.0 
