1.098321585835072E-12	11.968765391816017
11.976850965322678	1.10615448967445E-13
2.6712214191500623	11.667823432749628
11.212040844765793	4.191520975962617
8.142069748970053	8.777291051672135
3.065540855065034	11.56859519159229
9.38074183499655	7.433292864399206
3.8179300369346225	11.344188166109099
11.098662699082814	4.504256784816676
10.829517190428891	5.10963529728642
11.634739341953852	2.8465253327351583
3.4733296252032213	11.453193315644
8.36416235174557	8.560444008883263
10.457701239563182	5.824905195346249
11.547086288076125	3.185529889173069
10.595122622828868	5.565242408872303
11.777087659726643	2.214684070841478
0.979329436480993	11.929637445802383
1.5296830432287056	11.870179163262257
6.690770153388279	9.92428153969439
1.30958993111231	11.896546974923682
5.739737053346987	10.504259481621672
10.951188068308223	4.839211803080035
9.54213615122846	7.234659964723517
7.352424389580322	9.454446543741014
7.973270367013287	8.962055228973352
9.764630936261423	6.921901223674126
1.8700631061107136	11.823174074267566
4.850190461879374	10.943348684728724
11.82012859050979	1.9018809013021436
6.1372961084690605	10.277261284732601
4.390300261585596	11.14143803808957
10.012455745874293	6.555706385839856
11.928047661022248	1.0623259157376617
10.364001729762613	5.995581646477896
0.7151800229684762	11.948296021918198
9.634033400671964	7.102393643596935
2.0334890654395323	11.796100093662028
4.585784816392674	11.053764165422079
9.208737856016532	7.654143115128582
6.283444847453955	10.188465911067901
3.290990225567992	11.514365708668501
6.92181659992408	9.769327597401361
8.588189395018633	8.339764639907346
11.679535968237262	2.603973236681702
10.264456313658874	6.171245303302658
7.575105595526437	9.26782049718286
11.866295050563323	1.573565305910414
4.07118184540293	11.254425927103174
11.00954740513127	4.703488291512562
7.776788680685118	9.108192015649687
11.389528206120984	3.6866081295321806
11.902282576051508	1.3272155356025621
8.479396350921844	8.446278043977594
11.49176590755574	3.363978058970973
11.958437017825569	0.4797816304670453
10.727200479055947	5.3227279233132645
10.179996197893233	6.308250600951756
8.87383521026485	8.033984708221812
5.54112306220614	10.609471781361739
0.16880943073309948	11.968444792661893
6.46249018777097	10.079259263173983
11.440379284862404	3.523127207624355
7.174290192253671	9.585182338589588
10.096344616771026	6.434514753730399
7.503252691059602	9.329954879885594
2.323308537747822	11.741523491837262
5.305275418199082	10.733532163700692
9.040911831306834	7.844945677880184
6.543718113068379	10.0230115454784
11.323097140256078	3.8768557849390417
10.68192345009986	5.398313294898059
2.323308537747822	11.741523491837262
5.460670422920527	10.655323968198575
11.952211657691205	0.7442917499668437
8.733102507395177	8.183883818253253
9.148963858167175	7.725202770455562
8.966830158982006	7.927734277097442
11.800765236183825	2.0779449482224885
5.193668404906689	10.788340515606528
4.036776205540355	11.275819999469418
7.836751125727063	9.055952518560543
11.948062960913587	0.8289056900780739
11.963741538570194	0.31749286026577084
11.967105866783852	0.1498691934956077
7.000529456886934	9.712921511365035
9.875372958191328	6.761900897934108
4.989595043990829	10.883567331821876
5.929572318751085	10.399531012194448
5.929572318751085	10.399531012194448
0.4205120889546385	11.960240923400628
0.4711538622111888	11.959615707066254
7.108605333335824	9.633366428633458
11.323097140256078	3.8768557849390417
5.065245480798428	10.843441137572231
9.875372958191328	6.761900897934108
8.761382020886078	8.153637064439375
11.678845655639098	2.6146146456805095
4.476644926301199	11.102055369074105
11.881396447352762	1.4747426204354903
