-19164.0 -18600.0 
-18180.0 -19540.0 
-18180.0 -19540.0 
-19164.0 -18600.0 
-18213.0 -19512.0 
-18549.0 -19398.0 
-18367.0 -19485.0 
-18303.0 -19490.0 
-19120.0 -18758.0 
-18303.0 -19490.0 
-18885.0 -19083.0 
-19083.0 -18768.0 
-18476.0 -19411.0 
-19015.0 -18935.0 
-18373.0 -19457.0 
-19121.0 -18709.0 
-18433.0 -19417.0 
-19050.0 -18858.0 
-18937.0 -19010.0 
-19140.0 -18656.0 
-19137.0 -18661.0 
-18603.0 -19341.0 
-18553.0 -19357.0 
-18891.0 -19041.0 
-18983.0 -18941.0 
-18779.0 -19152.0 
-18655.0 -19266.0 
-19128.0 -18703.0 
-19054.0 -18820.0 
-18470.0 -19415.0 
-18849.0 -19095.0 
-18653.0 -19290.0 
-19080.0 -18796.0 
-18843.0 -19126.0 
-18628.0 -19303.0 
-18773.0 -19195.0 
-18604.0 -19317.0 
-18682.0 -19265.0 
-18956.0 -18973.0 
-18609.0 -19307.0 
-18635.0 -19291.0 
-18713.0 -19252.0 
-18572.0 -19344.0 
-18820.0 -19145.0 
-18745.0 -19202.0 
-18906.0 -19023.0 
-18978.0 -18955.0 
-18898.0 -19040.0 
-18414.0 -19444.0 
-18570.0 -19346.0 
-18398.0 -19451.0 
-18715.0 -19245.0 
-19023.0 -18887.0 
-18682.0 -19265.0 
-19020.0 -18908.0 
-18937.0 -19010.0 
-19140.0 -18656.0 
-18421.0 -19428.0 
-18957.0 -18966.0 
-19028.0 -18876.0 
-18774.0 -19173.0 
-19020.0 -18908.0 
-18718.0 -19226.0 
-18721.0 -19225.0 
-18956.0 -18973.0 
-18738.0 -19214.0 
-18914.0 -19021.0 
-18802.0 -19146.0 
-18820.0 -19145.0 
-18802.0 -19146.0 
-18845.0 -19107.0 
-18774.0 -19173.0 
-19050.0 -18858.0 
-18398.0 -19451.0 
-18761.0 -19201.0 
-18843.0 -19126.0 
-19028.0 -18876.0 
-19056.0 -18816.0 
-18476.0 -19411.0 
-18914.0 -19021.0 
-18885.0 -19083.0 
-18421.0 -19428.0 
-18549.0 -19398.0 
-19062.0 -18807.0 
-19063.0 -18806.0 
-18849.0 -19095.0 
-18978.0 -18955.0 
-19025.0 -18882.0 
-18713.0 -19252.0 
-18553.0 -19357.0 
-19128.0 -18703.0 
-18734.0 -19216.0 
-18845.0 -19107.0 
-18414.0 -19444.0 
-19072.0 -18800.0 
-18734.0 -19216.0 
-19072.0 -18800.0 
-18761.0 -19201.0 
-18957.0 -18966.0 
-19120.0 -18758.0 
