-19118.0 -18783.0 
-18586.0 -19313.0 
-19118.0 -18783.0 
-19043.0 -18935.0 
-19114.0 -18854.0 
-18786.0 -19227.0 
-19023.0 -18963.0 
-18715.0 -19247.0 
-18662.0 -19282.0 
-19064.0 -18887.0 
-18845.0 -19155.0 
-18834.0 -19178.0 
-18715.0 -19247.0 
-18900.0 -19111.0 
-18973.0 -19014.0 
-18811.0 -19202.0 
-19080.0 -18862.0 
-18786.0 -19227.0 
-18999.0 -18979.0 
-18993.0 -19003.0 
-18915.0 -19082.0 
-18624.0 -19286.0 
-18914.0 -19107.0 
-18685.0 -19252.0 
-18957.0 -19039.0 
-18603.0 -19302.0 
-18960.0 -19017.0 
-19064.0 -18887.0 
-18878.0 -19119.0 
-18950.0 -19045.0 
-18811.0 -19202.0 
-18814.0 -19181.0 
-18681.0 -19261.0 
-18611.0 -19288.0 
-18996.0 -18981.0 
-18681.0 -19261.0 
-18870.0 -19130.0 
-18662.0 -19282.0 
-18937.0 -19068.0 
-19073.0 -18874.0 
-18591.0 -19304.0 
-18939.0 -19054.0 
-19073.0 -18874.0 
-18930.0 -19073.0 
-18870.0 -19130.0 
-18862.0 -19145.0 
-18817.0 -19180.0 
-18624.0 -19286.0 
-18859.0 -19148.0 
-18930.0 -19073.0 
-18878.0 -19119.0 
-19080.0 -18862.0 
-18993.0 -19003.0 
-18940.0 -19051.0 
-19114.0 -18854.0 
-18862.0 -19145.0 
-18915.0 -19082.0 
-18859.0 -19148.0 
-18611.0 -19288.0 
-18685.0 -19252.0 
-18940.0 -19051.0 
-18937.0 -19068.0 
-18591.0 -19304.0 
-18960.0 -19017.0 
-18914.0 -19107.0 
-18817.0 -19180.0 
-18996.0 -18981.0 
-19118.0 -18783.0 
-18786.0 -19227.0 
-19064.0 -18887.0 
-18811.0 -19202.0 
-18681.0 -19261.0 
-18662.0 -19282.0 
-19073.0 -18874.0 
-18930.0 -19073.0 
-18878.0 -19119.0 
-19080.0 -18862.0 
-19114.0 -18854.0 
-18859.0 -19148.0 
-18611.0 -19288.0 
-18685.0 -19252.0 
-18960.0 -19017.0 
-18914.0 -19107.0 
-18811.0 -19202.0 
-18681.0 -19261.0 
-18662.0 -19282.0 
-18681.0 -19261.0 
-18685.0 -19252.0 
-18681.0 -19261.0 
-18662.0 -19282.0 
-18681.0 -19261.0 
-18681.0 -19261.0 
-18811.0 -19202.0 
-18681.0 -19261.0 
-18930.0 -19073.0 
-19064.0 -18887.0 
-18681.0 -19261.0 
-18914.0 -19107.0 
-18914.0 -19107.0 
-18914.0 -19107.0 
