1.513936090508690269e+00
1.560471144941309563e+00
1.526355346368546639e+00
1.576706676944119589e+00
1.539076010298667585e+00
1.547416793554160286e+00
1.524974253185663375e+00
1.547302426238254647e+00
1.562739176615037584e+00
1.542424684986484218e+00
1.536394441154829593e+00
1.559997597716769047e+00
1.532605208922858342e+00
1.549621563763600607e+00
1.508122256045227649e+00
1.526858854823928802e+00
1.564660169489943575e+00
1.549780409743920728e+00
1.554355462807946786e+00
1.529901785913272638e+00
1.566033092807360916e+00
1.558170724863147338e+00
1.552697407976633803e+00
1.536595329669683041e+00
1.564142960766446988e+00
1.550790597002249971e+00
1.554695220421955293e+00
1.517210874622453964e+00
1.528867575547986579e+00
1.534619048990053081e+00
1.538369802851762058e+00
