0.6646772855571703	47580.07886924021
0.6168998164263249	96237.93910845758
0.13086577113491016	134848.12603205198
0.0971179064691775	117193.7676966605
0.45643698298185453	84651.78120577434
0.8999010544149936	29740.530339147932
0.41714162691318224	96872.60573913269
0.8364635482056608	144832.7497287917
0.22284785304234278	187707.68831009592
0.07084023837172826	70082.05638737229
0.023418470790780077	110831.06204120557
0.8467781498692211	112990.35411657562
0.039636613328924764	180327.4080292492
0.15841147883885842	55290.5990442733
0.5631955040283104	89720.15785198216
0.311523547651821	57118.95204378811
0.010900341001936487	80007.9684459998
0.9999540218222631	142364.46809719206
0.2747894281553289	224728.57943475427
0.86172408259988	117899.00495741722
0.6713408928646301	67412.27067272791
0.6060883737781145	50784.66488263394
0.3096749044397741	102277.05047839857
0.6217563338418133	190385.9098723411
0.8313432739442623	104299.300008648
0.9091040200739817	160704.76320562093
0.4496838324094258	73697.2421889297
0.06827649753856257	42228.372903217176
0.016389709251191875	32077.654455597753
0.11334298675778354	135600.44405973263
0.7543960175536217	162243.38564859005
0.35177784764565023	168939.13487145357
0.14451140110242167	76841.85981234557
0.7498902410131885	137766.6518034389
0.38443504515660964	67836.82061356155
0.8693612469749475	143304.77181040324
0.18576942708168298	52670.83716232256
0.13360984900387796	147631.35657482067
0.34819729433206004	242017.35737467013
0.6350086417087206	21827.510611619764
0.7838773889807036	75728.41645552947
0.3678434228887134	168247.9171083526
0.6149360696728885	47807.53115034995
0.3210737433677897	88819.79976941731
0.6266726124137068	154054.12944716777
0.7128118257353204	94158.10458212634
0.5755028579870917	70568.1057878891
0.9368898964280719	123373.81121623694
0.05174289322922887	103148.54496325081
0.31543877965548106	81411.42937764534
0.7333144082286766	113838.03132590644
0.584295588943288	108005.62755260529
0.4914902401903962	94166.44225302649
0.665027286304729	99462.49560831729
0.22618904858943445	111025.79837405171
0.09895484406238375	66434.72943525254
0.9424139930632636	84892.12946439024
0.8820581299535755	85112.13121123327
0.634366736658557	123170.57019433177
0.5855595753932158	146865.558483911
0.4420415772809606	182669.1718005437
0.4246554424644954	165606.81567271013
0.4813077591511158	59789.33576177124
0.1852820573428936	73159.0356099022
0.7045687010380829	70894.81371166595
0.5768708391484382	134608.958097922
0.05726661348561746	16094.823600986576
0.8228727642607934	94867.35773802719
0.8664597820914804	89309.45136156413
0.5377871039035014	35964.629220903254
0.28764827547863625	132342.76189119657
0.07030701077722779	190237.45467236228
0.7533643733652868	138622.98672007845
0.49123719602404214	78613.74918815873
0.15580563470442133	38051.26343930777
0.3079506017135121	169133.21938886945
0.12042311041272613	92773.40324019067
0.5221834841098886	90695.00605245537
0.6200429797368301	96649.18384991963
0.0012932228095742238	93477.29366635735
0.40727356639019696	78725.23378270438
0.22140502545127705	117597.22835638239
0.8265500413909126	136365.8799122259
0.8244956432275942	113425.7818966314
0.806188681478929	149457.5856593528
0.09552305501496494	132262.25560605354
0.27960912702797713	150860.13368844564
0.4501609055415201	136079.6779095132
0.15194209063591002	66610.42779156791
0.6930066643880545	114661.25221807038
0.3615599988891627	74322.65762071272
0.8707366385299464	134437.10234407277
0.3111726980416816	144515.57183846858
0.016424178736918038	99610.64004152783
0.0894868277199028	184339.83663841026
0.08202532431415221	100731.6312726724
0.3605375739396719	70964.37360711853
0.6843148631783671	9169.497662508407
0.6045174471599823	85893.0766007258
0.6769983107494859	193761.04673641585
