1	11.043789675285376
2	11.043789675285376
3	10.637288215970788
4	10.317545880547476
5	9.953208666164892
6	9.742727719688519
7	8.340234543780516
8	8.340234543780516
9	8.340234543780516
10	8.340234543780516
11	7.47890504566935
12	7.47890504566935
13	6.664590825267347
14	6.33079931525601
15	6.33079931525601
16	5.80888767879969
17	5.620582763463973
18	5.502298127343394
19	5.276225956147828
20	4.996631718716714
21	4.996631718716714
22	4.739248763706196
23	4.6553849957714135
24	4.626613493714617
25	4.347983810798681
26	4.322576464333269
27	4.187510511616846
28	4.13097012855609
29	3.9450377440098037
30	3.68858189249107
31	3.669707359976455
32	3.6594564391207207
33	3.5216344784887395
34	3.2859950974411243
35	3.1618028818400523
36	3.034092957235754
37	3.0052343478617005
38	2.7658527280356116
39	2.7658527280356116
40	2.726064038959565
41	2.6096969182803877
42	2.4560138929492217
43	2.3913151371118326
44	2.1857596007674704
45	2.1857596007674704
46	2.10118530134652
47	2.00144512196787
48	1.865907772975178
49	1.6866637675933434
50	1.6866637675933434
51	1.6866637675933434
52	1.6054842184693745
53	1.6054842184693745
54	1.5072444748684912
55	1.5072444748684912
56	1.2863209214394353
57	1.2863209214394353
58	1.2834059505227908
59	1.2834059505227908
60	1.262736463523731
61	1.2424630710741233
62	1.1011290786481052
63	1.1011290786481052
64	1.1011290786481052
65	1.0793765473620562
66	0.9674953826561619
67	0.9674953826561619
68	0.9674953826561619
69	0.9674953826561619
70	0.83272316257873
71	0.83272316257873
72	0.8074004103089345
73	0.8074004103089345
74	0.8074004103089345
75	0.78903638238875
76	0.7743767450831516
77	0.70719774297474
78	0.6818643934307304
79	0.674727807559341
80	0.674727807559341
81	0.658221798493519
82	0.658221798493519
83	0.6577614892735435
84	0.6577614892735435
85	0.6381122709575069
86	0.6381122709575069
87	0.6087134703672752
88	0.5891276452490093
89	0.5754522073119737
90	0.569806448199269
91	0.569806448199269
92	0.5466058558614312
93	0.5466058558614312
94	0.5424621959163285
95	0.5227652572270634
96	0.5058983970401085
97	0.4987259511631941
98	0.48712022044048425
99	0.4692784116852962
100	0.45459856725243847
101	0.4524670346291395
102	0.4517292495994623
103	0.4317875525346492
104	0.4155230877832628
105	0.4130051578632567
106	0.3883013813241957
107	0.3850776422083299
108	0.3850776422083299
109	0.3766189387390279
110	0.3578146726639033
111	0.3578146726639033
112	0.3512135138734487
113	0.3379946352283297
114	0.3379946352283297
115	0.33360275152385044
116	0.32986269557068626
117	0.316063183234263
118	0.3128868532807313
119	0.3128868532807313
120	0.3128868532807313
121	0.30364315453873264
122	0.30364315453873264
123	0.29283310509779037
124	0.2836152043760067
125	0.27290042684326904
126	0.2658740943852614
127	0.25690205942817085
128	0.25690205942817085
129	0.25690205942817085
130	0.25690205942817085
131	0.2537138287465681
132	0.24989327565221323
133	0.24989327565221323
134	0.24989327565221323
135	0.23928624204151178
136	0.23928624204151178
137	0.23116705175450705
138	0.23116705175450705
139	0.222395592601806
140	0.22188274857689722
141	0.22188274857689722
142	0.21248401877247872
143	0.2099007488396382
144	0.2099007488396382
145	0.200053024126833
146	0.19191315945319778
147	0.19067317775004644
148	0.19067317775004644
149	0.18116254201306956
150	0.18116254201306956
151	0.1778922374888857
152	0.17408292171380876
153	0.17141471469437827
154	0.17141471469437827
155	0.17141471469437827
156	0.16949464988095192
157	0.16790846951263666
158	0.1650596977938921
159	0.1637086416844612
160	0.1634404191601393
161	0.16132491022773673
162	0.1573410959288559
163	0.15708518312408845
164	0.15546244463898606
165	0.15219881210826597
166	0.1517433838008577
167	0.1452978322568419
168	0.14486495912332767
169	0.14486495912332767
170	0.1359576214776731
171	0.1359576214776731
172	0.1359576214776731
173	0.1359469812457849
174	0.13453414215407256
175	0.13258100468423867
176	0.13258100468423867
177	0.12976244597799505
178	0.12551478047188588
179	0.12551478047188588
180	0.12551478047188588
181	0.12551478047188588
182	0.12305692018952302
183	0.12118391392021399
184	0.12056897849868924
185	0.11281567788767398
186	0.11281567788767398
187	0.11281567788767398
188	0.11202021679252011
189	0.11038102038442224
190	0.10858395225010624
191	0.10582524602122402
192	0.10226226403023417
193	0.10226226403023417
194	0.10179739409241027
195	0.10000984279455799
196	0.10000984279455799
197	0.09783895795199862
198	0.09783895795199862
199	0.09677052845861824
200	0.09392903581590109
201	0.09392903581590109
202	0.09392903581590109
203	0.09210895808823802
204	0.09056433851339558
205	0.09056433851339558
206	0.09056433851339558
207	0.09056433851339558
208	0.09056433851339558
209	0.0879886321724463
210	0.08435461517892742
211	0.08327338457530102
212	0.08327338457530102
213	0.0831495935404661
214	0.07679593185416335
215	0.07679593185416335
216	0.07679593185416335
217	0.0763329380420104
218	0.07575772343752286
219	0.07531188179303792
220	0.07531188179303792
221	0.07442993592437738
222	0.07442993592437738
223	0.07442993592437738
224	0.07335989557086302
225	0.07335311359954826
226	0.0729131041455953
227	0.07284279630907113
228	0.07239286998753977
229	0.07007602331509248
230	0.07007602331509248
231	0.07007602331509248
232	0.0684765865930888
233	0.0684765865930888
234	0.0682118618720728
235	0.0682118618720728
236	0.06813272615008749
237	0.0680839836470094
238	0.0655416329043738
239	0.0655416329043738
240	0.0655416329043738
241	0.06520623350125264
242	0.0637616855029696
243	0.0637616855029696
244	0.061306314226451226
245	0.061124639175391425
246	0.061124639175391425
247	0.06112229636527661
248	0.06112229636527661
249	0.06102769613741761
250	0.060727864262199685
251	0.060703323164152535
252	0.060703323164152535
253	0.058931538964602334
254	0.05884343474719182
255	0.05884343474719182
256	0.05872353507271962
257	0.05872619614544354
258	0.05872619614544354
259	0.05681386343539328
260	0.05681386343539328
261	0.05681386343539328
262	0.05681386343539328
263	0.05681386343539328
264	0.056459152182706335
265	0.05502485205061803
266	0.05502485205061803
267	0.05502485205061803
268	0.05502485205061803
269	0.054430805645831346
270	0.054430805645831346
271	0.05416285734236037
272	0.05416285734236037
273	0.05356010436852683
274	0.05356010436852683
275	0.05356010436852683
276	0.05354001559573062
277	0.05353411715829671
278	0.052141971340074145
279	0.052093012006223974
280	0.051942904489718424
281	0.051942904489718424
282	0.051843288345491366
283	0.051814666095633934
284	0.05128004668171704
285	0.051104510948268574
286	0.05100571988745986
287	0.05100571988745986
288	0.050786603573676085
289	0.05078314864639464
290	0.05072106734190643
291	0.05072106734190643
292	0.049999897653935144
293	0.049999897653935144
294	0.04971130848284024
295	0.04971130848284024
296	0.04971130848284024
297	0.04971130848284024
298	0.048392693847242894
299	0.048392693847242894
300	0.048392693847242894
301	0.048392693847242894
302	0.048392693847242894
303	0.04810426878962531
304	0.048098942412273506
305	0.04753195921861761
306	0.04751037250199005
307	0.047867278755148845
308	0.047831468299854206
309	0.047834532276788605
310	0.04775100025123769
311	0.04763145395015862
312	0.04763145395015862
313	0.04763145395015862
314	0.04762255769056783
315	0.047621163051246515
316	0.04691467083007818
317	0.04691467083007818
318	0.04691467083007818
319	0.04686446415363888
320	0.04673113099572518
321	0.045973600438697346
322	0.045973600438697346
323	0.045973600438697346
324	0.04500171853291299
325	0.04492354542060097
326	0.04492354542060097
327	0.04436240077973275
328	0.04436240077973275
329	0.04436240077973275
330	0.0441351151405476
331	0.0441351151405476
332	0.044084938722205085
333	0.04378916846271844
334	0.04378916846271844
335	0.04359566402794755
336	0.043459983319418714
337	0.042930701386696704
338	0.042930701386696704
339	0.042930701386696704
340	0.042930701386696704
341	0.04107431513922952
342	0.04106964176516062
343	0.0410040968682264
344	0.04093845948655113
345	0.04092943286190084
346	0.040728914773519496
347	0.0401234488367125
348	0.039442718263760244
349	0.03937456974309984
350	0.03937456974309984
351	0.03937456974309984
352	0.03842142354896161
353	0.03830431599112088
354	0.038301046314583045
355	0.038294798169209665
356	0.03819654231840109
357	0.038033262926199456
358	0.03803167947842782
359	0.03803080280423197
360	0.03795680763860662
361	0.0379531596932469
362	0.03780792174427183
363	0.037759694262721834
364	0.03775969373940111
365	0.037705729256319
366	0.037451035658809397
367	0.037451035658809397
368	0.037397930066944515
369	0.037322734487473246
370	0.037322734487473246
371	0.037322734487473246
372	0.03688174181978289
373	0.03688174181978289
374	0.03688174181978289
375	0.03684796073676138
376	0.03588582167356855
377	0.03588438343003959
378	0.03588438343003959
379	0.03541955271839827
380	0.03541894151025461
381	0.03538974122520321
382	0.0352734690930559
383	0.03475280305362318
384	0.03474788875861707
385	0.03474267892464129
386	0.03474053628518222
387	0.03456165541299794
388	0.03443286855359651
389	0.03443195945097753
390	0.03374505403323485
391	0.03367382063785494
392	0.033589404673273926
393	0.033589404673273926
394	0.033589404673273926
395	0.033272791981290566
396	0.03274492228223191
397	0.0323188140591272
398	0.032265418039202645
399	0.03223420838778461
400	0.031495510731754564
401	0.03146950166353892
402	0.03136185429439298
403	0.03129976299105236
404	0.03129940504870584
405	0.03124324991884568
406	0.030337282927276308
407	0.03027855939514027
408	0.030275871556622053
409	0.03009891429666683
410	0.030097316770631065
411	0.030079138799611597
412	0.0298105049681263
413	0.029801310790282726
414	0.029734310350283295
415	0.029717423146424088
416	0.029417632913068245
417	0.029396542667874725
418	0.029306162367703534
419	0.029236498540433954
420	0.029236498540433954
421	0.0287515181991505
422	0.028580862951419234
423	0.028580463422349073
424	0.028406942573998093
425	0.028362192840153875
426	0.028271296454040265
427	0.028094594767634654
428	0.02807802024103865
429	0.027539069951454304
430	0.02747339511107067
431	0.027467318455403202
432	0.027467318455403202
433	0.02743123625995962
434	0.027224433786980716
435	0.027187329045929454
436	0.02717726884206359
437	0.027000984309899057
438	0.0269906282004094
439	0.02698191665444505
440	0.026656272919059247
441	0.026197216715273093
442	0.026191455901235682
443	0.02618324173877426
444	0.02535234937680813
445	0.025329193635958064
446	0.02525545446271237
447	0.025250219320306654
448	0.02518986618910574
449	0.024804635817765614
450	0.02466612898471991
451	0.024453321523591056
452	0.02412727642513249
453	0.02412406842880371
454	0.024109410993660985
455	0.023575462512205048
456	0.02357503762379963
457	0.02356359464127263
458	0.023185756658927907
459	0.023185742568523782
460	0.023043014705477
461	0.023041915017795966
462	0.023038016549127086
463	0.023037974653253718
464	0.023023336855933225
465	0.023016550704033464
466	0.02301122599845135
467	0.02289634670917214
468	0.02285557669708183
469	0.022724991959713337
470	0.0227154924596916
471	0.02270257147032667
472	0.02196776154855077
473	0.021958420301124982
474	0.021928358889909422
475	0.0219272920346689
476	0.021919093481655428
477	0.021905294996896627
478	0.021701414497242912
479	0.021694445000030635
480	0.020863512621183414
481	0.0208587009384328
482	0.0208587009384328
483	0.0206579410896611
484	0.020544885685961477
485	0.020503212896779446
486	0.02029078209379662
487	0.020261260724431955
488	0.020260676720447256
489	0.020260642210007895
490	0.020183423351489763
491	0.020177657581971913
492	0.02002794114785466
493	0.020026121930502044
494	0.02002611193667224
495	0.0200193628711648
496	0.02001070323009081
497	0.02000740170565184
498	0.019995063566842726
499	0.019979985037058723
500	0.019935233315241167
501	0.01992491097395114
502	0.019919569919219306
503	0.019859461746887883
504	0.019788785526171707
505	0.0196298541373456
506	0.019616822112955103
507	0.019616022568560584
508	0.019565983924954487
509	0.019457101607797404
510	0.019452747244674388
511	0.017949350117379245
512	0.017936727229010678
513	0.01793338029488392
514	0.017928970691606518
515	0.017911229552072857
516	0.01790197292298029
517	0.017888567218296774
518	0.017849426669309127
519	0.01781680145240976
520	0.017815747781391826
521	0.01703785726461481
522	0.017033916346322165
523	0.01701410721954373
524	0.016999175100407254
525	0.016992708836072262
526	0.01693693383158595
527	0.016896784984292566
528	0.016879861978077948
529	0.016845092028857808
530	0.016766439215895122
531	0.016575140776905296
532	0.016550590331254486
533	0.016549159901471596
534	0.016537035378025675
535	0.016533121295369418
536	0.016527551397142702
537	0.016283919311862342
538	0.016254290695097883
539	0.016251069933495135
540	0.016244578837407934
541	0.01615215360900653
542	0.01615161533485675
543	0.015600328560731071
544	0.015596501479863965
545	0.015239124783961756
546	0.015234945338694602
547	0.015231409663662671
548	0.01522963730313321
549	0.015179921402755318
550	0.015179029378324368
551	0.014919822548785122
552	0.014917392396955154
553	0.014914606789455153
554	0.014858734974224925
555	0.014701483316834626
556	0.014698357053188305
557	0.014371674024474996
558	0.014370432647790112
559	0.014335379791221264
560	0.014334276468020614
561	0.014264992087234883
562	0.014252507490697407
563	0.014217350563143924
564	0.01419532646087489
565	0.014194901456742787
566	0.014161481705643622
567	0.014161481705643622
568	0.01411540446279287
569	0.013977741107526543
570	0.013967122628745122
571	0.013963912611025461
572	0.013939414505627277
573	0.013938186216883362
574	0.01392750964792617
575	0.013912877974824914
576	0.013886876611620155
577	0.013831961877026669
578	0.013804447866537535
579	0.013032882162778823
580	0.013014618559858667
581	0.013010930733565853
582	0.013001455197322345
583	0.01298033541732962
584	0.012971766004120727
585	0.012309123830236104
586	0.012193164878017788
587	0.012178707248810603
588	0.012178082260979115
589	0.012174380101441812
590	0.012113240052219261
591	0.012106098710619977
592	0.012086556516700937
593	0.012027417686255369
594	0.012025910532410729
595	0.012024449428362668
596	0.011976714580667612
597	0.011965318423626886
598	0.011963127740877889
599	0.011737554367661166
600	0.010888151577785509
601	0.010872446586610067
602	0.010806930695252693
603	0.01076469396009494
604	0.010648297665859634
605	0.01059907048440938
606	0.010592709474064956
607	0.010589643688402135
608	0.010583422622586136
609	0.01057987015022675
610	0.01057724050855666
611	0.01041410958893093
612	0.010406245979837015
613	0.009819429981387871
614	0.009785531018076943
615	0.009751744326981938
616	0.009748760833102839
617	0.009747067944797315
618	0.009749571568281386
619	0.009678875820984104
620	0.009676547111408987
621	0.009621671855145475
622	0.009618901483982882
623	0.009617520862962812
624	0.009615129121321496
625	0.009565290764077574
626	0.009336491162033016
627	0.009331083807429554
628	0.009329303877539946
629	0.009326379151618096
630	0.009327184774306243
631	0.009324444474397908
632	0.009317677768336367
633	0.009314228393079523
634	0.009249874146135477
635	0.009247562406531113
636	0.009238500476561589
637	0.009235017091923996
638	0.009208204390425492
639	0.009190684886419916
640	0.009188744407437404
641	0.009172351205913152
642	0.009156600381210035
643	0.00915966875067883
644	0.009132270203894425
645	0.00911085179237337
646	0.009105783370627913
647	0.009076107341951354
648	0.009065072167201938
649	0.009063342988409205
650	0.009053725434532773
651	0.009043061308235872
652	0.009038420505569288
653	0.009016465818251683
654	0.008984954189806571
655	0.008982409449553162
656	0.008972399479801272
657	0.008967172244507746
658	0.008963265957368283
659	0.008944551103738848
660	0.008936738252815641
661	0.008925215003009293
662	0.008894797795952347
663	0.008880026276327847
664	0.008877444247027957
665	0.008868778753886301
666	0.008854233624245238
667	0.008836232274842216
668	0.008816081461393411
669	0.008796231324679216
670	0.008783298404241923
671	0.008742071194153387
672	0.00871401868962179
673	0.008681576904388408
674	0.00864745362158191
675	0.008624046301563453
676	0.008608203321489446
677	0.008600301569592262
678	0.00856019383849304
679	0.008547434056477014
680	0.008506749236382977
681	0.008486888986595924
682	0.008479466092606408
683	0.008457798977717153
684	0.008428222503797586
685	0.008343704469513434
686	0.008325128275812787
687	0.008313492898031126
688	0.008310378460645378
689	0.008309078797151712
690	0.008304796806173232
691	0.008302231428932312
692	0.008268801705335085
693	0.008252359001958776
694	0.008235131035372847
695	0.008224043780373683
696	0.008212174607682223
697	0.008159888165122357
698	0.008143737333712804
699	0.00812180848282604
700	0.008102852165070831
701	0.008025845189392287
702	0.00799159293371107
703	0.007955042813729739
704	0.007919187100754881
705	0.007915747386360378
706	0.007902162740581408
707	0.007883443664860063
708	0.007844659183205467
709	0.007750695846147935
710	0.007736674197860424
711	0.007706971165525876
712	0.007570982830322729
713	0.007548183164471626
714	0.007533465293029162
715	0.007481378219418161
716	0.007480472260844542
717	0.007468345093898664
718	0.007421522833467755
719	0.007411272665420494
720	0.007406453746686222
721	0.007401002153479321
722	0.007389912431963052
723	0.007383821812112132
724	0.007377610045637218
725	0.007373809901085341
726	0.007366640369795054
727	0.0073625968103326455
728	0.0073515576470783595
729	0.0073497949201499655
730	0.0073483184872775555
731	0.007340253231740748
732	0.007338978109970616
733	0.007334544290310738
734	0.0073337980179521475
735	0.0073283337967439445
736	0.007328255274292501
737	0.007301703721206547
738	0.007293228625089662
739	0.00729030421443096
740	0.007291159043277816
741	0.007290406451929803
742	0.0072719743697270516
743	0.007267807319252744
744	0.007265937151518251
745	0.0072281906567155845
746	0.007223180925602294
747	0.007215888631317875
748	0.007213523897864347
749	0.00720854342885314
750	0.007205952924925001
751	0.00720455032936832
752	0.007194436910210346
753	0.007183908689008168
754	0.007178889728566529
755	0.0071770552731306924
756	0.0071515940406245175
757	0.007090811931242806
758	0.007059826493025618
759	0.007042756893503536
760	0.006943076842534399
761	0.006937780505065014
762	0.0069318820525141
763	0.006868545556572046
764	0.006853499625808086
765	0.006832823600745674
766	0.006697628777226615
767	0.006663389997152127
768	0.0066490403621361546
769	0.0066378760254210845
770	0.006637337507291578
771	0.0066282879175556956
772	0.006624363511774805
773	0.006613680071993381
774	0.006561924557188168
775	0.006554645578634982
776	0.006551677092080233
777	0.006547983992316119
778	0.006544651176333075
779	0.006545369338361782
780	0.006539208855775693
781	0.006537579198486417
782	0.006520930193114106
783	0.006519760698313617
784	0.00651729222301024
785	0.006477367052521435
786	0.006476581938598609
787	0.006475831117860662
788	0.006474824618152817
789	0.0064638140228160485
790	0.006452008967886772
791	0.0064510126051758685
792	0.0064495138052243816
793	0.006448862221511841
794	0.006438709973515793
795	0.006424909635569918
796	0.006422334514932641
797	0.0064216334881626634
798	0.0064183431746218655
799	0.006417714579632026
800	0.0064104714671360755
801	0.006414732096264446
802	0.006397641497442735
803	0.006381817128998566
804	0.006381447716481928
805	0.006308578836926157
806	0.0062893539779422004
807	0.0062778223284822975
808	0.006260458312556674
809	0.0062490889158130026
810	0.00622446783494912
811	0.006185553030159271
812	0.006171974134543809
813	0.0061317034043360365
814	0.006121391617426846
815	0.0061031014922677575
816	0.006095372468621227
817	0.006055007674922388
818	0.006052018268108781
819	0.006042340386708501
820	0.006037497214345544
821	0.006013807575799839
822	0.006007538177403226
823	0.0060042434098954885
824	0.0059999861135944885
825	0.006002809719367442
826	0.0060003908420426496
827	0.005998622088980346
828	0.005998642370836253
829	0.005998043597766273
830	0.005992675229368389
831	0.0059874296094445415
832	0.005986178987065264
833	0.005979802049298973
834	0.005953510007468361
835	0.005949305734615827
836	0.0059476740821606325
837	0.005946149521024309
838	0.005945118259924315
839	0.005941471262911876
840	0.005938533813341779
841	0.0059354126793603225
842	0.005929660080936008
843	0.005925970699188731
844	0.005922646707612541
845	0.005919394389091254
846	0.005918130648781953
847	0.005915769089467034
848	0.005914528655717805
849	0.005913903578209056
850	0.005912964648976573
851	0.005900909124739866
852	0.005900401189774378
853	0.005897035564896466
854	0.005873565786423984
855	0.00587188905523671
856	0.00586251653791312
857	0.005861818319761583
858	0.005860109149255658
859	0.0058588840148470125
860	0.005858365570395585
861	0.005857701983409995
862	0.005854750547272448
863	0.0058417270495789205
864	0.0058421211635870905
865	0.005834181919248527
866	0.005828549673838501
867	0.005815326981107247
868	0.005803317397591826
869	0.005801928463909004
870	0.005785219331764137
871	0.005769094073633448
872	0.00575886979547415
873	0.005754772901163465
874	0.005739297438262772
875	0.005719360079966034
876	0.005714777905910102
877	0.005699877257777315
878	0.005692703119923676
879	0.005685829903481027
880	0.005678824886141681
881	0.005675284862442631
882	0.005668370964746504
883	0.005617060042273669
884	0.005614753849426253
885	0.005610318737329573
886	0.005595428664612549
887	0.0055923215117398535
888	0.005589809864990512
889	0.005589554123244018
890	0.005585698649315016
891	0.005580366468481621
892	0.005577483093354646
893	0.0055752643053203245
894	0.00556996988852232
895	0.005560205005790758
896	0.005556161052846467
897	0.005553340236791318
898	0.005548355588735607
899	0.00554567588781647
900	0.005544979958908128
901	0.005525940828530764
902	0.005514599207874294
903	0.0054515288984320655
904	0.005442562455727816
905	0.0054346526600042465
906	0.005428881559271582
907	0.005413958596515393
908	0.005382834087165165
909	0.005352338459341573
910	0.005345870789309897
911	0.005313191778902936
912	0.005302457244067604
913	0.005285428008667653
914	0.005260636644057843
915	0.005233973113646336
916	0.0052133873370894205
917	0.005203687778785607
918	0.005202575816716911
919	0.0051756660340280414
920	0.005173247535984243
921	0.005136827402465914
922	0.005122361002860753
923	0.005115150896599791
924	0.005096962581525291
925	0.005062406097066366
926	0.005034663044879841
927	0.005025647838413433
928	0.00501503147835953
929	0.0049947315404784195
930	0.00497745563011737
931	0.004976805296270386
932	0.004957515025555828
933	0.004888155567549655
934	0.004854683574439045
935	0.004841996273996964
936	0.004832758904252583
937	0.004814403245612242
938	0.004811891276736678
939	0.00480206044247071
940	0.004794404639927507
941	0.004784448817320552
942	0.004775043146735304
943	0.004773716604763546
944	0.004773955910851606
945	0.004766526165384302
946	0.0047616413398960476
947	0.0047587349176015405
948	0.004740120521326649
949	0.004735663314127616
950	0.004730356136756313
951	0.004725536010911671
952	0.0047223241864184804
953	0.004707259437805144
954	0.004693732271594427
955	0.004689453158107421
956	0.004651849231392479
957	0.004647057715880959
958	0.004640944784306521
959	0.004623027653138079
960	0.004601968921147807
961	0.004565441461605592
962	0.004566465884425755
963	0.004562520419107879
964	0.004558187481712725
965	0.004539161993080199
966	0.004506814824712124
967	0.004491164629776601
968	0.004457108074717588
969	0.004423247680913562
970	0.004391594572835911
971	0.00436084258765053
972	0.004335405165685483
973	0.004300604251897446
974	0.004182632688064177
975	0.004147758021044455
976	0.004134645926242397
977	0.004092597482127044
978	0.00408381239352149
979	0.004078947809613807
980	0.004064926793193038
981	0.004054770687608619
982	0.004046745953029048
983	0.004037380569307195
984	0.004035951378702802
985	0.004026720686617932
986	0.004014320805564047
987	0.004011687761709155
988	0.004007838203790321
989	0.004008514114922565
990	0.0040039791266685216
991	0.004003623747174071
992	0.004003917756371509
993	0.00399982423529885
994	0.003998769034917953
995	0.00399827456602065
996	0.003996666600223058
997	0.003992829239812002
998	0.0039890696285851575
999	0.003987722325934509
1000	0.00398564354371666