-18468.0 -19310.0 
-18468.0 -19310.0 
-19325.0 -18331.0 
-18511.0 -19274.0 
-18620.0 -19267.0 
-19321.0 -18520.0 
-18770.0 -19191.0 
-19324.0 -18408.0 
-18689.0 -19202.0 
-19241.0 -18680.0 
-19324.0 -18408.0 
-19287.0 -18571.0 
-18998.0 -19020.0 
-19113.0 -18838.0 
-18923.0 -19077.0 
-19244.0 -18639.0 
-18783.0 -19163.0 
-18511.0 -19274.0 
-19294.0 -18531.0 
-19206.0 -18705.0 
-19036.0 -18952.0 
-18818.0 -19135.0 
-19143.0 -18814.0 
-19287.0 -18571.0 
-18621.0 -19245.0 
-18853.0 -19121.0 
-19265.0 -18607.0 
-19037.0 -18926.0 
-18931.0 -19054.0 
-19097.0 -18866.0 
-18974.0 -19023.0 
-19193.0 -18728.0 
-18901.0 -19078.0 
-19206.0 -18705.0 
-19152.0 -18786.0 
-19194.0 -18714.0 
-19091.0 -18889.0 
-19265.0 -18607.0 
-19043.0 -18918.0 
-19068.0 -18907.0 
-19128.0 -18819.0 
-19097.0 -18866.0 
-18891.0 -19097.0 
-19179.0 -18736.0 
-18809.0 -19157.0 
-18815.0 -19154.0 
-19009.0 -18981.0 
-19173.0 -18754.0 
-19161.0 -18769.0 
-18859.0 -19113.0 
-18896.0 -19085.0 
-18661.0 -19215.0 
-18836.0 -19130.0 
-19259.0 -18619.0 
-19028.0 -18964.0 
-19241.0 -18680.0 
-19305.0 -18521.0 
-18961.0 -19035.0 
-18871.0 -19111.0 
-19152.0 -18786.0 
-18947.0 -19043.0 
-19259.0 -18619.0 
-18640.0 -19232.0 
-19006.0 -18997.0 
-18947.0 -19043.0 
-18770.0 -19191.0 
-18640.0 -19232.0 
-19161.0 -18769.0 
-19006.0 -18997.0 
-19013.0 -18973.0 
-18871.0 -19111.0 
-18689.0 -19202.0 
-18651.0 -19227.0 
-18836.0 -19130.0 
-18677.0 -19205.0 
-19244.0 -18639.0 
-18961.0 -19035.0 
-19078.0 -18899.0 
-19121.0 -18833.0 
-19068.0 -18907.0 
-19126.0 -18830.0 
-19173.0 -18754.0 
-18661.0 -19215.0 
-19078.0 -18899.0 
-18677.0 -19205.0 
-18783.0 -19163.0 
-18931.0 -19054.0 
-18891.0 -19097.0 
-19028.0 -18964.0 
-19294.0 -18531.0 
-19043.0 -18918.0 
-18974.0 -19023.0 
-19091.0 -18889.0 
-18651.0 -19227.0 
-19143.0 -18814.0 
-19179.0 -18736.0 
-18621.0 -19245.0 
-19013.0 -18973.0 
-19305.0 -18521.0 
-18809.0 -19157.0 
