-18489.0 -19315.0 
-19219.0 -18588.0 
-19219.0 -18588.0 
-18489.0 -19315.0 
-19170.0 -18725.0 
-19218.0 -18626.0 
-19188.0 -18671.0 
-18634.0 -19270.0 
-18549.0 -19305.0 
-18691.0 -19241.0 
-18998.0 -18974.0 
-19076.0 -18860.0 
-19138.0 -18733.0 
-18862.0 -19132.0 
-18612.0 -19279.0 
-18831.0 -19136.0 
-18569.0 -19291.0 
-19012.0 -18951.0 
-19045.0 -18930.0 
-19208.0 -18651.0 
-19046.0 -18891.0 
-18953.0 -19017.0 
-18927.0 -19046.0 
-18945.0 -19041.0 
-18715.0 -19225.0 
-18664.0 -19263.0 
-18969.0 -18992.0 
-19132.0 -18757.0 
-19049.0 -18870.0 
-18823.0 -19155.0 
-19132.0 -18757.0 
-19188.0 -18671.0 
-18993.0 -18988.0 
-19078.0 -18828.0 
-19116.0 -18789.0 
-18917.0 -19070.0 
-18612.0 -19279.0 
-19037.0 -18939.0 
-19208.0 -18651.0 
-18886.0 -19087.0 
-18803.0 -19159.0 
-18772.0 -19188.0 
-19091.0 -18800.0 
-18733.0 -19198.0 
-18897.0 -19080.0 
-19056.0 -18862.0 
-18715.0 -19225.0 
-18549.0 -19305.0 
-19012.0 -18951.0 
-18680.0 -19251.0 
-19170.0 -18725.0 
-18867.0 -19106.0 
-18886.0 -19087.0 
-18726.0 -19207.0 
-18753.0 -19192.0 
-18782.0 -19178.0 
-18566.0 -19298.0 
-18753.0 -19192.0 
-18680.0 -19251.0 
-18664.0 -19263.0 
-19111.0 -18792.0 
-19046.0 -18891.0 
-18864.0 -19113.0 
-18867.0 -19106.0 
-18967.0 -19003.0 
-18799.0 -19169.0 
-19037.0 -18939.0 
-18726.0 -19207.0 
-18917.0 -19070.0 
-19116.0 -18789.0 
-19084.0 -18809.0 
-18906.0 -19079.0 
-18962.0 -19006.0 
-18954.0 -19008.0 
-18796.0 -19172.0 
-19083.0 -18820.0 
-18782.0 -19178.0 
-18569.0 -19291.0 
-19091.0 -18800.0 
-18927.0 -19046.0 
-19138.0 -18733.0 
-18772.0 -19188.0 
-19111.0 -18792.0 
-18733.0 -19198.0 
-18945.0 -19041.0 
-18823.0 -19155.0 
-18831.0 -19136.0 
-18906.0 -19079.0 
-19045.0 -18930.0 
-19084.0 -18809.0 
-19078.0 -18828.0 
-18566.0 -19298.0 
-19083.0 -18820.0 
-18864.0 -19113.0 
-18796.0 -19172.0 
-18993.0 -18988.0 
-19056.0 -18862.0 
-18803.0 -19159.0 
-18954.0 -19008.0 
-18489.0 -19315.0 
