-18266.0 -19379.0 
-19140.0 -18576.0 
-18266.0 -19379.0 
-19126.0 -18670.0 
-18317.0 -19376.0 
-18760.0 -19101.0 
-18947.0 -18893.0 
-19074.0 -18693.0 
-18720.0 -19145.0 
-18956.0 -18843.0 
-18512.0 -19268.0 
-18727.0 -19104.0 
-18794.0 -19080.0 
-18677.0 -19153.0 
-18453.0 -19270.0 
-18581.0 -19220.0 
-18519.0 -19238.0 
-18568.0 -19237.0 
-18804.0 -19016.0 
-18985.0 -18842.0 
-18352.0 -19337.0 
-18798.0 -19040.0 
-18665.0 -19176.0 
-18339.0 -19345.0 
-18909.0 -18904.0 
-19061.0 -18728.0 
-18394.0 -19328.0 
-18615.0 -19209.0 
-18408.0 -19324.0 
-19014.0 -18765.0 
-19053.0 -18742.0 
-19126.0 -18670.0 
-18424.0 -19306.0 
-18846.0 -18986.0 
-19074.0 -18693.0 
-18997.0 -18792.0 
-19029.0 -18751.0 
-18989.0 -18822.0 
-18833.0 -19010.0 
-18436.0 -19285.0 
-18895.0 -18917.0 
-18642.0 -19188.0 
-18638.0 -19198.0 
-18424.0 -19306.0 
-18339.0 -19345.0 
-18798.0 -19040.0 
-18989.0 -18822.0 
-18843.0 -19004.0 
-19002.0 -18777.0 
-19061.0 -18728.0 
-18900.0 -18912.0 
-18865.0 -18973.0 
-18794.0 -19080.0 
-18891.0 -18935.0 
-18516.0 -19247.0 
-18665.0 -19176.0 
-19026.0 -18763.0 
-18436.0 -19285.0 
-18997.0 -18792.0 
-18865.0 -18973.0 
-18881.0 -18941.0 
-18878.0 -18960.0 
-18352.0 -19337.0 
-18624.0 -19201.0 
-18947.0 -18893.0 
-18615.0 -19209.0 
-18909.0 -18904.0 
-18677.0 -19153.0 
-18577.0 -19230.0 
-18394.0 -19328.0 
-18448.0 -19273.0 
-19002.0 -18777.0 
-19053.0 -18742.0 
-18846.0 -18986.0 
-18642.0 -19188.0 
-18833.0 -19010.0 
-18884.0 -18937.0 
-18720.0 -19145.0 
-18875.0 -18965.0 
-18448.0 -19273.0 
-18516.0 -19247.0 
-19029.0 -18751.0 
-18804.0 -19016.0 
-18624.0 -19201.0 
-18875.0 -18965.0 
-18577.0 -19230.0 
-18727.0 -19104.0 
-18568.0 -19237.0 
-18956.0 -18843.0 
-18403.0 -19325.0 
-18843.0 -19004.0 
-18878.0 -18960.0 
-18403.0 -19325.0 
-18881.0 -18941.0 
-18453.0 -19270.0 
-18512.0 -19268.0 
-18891.0 -18935.0 
-19026.0 -18763.0 
-18985.0 -18842.0 
-18519.0 -19238.0 
