3.784603577619544829e-02
1.642497000668814017e-02
6.562312035281459011e-03
3.338174881904911579e-04
7.518708769001566927e-02
1.157559635420522398e-01
1.308820563245847446e-01
4.216180673453128608e-02
1.623953253424197107e-02
1.164210189417642927e-02
7.451735790914440494e-02
9.486574509039270159e-03
1.980009835413094887e-02
2.461575200095754423e-02
6.230997288736554035e-02
1.369301576854499609e-02
4.996662259982127645e-03
1.119606269888502592e-01
9.282956032637661170e-02
2.155749002941349454e-02
6.456677819986966771e-02
5.067856176101129956e-02
2.941754848175081108e-02
7.828297376331824764e-03
2.390409396252116646e-04
2.989062933209945747e-02
1.391906829770886075e-02
5.786662545599486479e-02
1.492119758870104063e-01
1.420836977644821496e-02
6.554194841509916603e-02
