-19905.0 -19349.0 
-19055.0 -20248.0 
-19905.0 -19349.0 
-19055.0 -20248.0 
-19539.0 -19959.0 
-19685.0 -19786.0 
-19121.0 -20243.0 
-19871.0 -19406.0 
-19689.0 -19718.0 
-19484.0 -19978.0 
-19182.0 -20190.0 
-19283.0 -20161.0 
-19793.0 -19539.0 
-19135.0 -20224.0 
-19338.0 -20081.0 
-19182.0 -20190.0 
-19838.0 -19426.0 
-19628.0 -19794.0 
-19784.0 -19588.0 
-19228.0 -20171.0 
-19542.0 -19917.0 
-19451.0 -20021.0 
-19871.0 -19406.0 
-19830.0 -19506.0 
-19561.0 -19910.0 
-19563.0 -19870.0 
-19834.0 -19471.0 
-19135.0 -20224.0 
-19335.0 -20120.0 
-19740.0 -19624.0 
-19224.0 -20173.0 
-19474.0 -19999.0 
-19360.0 -20078.0 
-19665.0 -19791.0 
-19814.0 -19512.0 
-19598.0 -19863.0 
-19418.0 -20024.0 
-19732.0 -19652.0 
-19834.0 -19471.0 
-19813.0 -19530.0 
-19314.0 -20124.0 
-19770.0 -19610.0 
-19721.0 -19679.0 
-19626.0 -19814.0 
-19732.0 -19652.0 
-19385.0 -20056.0 
-19616.0 -19837.0 
-19618.0 -19820.0 
-19474.0 -19999.0 
-19283.0 -20161.0 
-19784.0 -19588.0 
-19573.0 -19864.0 
-19484.0 -19978.0 
-19360.0 -20078.0 
-19849.0 -19422.0 
-19451.0 -20021.0 
-19385.0 -20056.0 
-19849.0 -19422.0 
-19331.0 -20122.0 
-19308.0 -20145.0 
-19304.0 -20147.0 
-19665.0 -19791.0 
-19403.0 -20039.0 
-19710.0 -19689.0 
-19539.0 -19959.0 
-19390.0 -20048.0 
-19721.0 -19679.0 
-19224.0 -20173.0 
-19754.0 -19616.0 
-19770.0 -19610.0 
-19710.0 -19689.0 
-19599.0 -19850.0 
-19121.0 -20243.0 
-19606.0 -19841.0 
-19409.0 -20029.0 
-19793.0 -19539.0 
-19693.0 -19715.0 
-19304.0 -20147.0 
-19700.0 -19701.0 
-19569.0 -19869.0 
-19700.0 -19701.0 
-19403.0 -20039.0 
-19552.0 -19914.0 
-19754.0 -19616.0 
-19390.0 -20048.0 
-19228.0 -20171.0 
-19552.0 -19914.0 
-19418.0 -20024.0 
-19746.0 -19620.0 
-19696.0 -19707.0 
-19606.0 -19841.0 
-19409.0 -20029.0 
-19746.0 -19620.0 
-19830.0 -19506.0 
-19813.0 -19530.0 
-19599.0 -19850.0 
-19685.0 -19786.0 
-19696.0 -19707.0 
-19308.0 -20145.0 
-19314.0 -20124.0 
