-20048.0 -20142.0 
-19369.0 -20492.0 
-20048.0 -20142.0 
-19673.0 -20488.0 
-19371.0 -20491.0 
-19972.0 -20296.0 
-19879.0 -20379.0 
-19734.0 -20478.0 
-19839.0 -20417.0 
-19796.0 -20425.0 
-20020.0 -20199.0 
-19773.0 -20452.0 
-20034.0 -20179.0 
-19773.0 -20452.0 
-20010.0 -20229.0 
-19978.0 -20265.0 
-19895.0 -20378.0 
-19839.0 -20417.0 
-19912.0 -20353.0 
-19933.0 -20311.0 
-20024.0 -20189.0 
-19998.0 -20248.0 
-19919.0 -20342.0 
-19928.0 -20319.0 
-20010.0 -20229.0 
-19707.0 -20479.0 
-19796.0 -20425.0 
-19912.0 -20353.0 
-19707.0 -20479.0 
-19933.0 -20311.0 
-20034.0 -20179.0 
-19983.0 -20257.0 
-19919.0 -20342.0 
-19998.0 -20248.0 
-19928.0 -20319.0 
-19983.0 -20257.0 
-19978.0 -20265.0 
-19895.0 -20378.0 
-19371.0 -20491.0 
-20048.0 -20142.0 
-19933.0 -20311.0 
-20034.0 -20179.0 
-19998.0 -20248.0 
-19928.0 -20319.0 
-19978.0 -20265.0 
-19895.0 -20378.0 
-19978.0 -20265.0 
-19978.0 -20265.0 
-19978.0 -20265.0 
-19895.0 -20378.0 
-19978.0 -20265.0 
-20034.0 -20179.0 
-19978.0 -20265.0 
-20034.0 -20179.0 
-19978.0 -20265.0 
-19928.0 -20319.0 
-19978.0 -20265.0 
-19978.0 -20265.0 
-19978.0 -20265.0 
-19895.0 -20378.0 
-19978.0 -20265.0 
-19978.0 -20265.0 
-19978.0 -20265.0 
-19978.0 -20265.0 
-19978.0 -20265.0 
-19933.0 -20311.0 
-19978.0 -20265.0 
-19928.0 -20319.0 
-19978.0 -20265.0 
-19978.0 -20265.0 
-19978.0 -20265.0 
-19928.0 -20319.0 
-19978.0 -20265.0 
-19978.0 -20265.0 
-19978.0 -20265.0 
-19895.0 -20378.0 
-19978.0 -20265.0 
-19895.0 -20378.0 
-19978.0 -20265.0 
-19978.0 -20265.0 
-19895.0 -20378.0 
-19978.0 -20265.0 
-19928.0 -20319.0 
-19978.0 -20265.0 
-19978.0 -20265.0 
-19978.0 -20265.0 
-19895.0 -20378.0 
-20034.0 -20179.0 
-19895.0 -20378.0 
-19978.0 -20265.0 
-19978.0 -20265.0 
-19978.0 -20265.0 
-19978.0 -20265.0 
-19978.0 -20265.0 
-19978.0 -20265.0 
-20048.0 -20142.0 
-19933.0 -20311.0 
-19978.0 -20265.0 
-19978.0 -20265.0 
-19978.0 -20265.0 
