-19946.0 -20110.0 
-19508.0 -20610.0 
-19899.0 -20114.0 
-19895.0 -20237.0 
-19607.0 -20577.0 
-19553.0 -20589.0 
-19811.0 -20418.0 
-19783.0 -20456.0 
-19660.0 -20552.0 
-19813.0 -20352.0 
-19844.0 -20264.0 
-19758.0 -20490.0 
-19822.0 -20306.0 
-19878.0 -20255.0 
-19813.0 -20352.0 
-19727.0 -20493.0 
-19723.0 -20499.0 
-19790.0 -20440.0 
-19822.0 -20306.0 
-19662.0 -20530.0 
-19836.0 -20278.0 
-19758.0 -20490.0 
-19790.0 -20440.0 
-19836.0 -20278.0 
-19878.0 -20255.0 
-19660.0 -20552.0 
-19811.0 -20418.0 
-19686.0 -20519.0 
-19676.0 -20522.0 
-19676.0 -20522.0 
-19662.0 -20530.0 
-19686.0 -20519.0 
-19682.0 -20521.0 
-19723.0 -20499.0 
-19727.0 -20493.0 
-19682.0 -20521.0 
-19813.0 -20352.0 
-19758.0 -20490.0 
-19790.0 -20440.0 
-19660.0 -20552.0 
-19676.0 -20522.0 
-19723.0 -20499.0 
-19727.0 -20493.0 
-19682.0 -20521.0 
-19813.0 -20352.0 
-19676.0 -20522.0 
-19660.0 -20552.0 
-19660.0 -20552.0 
-19727.0 -20493.0 
-19813.0 -20352.0 
-19813.0 -20352.0 
-19758.0 -20490.0 
-19676.0 -20522.0 
-19723.0 -20499.0 
-19723.0 -20499.0 
-19660.0 -20552.0 
-19676.0 -20522.0 
-19682.0 -20521.0 
-19715.0 -20510.0 
-19790.0 -20440.0 
-19676.0 -20522.0 
-19660.0 -20552.0 
-19660.0 -20552.0 
-19676.0 -20522.0 
-19727.0 -20493.0 
-19813.0 -20352.0 
-19676.0 -20522.0 
-19676.0 -20522.0 
-19723.0 -20499.0 
-19660.0 -20552.0 
-19660.0 -20552.0 
-19660.0 -20552.0 
-19723.0 -20499.0 
-19676.0 -20522.0 
-19660.0 -20552.0 
-19727.0 -20493.0 
-19758.0 -20490.0 
-19676.0 -20522.0 
-19723.0 -20499.0 
-19821.0 -20306.0 
-19666.0 -20522.0 
-19752.0 -20457.0 
-19798.0 -20318.0 
-19707.0 -20496.0 
-19788.0 -20402.0 
-19781.0 -20422.0 
-19692.0 -20502.0 
-19692.0 -20502.0 
-19692.0 -20502.0 
-19692.0 -20502.0 
-19692.0 -20502.0 
-19692.0 -20502.0 
-19692.0 -20502.0 
-19692.0 -20502.0 
-19692.0 -20502.0 
-19692.0 -20502.0 
-19692.0 -20502.0 
-19692.0 -20502.0 
-19692.0 -20502.0 
-19692.0 -20502.0 
