-19893.0 -20108.0 
-19893.0 -20108.0 
-19419.0 -20606.0 
-19419.0 -20606.0 
-19752.0 -20277.0 
-19707.0 -20384.0 
-19707.0 -20384.0 
-19677.0 -20440.0 
-19824.0 -20172.0 
-19773.0 -20228.0 
-19575.0 -20540.0 
-19824.0 -20172.0 
-19864.0 -20131.0 
-19864.0 -20131.0 
-19783.0 -20225.0 
-19638.0 -20457.0 
-19454.0 -20601.0 
-19528.0 -20552.0 
-19594.0 -20490.0 
-19677.0 -20440.0 
-19783.0 -20225.0 
-19623.0 -20487.0 
-19525.0 -20556.0 
-19592.0 -20505.0 
-19592.0 -20505.0 
-19426.0 -20604.0 
-19575.0 -20540.0 
-19467.0 -20577.0 
-19471.0 -20566.0 
-19638.0 -20457.0 
-19502.0 -20563.0 
-19467.0 -20577.0 
-19502.0 -20563.0 
-19624.0 -20477.0 
-19629.0 -20472.0 
-19486.0 -20564.0 
-19486.0 -20564.0 
-19454.0 -20601.0 
-19528.0 -20552.0 
-19629.0 -20472.0 
-19426.0 -20604.0 
-19471.0 -20566.0 
-19623.0 -20487.0 
-19419.0 -20606.0 
-19467.0 -20577.0 
-19471.0 -20566.0 
-19471.0 -20566.0 
-19471.0 -20566.0 
-19467.0 -20577.0 
-19471.0 -20566.0 
-19467.0 -20577.0 
-19471.0 -20566.0 
-19471.0 -20566.0 
-19471.0 -20566.0 
-19471.0 -20566.0 
-19471.0 -20566.0 
-19471.0 -20566.0 
-19471.0 -20566.0 
-19471.0 -20566.0 
-19467.0 -20577.0 
-19471.0 -20566.0 
-19471.0 -20566.0 
-19471.0 -20566.0 
-19471.0 -20566.0 
-19471.0 -20566.0 
-19471.0 -20566.0 
-19471.0 -20566.0 
-19471.0 -20566.0 
-19471.0 -20566.0 
-19471.0 -20566.0 
-19471.0 -20566.0 
-19471.0 -20566.0 
-19471.0 -20566.0 
-19471.0 -20566.0 
-19471.0 -20566.0 
-19471.0 -20566.0 
-19471.0 -20566.0 
-19471.0 -20566.0 
-19471.0 -20566.0 
-19471.0 -20566.0 
-19467.0 -20577.0 
-19471.0 -20566.0 
-19471.0 -20566.0 
-19471.0 -20566.0 
-19471.0 -20566.0 
-19471.0 -20566.0 
-19471.0 -20566.0 
-19471.0 -20566.0 
-19471.0 -20566.0 
-19471.0 -20566.0 
-19471.0 -20566.0 
-19467.0 -20577.0 
-19471.0 -20566.0 
-19471.0 -20566.0 
-19471.0 -20566.0 
-19471.0 -20566.0 
-19471.0 -20566.0 
-19471.0 -20566.0 
-19471.0 -20566.0 
-19471.0 -20566.0 
