-18099.0 -19599.0 
-19119.0 -18556.0 
-19119.0 -18556.0 
-18099.0 -19599.0 
-18971.0 -18895.0 
-18953.0 -18977.0 
-19031.0 -18785.0 
-18175.0 -19529.0 
-18258.0 -19520.0 
-19094.0 -18718.0 
-18895.0 -18981.0 
-19024.0 -18851.0 
-18123.0 -19559.0 
-18652.0 -19292.0 
-18405.0 -19440.0 
-18293.0 -19514.0 
-18161.0 -19554.0 
-18668.0 -19220.0 
-19099.0 -18657.0 
-18723.0 -19197.0 
-18769.0 -19150.0 
-18715.0 -19209.0 
-18536.0 -19357.0 
-18728.0 -19157.0 
-18447.0 -19406.0 
-18618.0 -19313.0 
-18315.0 -19469.0 
-19053.0 -18779.0 
-18662.0 -19257.0 
-18352.0 -19450.0 
-18830.0 -19078.0 
-18458.0 -19378.0 
-18724.0 -19158.0 
-18258.0 -19520.0 
-18868.0 -19024.0 
-18303.0 -19482.0 
-18405.0 -19440.0 
-18501.0 -19367.0 
-18371.0 -19441.0 
-18872.0 -19005.0 
-18852.0 -19044.0 
-19018.0 -18855.0 
-18662.0 -19257.0 
-18989.0 -18857.0 
-18501.0 -19367.0 
-18449.0 -19397.0 
-18352.0 -19450.0 
-18618.0 -19313.0 
-19055.0 -18760.0 
-18588.0 -19316.0 
-18685.0 -19214.0 
-18555.0 -19326.0 
-18854.0 -19031.0 
-18784.0 -19134.0 
-18447.0 -19406.0 
-18986.0 -18863.0 
-18805.0 -19089.0 
-18576.0 -19323.0 
-19105.0 -18583.0 
-19102.0 -18632.0 
-18472.0 -19375.0 
-18801.0 -19098.0 
-19103.0 -18602.0 
-18315.0 -19469.0 
-18652.0 -19292.0 
-19099.0 -18657.0 
-18123.0 -19559.0 
-18554.0 -19337.0 
-18784.0 -19134.0 
-18831.0 -19069.0 
-19105.0 -18583.0 
-18536.0 -19357.0 
-18837.0 -19056.0 
-18797.0 -19113.0 
-18872.0 -19005.0 
-18895.0 -18981.0 
-19063.0 -18747.0 
-19102.0 -18632.0 
-18167.0 -19537.0 
-18797.0 -19113.0 
-19080.0 -18726.0 
-18303.0 -19482.0 
-18953.0 -18977.0 
-18685.0 -19214.0 
-18769.0 -19150.0 
-18472.0 -19375.0 
-18986.0 -18863.0 
-19060.0 -18749.0 
-18554.0 -19337.0 
-18371.0 -19441.0 
-19103.0 -18602.0 
-18584.0 -19322.0 
-19073.0 -18735.0 
-19073.0 -18735.0 
-18837.0 -19056.0 
-18175.0 -19529.0 
-18293.0 -19514.0 
-19080.0 -18726.0 
-18805.0 -19089.0 
-18167.0 -19537.0 
