-19110.0 -18692.0 
-18427.0 -19438.0 
-19110.0 -18692.0 
-18427.0 -19438.0 
-18500.0 -19398.0 
-19064.0 -18747.0 
-19059.0 -18824.0 
-18444.0 -19411.0 
-18871.0 -19042.0 
-18726.0 -19222.0 
-18867.0 -19089.0 
-18663.0 -19253.0 
-18690.0 -19228.0 
-19048.0 -18867.0 
-18523.0 -19345.0 
-18991.0 -18903.0 
-18561.0 -19342.0 
-19059.0 -18824.0 
-18626.0 -19261.0 
-18726.0 -19222.0 
-18764.0 -19187.0 
-18616.0 -19296.0 
-18764.0 -19187.0 
-18948.0 -18947.0 
-18785.0 -19159.0 
-18849.0 -19090.0 
-18506.0 -19366.0 
-19030.0 -18888.0 
-18918.0 -18986.0 
-19094.0 -18733.0 
-18663.0 -19253.0 
-19097.0 -18710.0 
-19014.0 -18899.0 
-18785.0 -19159.0 
-18690.0 -19228.0 
-18912.0 -19019.0 
-18797.0 -19134.0 
-19048.0 -18867.0 
-18805.0 -19110.0 
-18984.0 -18934.0 
-18943.0 -18972.0 
-18831.0 -19108.0 
-18593.0 -19298.0 
-19030.0 -18888.0 
-18771.0 -19182.0 
-18845.0 -19105.0 
-18568.0 -19334.0 
-19078.0 -18744.0 
-19080.0 -18736.0 
-18797.0 -19134.0 
-18892.0 -19041.0 
-18620.0 -19269.0 
-18799.0 -19114.0 
-18962.0 -18944.0 
-18434.0 -19429.0 
-18568.0 -19334.0 
-18584.0 -19312.0 
-18937.0 -18982.0 
-18983.0 -18936.0 
-18513.0 -19362.0 
-18584.0 -19312.0 
-18444.0 -19411.0 
-18962.0 -18944.0 
-19014.0 -18899.0 
-19097.0 -18710.0 
-18771.0 -19182.0 
-18434.0 -19429.0 
-18500.0 -19398.0 
-18907.0 -19025.0 
-18831.0 -19108.0 
-18907.0 -19025.0 
-18894.0 -19040.0 
-18619.0 -19280.0 
-18923.0 -18985.0 
-18586.0 -19304.0 
-18943.0 -18972.0 
-18894.0 -19040.0 
-18513.0 -19362.0 
-18626.0 -19261.0 
-18619.0 -19280.0 
-18523.0 -19345.0 
-18991.0 -18903.0 
-18911.0 -19022.0 
-18561.0 -19342.0 
-18506.0 -19366.0 
-18984.0 -18934.0 
-18593.0 -19298.0 
-18912.0 -19019.0 
-18937.0 -18982.0 
-18983.0 -18936.0 
-18805.0 -19110.0 
-18923.0 -18985.0 
-19064.0 -18747.0 
-18948.0 -18947.0 
-18586.0 -19304.0 
-18918.0 -18986.0 
-18845.0 -19105.0 
-19094.0 -18733.0 
-18799.0 -19114.0 
-18867.0 -19089.0 
