-19257.0 -18494.0 
-19257.0 -18494.0 
-18565.0 -19341.0 
-18565.0 -19341.0 
-19248.0 -18561.0 
-19224.0 -18622.0 
-18626.0 -19280.0 
-19197.0 -18671.0 
-19224.0 -18622.0 
-19187.0 -18725.0 
-19248.0 -18561.0 
-18844.0 -19162.0 
-18855.0 -19135.0 
-18992.0 -18985.0 
-18808.0 -19179.0 
-18602.0 -19304.0 
-19034.0 -18948.0 
-18748.0 -19210.0 
-19197.0 -18671.0 
-18667.0 -19271.0 
-18771.0 -19182.0 
-18922.0 -19083.0 
-19145.0 -18758.0 
-18718.0 -19220.0 
-18808.0 -19179.0 
-19131.0 -18806.0 
-18716.0 -19233.0 
-18604.0 -19287.0 
-19013.0 -18972.0 
-18856.0 -19109.0 
-19066.0 -18920.0 
-19139.0 -18784.0 
-19109.0 -18814.0 
-19055.0 -18936.0 
-19106.0 -18845.0 
-18602.0 -19304.0 
-19082.0 -18865.0 
-19019.0 -18954.0 
-18876.0 -19107.0 
-18689.0 -19243.0 
-18673.0 -19245.0 
-18751.0 -19199.0 
-18897.0 -19089.0 
-19171.0 -18734.0 
-18930.0 -19058.0 
-19099.0 -18856.0 
-19134.0 -18787.0 
-19157.0 -18756.0 
-18844.0 -19162.0 
-19077.0 -18904.0 
-18689.0 -19243.0 
-19071.0 -18913.0 
-18891.0 -19101.0 
-19078.0 -18881.0 
-18763.0 -19195.0 
-19113.0 -18808.0 
-19055.0 -18936.0 
-18963.0 -19017.0 
-19187.0 -18725.0 
-19161.0 -18747.0 
-19171.0 -18734.0 
-18941.0 -19044.0 
-19013.0 -18972.0 
-18670.0 -19260.0 
-18894.0 -19091.0 
-18671.0 -19256.0 
-18979.0 -19003.0 
-19161.0 -18747.0 
-18983.0 -18998.0 
-18930.0 -19058.0 
-18977.0 -19009.0 
-18953.0 -19034.0 
-19099.0 -18856.0 
-19078.0 -18881.0 
-18955.0 -19031.0 
-18941.0 -19044.0 
-18983.0 -18998.0 
-18922.0 -19083.0 
-18963.0 -19017.0 
-18868.0 -19108.0 
-19106.0 -18845.0 
-18936.0 -19050.0 
-19082.0 -18865.0 
-18763.0 -19195.0 
-18971.0 -19011.0 
-18936.0 -19050.0 
-19019.0 -18954.0 
-18955.0 -19031.0 
-18771.0 -19182.0 
-18667.0 -19271.0 
-18716.0 -19233.0 
-18953.0 -19034.0 
-18718.0 -19220.0 
-18971.0 -19011.0 
-19111.0 -18809.0 
-18868.0 -19108.0 
-19077.0 -18904.0 
-18891.0 -19101.0 
-18897.0 -19089.0 
-18604.0 -19287.0 
