-18289.0 -19514.0 
-19431.0 -18292.0 
-18289.0 -19514.0 
-19431.0 -18292.0 
-19285.0 -18715.0 
-19307.0 -18684.0 
-19010.0 -19036.0 
-18612.0 -19387.0 
-19124.0 -18961.0 
-19428.0 -18362.0 
-19309.0 -18632.0 
-18537.0 -19406.0 
-18722.0 -19336.0 
-18449.0 -19451.0 
-19196.0 -18856.0 
-19003.0 -19091.0 
-19167.0 -18860.0 
-18661.0 -19350.0 
-18946.0 -19140.0 
-18831.0 -19243.0 
-18809.0 -19270.0 
-19351.0 -18555.0 
-19347.0 -18606.0 
-18423.0 -19472.0 
-19133.0 -18915.0 
-18923.0 -19150.0 
-19255.0 -18760.0 
-18755.0 -19300.0 
-18336.0 -19497.0 
-19222.0 -18814.0 
-19363.0 -18525.0 
-18580.0 -19404.0 
-18788.0 -19293.0 
-19255.0 -18760.0 
-19421.0 -18406.0 
-19222.0 -18814.0 
-18336.0 -19497.0 
-19401.0 -18484.0 
-19149.0 -18892.0 
-19060.0 -18993.0 
-19092.0 -18977.0 
-19155.0 -18883.0 
-18823.0 -19266.0 
-19102.0 -18963.0 
-19068.0 -18978.0 
-19323.0 -18624.0 
-18860.0 -19241.0 
-18431.0 -19458.0 
-18920.0 -19175.0 
-19409.0 -18413.0 
-18742.0 -19326.0 
-19428.0 -18362.0 
-19239.0 -18785.0 
-18373.0 -19487.0 
-19408.0 -18440.0 
-19390.0 -18500.0 
-18489.0 -19447.0 
-19335.0 -18610.0 
-18530.0 -19427.0 
-19239.0 -18785.0 
-19037.0 -19029.0 
-18962.0 -19125.0 
-19054.0 -19015.0 
-18986.0 -19106.0 
-18509.0 -19445.0 
-18889.0 -19195.0 
-18393.0 -19481.0 
-19363.0 -18525.0 
-18632.0 -19368.0 
-19390.0 -18500.0 
-18903.0 -19177.0 
-18962.0 -19125.0 
-18722.0 -19336.0 
-19408.0 -18440.0 
-19351.0 -18555.0 
-18996.0 -19092.0 
-18896.0 -19186.0 
-19133.0 -18915.0 
-18649.0 -19362.0 
-18868.0 -19226.0 
-19196.0 -18856.0 
-18586.0 -19400.0 
-18889.0 -19195.0 
-18373.0 -19487.0 
-18393.0 -19481.0 
-18986.0 -19106.0 
-18788.0 -19293.0 
-18868.0 -19226.0 
-18632.0 -19368.0 
-18661.0 -19350.0 
-18530.0 -19427.0 
-18489.0 -19447.0 
-19037.0 -19029.0 
-18650.0 -19355.0 
-18509.0 -19445.0 
-18742.0 -19326.0 
-18867.0 -19232.0 
-19401.0 -18484.0 
-18755.0 -19300.0 
-19054.0 -19015.0 
