-18416.0 -19484.0 
-19484.0 -18252.0 
-18416.0 -19484.0 
-19484.0 -18252.0 
-18848.0 -19219.0 
-19456.0 -18332.0 
-19110.0 -18960.0 
-18919.0 -19213.0 
-19406.0 -18455.0 
-19429.0 -18348.0 
-19336.0 -18569.0 
-18927.0 -19140.0 
-19257.0 -18723.0 
-18472.0 -19469.0 
-18841.0 -19242.0 
-19263.0 -18671.0 
-18512.0 -19460.0 
-19167.0 -18884.0 
-18689.0 -19371.0 
-19030.0 -19061.0 
-19196.0 -18819.0 
-19196.0 -18819.0 
-19125.0 -18908.0 
-19409.0 -18398.0 
-18699.0 -19359.0 
-18472.0 -19469.0 
-18625.0 -19398.0 
-18758.0 -19305.0 
-18806.0 -19244.0 
-19287.0 -18655.0 
-18957.0 -19129.0 
-18921.0 -19194.0 
-19135.0 -18889.0 
-19361.0 -18535.0 
-18961.0 -19106.0 
-18552.0 -19428.0 
-18585.0 -19411.0 
-18575.0 -19420.0 
-18768.0 -19281.0 
-19333.0 -18583.0 
-19009.0 -19075.0 
-19087.0 -18974.0 
-19038.0 -19016.0 
-18727.0 -19325.0 
-19370.0 -18475.0 
-19005.0 -19086.0 
-19294.0 -18623.0 
-19172.0 -18862.0 
-18654.0 -19375.0 
-19172.0 -18862.0 
-19456.0 -18332.0 
-18989.0 -19102.0 
-18939.0 -19138.0 
-19217.0 -18760.0 
-19214.0 -18783.0 
-18797.0 -19251.0 
-19080.0 -18979.0 
-18512.0 -19460.0 
-19367.0 -18484.0 
-19230.0 -18736.0 
-18541.0 -19436.0 
-19414.0 -18375.0 
-19214.0 -18783.0 
-19311.0 -18595.0 
-19221.0 -18747.0 
-19300.0 -18609.0 
-18795.0 -19275.0 
-18717.0 -19342.0 
-19063.0 -18990.0 
-18783.0 -19279.0 
-18541.0 -19436.0 
-19125.0 -18908.0 
-19258.0 -18693.0 
-19361.0 -18535.0 
-19052.0 -19008.0 
-18637.0 -19384.0 
-19414.0 -18375.0 
-19362.0 -18508.0 
-18758.0 -19305.0 
-18727.0 -19325.0 
-19034.0 -19040.0 
-18717.0 -19342.0 
-18625.0 -19398.0 
-19409.0 -18398.0 
-18921.0 -19194.0 
-19034.0 -19040.0 
-19362.0 -18508.0 
-19311.0 -18595.0 
-18585.0 -19411.0 
-19287.0 -18655.0 
-19063.0 -18990.0 
-18654.0 -19375.0 
-19406.0 -18455.0 
-19370.0 -18475.0 
-19230.0 -18736.0 
-19258.0 -18693.0 
-18637.0 -19384.0 
-18989.0 -19102.0 
-19299.0 -18619.0 
-19052.0 -19008.0 
