-18543.0 -19346.0 
-19576.0 -18054.0 
-18543.0 -19346.0 
-19576.0 -18054.0 
-19530.0 -18269.0 
-18589.0 -19342.0 
-18903.0 -19146.0 
-19537.0 -18194.0 
-19538.0 -18187.0 
-19544.0 -18118.0 
-19243.0 -18773.0 
-18785.0 -19244.0 
-19180.0 -18856.0 
-19205.0 -18783.0 
-18603.0 -19322.0 
-18649.0 -19318.0 
-18785.0 -19244.0 
-18862.0 -19165.0 
-19056.0 -18971.0 
-19342.0 -18599.0 
-19363.0 -18557.0 
-19079.0 -18954.0 
-19339.0 -18635.0 
-19385.0 -18551.0 
-19314.0 -18651.0 
-19263.0 -18716.0 
-18968.0 -19069.0 
-18736.0 -19268.0 
-19052.0 -18993.0 
-19412.0 -18480.0 
-18691.0 -19276.0 
-19087.0 -18941.0 
-19294.0 -18689.0 
-18826.0 -19223.0 
-19444.0 -18425.0 
-19440.0 -18444.0 
-18924.0 -19121.0 
-19110.0 -18898.0 
-19476.0 -18345.0 
-18931.0 -19098.0 
-18659.0 -19284.0 
-19096.0 -18914.0 
-18736.0 -19268.0 
-18910.0 -19128.0 
-19421.0 -18453.0 
-18946.0 -19095.0 
-19031.0 -19002.0 
-19551.0 -18094.0 
-18676.0 -19283.0 
-19456.0 -18407.0 
-19401.0 -18504.0 
-19551.0 -18094.0 
-19357.0 -18585.0 
-18654.0 -19309.0 
-19249.0 -18755.0 
-19469.0 -18374.0 
-19140.0 -18873.0 
-18837.0 -19217.0 
-18854.0 -19187.0 
-19506.0 -18293.0 
-19469.0 -18374.0 
-19263.0 -18716.0 
-18988.0 -19055.0 
-18854.0 -19187.0 
-19187.0 -18797.0 
-19152.0 -18869.0 
-19181.0 -18825.0 
-19404.0 -18494.0 
-19476.0 -18345.0 
-19497.0 -18316.0 
-19307.0 -18661.0 
-19196.0 -18793.0 
-19249.0 -18755.0 
-19284.0 -18693.0 
-18988.0 -19055.0 
-19497.0 -18316.0 
-18826.0 -19223.0 
-18714.0 -19269.0 
-19456.0 -18407.0 
-19502.0 -18305.0 
-19393.0 -18528.0 
-19128.0 -18884.0 
-19107.0 -18913.0 
-19011.0 -19036.0 
-19393.0 -18528.0 
-19530.0 -18269.0 
-19545.0 -18112.0 
-19026.0 -19010.0 
-19284.0 -18693.0 
-18959.0 -19083.0 
-18714.0 -19269.0 
-19181.0 -18825.0 
-19128.0 -18884.0 
-18862.0 -19165.0 
-19506.0 -18293.0 
-19152.0 -18869.0 
-18837.0 -19217.0 
-19026.0 -19010.0 
-19307.0 -18661.0 
-19005.0 -19040.0 
