-18373.0 -19458.0 
-18373.0 -19458.0 
-19570.0 -17982.0 
-18812.0 -19251.0 
-19055.0 -18991.0 
-18821.0 -19219.0 
-18557.0 -19404.0 
-18896.0 -19182.0 
-19397.0 -18491.0 
-19540.0 -18052.0 
-19520.0 -18128.0 
-18751.0 -19261.0 
-19019.0 -19009.0 
-19518.0 -18203.0 
-18904.0 -19125.0 
-18963.0 -19091.0 
-19501.0 -18292.0 
-19321.0 -18598.0 
-19196.0 -18764.0 
-18516.0 -19423.0 
-18641.0 -19313.0 
-18474.0 -19439.0 
-18594.0 -19345.0 
-19274.0 -18704.0 
-18863.0 -19208.0 
-19112.0 -18924.0 
-18422.0 -19455.0 
-18713.0 -19303.0 
-19056.0 -18948.0 
-19352.0 -18577.0 
-18976.0 -19042.0 
-18518.0 -19411.0 
-19314.0 -18643.0 
-19527.0 -18083.0 
-18474.0 -19439.0 
-18422.0 -19455.0 
-18688.0 -19311.0 
-19374.0 -18514.0 
-19450.0 -18396.0 
-18964.0 -19064.0 
-18569.0 -19373.0 
-19242.0 -18713.0 
-19174.0 -18823.0 
-19467.0 -18324.0 
-19424.0 -18421.0 
-19191.0 -18805.0 
-19543.0 -17991.0 
-19002.0 -19040.0 
-19421.0 -18451.0 
-19508.0 -18245.0 
-18582.0 -19370.0 
-18622.0 -19340.0 
-19219.0 -18757.0 
-19136.0 -18852.0 
-18725.0 -19281.0 
-19282.0 -18683.0 
-18733.0 -19274.0 
-19013.0 -19027.0 
-18863.0 -19208.0 
-19385.0 -18504.0 
-19154.0 -18845.0 
-19508.0 -18245.0 
-19241.0 -18727.0 
-18913.0 -19116.0 
-19128.0 -18869.0 
-19455.0 -18363.0 
-19078.0 -18944.0 
-19159.0 -18829.0 
-19541.0 -18008.0 
-19078.0 -18944.0 
-19364.0 -18544.0 
-19455.0 -18363.0 
-19364.0 -18544.0 
-19518.0 -18203.0 
-19421.0 -18451.0 
-18932.0 -19111.0 
-18932.0 -19111.0 
-19282.0 -18683.0 
-19308.0 -18651.0 
-19308.0 -18651.0 
-19112.0 -18924.0 
-19486.0 -18304.0 
-19127.0 -18889.0 
-19127.0 -18889.0 
-18896.0 -19182.0 
-19352.0 -18577.0 
-19486.0 -18304.0 
-19467.0 -18324.0 
-19225.0 -18742.0 
-18688.0 -19311.0 
-19525.0 -18122.0 
-18751.0 -19261.0 
-18637.0 -19330.0 
-19450.0 -18396.0 
-19321.0 -18598.0 
-19424.0 -18421.0 
-18632.0 -19334.0 
-19191.0 -18805.0 
-19225.0 -18742.0 
-19526.0 -18103.0 
