-18404.0 -19313.0 
-19113.0 -18665.0 
-18404.0 -19313.0 
-18515.0 -19309.0 
-19023.0 -18810.0 
-19069.0 -18733.0 
-19012.0 -18883.0 
-18587.0 -19238.0 
-18957.0 -18976.0 
-18867.0 -19079.0 
-18638.0 -19237.0 
-19044.0 -18742.0 
-18888.0 -19028.0 
-18961.0 -18920.0 
-18828.0 -19096.0 
-19043.0 -18785.0 
-18566.0 -19283.0 
-18767.0 -19140.0 
-18553.0 -19299.0 
-18739.0 -19192.0 
-19069.0 -18733.0 
-18586.0 -19268.0 
-18807.0 -19133.0 
-18927.0 -19006.0 
-18840.0 -19081.0 
-18928.0 -18982.0 
-18704.0 -19198.0 
-18685.0 -19208.0 
-19023.0 -18810.0 
-18760.0 -19162.0 
-18650.0 -19212.0 
-18641.0 -19213.0 
-18888.0 -19028.0 
-19012.0 -18883.0 
-18810.0 -19115.0 
-19043.0 -18785.0 
-19004.0 -18901.0 
-18740.0 -19174.0 
-18553.0 -19299.0 
-18867.0 -19079.0 
-18906.0 -19013.0 
-18809.0 -19126.0 
-18979.0 -18911.0 
-18810.0 -19115.0 
-18746.0 -19168.0 
-18997.0 -18903.0 
-18979.0 -18911.0 
-18943.0 -18980.0 
-18902.0 -19015.0 
-18704.0 -19198.0 
-18586.0 -19268.0 
-18968.0 -18915.0 
-18693.0 -19203.0 
-18943.0 -18980.0 
-18902.0 -19015.0 
-18997.0 -18903.0 
-18767.0 -19140.0 
-18840.0 -19081.0 
-18760.0 -19162.0 
-18693.0 -19203.0 
-18650.0 -19212.0 
-18746.0 -19168.0 
-18685.0 -19208.0 
-18906.0 -19013.0 
-18968.0 -18915.0 
-19044.0 -18742.0 
-19004.0 -18901.0 
-18807.0 -19133.0 
-18961.0 -18920.0 
-18927.0 -19006.0 
-18739.0 -19192.0 
-18740.0 -19174.0 
-18638.0 -19237.0 
-18641.0 -19213.0 
-18928.0 -18982.0 
-18587.0 -19238.0 
-19023.0 -18810.0 
-18888.0 -19028.0 
-19012.0 -18883.0 
-18867.0 -19079.0 
-18979.0 -18911.0 
-18704.0 -19198.0 
-18586.0 -19268.0 
-18902.0 -19015.0 
-18767.0 -19140.0 
-18840.0 -19081.0 
-18760.0 -19162.0 
-18906.0 -19013.0 
-19004.0 -18901.0 
-18807.0 -19133.0 
-18961.0 -18920.0 
-18638.0 -19237.0 
-18641.0 -19213.0 
-18641.0 -19213.0 
-18979.0 -18911.0 
-18961.0 -18920.0 
-18840.0 -19081.0 
-18641.0 -19213.0 
-19023.0 -18810.0 
-19012.0 -18883.0 
