0.05783495531138516 105416.99240813547 
0.6805955324710201 124606.83245069861 
0.2718828522316197 207128.3254612764 
0.5729196836997857 27824.59886198007 
0.2048744272725298 144989.35933686487 
0.4569426623890016 115259.9298370023 
0.3658747317873451 120020.83225204964 
0.9530850707704093 116355.7435219813 
0.1572435428240302 159860.76314193895 
0.16278830753812357 138994.96851269368 
0.2400251339816537 53091.717163315145 
0.25663143357127083 107959.42585632685 
0.03477410182081875 262067.05369263582 
0.45264707875905175 124804.19187673842 
0.49329653470965584 91610.87115664063 
0.17878833783003545 136136.01887852495 
0.6014518531936366 133034.2031844212 
0.7754785819487272 152177.9514977421 
0.8702932145873583 128184.12849232844 
0.8167205514408487 53153.46675278788 
0.7540982862819073 97672.45567178151 
0.5190356676849518 30843.716355458164 
0.7873120319087197 191159.92086286834 
0.5994378296182011 55024.9377069189 
0.5754894492277342 164461.189951857 
0.44195685476903823 122073.68632491965 
0.479237211101324 119928.23779962701 
0.142455629799351 80536.52006463901 
0.34077507434514986 144304.9853608384 
0.6392807165380238 108146.71308772857 
0.9383669026620355 167377.54437473058 
0.11368735151562925 83326.43120306211 
0.044634991569485694 71027.4894106776 
0.7307526664098276 69328.09345634072 
0.28498753015086487 121264.5717864891 
0.7314421244034808 121916.80965465913 
0.5926881009493711 41054.00886577233 
0.3446852024003322 17373.566181928025 
0.6020562551731009 137972.92851480824 
0.051768155775368196 97098.8090922935 
0.4976684242727568 203843.49825863013 
0.15669593761977296 200796.9472138266 
0.10770948761284282 32438.55463777317 
0.5911673705051691 190859.2847914186 
0.19467452137490915 42888.836458106416 
0.9882183921546344 103861.25231441954 
0.8931812896049128 105888.81314224166 
0.8287916057757143 73049.81703466571 
0.6219038028491611 73266.49890000389 
0.6218248040214092 63473.51823812583 
0.36065688780047467 44471.36097547026 
0.702004615331906 75154.20992671303 
0.8878031848205076 5273.082151448466 
0.9425167795775878 80747.84288777654 
0.007411134757718596 131589.0581768184 
0.8928976848977237 19328.60955558658 
0.42719221403901797 126471.88703628817 
0.796340644978579 161658.4023623635 
0.48490713794882667 118142.85969055547 
0.6414012643921698 37494.785815542265 
0.08740901125544476 132943.402718561 
0.19561682722492724 85914.26040251837 
0.47793902708865443 87934.86583684852 
0.7712924060554688 73742.1048359094 
0.07629958314379282 241242.45845598893 
0.08452425430880617 114576.7230702016 
0.026146424163479898 58523.334941738474 
0.5045274521567867 70506.9945356988 
0.49679502824079347 19135.070284232377 
0.7503891326792029 96231.79209079377 
0.6752617675897846 35256.751760097504 
0.03345582942277803 68170.17609345148 
0.47081086204323097 90948.7158093111 
0.6555377871017857 131330.52916658163 
0.09813627242278611 14434.314556441386 
0.7216252672877744 148328.57682027426 
0.5800146203402257 107840.05590601833 
0.9132295730206892 111536.82444343272 
0.39675451844335585 136744.06984697972 
0.6813525215359751 143988.6581565863 
0.571422442283597 126549.32776562139 
0.9398061409162928 118315.99246508277 
0.36535317074763785 184386.07549572398 
0.713262748472283 123647.4262576399 
0.8898634388603545 83283.90124555511 
0.8649130132649592 81569.38370025065 
0.8463259482287584 25601.339953680603 
0.7258641531334207 94894.97633736847 
0.402662367993576 141061.8196858543 
0.44935504263343906 70969.73308713872 
0.41897668093418405 23794.6732799484 
0.14183361626726243 132666.93382125784 
0.6473767297793513 103948.9515034119 
0.41207065654619934 100318.27360627403 
0.5917502915410912 101852.89614211928 
0.6840640793308022 192566.73550458616 
0.19581181123691382 55001.744828091316 
0.039691475352348404 167917.9289149976 
0.2561812894581126 124324.67138831416 
0.7111237499803733 50602.15564970788 
