-19422.0 -18346.0 
-19422.0 -18346.0 
-18481.0 -19667.0 
-18481.0 -19667.0 
-19388.0 -18557.0 
-19368.0 -18663.0 
-18618.0 -19572.0 
-18539.0 -19603.0 
-18493.0 -19613.0 
-19395.0 -18450.0 
-18823.0 -19447.0 
-18953.0 -19323.0 
-18730.0 -19505.0 
-18539.0 -19603.0 
-19379.0 -18586.0 
-18627.0 -19537.0 
-19016.0 -19232.0 
-18696.0 -19525.0 
-18907.0 -19341.0 
-18773.0 -19448.0 
-18649.0 -19527.0 
-19353.0 -18706.0 
-19406.0 -18413.0 
-19069.0 -19140.0 
-19210.0 -18961.0 
-19030.0 -19208.0 
-19160.0 -19016.0 
-19094.0 -19132.0 
-19035.0 -19176.0 
-18836.0 -19422.0 
-18866.0 -19366.0 
-18750.0 -19454.0 
-18954.0 -19302.0 
-18734.0 -19481.0 
-18990.0 -19263.0 
-18859.0 -19401.0 
-19182.0 -18984.0 
-19403.0 -18425.0 
-18978.0 -19281.0 
-19150.0 -19038.0 
-19237.0 -18905.0 
-19331.0 -18734.0 
-19307.0 -18761.0 
-19142.0 -19042.0 
-18696.0 -19525.0 
-18744.0 -19470.0 
-19353.0 -18706.0 
-18889.0 -19357.0 
-18990.0 -19263.0 
-19262.0 -18855.0 
-19305.0 -18785.0 
-19123.0 -19050.0 
-19221.0 -18940.0 
-19331.0 -18734.0 
-19097.0 -19118.0 
-18865.0 -19379.0 
-19379.0 -18586.0 
-19297.0 -18794.0 
-19017.0 -19213.0 
-18618.0 -19572.0 
-18907.0 -19341.0 
-19119.0 -19080.0 
-19109.0 -19085.0 
-19187.0 -18975.0 
-19292.0 -18811.0 
-19063.0 -19159.0 
-19172.0 -19007.0 
-19226.0 -18916.0 
-18836.0 -19422.0 
-18769.0 -19450.0 
-18978.0 -19281.0 
-19212.0 -18943.0 
-19269.0 -18827.0 
-19120.0 -19058.0 
-19262.0 -18855.0 
-19395.0 -18450.0 
-19406.0 -18413.0 
-19315.0 -18749.0 
-18889.0 -19357.0 
-18649.0 -19527.0 
-19248.0 -18880.0 
-19048.0 -19172.0 
-18859.0 -19401.0 
-19248.0 -18880.0 
-19103.0 -19099.0 
-18493.0 -19613.0 
-19315.0 -18749.0 
-19048.0 -19172.0 
-19275.0 -18826.0 
-19275.0 -18826.0 
-19172.0 -19007.0 
-19243.0 -18889.0 
-19103.0 -19099.0 
-18954.0 -19302.0 
-19292.0 -18811.0 
-19063.0 -19159.0 
-19187.0 -18975.0 
-19226.0 -18916.0 
-19243.0 -18889.0 
-19269.0 -18827.0 
