-19309.0 -18742.0 
-18400.0 -19583.0 
-18400.0 -19583.0 
-19309.0 -18742.0 
-19214.0 -18924.0 
-18557.0 -19569.0 
-19248.0 -18882.0 
-19252.0 -18801.0 
-19198.0 -18979.0 
-18603.0 -19560.0 
-18666.0 -19520.0 
-19141.0 -19060.0 
-18708.0 -19491.0 
-18465.0 -19575.0 
-18504.0 -19570.0 
-19035.0 -19151.0 
-18912.0 -19301.0 
-19145.0 -19023.0 
-19092.0 -19116.0 
-18977.0 -19230.0 
-18863.0 -19349.0 
-19108.0 -19085.0 
-19025.0 -19173.0 
-19048.0 -19128.0 
-19224.0 -18894.0 
-18622.0 -19521.0 
-18819.0 -19385.0 
-18710.0 -19463.0 
-18610.0 -19527.0 
-18465.0 -19575.0 
-18979.0 -19199.0 
-19271.0 -18754.0 
-19164.0 -18993.0 
-18666.0 -19520.0 
-18759.0 -19429.0 
-18912.0 -19301.0 
-18504.0 -19570.0 
-19108.0 -19085.0 
-19159.0 -19018.0 
-18784.0 -19425.0 
-19043.0 -19136.0 
-19233.0 -18893.0 
-18801.0 -19405.0 
-18946.0 -19255.0 
-18884.0 -19327.0 
-18708.0 -19491.0 
-19011.0 -19178.0 
-18884.0 -19327.0 
-18924.0 -19274.0 
-19283.0 -18753.0 
-19141.0 -19060.0 
-18995.0 -19188.0 
-19266.0 -18793.0 
-18965.0 -19237.0 
-19172.0 -18990.0 
-19267.0 -18780.0 
-19301.0 -18752.0 
-18734.0 -19443.0 
-19198.0 -18979.0 
-18988.0 -19198.0 
-19006.0 -19186.0 
-18946.0 -19255.0 
-18850.0 -19356.0 
-18927.0 -19268.0 
-18878.0 -19331.0 
-18789.0 -19413.0 
-19095.0 -19105.0 
-19095.0 -19105.0 
-18810.0 -19399.0 
-18720.0 -19456.0 
-18958.0 -19240.0 
-19253.0 -18795.0 
-18720.0 -19456.0 
-18754.0 -19435.0 
-18833.0 -19374.0 
-18840.0 -19368.0 
-19172.0 -18990.0 
-19156.0 -19021.0 
-18734.0 -19443.0 
-18878.0 -19331.0 
-18833.0 -19374.0 
-18924.0 -19274.0 
-19267.0 -18780.0 
-19048.0 -19128.0 
-18850.0 -19356.0 
-18748.0 -19438.0 
-18927.0 -19268.0 
-18603.0 -19560.0 
-18840.0 -19368.0 
-19092.0 -19116.0 
-19248.0 -18882.0 
-18810.0 -19399.0 
-18958.0 -19240.0 
-18789.0 -19413.0 
-18610.0 -19527.0 
-18622.0 -19521.0 
-18748.0 -19438.0 
-19252.0 -18801.0 
-18784.0 -19425.0 
-19301.0 -18752.0 
