-19388.0 -18566.0 
-18255.0 -19772.0 
-19388.0 -18566.0 
-18651.0 -19561.0 
-18487.0 -19657.0 
-18296.0 -19716.0 
-19212.0 -19026.0 
-19387.0 -18654.0 
-18615.0 -19589.0 
-19378.0 -18713.0 
-18412.0 -19673.0 
-18778.0 -19455.0 
-18553.0 -19598.0 
-19170.0 -19031.0 
-18679.0 -19542.0 
-19256.0 -18912.0 
-19284.0 -18893.0 
-18351.0 -19698.0 
-19012.0 -19252.0 
-19289.0 -18843.0 
-19219.0 -18975.0 
-19105.0 -19107.0 
-19374.0 -18722.0 
-18710.0 -19497.0 
-18808.0 -19434.0 
-18296.0 -19716.0 
-19387.0 -18654.0 
-18954.0 -19302.0 
-18362.0 -19685.0 
-18849.0 -19410.0 
-18973.0 -19261.0 
-19070.0 -19159.0 
-19166.0 -19054.0 
-18496.0 -19622.0 
-18500.0 -19616.0 
-18703.0 -19518.0 
-19306.0 -18803.0 
-19094.0 -19131.0 
-18888.0 -19344.0 
-19280.0 -18905.0 
-18405.0 -19675.0 
-19014.0 -19212.0 
-18615.0 -19589.0 
-18863.0 -19354.0 
-18534.0 -19609.0 
-18903.0 -19327.0 
-18750.0 -19460.0 
-18913.0 -19313.0 
-19136.0 -19094.0 
-19130.0 -19104.0 
-18860.0 -19379.0 
-19336.0 -18733.0 
-19166.0 -19054.0 
-18743.0 -19490.0 
-18854.0 -19389.0 
-19321.0 -18770.0 
-19329.0 -18756.0 
-18738.0 -19491.0 
-19136.0 -19094.0 
-19021.0 -19192.0 
-19305.0 -18825.0 
-19231.0 -18945.0 
-18879.0 -19352.0 
-19070.0 -19159.0 
-19040.0 -19181.0 
-19083.0 -19135.0 
-18964.0 -19286.0 
-19228.0 -18961.0 
-18813.0 -19428.0 
-19040.0 -19181.0 
-18757.0 -19458.0 
-19237.0 -18932.0 
-19319.0 -18788.0 
-19027.0 -19184.0 
-19330.0 -18737.0 
-18828.0 -19420.0 
-18351.0 -19698.0 
-18553.0 -19598.0 
-18689.0 -19528.0 
-18534.0 -19609.0 
-19237.0 -18932.0 
-18828.0 -19420.0 
-18487.0 -19657.0 
-18964.0 -19286.0 
-18991.0 -19258.0 
-18991.0 -19258.0 
-18906.0 -19316.0 
-19224.0 -18973.0 
-18412.0 -19673.0 
-19289.0 -18843.0 
-19014.0 -19212.0 
-18362.0 -19685.0 
-18954.0 -19302.0 
-18689.0 -19528.0 
-19305.0 -18825.0 
-18913.0 -19313.0 
-19083.0 -19135.0 
-18405.0 -19675.0 
-19336.0 -18733.0 
-19319.0 -18788.0 
