-18473.0 -19567.0 
-19411.0 -18391.0 
-19411.0 -18391.0 
-18473.0 -19567.0 
-18587.0 -19564.0 
-19410.0 -18532.0 
-19052.0 -19195.0 
-18624.0 -19515.0 
-19290.0 -18820.0 
-18709.0 -19454.0 
-18836.0 -19380.0 
-18900.0 -19344.0 
-18800.0 -19387.0 
-18935.0 -19302.0 
-19290.0 -18820.0 
-19318.0 -18758.0 
-19318.0 -18758.0 
-18666.0 -19508.0 
-19011.0 -19199.0 
-18770.0 -19421.0 
-18688.0 -19491.0 
-18966.0 -19291.0 
-19386.0 -18577.0 
-19054.0 -19148.0 
-19373.0 -18578.0 
-18864.0 -19355.0 
-19266.0 -18858.0 
-18795.0 -19411.0 
-18900.0 -19344.0 
-18935.0 -19302.0 
-18624.0 -19515.0 
-18730.0 -19453.0 
-19233.0 -18888.0 
-19100.0 -19098.0 
-19217.0 -18947.0 
-18587.0 -19564.0 
-19251.0 -18872.0 
-19359.0 -18642.0 
-19368.0 -18614.0 
-19410.0 -18532.0 
-19266.0 -18858.0 
-19190.0 -18986.0 
-19190.0 -18986.0 
-18688.0 -19491.0 
-19147.0 -19042.0 
-19345.0 -18696.0 
-19087.0 -19127.0 
-18987.0 -19229.0 
-19217.0 -18947.0 
-19353.0 -18644.0 
-19326.0 -18722.0 
-18968.0 -19279.0 
-18979.0 -19268.0 
-19329.0 -18714.0 
-19229.0 -18914.0 
-19159.0 -19020.0 
-19344.0 -18706.0 
-18738.0 -19437.0 
-18856.0 -19367.0 
-19060.0 -19138.0 
-19106.0 -19080.0 
-18666.0 -19508.0 
-19368.0 -18614.0 
-19348.0 -18669.0 
-19005.0 -19202.0 
-19130.0 -19056.0 
-19172.0 -19011.0 
-19386.0 -18577.0 
-19095.0 -19119.0 
-18991.0 -19227.0 
-18755.0 -19426.0 
-19219.0 -18930.0 
-18981.0 -19256.0 
-19147.0 -19042.0 
-19348.0 -18669.0 
-19120.0 -19066.0 
-19186.0 -18996.0 
-19172.0 -19011.0 
-19120.0 -19066.0 
-19130.0 -19056.0 
-18755.0 -19426.0 
-19159.0 -19020.0 
-18856.0 -19367.0 
-19242.0 -18877.0 
-19106.0 -19080.0 
-19087.0 -19127.0 
-18864.0 -19355.0 
-18738.0 -19437.0 
-19229.0 -18914.0 
-19005.0 -19202.0 
-19186.0 -18996.0 
-18991.0 -19227.0 
-18981.0 -19256.0 
-19219.0 -18930.0 
-19326.0 -18722.0 
-19057.0 -19141.0 
-19242.0 -18877.0 
-18795.0 -19411.0 
-19060.0 -19138.0 
-19095.0 -19119.0 
