0.005229501560259475	0.31244154979601235	0.9037458087862917	0.1846126337028957	0.6993392618844151	0.5881339805606507	0.025270202616954007	0.5435687471661086	0.4555686788469777	0.7414330611509354	0.9739079660377258	0.9414230886936916	0.3171591225798528	0.629216598616162	0.4469846294147709	0.20317304828754157	0.0937219360788577	0.26228643490088366	0.5496880364360024	0.5021419504246961
0.5402652856260866	0.2795662752130318	0.3638126622499759	0.04690569662815436	0.7338285452356904	0.823409166916911	0.6438287891890188	0.7909689527714687	0.9581087606322829	0.4708126679269016	0.9814014071947088	0.44802211262800706	0.9922600861902454	0.6244561628751479	0.2878254301479991	0.603902640455399	0.06112020319241607	0.31987431843272873	0.7729424907858148	0.698713691003748
0.7772620461668643	0.40055155789106434	0.41247303805417335	0.4454729040047558	0.8382331495642809	0.3243134128052403	0.25237913095323783	0.7500905178703734	0.10183112884856527	0.5952104711300533	0.9551907181325469	0.013709293569971082	0.1810805615140837	0.18951506796002726	0.799018038732391	0.22190928813636368	0.30355641616396256	0.8234749587032641	0.6022065346113813	0.6990256244505042
0.47631524163610406	0.9623397449793004	0.13975742303472083	0.7199525301557207	0.4884428883935512	0.11284984778083917	0.5022365863388873	0.4053334741066176	0.15991256300504475	0.31173738897588	0.39922847278845675	0.8668079143014121	0.1369422485200289	0.0030222893924053418	0.6040691406878265	0.3532393631556743	0.37388459773789895	0.3035574449284837	0.06813866668714008	0.1438193874589062
0.18350521894941108	0.08657800115067449	0.47490007914500787	0.7241894775330737	0.4244898567652903	0.6402812060610596	0.9532160935169854	0.7107108323362544	0.3749282818172589	0.6402817895513635	0.4993861270593355	0.09357614031580519	0.4604528742985796	0.06959987080174601	0.45913425507337124	0.7054473794191979	0.4813048304831665	0.5219706986087077	0.9491656366217215	0.17538436768757903
0.8134213124720288	0.37601341386823195	0.7216363084201525	0.8379741939909097	0.34994712555930674	0.5271630723557416	0.9913373914982199	0.0878087572936791	0.030898814908979055	0.5846559340940152	0.8714793901610478	0.12936233632103256	0.7054617723196539	0.02573393627580345	0.43339704903178833	0.6776586792189592	0.9198660747268503	0.539498881350125	0.3838985680072876	0.7781839404091759
0.3287826006023207	0.40642996987499	0.4074271049991076	0.35367472057671145	0.2579570344862272	0.952784216883467	0.5443467952521056	0.6331415778561614	0.8289976233680642	0.27032701574905105	0.6737137797766706	0.7904498280187042	0.8169070437874918	0.6114697941207289	0.16636665297591313	0.8533153743421417	0.4016228994342682	0.8588189465904031	0.7880225994965356	0.07087473450577286
0.16414913444173296	0.12280501905118624	0.020273830031914852	0.10157433020402484	0.3498382806814788	0.4727550615340116	0.578363238464936	0.6590349857290165	0.7265027608765825	0.5992016204328261	0.22127113355027572	0.07846946005793431	0.091503803374408	0.7711491583325437	0.13151336267708014	0.49156915824673064	0.07142663381733716	0.014292891357716941	0.24852114134657166	0.9723528780340382
0.7543461351516062	0.10072253970009493	0.04301049147276659	0.34503508869082644	0.38904019494469444	0.8179567718217717	0.3248270575368606	0.7813794716784435	0.5387200303776007	0.4908173048615191	0.593497028583829	0.9883674071504193	0.15861026352998187	0.7863412920631746	0.867607194444641	0.7844972221596743	0.35105126360537775	0.6716697620381044	0.5480465721740354	0.9054099607269159
0.1830670049930906	0.8007916487536325	0.12165875674760118	0.04756544404826313	0.16336495261258166	0.2614800006235747	0.3361627989989273	0.016047261544451907	0.28894998229111324	0.29645472540724893	0.8204392051635258	0.7712695969399688	0.9513470038059729	0.18229542667327758	0.10153058657333736	0.5090098102948987	0.734326050659978	0.9855105564191561	0.5618313153859621	0.5362339590636908
0.9349402834902119	0.7251686426342933	0.6552331215786447	0.49268010175450616	0.2916218958825697	0.12322689831870648	0.383701704773319	0.11220337265855063	0.7472797696657437	0.9397532588326756	0.12194670152909004	0.5511340585919119	0.8186821146192793	0.7677137216517828	0.686195624500152	0.8475353540153433	0.6704240146459874	0.18731453219587613	0.06983100693069533	0.042412224440036894
0.04626439195834309	0.052320450005135966	0.37711773233758705	0.8459162908499575	0.38598784618078996	0.8838249225088993	0.6764551763889934	0.6004270999497896	0.1595586361663902	0.5800920697500239	0.9306752943900138	0.40052139030881895	0.7250145434107385	0.1836455678673493	0.7356529519917199	0.7639001668193897	0.335875705415711	0.6266758401013055	0.490601145812511	0.8440439850031619
0.821141624358008	0.8091936983484163	0.42694428584939914	0.08843596414658572	0.7636292030137872	0.6925394907081827	0.9542973219903267	0.14577020776297733	0.7168938313662592	0.33938087071025624	0.6346785470159233	0.46197988746868757	0.6477958332889082	0.7598400088257465	0.3933278550645386	0.26287583652397806	0.008723764061845052	0.8178347971732794	0.9195882171793225	0.5774354628439528
0.48863418567404837	0.6337510013978226	0.7468060921041257	0.3602863871829416	0.24978999578353045	0.6833019702041984	0.2803202334662379	0.9877510866198111	0.9593574593726639	0.22212502704894765	0.7284191210487734	0.4373082403329519	0.454117997665229	0.6344395382179706	0.7534033734257212	0.4736828453253509	0.6058275255157176	0.5600570733261512	0.8242971512457103	0.8604370863687592
0.2793479885728055	0.8376338573917311	0.2328816953675047	0.2893976534347745	0.03483549078205417	0.4919942183665178	0.20100284790047673	0.2406236346714834	0.461642693632889	0.7036010751664196	0.11656544831573523	0.0396023497278829	0.9008049156210972	0.8046681594633027	0.020821327378353183	0.380020449127103	0.6470203967929865	0.7159888922477656	0.11422194709432221	0.297943188468184
0.9902197867775715	0.9417606183037946	0.394903436430292	0.15439568760243083	0.389742640832072	0.37139665853832027	0.33968904132525246	0.057787595261228786	0.09237672681863085	0.12140612198133804	0.5656174763704169	0.595346767317581	0.7772767545326565	0.18715383923218754	0.07422395910831348	0.0880177169925338	0.48936589125369645	0.5393851777242388	0.8327680878586029	0.12378432277068474
0.42299707710500645	0.6982680564462344	0.03670112168620299	0.7282462183727251	0.3798380191972561	0.8851851595459157	0.4841301100718777	0.06935893177012042	0.7457457629085705	0.38684053264619556	0.0027383584295855856	0.09614166693235049	0.16169820967779824	0.8102898405840577	0.03759903754001004	0.2510020181074073	0.8347876504857126	0.04690220979568194	0.7598038107039748	0.07885903690618179
0.927811850718997	0.504002122673688	0.5985744857281786	0.43977974888625404	0.45917976517937154	0.8658371808779641	0.611244318652235	0.7480266166586115	0.6882988562914657	0.5379959662113504	0.4060188544011829	0.6879213337362684	0.2773701080477462	0.3191182135737617	0.679252989815534	0.3551039910140277	0.3006132837236768	0.6129750454026553	0.8436871698938001	0.3870026443959095
0.9156962515320163	0.14319304457155435	0.7775866600874708	0.8201447318316941	0.5850485227554174	0.8773631774675261	0.534176648491768	0.4256214926985228	0.6926162944429389	0.44134934965083006	0.6474277158086841	0.1628603590169012	0.09563503601323309	0.9861451482761897	0.6503326077705749	0.7368900506674193	0.6215228278793864	0.6238116028583736	0.2731291836924852	0.031827748141965206
0.40865325229905547	0.30614780716490486	0.2710993547512862	0.5030859501404513	0.5133402664970587	0.7847575122981464	0.8414350700380842	0.8241914607573751	0.34569839063214125	0.23567130857497331	0.025244030565549136	0.27128247761114743	0.09663897563639323	0.5619560274591583	0.5311724527644847	0.6078532329540134	0.911790919700697	0.6655868655382071	0.6976343234950332	0.6614430481996434
0.12626866295478045	0.5272667287865312	0.7608443027122606	0.14306607909199387	0.6754908018347714	0.7019067557995602	0.6400722825868157	0.43535362593991755	0.48878441644022785	0.3129911234465762	0.5221298079895718	0.06823301476250265	0.3813838535186096	0.8908574130498129	0.5075675285979917	0.16748924474839044	0.5437973173187173	0.11733251829689506	0.8482813677952747	0.2473482179185713
0.5888356197089141	0.978566368661213	0.6570136313768967	0.15547339850280162	0.20665202448562747	0.4341584462970941	0.36636718975340365	0.11704069740932943	0.25822775530835274	0.02977576053684705	0.4401531455226587	0.24029975358596833	0.7324326064949501	0.9332291713249297	0.20067369107894872	0.8323047778974295	0.24151241893056674	0.30147890950307576	0.6625631861477532	0.10903127896354348
0.9992006821070554	0.10203767855929347	0.8067932262562919	0.1895450048733136	0.4251345276980324	0.29297490456050923	0.7956850978052118	0.6472547841467169	0.8538250314256904	0.8215191265853813	0.37375438639037517	0.9310135874099745	0.9250494902642393	0.7010039799849912	0.17146379333526318	0.8756812073633761	0.02383650128619197	0.5417336392516018	0.6392482988416609	0.9955823490786938
0.7436362577822108	0.1310117921151499	0.2879388491585577	0.48023857203905074	0.33163983835419286	0.8100701472093302	0.9347003352931412	0.38657411947038267	0.08090698412281039	0.6085237755452464	0.6708405509221302	0.2814254376001879	0.0862377855475468	0.5459289887262708	0.6196882062502842	0.5940808745501047	0.231345777106177	0.9382863323086936	0.7434142226204886	0.842168232300054
0.6545052461683641	0.3849365693790461	0.5356976953330331	0.3447866673709127	0.13398569436305807	0.18983483202532558	0.5150551089757345	0.8118597318837653	0.4975009467878386	0.36163040412077696	0.3898244298912561	0.7209849073786097	0.9064971017516925	0.4700481792719927	0.6751272112898989	0.18568935271308928	0.03705393201264229	0.6773939217754674	0.8769487603287286	0.858993484558078
0.5999619593061429	0.3514890720616194	0.13080257601029766	0.2544928744603798	0.9685783829916553	0.36412092953154274	0.15651470008008517	0.7182965015747825	0.06341327716547773	0.7434698321774333	0.5226609535708859	0.3379199597299585	0.6700021430784125	0.6224873547417922	0.3436129388868512	0.3788799815440068	0.08536264872583232	0.20278646293379898	0.5619133626595569	0.062000743877719366
0.7448079383390516	0.29499110058699374	0.7442785577445871	0.6443973475419064	0.23437721733091454	0.7346949718038924	0.2782671029646294	0.5674610109712697	0.6590667174542632	0.23871091944440037	0.5560150449078904	0.8040916489216434	0.6901817538086955	0.8329938480806216	0.8931636251863116	0.19675608075651518	0.12789209329494544	0.9919582914976426	0.3633886701918574	0.3319919194393146
0.39890721644869054	0.10716661119254278	0.032403594707276495	0.001850877060164069	0.0762083595060008	0.5202038173326163	0.687305574395521	0.35247807396688347	0.9913816098522639	0.17158575950263477	0.10933505297439283	0.8761862311584933	0.6892579236130397	0.7713906212680622	0.7284993749902617	0.4063493316173068	0.3888316264804115	0.9378602589677125	0.8134101599218709	0.7823149109248064
0.07476337851814885	0.2643716585800564	0.3560586841612372	0.06232286671964837	0.13635147964608252	0.37448306166289713	0.5659224029664511	0.24014510457541238	0.7421599336250199	0.2991519121927879	0.7688846810834989	0.04388659314508481	0.6088830616353689	0.7413996526193422	0.7973102407564588	0.4196559098185084	0.991879080485831	0.3613366981393533	0.18283616084539334	0.046839521562210606
0.4215778417781686	0.5273416958456463	0.7151753999210824	0.6281248457906672	0.6888383047597728	0.660694725378798	0.4894063111954954	0.9895749194121755	0.07437881948171099	0.48329870420746557	0.22700918675637483	0.23390654334518557	0.0033246151562490445	0.43738284128163396	0.0634160478731659	0.49602983807963286	0.1642755004732327	0.24526772263802643	0.17123216949550313	0.4239980618943878
0.012272642741853912	0.7316623965613447	0.6027490699900845	0.7523985178985017	0.9852132649756651	0.03323796510393373	0.38597437778330757	0.7126799052507864	0.09054271469146868	0.7482998753316332	0.587342650982828	0.052631734580734335	0.5892342027494929	0.221923491202616	0.26755555857950253	0.8033374425578984	0.7988043703229211	0.13782958711813453	0.874912000747285	0.4314614336159477
0.7722749666766341	0.8309841667948489	0.5489128125437367	0.4508481189706629	0.9088653253981825	0.0643989553184412	0.23974202659096966	0.11002529898730196	0.5046615270963762	0.7277004277197555	0.30794294420953416	0.4088841499708301	0.4218122492127695	0.1482929526202329	0.36451457041152746	0.436310936610636	0.28087487508074493	0.1679562382979488	0.8038814288876146	0.6272659462097832
0.24347735544708815	0.19826254724138048	0.44286697820053267	0.4787150386301888	0.3082870176091481	0.6416407128206224	0.12899755877262942	0.8303879675648391	0.8340533034165898	0.491192929378084	0.12346145387132412	0.5452231575986558	0.4867292030045106	0.9752585320763213	0.7766594038113596	0.7030602039328794	0.013796169535517877	0.7614922200562162	0.0011362605388202107	0.8558625894051636
0.8653537521253295	0.6294323862660938	0.7289921836799111	0.2497518477255618	0.3811475650324595	0.11151037025763744	0.9557572480354257	0.2257767297612311	0.6889491150517651	0.19361871207295356	0.8512266359903371	0.6168789910608974	0.1541417968147787	0.2094671632480951	0.9782082060489908	0.06255793063637183	0.25618209191052677	0.9922439568693467	0.24190826210717564	0.8025911507769414
0.12605791296885627	0.8546080720229984	0.1977837215990894	0.7735427417501447	0.31500136685753954	0.5939898244129325	0.963778815795515	0.03387168996690071	0.774020205494542	0.7250723467826338	0.40138957518460405	0.34919286910683	0.7638446298752875	0.608324298934085	0.3206409434968355	0.9697610407706755	0.6828286517412945	0.44130198284274547	0.5155594991934699	0.4212670039617049
0.8097462303024031	0.23001749382602155	0.12807661942951776	0.7163868003369843	0.7874363129028319	0.5688319025686334	0.041764660238596374	0.1281680565959047	0.6588273735331467	0.2874251435218659	0.48842739392961376	0.4790154352146019	0.5667082498419361	0.18975266903427068	0.2240044988290033	0.37247007545607536	0.924097377667611	0.7509496320655754	0.2517299776089672	0.538603023394281
0.9579474982740791	0.06840873952568316	0.6632138951373779	0.5718320253032599	0.7952149440371448	0.41840459487791404	0.27147755207736757	0.4134791784222943	0.6551076928891657	0.9612531076351971	0.8393462665746212	0.20963543760605496	0.681637642368701	0.02232746412198061	0.9007141196101413	0.7701360205434986	0.08376630258449669	0.24992793847919148	0.8810173082945871	0.5032147403289949
0.29953814473985274	0.41951680451270357	0.12918864060248292	0.7536569899417095	0.9790710439282889	0.8039938418943386	0.08215969130681855	0.46376360943820605	0.5971831058785011	0.5637624632049535	0.4095409640155896	0.9836224082743948	0.9221765641976293	0.29434477548414273	0.8671372550819768	0.8983239378567073	0.6181657695348636	0.5387999274212549	0.8080766953953329	0.9667289430527019
0.2550694986043257	0.3703823841484073	0.7160522916107874	0.7318179045901738	0.037800406060946146	0.2881817525212419	0.21403250746080693	0.6717913997484607	0.8084601554247846	0.8591989505358155	0.8079481651330428	0.7963484217713112	0.4179856608550765	0.12490945574654944	0.6473375316905547	0.04010442164960715	0.467212434787588	0.5595667371508553	0.6226478540962062	0.4468966425251678
0.3815790654914941	0.49531133588114407	0.9453398674536403	0.7757213448126317	0.05660407754777197	0.4040610857572521	0.17189489461886154	0.13121295738788796	0.08640655576621104	0.22609233244739524	0.9874075643924862	0.33252662756891804	0.8486911544992948	0.039085399351427075	0.7813353764516685	0.11624510143343159	0.8287064186075668	0.2902600606199468	0.9400884118971233	0.7887007841882198
0.9443467042522564	0.36244749305957824	0.720430491127926	0.40280477400419423	0.31290394837323887	0.4973258654975663	0.4883824474257905	0.28553892537134284	0.5626067634919545	0.5583471206041002	0.2873036975874492	0.4263596205921326	0.8448075577955063	0.1777663159204116	0.9409282741702392	0.6175732562541992	0.25841081314590497	0.17233480847412708	0.2949433773724546	0.2987723883574537
0.9259348950186055	0.1487637235980651	0.9732251865265154	0.2614660987603944	0.8288552672718474	0.07190281901315654	0.32007666780551525	0.34808327988234156	0.33885610493981233	0.26722717909731286	0.145033833709989	0.8232294904117134	0.3687948087179884	0.6719620020615796	0.47024597747309516	0.7525561017994673	0.8937368951426288	0.11337006209361877	0.2151604823217924	0.5899100234568884
0.45437599638618864	0.9034856811961134	0.29324042237103576	0.5334796306167661	0.4776973461889693	0.629343224722378	0.7197965155652494	0.21355205515669828	0.19666663448935218	0.49593631375079006	0.21633130212645946	0.4789056254083769	0.1962093549248417	0.28625872135038355	0.6518977336474809	0.005101095070061068	0.8198506513688397	0.20556990333305292	0.9427517723212754	0.026340758886947202
0.7220893269123132	0.2507005530186194	0.27531864885635116	0.6794277605108399	0.7995482854035195	0.22493858896018148	0.7149780520966866	0.2494036740000608	0.5940642424489899	0.049569575791523435	0.898908642518972	0.644562582629262	0.3542801183883717	0.5610196934805438	0.6976507204994002	0.09559467331332694	0.4979910160289206	0.23433325214493428	0.6758965714980038	0.26834738211760956
0.19078610029430476	0.0427120398538543	0.8750797257307813	0.08485439972216291	0.24885382007395307	0.39947462393720723	0.2958477997687422	0.6737333885565964	0.39041112218502805	0.9616866723062264	0.7748222680930545	0.948847377168931	0.05622143160506199	0.030978401753568807	0.7160244169701728	0.67232137257125	0.029356581501816303	0.6546888684342275	0.8589649004689835	0.5804273319104908
0.9902265094090988	0.30873049217367454	0.8826253874091481	0.9226436089758446	0.9038011730434063	0.24360049688910868	0.851061388509812	0.16000798505623237	0.4999934521038847	0.015846079346842012	0.5165763957582737	0.7565569219262026	0.18526979708192348	0.5025637342860482	0.7650440187268783	0.8420372386278667	0.6109050412335134	0.5776991409839322	0.12610207695084674	0.9669210906032806
0.4202786200052383	0.8444752819946162	0.547360373947902	0.90673781396378	0.410540715796749	0.14101363368664244	0.2937746347446737	0.22020283627577797	0.4481273490991804	0.5477554076820408	0.9063286453222202	0.9776970236525542	0.30906416106977386	0.1726714722602669	0.4883944547614564	0.6783260047843838	0.2644374245990796	0.5624500575802021	0.8252896313751595	0.35243031915478096
0.7679207382051704	0.6470560307752394	0.37934648176467956	0.17886175451520847	0.4102084797629454	0.912591071103201	0.9115611608772857	0.763720934147115	0.5624572586348372	0.3673368693840737	0.44585766073649435	0.07114362679613817	0.038271034689607686	0.7750533272535581	0.5035978865301513	0.029303971755643365	0.966534317896011	0.984404346350646	0.46017419247181124	0.41956323214391134
0.0473184752535013	0.44239978497058874	0.8825875236301108	0.6292491180573521	0.7133462003118768	0.3815391885590427	0.2509224378779161	0.6489385797284981	0.058148262704907805	0.8198044816302729	0.29586938445624233	0.5365412020682689	0.8851917596710275	0.6705126700015669	0.6746325083433989	0.09594655231937244	0.4561377753941771	0.26840631721847075	0.711707130325611	0.2364749369845378
0.8862198038253075	0.1531210504677285	0.5581063993523775	0.36865314665942805	0.4006006995960143	0.4311504819888754	0.2931568874862771	0.44787834672754656	0.9249884287212324	0.46511794999984024	0.224672991995559	0.7925477252608191	0.5583229914342219	0.4674346598309921	0.7689207438418719	0.2332967801656426	0.07407040558256439	0.9016332011421366	0.9754361721859108	0.7203790739806233
0.07188203385784586	0.655620409632886	0.18593528197103537	0.5691615231638868	0.3833513706903471	0.914649897089411	0.7305821511398324	0.688550650627862	0.4773816188207063	0.29430458746659016	0.6208652288130392	0.20362889527577988	0.4064456383322613	0.8366125497799313	0.1764502767869467	0.6843801095475067	0.8186284836763249	0.6027909181441079	0.5274477478556562	0.9639269130117887
0.547493530038756	0.3551430112868458	0.24353341609214918	0.14938537665222829	0.16809147948311975	0.49313461479631193	0.7329082089916844	0.0876470195891631	0.05393793418528581	0.22108011918669102	0.48702741080227596	0.488593376705182	0.49578179477893425	0.46573498555723614	0.14207085247286033	0.979136352757302	0.19709877926265096	0.08252506082171496	0.34555945212319905	0.4575812392535369
0.024790235619308487	0.5484813643744019	0.6151744250413839	0.1400261346234375	0.5913103492018029	0.7719450567938416	0.9535673963385956	0.9614647145072421	0.3630254963232149	0.7996564261498907	0.80387420303487	0.6956012149803446	0.08971212601543288	0.5133016689754686	0.25379017497048706	0.6165714888516063	0.39185068693732805	0.6076905318089544	0.9059437674088956	0.35732084481583914
0.7969969330639998	0.6536371257079707	0.8343292921940377	0.024520593153557813	0.5456949219629628	0.9357094726465794	0.05369882979271623	0.24521314894473278	0.3479057391770368	0.6079286984718699	0.9645192192828846	0.7451045396320817	0.325404253779345	0.2740434728626916	0.5599367470225818	0.38348198933138966	0.5392412964828195	0.9437680950793151	0.49425050458368736	0.43864222667653785
0.559152846715493	0.9966460139331539	0.6726232736219226	0.36998450454339704	0.5621794770267505	0.6699058805707159	0.26371097538505794	0.05519487585671923	0.5441148038242707	0.9258559515986544	0.4729520609074084	0.13093016341358332	0.7283998506486763	0.3564607262140075	0.46851607775118	0.4546042612210339	0.5471375171152757	0.06339523446868034	0.6465563105690659	0.593551876861265
0.7014578514918407	0.8292285464888212	0.001528963942227235	0.6468024611686609	0.05597465185753148	0.4756121649131909	0.8551015514187312	0.1324247908391153	0.43768044675587403	0.2671891381821998	0.40982847849785264	0.881171494423453	0.5389428430374139	0.4060496212768163	0.9671289312992272	0.7018741876754571	0.3853712521446757	0.9601497541284806	0.5965553977872422	0.5789514703795883
0.3029561469100239	0.39619639126313866	0.04746004962730499	0.30746503105952583	0.8243721491315182	0.9391511934840046	0.2539668399475241	0.1946881557409441	0.27454914423058296	0.5339839288331062	0.688044016733602	0.7208384465013704	0.7178984225676748	0.47177023576132293	0.9253752414643687	0.3893052084849943	0.39985192335956765	0.7965092128924137	0.12202183817491064	0.5047119915031562
0.3786487986858358	0.6161010044772696	0.40820474962287323	0.2372425463441925	0.005814533174654968	0.3678110939354988	0.39980680484331255	0.5313722959009937	0.139000494970424	0.23416609864819982	0.23383290660074585	0.905237808709355	0.7673983384276197	0.12692272016967454	0.09423812054002834	0.04948473076957083	0.6902666215773643	0.28249871492044	0.9883117582689668	0.873075610361061
0.6805663742824144	0.40361865086209037	0.7824227581217886	0.5689567088203331	0.9141586799651539	0.10102438794494528	0.2500158398222231	0.014799377022689741	0.2570987133770284	0.09664566325208057	0.06339235422000866	0.30657529189081045	0.7984062684251041	0.903442690352817	0.5768605409428633	0.8320061895267321	0.5129324343682921	0.982741336763551	0.961137824977967	0.5791111079556335
0.8156558756343822	0.012049541943109254	0.3373905143416658	0.3494418077484619	0.4053638593952993	0.392530777498044	0.8095894101898415	0.5879960487239058	0.0647846704990851	0.11900885235822967	0.4086866334193623	0.6650375633037103	0.7412366022181013	0.5047107902129955	0.9296005924041766	0.2549204755835046	0.5106282433284235	0.8772492454031778	0.1810766224092325	0.02167011761053561
0.4860368011344115	0.9403792216732075	0.009819867402759974	0.706552028175861	0.5927412960077353	0.21895062065614168	0.7400577343635383	0.005943595903281196	0.7093855725994864	0.11931873251556346	0.21821442678612124	0.5888878578765842	0.19370950856516655	0.9573238625755087	0.3423486325213365	0.948901037364921	0.7788148677863456	0.9000480140915003	0.7699152279168133	0.5592866364436606
0.14579416234113263	0.7072136535293149	0.5473931410950243	0.6722881319995055	0.20837150257663717	0.5264829681781823	0.8091632585254892	0.7472622013804954	0.6897405641105069	0.045207769808860765	0.044044620089429554	0.6150483948142841	0.5757959971471318	0.7711169620928067	0.771260867690618	0.928723079462147	0.7120338722681473	0.5785478933774612	0.5543323271971481	0.19739552138655103
0.4672593681257282	0.0707000289100197	0.0796065059857829	0.11978883003883534	0.6252543703919489	0.6289487814433982	0.8437782300010501	0.3155376683326002	0.9616241293006768	0.6904201481175836	0.5529218556408254	0.6703831363579792	0.6950716877916991	0.9648212940656972	0.023137823432208826	0.027403585995857127	0.700611249005314	0.07749147573324255	0.029532997131285987	0.5547049924591054
0.553615090734142	0.45017289364219926	0.3702512919064591	0.1318699367170233	0.3040335673008635	0.6045620718624208	0.12156400982519822	0.2956149318843133	0.907951221466742	0.21406485911695927	0.3921868604071512	0.3757724919360448	0.941851569664169	0.27980445780703167	0.13831996888069664	0.03671950488533582	0.533648442792756	0.06960787560259152	0.4122119421195861	0.9422553785448423
0.6108695618404113	0.8698663452062249	0.7964283925167351	0.29526530007438134	0.9040365470193594	0.6563866564778678	0.47244686804056946	0.8698332420757402	0.36231520829928165	0.3581407832700535	0.1093523854069216	0.9399524942731519	0.7769779133174491	0.13802524443333175	0.7550766132894503	0.6722805701810003	0.27971974397609134	0.8653135705874014	0.9535663092777874	0.02726813620992896
0.13538819976063488	0.525705874936835	0.7020442479841972	0.8584611696457798	0.25896362153591546	0.41354474163334176	0.5247213837503408	0.3176630553765646	0.35418979327347555	0.9048064684844203	0.9653759931476393	0.5603579853452123	0.3869008962566741	0.2974581293961127	0.02735695214104017	0.47789734950765084	0.705024745483764	0.4946314237846523	0.23926568334181275	0.07664667606262832
0.1646761450037898	0.9082817148004393	0.09253151284735606	0.3203806945677935	0.2018994011141364	0.00858891132499473	0.6508112696890563	0.2729620258787332	0.8396940467309142	0.15552407190326567	0.1499478746766877	0.9205543424889039	0.2640121605005442	0.6330914555930749	0.968835186299801	0.37670641958772766	0.6552287348247663	0.8592425893602104	0.27799314575230905	0.6550260909903061
0.6434400416001704	0.6326406618242869	0.6784963135196524	0.5195794144439695	0.45310292222662873	0.8366216834573729	0.4820800818721426	0.525656844403973	0.716832754392537	0.5233660986675105	0.10390240111087701	0.934942920942303	0.7941102812390421	0.3773727796758699	0.32908583535604474	0.661622031598152	0.7777886346225172	0.9513926306533278	0.6744453671960707	0.5235952739530447
0.9723956722952829	0.20204759840611608	0.6786714869002041	0.7140157325355441	0.5146356072635576	0.4936917264122863	0.20814104646919074	0.791165486572234	0.8891160018432109	0.5515357275532025	0.7365808309604802	0.5941768502990503	0.4962221720072144	0.7501939746672911	0.9715037894148286	0.4269191646541505	0.7793514106496298	0.071687557692656	0.42125439415810095	0.019478704780326095
0.250034878576023	0.30446045864448923	0.6175009129756985	0.24547936542175286	0.8043900247923403	0.2549407067418681	0.4527318922189476	0.36951819401966246	0.5778126603606456	0.23628006062069173	0.3310677468312976	0.8794510215831007	0.8234852675669219	0.050044816703468276	0.2964125718144537	0.12893514073234902	0.37851298420158463	0.4863987031963256	0.6361192068562698	0.9505068454955282
0.4033880231196989	0.9315858364960177	0.5381987121078196	0.6633135504196143	0.43197532020114293	0.9500901631739455	0.42782621341611515	0.9487325504501365	0.2865669357717724	0.7210882022552748	0.7318393241840414	0.6638203276558472	0.7980381292199713	0.5302781564757926	0.2913657421417828	0.6843482547158259	0.9194932418335514	0.7997018443300786	0.3885748295928195	0.8020917704303062
0.06157468905790087	0.8594070998529816	0.15991583371405327	0.3292404684316016	0.8400407941346146	0.35118020101844094	0.9639962877835093	0.05444543907603305	0.20609041723567456	0.36318779444114946	0.3957846377409653	0.8186237229289526	0.6340351049371548	0.7271540748324506	0.11006811977471587	0.8911437238213923	0.6061865740281276	0.613014690496436	0.5597848272352799	0.9002073614487609
0.40798516702153687	0.12479375619686284	0.8950125789119298	0.9967492557209955	0.09962905906928299	0.06016882412080482	0.3392757207926075	0.7789628612379995	0.9736080414587315	0.10083933046959292	0.29548195936970956	0.03423345318906068	0.21908784314131424	0.05310321993627687	0.9772358754226905	0.909858699466318	0.9999199621342233	0.9905227290345917	0.5495039078626263	0.5333328709758172
0.8889281849590874	0.6937716430679864	0.20009257172146522	0.5778973686206399	0.4740523833457898	0.010428284310458058	0.3951706274610596	0.8412873290266883	0.1375583349696643	0.7399754030421629	0.20773843863500308	0.3169893130681025	0.14083364919722385	0.9388807401313033	0.6679557098929472	0.3958150549011169	0.24685997457707176	0.8690156599169085	0.5529943556253232	0.9704841006026507
0.6206560271922166	0.7159622166798209	0.7271590230492827	0.8753365950948477	0.6645910638145391	0.1396321208545913	0.2536904819719672	0.574065098642801	0.14863060961769614	0.195702884435342	0.9984756025752267	0.9402485640707552	0.505320096886431	0.7892293025940074	0.23419257091655865	0.3436821982650241	0.43388429216072666	0.10776258517814052	0.702083992432463	0.5125559806901835
0.4860936457426511	0.39878478183617816	0.22630703877895708	0.3779778362620032	0.9865847226868697	0.3933571472416446	0.6350704225001623	0.36359985730002353	0.9153210451459638	0.3587222176953435	0.4614564695035863	0.8991649133030137	0.035627987690880825	0.5692278590969381	0.6958012456886489	0.7755823967740039	0.08598618324130114	0.9459641784230103	0.0108209798782809	0.08203155570641385
0.9393560634270103	0.17443734818744194	0.5380046528111967	0.9352999365581915	0.3999756808789624	0.7256980241951895	0.644605613372203	0.27731336908655035	0.6850877626939378	0.04960034984876549	0.26922167350951676	0.5359934271820486	0.37870593290999954	0.769185255844853	0.02952249601457646	0.7668962433104016	0.6270678376567924	0.1458136796787156	0.9922985227347713	0.2571858954506082
0.44395595029321144	0.5955695870187362	0.08866087610209061	0.3569972066250112	0.8000395128620784	0.926892887808798	0.9837267123431633	0.5066041036367996	0.4683444397665397	0.8380757984529768	0.12449287439284096	0.06638040452355165	0.01978155412654392	0.17721023982091966	0.800489231706964	0.16753095495427373	0.6235516332717362	0.06214736400353915	0.05981330220293757	0.870910286872127
0.5559983702639719	0.5341522280144245	0.05761831286970809	0.7891348058189959	0.46408271844026283	0.8556082574028521	0.38366649477783754	0.24412915815883152	0.9353840646835354	0.0972113035634633	0.1206323090364152	0.2870187643221136	0.8963419720814291	0.1709832506893807	0.7606395074355377	0.8655486150926793	0.8013124427029708	0.46668416499526677	0.5220906671466211	0.19262941161504932
0.42767577550651026	0.5095201838375428	0.9659617756916341	0.30496319047203413	0.8783064318582093	0.3281706055543304	0.5323462794195667	0.8900076383896405	0.30001089368206213	0.40475460217257486	0.04340243153836143	0.4424076364523638	0.3784613183068132	0.3567503344715346	0.36227326176355235	0.8242752066630821	0.9246921969274605	0.20317666616002117	0.7448265713047406	0.4650419064474144
0.8675346703367854	0.5307528352651973	0.11606320257884228	0.4730106833250568	0.8848076937439326	0.20098385133433738	0.8381958834584251	0.9865178436769318	0.6118696176953768	0.7295323739904966	0.050232233936570725	0.9599687497978266	0.5523568596798254	0.9819758716275263	0.38117680284216504	0.18189220231026693	0.08404658282910027	0.48694647719222717	0.8776223958379881	0.12493340618132098
0.7308133685732775	0.743676244104391	0.06786653153956157	0.3272175571213307	0.9239308603815732	0.874019619404969	0.10799906269528747	0.3239472921697485	0.441533675667828	0.8814941566850811	0.03702177381297456	0.6014115692383728	0.5346022888290333	0.958534856095018	0.6366212079592232	0.9065930897145981	0.6672840820035497	0.9783869986406322	0.3972579309833677	0.965077293599879
0.9198940544434048	0.7456265145674724	0.8735858662769009	0.8924399328878663	0.9698686347427582	0.36659859965345865	0.4202179996012462	0.6569522910602583	0.09605272552175714	0.6463169602775727	0.7852134212891576	0.3279470666450762	0.32586479240946764	0.297946439132283	0.8570625079338631	0.9916448671594587	0.3269518429047358	0.7751530753173528	0.5169437952997392	0.26106286857527217
0.786938953758047	0.4980874173569275	0.4011713610994724	0.23646133439826134	0.6500048547857898	0.6973374903221518	0.6356670859356507	0.8874542966527741	0.6535613572796138	0.6189398301722611	0.870982021652299	0.7571852140858478	0.3796021275357435	0.7500483439279539	0.5331957366721907	0.7677637816087153	0.4472940034803782	0.42281712398935145	0.25875947491230955	0.7685624374612992
0.5910336929441572	0.5088011626442068	0.04606064750122629	0.1800182619385461	0.11795014254245828	0.7797061150818212	0.056150479835377576	0.9381167546581856	0.19063877652995898	0.9883799604762367	0.8178135000444824	0.362514576971944	0.8066382432837503	0.45153025431025695	0.2516784604870107	0.05179008120220974	0.8212381821341159	0.004349869864325062	0.4937193392511021	0.16148889314316284
0.8006324599813475	0.9390415738269418	0.3048234797118571	0.7784199237326166	0.5235431456663777	0.7732980000557184	0.7573359475212806	0.6218915373367891	0.6878248378997613	0.3426702063575714	0.7281061778600575	0.31679785441142094	0.9370744510829858	0.8224659979830473	0.8489293619228836	0.17567273872828937	0.0017963936067585395	0.9626798900236149	0.8802265877821139	0.741130553437525
0.2114396479440075	0.1159238278961009	0.22725303008690179	0.16484866202874593	0.733781816467116	0.9194091761195357	0.215291661352759	0.38857339710591554	0.7311255238140109	0.35334455760415295	0.2084573315026219	0.012243547443406722	0.9903648304814773	0.6522956286103307	0.3883265580559804	0.5806831789024111	0.5182792482856	0.06032406143274427	0.7537235836668278	0.9596956593183191
0.3684358380502243	0.9963126536816161	0.05629460555768451	0.9077795336227474	0.26229930069597307	0.1678403410481457	0.09830232448214571	0.12103120852407523	0.47243101538357457	0.9122056198327628	0.26382736744843693	0.2450916077274825	0.5268604345362603	0.6909465202511627	0.9498121210921402	0.48154874442932716	0.9609470184035479	0.9057145294620832	0.8785241464246729	0.9455934466340337
0.27774118050381147	0.2758445143949547	0.9856727703737425	0.24274267235559277	0.03505773823670655	0.001148327907029234	0.9659242237645865	0.6876316979498205	0.836744860616751	0.6032434935735698	0.480066762106649	0.371372540087448	0.5676142185088926	0.505633967639789	0.6067433445240777	0.7467667568114684	0.6865469769015546	0.5473920735809882	0.3781647824912472	0.9119490886379861
0.5846506279000774	0.006736332757100727	0.07229382867663414	0.18284705724450778	0.3518662452354564	0.6273532845433774	0.2838065841103511	0.5326186201292606	0.023626625491435016	0.3948156562260008	0.964916585201418	0.24144553203209662	0.8941416459802757	0.6498551868860085	0.5613832279831455	0.0044421197522367395	0.39819327818235184	0.7129294020152275	0.5324851931366178	0.5241530297134734
0.9913305188296425	0.08897682821492459	0.6204396327140004	0.22172751286666847	0.9291003376234632	0.06408416322917332	0.5172039345998666	0.6147567876267412	0.3248147483940902	0.5533700798412023	0.2718711629177756	0.9247202928298033	0.8711055136291596	0.6911331986076076	0.3751868592768861	0.2738996191561307	0.01887868044482255	0.4964149312815531	0.9309409746600932	0.1228434523458356
0.20483020063806034	0.2509701449546222	0.6619492672081497	0.09013424104218815	0.11456450672074103	0.6424388463660815	0.23132312159974033	0.8506913271791601	0.6850011601255733	0.15177478905200614	0.9995157890047877	0.6699271776972546	0.49400703770229626	0.644900434884475	0.006092237005728474	0.459320229983448	0.5865923180980721	0.6144661468410297	0.8511564862641408	0.7766468125758085
0.23279761745223393	0.31318231917724626	0.4535855246856275	0.08365208690940285	0.8979878895247702	0.7323722712493398	0.2739946944912468	0.9126859668398929	0.3301380256200479	0.7299643394481066	0.6779243510290761	0.47242826234532986	0.3242536634436741	0.32854586644453965	0.8614770911024894	0.8736974972028836	0.9406461101704429	0.3784922840050413	0.17432575921576465	0.03829514221487529
0.0841759106739185	0.4322904454676799	0.33649221735289236	0.36167143710660865	0.9899482610073871	0.4574976943297565	0.026105558445154387	0.6479888846912818	0.43018287311748127	0.10084771885357258	0.4381849882113943	0.058789274574472694	0.24316497490075462	0.5801544977572869	0.11975901787829812	0.3739791029931039	0.31851217354630457	0.3457277796232112	0.13380806065689488	0.9118978804975617
0.2783404011296511	0.19750889250007686	0.2839325865969069	0.24461935075962749	0.04972438928444389	0.5452614034980351	0.8329684829302493	0.12369324552637628	0.3090572690197225	0.35481966998677994	0.33906457840606496	0.234655802527856	0.26770945425264414	0.6767303608856475	0.868010431638569	0.4960041696924353	0.4693136735848209	0.8255618927021902	0.2848385581370847	0.0917082762608128
0.10771101755121437	0.548407964994162	0.9954850588358941	0.26553915130683114	0.6062949180381011	0.1110396443251559	0.6355244675100932	0.25788661772868404	0.6806692740047836	0.32671407698007426	0.6112054042122069	0.769432396587523	0.25196781499280263	0.8786752164316711	0.5430294115938913	0.0847583935930949	0.10321480823698292	0.24814478969892673	0.28245955929517685	0.06594658054428948
0.4793228104078944	0.7280878218956949	0.11388220422407891	0.41732740399873547	0.32369796944300877	0.04474289000708587	0.28882162077871854	0.9103466727171764	0.13773551342552448	0.9595990814673148	0.21296608521156735	0.05234514617325625	0.837893630910039	0.6111932825198861	0.2632789641686363	0.7303698525777891	0.08495227302328678	0.8431565700995843	0.28696065866859943	0.825466689477935
0.6933289689063897	0.2367292922183204	0.6918372308541239	0.05064282957121968	0.9836453958901488	0.5900836870626852	0.44481229763289176	0.847122393526556	0.040444082262627856	0.9305332412342653	0.2824774084016529	0.1228196518173168	0.007275289528846263	0.26930210925751485	0.9352095323812409	0.2840530410007933	0.2535695296970064	0.5953080019152123	0.5782370019236078	0.16615006181964842
0.28100318400423674	0.4619050838948596	0.29410404593904116	0.7674037633245103	0.1114724357677297	0.42087664514647527	0.0704272900526618	0.927496087686198	0.6455323202965462	0.75407319776718	0.3367174661426099	0.28034392297443556	0.9720836023032766	0.7082298648164346	0.6592505126233821	0.4256172950504974	0.7625043042716192	0.256926388662968	0.8500280126270386	0.07285715632651213
0.32819863430729923	0.9304198123683363	0.6699944909274986	0.4129151988181291	0.6819368398602014	0.57962409415579	0.5626699379316517	0.5864478787073852	0.6555574639918536	0.617916486895697	0.8881985471938336	0.07318911395442906	0.5235379691183476	0.9049006824308655	0.9621699288858461	0.3828130227619514	0.34490410556663154	0.6570254938145897	0.9179680612852871	0.20286138599347214
