1.0091009519572112	5.813521490295099E-9
1.1113401733632177E-10	1.0090884803109068
0.9567779978114407	0.32079226726260546
0.9727790372665751	0.2690744211879746
0.8553336241682948	0.5366773243437315
0.7965674720531765	0.6197045442973322
0.08060650612067602	1.0061677209825848
0.9348214670620416	0.3806597808572042
0.9099164211603721	0.43669094058334956
0.6790252435102012	0.7462637847351177
0.9466822716468415	0.3497121137837741
0.7792915526686076	0.641334358023565
0.9815410151967943	0.23497075766523964
0.9249445087524337	0.4034830447442875
0.7100987113758527	0.7175126840650131
1.0082774364521885	0.04090170892866235
0.6623939718299078	0.7614880760045075
0.5665102393671575	0.8351429405958353
0.04913235821635124	1.0078633560041912
0.03246329373785925	1.0085849056735954
0.24598090758687058	0.9788849606741025
0.8834014304451505	0.4880273034795568
0.9875425195635472	0.2089545493868479
0.8054540125081391	0.608300824814967
0.4154588648916166	0.9196573667462916
0.9186284388020375	0.4181150213748185
0.6421712783221114	0.7785776689122472
1.00207350348905	0.1198904516204857
0.4642254560872474	0.89635511334726
0.8978496603750364	0.4622968504283699
0.20046773316335204	0.9891416566263884
0.7307947500822481	0.6968397523017805
0.4981499348706331	0.8777331228341023
0.12008837949279239	1.0018932748627407
0.8462158743258477	0.5633041968975719
0.43769133865252347	0.910226206319191
0.10367191293206018	1.0036787192699872
1.0066252858956055	0.07414965653407662
0.1446088500038172	0.998679473967415
0.9768309204615748	0.2540214317493062
0.9419848373269742	0.3623902992307377
1.00880551878901	0.02480175592873221
1.0042100923094492	0.10150669368925526
0.8175407233577596	0.5918438642669847
0.8644594342742139	0.5208271089554845
0.7537097346875081	0.6710861570612965
0.5303704656737103	0.8585607844745311
0.4457651431969469	0.9054143739102455
0.5833888324759833	0.8315968338389554
0.3199318376793954	0.9571523515331755
0.3045144221760064	0.9621220950836057
0.26724159483737486	0.9731349727709544
0.7628494170067859	0.6615691257682126
0.9988723498135144	0.14386118178992627
0.9005286423711539	0.4578038930438428
0.9950774045262967	0.16746967068333948
0.36015355775600844	0.9427565613674084
0.6518991209459796	0.7703301617267295
0.5195495474175064	0.8651780427370077
0.39234467942894274	0.9299037976707669
0.7714229657293056	0.6506029125392621
0.5481010671532026	0.8473529437364582
0.15859483669842792	0.9968791819964011
0.22762341400342906	0.9832625952419273
0.28969355461900875	0.9666051460957851
0.5901572474914802	0.8186911243577684
0.34596759523162335	0.9481679041158511
0.3343231713865916	0.9521884004804763
0.8349716020428688	0.5797149265190085
0.59929197958726	0.8119104412381185
0.5070644676683522	0.8725544634426278
0.4039747214926302	0.9248033312989085
0.21693344434073977	0.985642817234011
0.9920387598061201	0.185546075265266
0.8802793102385419	0.4938089270891177
0.6920777585505943	0.7345004060685506
1.0058609357261081	0.08201764798051032
0.822690316676881	0.5845071771292312
0.1778705136236753	0.9935254765653296
0.7042940892955966	0.7228090992679758
0.27708324440088156	0.970449642653811
0.5447090330447489	0.8495456002184829
0.6151590351268289	0.7997192609391436
0.6098375265252344	0.8041409457650446
0.47731203405574396	0.8892702784666809
0.9902262997685046	0.19463062139328619
0.8369025045633154	0.5638075881086104
0.9973797876340782	0.15321946420696703
0.36015355775600844	0.9427565613674084
0.8719944057278852	0.5079883755855312
0.7433891559995219	0.6830960195165064
0.6255005375768341	0.7917456541674931
0.47731203405574396	0.8892702784666809
0.39234467942894274	0.9299037976707669
0.6949927112173659	0.7317132568271401
0.6255005375768341	0.7917456541674931
0.7330669112814148	0.6937233889457434
0.17574668743261787	0.9939023412591552
0.7420849003589165	0.6847544694781608
0.8703927885593653	0.5107100830078282
