21.110613308504732	1.4726208626475086E-14
1.0595522611360897E-7	21.268767055254205
1.0595522611360897E-7	21.268767055254205
21.110613308504732	1.4726208626475086E-14
9.804105217594008	18.77715497827959
14.011317135358995	15.769405453760736
5.164543078996957	20.54439231375779
20.895067836745355	2.8392372880536945
11.059396300844236	18.003337215677245
19.174828912231163	9.021323649958536
4.460140067866984	20.63367353145341
7.950686223872612	19.563084670297123
11.470148713360219	17.76150195042011
9.28444387371042	18.93889038865501
13.89140324891275	16.05943883747231
20.7788741423589	3.594640676189253
19.680127482244036	7.659246830346827
10.249474463439512	18.44221012021694
16.285119107149015	13.423796535638674
15.907741418562194	13.90898008913279
14.767793085905357	15.044801022146016
19.36516295518196	8.71354250622591
8.455594921116829	19.487316158917483
19.81466305216866	7.146812286826992
13.42482512974163	16.368381027326958
20.397083078538927	5.514640416152663
18.864989865502764	9.465039609048263
5.5486176689577675	20.36452914115952
20.940078886596368	2.4657172731881247
21.058261937793564	0.27570690509867185
20.17772882484888	6.2278851701475055
2.5725794333405223	20.961106027847634
21.047696387676282	0.9375617793863652
2.937535792151253	20.864910675665076
5.905652397563707	20.286043936236695
15.088734389584573	14.773172856241123
17.721238302373486	11.404937403560696
12.38753491968757	17.147258337286367
18.418254828555934	10.291325584488622
12.666335249167235	16.86338285337187
20.2689088594997	5.860621200990449
7.4541549081755925	19.720382506952596
10.654323755902476	18.21422911601649
18.036486393644363	11.107627463998252
18.30879213393875	10.720192339706431
16.36237972462357	13.263519903721923
21.018522907751088	1.2257221686326374
8.94543972705424	19.132471083156354
20.612535860570176	4.4867342396624394
3.395950476020882	20.807680828553742
20.126619158503292	6.713781383227108
19.478987257936968	8.237917341963907
4.067789034480849	20.688699833860387
0.0454122437372462	21.11272368979944
8.813474173337493	19.364775483352883
1.8180263448323128	21.012768256678363
14.549370180371916	15.321113962526397
2.052464173363713	20.969070947050962
12.101549768403718	17.24948445760113
20.723718507538553	3.8231798769652334
3.715435945311822	20.76177261349802
17.540315084718696	11.9755676371292
15.703513963206607	14.311067686754239
19.56433280701806	8.031421380569167
20.649452498770437	4.260830480978481
12.979231444671921	16.79921730807571
16.659594449964146	12.898334039011978
17.584149766846018	11.6135443946121
19.960295267582445	6.8956850729682415
7.29523220050433	19.83497627501467
21.006241192024834	1.7967377108314073
20.992227918562914	1.9350661744570103
11.781017160998937	17.508025322502597
15.484706911410091	14.492895311922567
20.485219194226012	4.994817038803983
6.766024259464932	19.99591998981457
1.3089356758943693	21.059427997252875
6.985823325520554	19.987658758139894
18.635778645404585	10.09701432248234
0.6640983399785378	21.074476417729333
6.331112280363861	20.176435635921184
17.269173884030693	12.088449012419572
15.388535268440219	14.698654295847737
16.913428775210118	12.560069567059262
14.549370180371916	15.321113962526397
18.12116951051638	10.899883724492607
17.188319212065434	12.301662814003489
0.6640983399785378	21.074476417729333
10.454787402347746	18.30685096698608
13.105850369444	16.535899303165824
6.399798359855961	20.096326597427772
20.470232407485735	5.046072354283554
15.798677038154384	14.027438437776478
18.712968297257763	9.900035018863653
16.706689806392852	12.851635400965957
18.80247179839539	9.661388522242081
11.85449444375912	17.41855375041431
17.030792861938977	12.500016252116893
1.3089356758943693	21.059427997252875
13.292576892617431	16.486124076390684
