5.714868349215333E-11	21.153033319124418
21.15904115483823	5.204501528317958E-7
21.15904115483823	5.204501528317958E-7
17.46561989603082	11.777031280114885
20.646066289700656	4.537166603995416
19.633817170658894	7.6970136405527425
14.34022096882198	15.446284316989331
10.943759352979733	18.109324622925136
19.360109696393152	8.29444993831391
11.62016957669825	17.774005369336354
16.31636879348268	13.476303789728618
17.29514654476732	12.29778224859076
7.87257271751777	19.571578955635303
12.71952601931814	16.820050991806145
18.838240904159612	9.530256534144844
8.381538065973418	19.373357949802482
15.220309508582613	14.57500184901262
1.8101833011560284	20.97644222256483
0.3494761527034778	21.056682128600535
20.478315406975103	5.039763247791081
18.57450879998499	9.99664048920203
13.19848017086612	16.54264081130394
0.9945666115709817	21.039579561110525
20.22826153125834	6.158411024897712
12.030632205563165	17.3351525821602
6.8017377170309	20.006358436332
21.04147395955643	1.0071701221171885
7.164005009465995	19.862597001503726
9.321824415842844	18.89648887884448
7.4844754856571	19.68300525556389
21.048706567322075	0.4700456112527489
3.9784024917427234	20.712663756775672
9.036117597245038	19.095942166738244
14.147819833781346	15.778396248112488
20.719499590082883	3.758335904675207
20.30661500309992	5.654555042237373
20.081041404782784	6.470233001062474
20.967059483290026	2.1882254838294015
4.379604205028311	20.613765641230184
8.712826812704717	19.271700634463855
2.917708214809348	20.89655449591646
15.818402303629362	14.04338667496241
5.77626040488842	20.26798362151773
3.5366019355075187	20.760087564776956
14.917390020122564	15.032561920037985
1.3799598625943783	21.009131411793614
19.799194696285497	7.3287548640590945
16.67744798636226	12.975461974784444
11.842584579756544	17.740324605664487
19.08131189083694	8.98681904039842
6.39318168185252	20.10423524562473
19.99574152954902	6.870083965677182
18.287042304897927	10.46536500365729
21.012333443019845	1.7235696539473613
20.37324241365435	5.356526088527474
18.96535828599585	9.209661055005451
9.775195121871691	18.833819898272946
6.1733835710708735	20.197166863334456
12.282795883175154	17.157704879834217
12.593011731343891	17.118622002428843
15.493006436514063	14.2811582033878
18.019637996963457	10.908101505744014
18.457196952715517	10.23777811676778
3.224624461486313	20.842480552676257
21.02085695381008	1.4511104582073466
16.67744798636226	12.975461974784444
17.889713967981134	11.220016817737134
16.097805365271117	13.64841857345119
5.250970488846648	20.46807566305747
9.901042909861795	18.69032467223041
5.482332521754755	20.398614534475385
18.238531984304927	10.811958175581593
13.499957592084698	16.25991171144484
13.882652245993887	15.957632005897395
17.889713967981134	11.220016817737134
13.780674443085353	16.099583628508885
15.935488597309002	13.830289242642882
10.649453621721175	18.419838522049893
17.040938881249534	12.594913574464375
20.875265491245425	3.1594775481296686
20.81598083548454	3.3261477497791
19.87537242091319	7.066909347171748
2.419785909236832	20.93439019443397
17.040938881249534	12.594913574464375
20.894653183498065	2.746700187607519
20.905555789378415	2.5579499700258483
10.656461486587501	18.20095640206559
13.367694006740876	16.385176131285885
4.747529314186606	20.540784146984915
10.169474785266814	18.50253441959004
21.104214874635566	0.07975268198704327
4.857161581015014	20.507982957951402
15.464949672058008	14.45989961340166
10.25015917407482	18.45668934551588
2.419785909236832	20.93439019443397
20.793729795746295	3.735382749302322
14.823754238626048	15.059304265680797
19.23317926091245	8.639916055885962
14.823754238626048	15.059304265680797
19.23317926091245	8.639916055885962
