1.5155089197900411E-12	21.04765796045972
21.102383413321444	2.4596406425805235E-13
20.340513491022115	5.4696913296459995
16.237192578290887	13.429255754207862
13.71194631023841	16.093830653477937
13.048068533964747	16.499179892811956
17.924549406691003	11.216606067860457
20.712020572532598	3.6813219874108207
20.99582121098609	1.5298940452869063
4.438996818549398	20.60424222382949
20.572488330860796	4.987605423520541
17.07332773497075	12.352927301638848
5.213565796188502	20.494983648916854
19.303536382080654	8.398068876241371
4.063803143213345	20.658005850432367
17.51133880004328	11.948511203062816
9.2212226890759	18.915658909445558
21.00671009280728	0.939653209176173
11.190665106207042	17.901344443113764
18.16782118550038	10.672901050715943
15.192902947301926	14.637249941712875
1.911993686652254	20.95620024726988
18.603599315003475	10.290534571485622
15.576976693899656	14.186916126948836
18.608672226251155	9.807089265838862
3.4765315654525404	20.796463816742314
21.029044217063472	0.46024241496269735
19.50454228168943	7.893188578397184
10.358800510361736	18.451419768049416
18.874938146379307	9.555477366334287
8.166373771994168	19.380155467809512
20.0935498576176	6.277860430601301
14.043795263679705	15.839363224737392
14.830066021130364	14.969943834851163
11.412728620401738	17.6749802715217
20.918849118558704	2.251088939215753
20.820536867668565	3.0289454046864313
10.774898042050898	18.137853475506134
11.69858690771283	17.470403476128897
15.576976693899656	14.186916126948836
5.819201385381292	20.275755209409937
18.94673235564294	9.181286632021434
8.571000012321042	19.30756246712751
17.64369222360156	11.556107468282157
20.67402223124334	4.284568272683993
20.0935498576176	6.277860430601301
1.5175192252040983	20.982553486122516
15.448009838019276	14.535779504217794
14.404121086299387	15.435740520984995
5.407829080386094	20.345944935337688
14.679159124610328	15.064910783415419
19.959919500038676	6.87910411496371
18.371258746248362	10.581540477886808
2.9886159568933044	20.83994061456223
20.581095682629982	4.400838025002448
12.50383333407436	17.011876423404047
8.78946216759051	19.13955026728245
10.048695238219464	18.63645677048161
6.078009790581491	20.135898856149915
19.766294342738675	7.2785584924654145
20.853708757820687	2.9087793951346637
10.659217809766114	18.28106812174167
20.902552300939576	2.3742479785689956
7.834441196044322	19.523845662149185
19.173429144948205	8.71556909776904
12.7813631705298	16.74238587875606
0.5593976190151171	21.02578883847541
16.58698286485357	12.934700541167183
6.562256778277245	20.02450716025906
11.956181594555021	17.318290893590923
19.084386612550276	8.892462214152658
7.68518846086298	19.61555961294514
1.1235678707314796	21.009822355650694
9.08670519662109	19.0474379753617
14.446490435827217	15.409033320820697
19.665057300678484	7.787896499976011
16.39527393274697	13.25138169581293
12.119921302021776	17.196258028641353
19.68865591751142	7.4358632434012755
2.473016404920842	20.887182706167156
16.815959708832338	12.68426078316928
6.34273679676889	20.054871919888853
19.88258450294663	6.888936283054577
16.86820733048487	12.615532363334165
13.878460288880493	15.852704571136673
2.473016404920842	20.887182706167156
0.1983999337441785	21.035467590552937
0.8927492549241773	21.016840929881198
9.791584012994326	18.64072995733812
12.321535902749844	17.06862110035595
6.969706032741436	19.883297857912627
6.872662366149499	19.88812794559416
7.339387185198466	19.718308980625324
7.3292193849136735	19.795292368181222
21.06618663769111	3.3003966581997853E-13
9.791584012994326	18.64072995733812
3.2008400824352536	20.797617710765447
17.513730844203945	11.657589978142829
12.874811899893853	16.669723835425504
16.509537693596556	13.086386566224453
