2.483844863198725E-10	21.055158743771177
21.070813763427637	3.04165956784424E-12
16.507738962354967	13.138808655141306
16.12099709300295	13.740722725754985
2.231286005424968	20.959205820231624
20.30731842475325	5.882933212550798
16.7980380976811	12.907148939521294
9.504115509670187	18.859815866541283
17.068621366030534	12.334119712922549
20.131514476970143	6.4558866341503345
18.60378375160629	10.306013576413276
10.025111305865275	18.57414083388529
5.8022153406969235	20.281185118701245
1.272008853304759	21.030936125235183
6.313053773923566	20.12194607450921
15.402388888000958	14.557566378125596
21.037820079424442	0.6575648470310989
20.559872216519466	4.535093451267974
10.90762307291941	18.197956229899237
8.246534399646604	19.375051298895936
7.951444012569016	19.577454235234036
11.227580109593589	17.88898680059167
1.606770999220695	20.984601110213735
12.641829466130115	16.894062040403664
20.69998928428453	3.902689995021781
18.304026086307335	10.623967604130563
15.093989176220473	14.781590011672565
7.534326249761815	19.695352974700274
13.796383231059561	15.979210541617025
18.65936927471666	9.804377313910177
5.425009612306264	20.373657363687876
19.304282774315052	8.539566469593222
10.550532346401786	18.25758695309463
20.96930887859699	1.7839474598050642
4.591276916444918	20.55460765078833
18.088561865535215	10.774535013584826
20.8519329917724	3.0458775005013123
20.36273508573051	5.314237019784591
17.893233761901588	11.112455115280946
20.892871895063266	2.544649417607143
19.155903092646454	8.856124241722975
14.431154671440089	15.376747874842312
12.407025428117914	17.154818422103833
2.987800369118238	20.860847876384817
2.929311358960246	20.932741916474047
12.927701257768856	16.659677328189655
13.522296417969839	16.17100483593056
10.231287872634466	18.4468726561301
15.624818296887154	14.214504100892821
20.960303896856615	2.284004458144062
14.68604084476813	15.170031893611048
14.054167916197162	15.755886739944756
11.67574286494091	17.601365800748788
19.75230529204999	7.318745064160185
11.9310861305576	17.360210536453877
14.935280184228084	15.047457709332475
20.69998928428453	3.902689995021781
21.024886394872286	1.1703048713948716
19.94324844049984	7.001202133651269
19.099833812411646	9.202253776623724
14.350544343451368	15.701361637680126
19.55750040310039	7.79723928416983
13.357037867011352	16.384550921405026
17.324000493623434	12.139419747572395
11.61130983499281	17.87071244971185
0.5442033866922551	21.04851052603733
19.956530372556667	6.7455325353297555
17.838027539275355	11.403207390959093
20.542348926982235	4.812314450704907
3.634137047827579	20.77598693737244
13.117014802553214	16.514781812785685
8.64516832376495	19.234100346947038
9.121170316234466	19.02400232561582
16.016579263024557	14.021807832060771
21.04724580931903	0.09835047709195617
20.49702725915742	5.183542861430343
12.17046676414081	17.28733498225834
7.160650968571642	19.891754459456735
18.804732624768622	9.560576222136266
19.739824848961373	7.606801355464477
21.01669766092638	1.4181538148108341
17.40592658399703	11.928848865741687
18.966835502872424	9.4345423939285
20.8519329917724	3.0458775005013123
6.7100996656525576	19.97108621009184
4.133868237424583	20.711754893573445
5.019680982794943	20.443079530462295
19.41594965885303	8.187913680909267
4.183983914600635	20.681947155585327
17.752511359176285	11.691472738931187
3.634137047827579	20.77598693737244
15.728064480672113	14.045307242969004
17.55706889386148	11.713096962014934
7.227217760020231	19.810406392754526
0.5442033866922551	21.04851052603733
6.676703576454233	20.05747523902038
4.9286525958782965	20.505014110239095
8.78015559472196	19.208650814529882
19.517107884285046	8.136970138016755
8.989537209363668	19.04489059488858
