0.0	1.1551925274807344
0.0	1.1551925274807344
0.9985501390202878	0.28055981441836503
0.8853714746173825	0.47695178042994774
0.6437937654251078	0.7978293758701521
0.3822579852177066	1.0282598819552382
0.6056884535672236	0.8366944372719669
0.655259473085274	0.7744532438719169
0.8697765318241679	0.5002611992028749
0.9232414085518077	0.40529944141630303
0.9359160739189409	0.3956856222594177
0.5589722676650521	0.8837277159262011
0.7945676702283762	0.607725943727796
0.6789470320607616	0.7551967102803766
0.8091427119143093	0.5874829176023247
0.9439938944177766	0.37031942209905877
0.4043282877170893	1.013041133292239
0.9887870646594905	0.3074894342515104
0.9146788717862948	0.4302432175606623
0.9771516356925758	0.32823482262794546
0.4296984862819652	0.9942328107634038
0.8535443720819665	0.5250119130680122
0.7457955796338569	0.6736706394477481
0.6941419848595756	0.7380764761418236
0.5400661245777592	0.902464029808068
0.6261674426703857	0.8144523065432553
0.3656049729350942	1.0397986652471032
0.41246359350703077	1.0075780162604862
0.308359188630501	1.0720192078404047
0.22388905609425058	1.1034999081503982
0.2731618369671964	1.0898907995015321
0.6700716506588007	0.765665406372941
0.7394939718196469	0.6843162429445524
0.45573580971892685	0.9749337703647316
0.7873148900658968	0.6189653546406803
0.5873559947663173	0.8551304412688712
0.05141633560165165	1.1518519936673126
0.7588778566657356	0.6556868437108654
0.7267600036077713	0.6969121213442683
0.34042210593322486	1.055426025954047
0.7724539733879551	0.6274574805895883
0.10661040735874983	1.1444775286638749
0.15249701576725094	1.1349216254532788
0.5770920731820006	0.8655881363973391
0.9088032845157662	0.43966626111493834
0.17048067429819133	1.1295667853398632
0.0846206243605439	1.14875147279459
0.8321784986141447	0.5577515929704273
0.8959965602017903	0.4589286238736791
0.9947828766643175	0.29659610563487565
0.8236151163702552	0.5678373077590123
0.25487246518564627	1.0988235010403362
0.5975559296136161	0.8446647541562875
0.4857236203842343	0.9534348386493331
0.3275673165106592	1.0619362320575592
0.5680296176520976	0.8749899293768206
0.18558308635602708	1.1272998713873024
0.28867528977955537	1.084764178752207
0.840596343200392	0.544080223560931
0.9706475606259721	0.33849123490217453
0.8158754425670877	0.5783420288923933
0.07178764599635679	1.1500008971015523
0.6277608934623007	0.8135204379980164
0.9648490448321196	0.35007806953400417
0.24791737888615384	1.1024022526549133
0.4408695367730659	0.9858244824526577
0.7693452294562976	0.6409188860617216
0.8988753327804296	0.45301493906304646
0.19902448964291022	1.1207503947334387
0.022145260684477308	1.1549180129564938
0.721829787208053	0.7068885186984908
0.49999692380329763	0.943124406200321
0.03243649450149594	1.1537809853034207
0.11972129430759026	1.1418727578575243
0.7009092128964294	0.7295241256872579
0.21503581106598219	1.1138387796255191
0.7125746045354029	0.714220721112303
0.5098421486827558	0.9302750218235553
0.3158998871564703	1.0680567511041636
0.7074213867933509	0.7213577317102496
0.523022025072067	0.91836741057153
0.473944417154266	0.9619260580915826
0.5372465745159227	0.9076915939293012
0.7639765295963954	0.6514211495016853
0.44903966199096423	0.9795796417298541
0.8620403494456211	0.5111708744446363
0.5140223462462082	0.9284814162760519
0.9586233017775027	0.35978682449242266
0.9564402048148484	0.36607247042001134
0.473944417154266	0.9619260580915826
0.5268218905035289	0.9152428783636547
0.4945775750905032	0.9457638487065483
0.3538715766222656	1.0470743671914706
0.1382278962234599	1.138343244933479
0.8594813396907255	0.514779551934876
0.8386695414298304	0.5451681053196789
0.20811505981008116	1.1171247726961435
0.13279704917848292	1.1390592644476834
0.28715243722120604	1.086867066841542
0.35570533015593364	1.0462207876372958
