0.9997738767692635	0.22196635900090675
0.0	1.1300525853391747
0.9997738767692635	0.22196635900090675
0.842822394989926	0.48387268296803443
0.5836787717467105	0.8139893034570638
0.6066576132829951	0.798655771596311
0.45160431711235144	0.9395556454303325
0.08157764761694264	1.1141337068914496
0.4312696123519397	0.9583888710594426
0.5324331017457331	0.8668877940111084
0.7784629794175322	0.5817712648186033
0.040167440763990536	1.1165003548295938
0.1978970833734311	1.083697002108119
0.35859076175244997	1.0029411437396958
0.7262189556792531	0.6515835205932484
0.6672622958643479	0.7200501992441076
0.9482410847831703	0.32914015945514946
0.7385486058540491	0.6367763949180646
0.9524997147852037	0.29994201586764524
0.4032743496371195	0.9763153436561163
0.7496463439069329	0.6219266856861444
0.7878641849604344	0.5652783819632284
0.893705092275613	0.41062461757930807
0.33756579586644864	1.0225539694109183
0.11877876221131423	1.1028919645940425
0.8302645127187726	0.5029647898971169
0.1776094049411877	1.0916601383767812
0.5495318353798667	0.8488867470079903
0.6365774879196499	0.7540356136665771
0.10206159369262424	1.1099140852625984
0.7648374870299534	0.5994104836770326
0.6166469922682734	0.7807688419953215
0.28213684617146045	1.0530014123943754
0.6519615435903028	0.7391689694877775
0.9018369097531395	0.3974368427233303
0.31620726312989916	1.02938635887634
0.9711765355643052	0.2766566841309806
0.9628074473073749	0.29193731952424484
0.24707236170976726	1.0650819078972928
0.2980267608555612	1.0429519326285757
0.9876222040825091	0.2528072585194851
0.5703821765227073	0.8306041492755917
0.978329281317297	0.26475337045375
0.3478563646099977	1.0118280918661955
0.8832569451069947	0.4268758640538324
0.9379425920868589	0.3383975279411669
0.697328240156916	0.6915998118686277
0.38384984928769655	0.9908559245563642
0.7570743452716969	0.6064435628388717
0.7949304104203213	0.5499396005603677
0.683637814705023	0.6993217807369255
0.23454525798549408	1.070341217501969
0.011504416090490577	1.122178289579153
0.6785849323594033	0.7106067036856812
0.48747235458931804	0.9080747856464345
0.5142350059687435	0.8850194116008583
0.5153122951171356	0.8772199620199466
0.7155848862860763	0.6686689359293723
0.4646638972662398	0.925769821003834
0.824892499756534	0.5129149754246148
0.9152460053421311	0.3698256045568927
0.16094928919249918	1.0954493464996757
0.14124504386443157	1.0997616953382476
0.38467583192209504	0.9899874935146592
0.029261114354030116	1.1208189819329053
0.7011506783856529	0.678219680670361
0.9198944991896718	0.3577874867334109
0.478009923194638	0.9141395078113306
0.30681144110501934	1.0360536576091024
0.8613459274305009	0.4610770173418072
0.8633952184532571	0.4487317690238766
0.6489388134112613	0.7453499197767989
0.6264962702125535	0.7702140834076799
0.8722904636981528	0.4418554795454661
0.8034860927177424	0.543325701539834
0.5545925098455994	0.8417156923603728
0.500879056950649	0.8992244136568587
0.809471827629366	0.5352435603093633
0.21677246355235635	1.073408369714257
0.2655232558381541	1.0589115604961037
0.5655048058141124	0.8362882092588652
0.8764702807230361	0.432671880004422
0.8613459274305009	0.4610770173418072
0.9947764401646428	0.2403727177824476
0.46873402429352273	0.9217813868897512
0.817885399674904	0.5248657787796895
0.9086223979840287	0.38265946335974177
0.4144228972181745	0.9683095046079987
0.9949398214128178	0.23569831691516993
0.7090175008660609	0.6705904894346885
0.14732561995521343	1.096591714630919
0.9290285312570384	0.3490908394609458
0.500682764447517	0.8992981534162142
0.26601714108620406	1.0568124171105013
0.21677246355235635	1.073408369714257
0.4144228972181745	0.9683095046079987
0.6249609511257005	0.7718852814818818
0.9090843861080126	0.3806814672356783
0.8162930997962996	0.528506332633078
0.9289445230585125	0.3514844808191582
