-17902.0 -17401.0 
-17193.0 -18086.0 
-17902.0 -17401.0 
-17193.0 -18086.0 
-17868.0 -17435.0 
-17408.0 -17905.0 
-17650.0 -17713.0 
-17725.0 -17611.0 
-17218.0 -18036.0 
-17660.0 -17666.0 
-17601.0 -17717.0 
-17850.0 -17471.0 
-17396.0 -17947.0 
-17562.0 -17776.0 
-17595.0 -17762.0 
-17520.0 -17826.0 
-17692.0 -17638.0 
-17542.0 -17798.0 
-17308.0 -18000.0 
-17362.0 -17953.0 
-17542.0 -17798.0 
-17819.0 -17484.0 
-17252.0 -18035.0 
-17775.0 -17554.0 
-17435.0 -17889.0 
-17314.0 -17975.0 
-17454.0 -17877.0 
-17520.0 -17826.0 
-17270.0 -18007.0 
-17435.0 -17889.0 
-17562.0 -17776.0 
-17600.0 -17743.0 
-17850.0 -17471.0 
-17760.0 -17566.0 
-17689.0 -17656.0 
-17730.0 -17589.0 
-17474.0 -17853.0 
-17692.0 -17638.0 
-17787.0 -17530.0 
-17466.0 -17859.0 
-17338.0 -17955.0 
-17218.0 -18036.0 
-17787.0 -17530.0 
-17741.0 -17570.0 
-17382.0 -17952.0 
-17286.0 -18004.0 
-17497.0 -17843.0 
-17775.0 -17554.0 
-17454.0 -17877.0 
-17254.0 -18027.0 
-17326.0 -17961.0 
-17499.0 -17841.0 
-17254.0 -18027.0 
-17691.0 -17654.0 
-17600.0 -17743.0 
-17314.0 -17975.0 
-17809.0 -17497.0 
-17800.0 -17509.0 
-17817.0 -17496.0 
-17660.0 -17666.0 
-17286.0 -18004.0 
-17595.0 -17762.0 
-17760.0 -17566.0 
-17270.0 -18007.0 
-17474.0 -17853.0 
-17466.0 -17859.0 
-17499.0 -17841.0 
-17396.0 -17947.0 
-17326.0 -17961.0 
-17790.0 -17517.0 
-17819.0 -17484.0 
-17792.0 -17510.0 
-17382.0 -17952.0 
-17730.0 -17589.0 
-17650.0 -17713.0 
-17689.0 -17656.0 
-17497.0 -17843.0 
-17737.0 -17580.0 
-17335.0 -17957.0 
-17737.0 -17580.0 
-17790.0 -17517.0 
-17308.0 -18000.0 
-17800.0 -17509.0 
-17809.0 -17497.0 
-17738.0 -17576.0 
-17335.0 -17957.0 
-17738.0 -17576.0 
-17741.0 -17570.0 
-17601.0 -17717.0 
-17338.0 -17955.0 
-17252.0 -18035.0 
-17817.0 -17496.0 
-17792.0 -17510.0 
-17902.0 -17401.0 
-17193.0 -18086.0 
-17542.0 -17798.0 
-17520.0 -17826.0 
-17218.0 -18036.0 
-17787.0 -17530.0 
-17454.0 -17877.0 
