-17211.0 -18043.0 
-18051.0 -17195.0 
-18051.0 -17195.0 
-17211.0 -18043.0 
-17298.0 -18020.0 
-17826.0 -17609.0 
-17222.0 -18036.0 
-17745.0 -17681.0 
-17731.0 -17724.0 
-17987.0 -17364.0 
-18007.0 -17305.0 
-18008.0 -17257.0 
-17838.0 -17562.0 
-17779.0 -17670.0 
-17390.0 -17950.0 
-18007.0 -17305.0 
-17425.0 -17943.0 
-17957.0 -17396.0 
-17316.0 -18003.0 
-17783.0 -17633.0 
-17860.0 -17501.0 
-17516.0 -17905.0 
-18039.0 -17199.0 
-18037.0 -17228.0 
-17945.0 -17430.0 
-17426.0 -17930.0 
-17781.0 -17639.0 
-17666.0 -17744.0 
-18025.0 -17232.0 
-17697.0 -17735.0 
-17916.0 -17471.0 
-17859.0 -17526.0 
-17826.0 -17609.0 
-17575.0 -17854.0 
-17483.0 -17915.0 
-17551.0 -17863.0 
-17298.0 -18020.0 
-17974.0 -17375.0 
-17664.0 -17763.0 
-17957.0 -17396.0 
-17844.0 -17561.0 
-17898.0 -17474.0 
-17598.0 -17838.0 
-17626.0 -17781.0 
-17449.0 -17924.0 
-17987.0 -17364.0 
-17530.0 -17890.0 
-17693.0 -17738.0 
-17376.0 -17958.0 
-17344.0 -17983.0 
-17933.0 -17434.0 
-17856.0 -17534.0 
-17354.0 -17964.0 
-17346.0 -17971.0 
-17648.0 -17765.0 
-17974.0 -17375.0 
-18019.0 -17249.0 
-17926.0 -17452.0 
-17449.0 -17924.0 
-17530.0 -17890.0 
-17222.0 -18036.0 
-17882.0 -17500.0 
-17602.0 -17826.0 
-17542.0 -17873.0 
-17926.0 -17452.0 
-17616.0 -17807.0 
-17623.0 -17800.0 
-17783.0 -17633.0 
-17731.0 -17724.0 
-17745.0 -17681.0 
-17516.0 -17905.0 
-17639.0 -17766.0 
-17483.0 -17915.0 
-17602.0 -17826.0 
-17470.0 -17916.0 
-17542.0 -17873.0 
-17587.0 -17843.0 
-17616.0 -17807.0 
-17470.0 -17916.0 
-17575.0 -17854.0 
-17665.0 -17749.0 
-17376.0 -17958.0 
-17856.0 -17534.0 
-17895.0 -17482.0 
-17895.0 -17482.0 
-17551.0 -17863.0 
-17626.0 -17781.0 
-17587.0 -17843.0 
-17324.0 -17996.0 
-17334.0 -17989.0 
-17883.0 -17498.0 
-17945.0 -17430.0 
-17334.0 -17989.0 
-17324.0 -17996.0 
-17697.0 -17735.0 
-17639.0 -17766.0 
-17883.0 -17498.0 
-17354.0 -17964.0 
-18019.0 -17249.0 
-17844.0 -17561.0 
