0.9827294767564058	0.10591064302408437	0.06599513280790914	0.21922057296916442	0.4715009170675639	0.863491020912665	0.06834625644415149	0.7417428070997062	0.7532686258950815	0.684764342566179
0.9312752488046623	0.043772720044009894	0.6665633162729774	0.4729684659535778	0.20324109310976568	0.8455170607274767	0.9617527238260174	0.7029483627361129	0.21911454067986724	0.9701761244994431
0.33924537377070263	0.9134843835515316	0.9804273802092807	0.22332267359914615	0.8184560271319318	0.720752435071687	0.7324824470521365	0.5857326069484073	0.6105443596873888	0.44709174096853166
0.3332488247630546	0.3341006372351345	0.4668903952761845	0.8479460508321304	0.8182468680825545	0.28442373296282275	0.2691806186551171	0.03077389535107633	0.053764668146998984	0.700982073720893
0.5618481102578677	0.5053674229102727	0.24737833002794551	0.9579695917042016	0.9959483923418349	0.4140167189772166	0.6308508388254288	0.5150562341295023	0.9830045878800685	0.010008879408193394
0.9891156577931094	0.3106423079248857	0.0754165894474913	0.9680724883548661	0.7070367332919387	0.009952195864751157	0.5592141246956963	0.39282672660408624	0.31605184235015304	0.3211323171312229
0.7707274955247972	0.31835495714442885	0.8918280769668626	0.17078816679699116	0.021590082776814845	0.7328375730829564	0.3201406141960681	0.04171293482268501	0.15715986571157592	0.9561721706590787
0.3132298793402174	0.7203055640093902	0.38515106989675785	0.6830896056433584	0.7075951976019508	0.06478489289156619	0.5299741400306706	0.8777513324733418	0.7739069722499219	0.984672472666266
0.7849685892861739	0.2329385720482553	0.9243733968884691	0.7664598526242384	0.2200139693262987	0.2108342280403206	0.6113466140462517	0.4924268709932701	0.276849999543861	0.036113127254845834
0.802694244111893	0.4009709161343641	0.9997585453083964	0.07465219706000359	0.33864319626878414	0.7516943540830417	0.40677625023493014	0.5502932811572933	0.342625354738347	0.44494115982226057
0.6864464142468545	0.06866790248604915	0.5800361732667397	0.3837895866562627	0.7807269123366533	0.4048553656874717	0.9226097417284563	0.7429675616683767	0.5429968642697206	0.39537053539861944
0.03824076842269686	0.28592225001248917	0.5967002538440819	0.46107835033220834	0.8828100814728385	0.3429159378883996	0.6894022924421688	0.8770420078471138	0.7931620777566589	0.34210044212796975
0.523997911755216	0.9694314899634202	0.5818233127611074	0.2766766246671717	0.854322270914806	0.17278259726621104	0.6278716238179219	0.3429400812739657	0.16960168531024866	0.6304779950575018
0.3844048235524037	0.9902886738440262	0.7335004527421063	0.30982232868824156	0.6574376362690724	0.1401443522219349	0.8358868812128879	0.201392357543552	0.3401947835988247	0.7226254188811148
0.5333608343270226	0.432326799974855	0.5433459174412917	0.5711640055770799	0.49447660852009045	0.04881171805614071	0.6988812708908528	0.8141230821542198	0.03896531071597564	0.19880142945554702
0.13489418027688604	0.984485298407702	0.6054273231780314	0.06536963445679012	0.9622769742422164	0.8945778271773134	0.35175027517343516	0.572287165263655	0.862157182870723	0.27074519879193104
0.09367428578959847	0.19009992870706705	0.3602130688957341	0.6509225526382273	0.4225223834387425	0.4512889754572962	0.7724216375310522	0.4000299103759235	0.9810648556657774	0.43756843476027907
0.798576656669251	0.799217048819189	0.5546987650772496	0.2607097445675851	0.24425003706781845	0.5995368401081392	0.5133414090292893	0.40082263751367797	0.39391304789011783	0.4350094055144642
0.645992285211662	0.8049104639038275	0.4351479353009625	0.9437901383771872	0.20700847079638207	0.40958160067559535	0.26360976054012075	0.7551699508534627	0.8329270007935107	0.08224937148376366
0.30990981936854056	0.731497622815442	0.4644788031455208	0.7179465832016092	0.4604349328024996	0.46915303140129283	0.5328169101052496	0.06672902467084052	0.1452513148336444	0.5285667958264241
0.8174035087667765	0.878824741484314	0.42162582431736817	0.9491988174495161	0.10954450506906299	0.3693034957554229	0.02382872582859963	0.41344515162681894	0.28748073092105464	0.1857139962246619
0.8541156504435015	0.24889336870258505	0.6567004633514117	0.052616672839511436	0.1284088527675188	0.49515711438269105	0.5781965767647769	0.7023588228779145	0.929136542325978	0.3303864587716896
0.7284330908151307	0.21181137248781812	0.9751843566609926	0.8768108384562497	0.054115305049582396	0.22645568276285266	0.40625341855483454	0.06955514241535765	0.1783747796085826	0.9714520927518645
0.472481895070225	0.21245542438106657	0.6494366945005905	0.3856522997155488	0.4649615538310855	0.06604966549832703	0.2645936069274941	0.20222123385257618	0.1958051005641529	0.7409593819139739
0.6973835050420584	0.27684080086045526	0.29834183036247186	0.4695681672719828	0.5320693712979779	0.7194313325242916	0.5327559333076627	0.8002434930215563	0.012761100691606297	0.6637722424041809
0.2226916486739462	0.5131958889445791	0.8880479797737884	0.656004519082932	0.5473179394173739	0.15060048167244933	0.8129573341755034	0.7447695337544217	0.377819174012305	0.23593957897031315
0.3338806965224058	0.7378907216321607	0.9187021462970343	0.21657974657145063	0.27268947726864845	0.9634100218873691	0.059390413084912996	0.6509354599621284	0.9464170609400576	0.34732337346808073
0.7380403512101842	0.8115215180236587	0.4628764133453832	0.5318463149088446	0.17212179855156662	0.9070886110951535	0.8438664747013062	0.6416047157296039	0.40981948295088977	0.5142088527586461
0.08375016464500473	0.44206268835888474	0.6136293024736907	0.5407621974083797	0.38341833999311836	0.7309710256924727	0.15432977023697092	0.28839314621580237	0.12798076347568188	0.9245874252134408
0.8163202114823077	0.5992807389237454	0.6203750561211865	0.5159919752125638	0.4480490642242059	0.45428536333401803	0.46050861132722276	0.8754765909295121	0.375090187390946	0.30080757213904663
0.65219437198484	0.6217704398964753	0.4980884103122374	0.6454848101890355	0.3544661554262737	0.9218293339431923	0.7188169786058958	0.4403815851652034	0.43727333300657045	0.1956490989252625
0.6868496153028014	0.3080961876928784	0.7951166029961675	0.09966837858532074	0.653551430138458	0.9055207040109193	0.8829325920993378	0.5277921840350601	0.3486709006597075	0.17013246486739042
2.8846015310812767E-4	0.5790534581955197	0.9949853779237431	0.5543289146272378	0.4334319598908296	0.17327984146304198	0.5339288990593993	0.9295625357953238	0.88987682308092	0.27604963518245385
0.0490619884651009	0.23928898847195623	0.6923559621713301	0.18201361749142286	0.5443258123272758	0.44708864486516875	0.61171874805925	0.49318779411329583	0.1824844181304579	0.11133656955936977
0.7930221048923358	0.27366819398948494	0.9566790265849873	0.4880929029962656	0.8701384099329915	0.5191927614341831	0.09874011645930914	0.6171141069303039	0.6868413633081212	0.0908017122923318
0.12847337615550736	0.29275525855733664	0.14094602071557405	0.30346802970866715	0.5489239350565442	0.6451820091309394	0.18878762395788373	0.11979810217817266	0.5123297670714628	0.6599862020589737
0.28139305824018634	0.21671466040453324	0.8934339665560201	0.6399818486996842	2.709851662563434E-4	0.8203259071718771	0.1806957535315319	0.9575856872202407	0.42614681098319285	0.2517291686151567
0.6754294079013632	0.6655829468188879	0.44644725912032845	0.17389325076917794	0.9195368541164453	0.32145707971353	0.05030136652183115	0.1600559131287801	0.7792759445637032	0.3526896494606253
0.9825258895284639	0.9135950664729631	0.9897263111684841	0.24873663619052933	0.8520081885263481	0.7360674343241521	0.41532798307000685	0.7825375964289162	0.7524646550425307	0.6139249794958483
0.6172104245267808	0.9601488493657513	0.4446984731450224	0.7181250283615925	0.3185680985759497	0.21439204975974713	0.23402612207716378	0.12626750099152573	0.9962013983172398	0.2487763191052048
0.785736174486302	0.7238043314463027	0.3042519754057421	0.6052967462005507	0.35928087375393947	0.23808664054987272	0.8095544486976662	0.6559129442443925	0.09523419790780974	0.23848078084204527
0.8399386629720434	0.5027807817579741	0.4060470398530237	0.34155364701803825	0.5975671822368689	0.5170359042500607	0.7133081927853737	0.7679082394779116	0.5460207967405647	0.37256342391750985
0.23119281593039598	0.590590361581799	0.5711325524916571	0.8821669810316581	0.5612420497375595	0.01790096305016986	0.4143252999311112	0.3510051465398283	0.28059244260999217	0.2813775284803609
0.45649586963262134	0.46439035378467053	0.2160467964460071	0.3994897158995978	0.19362991633141968	0.27294634811461316	0.7947801076072442	0.19848370313484054	0.18494585442964917	0.35917840249190347
0.8049577862315913	0.1101034564032658	0.18523683249059142	0.896008373251376	0.09451453090311113	0.32876908787899084	0.3117509510168136	0.8574491864254906	0.04085491049395773	0.5490076002517124
0.7770069147923305	0.46017152574709286	0.21545994511425115	0.8490222833944793	0.7746897480603514	0.8763919616510455	0.5242244920217368	0.25725262032375673	0.09044804963071273	0.15638379792474932
0.6049173020579669	0.29808381774204074	0.34402043987195463	0.3845487948653221	0.5740222168099417	0.08944025918394383	0.7244364403252659	0.22116768745665727	0.41674348063086963	0.622623326628228
0.033306537140322945	0.9268832739242818	0.7783647452122804	0.8489669607082603	0.7674303132073534	0.9373799938545666	0.8894346519954518	0.213949630475474	0.044146776389780595	0.5396370624707059
0.552553946220598	0.4447665975291578	0.920411816569065	0.25102938182642076	0.3288886715392324	0.6426231499164291	0.3303156750749616	0.8891850182231299	0.904921284934374	0.7947439156334476
0.5307457932485599	0.6683422066133612	0.667239449719281	0.11768472184287582	0.23287519207452811	0.02598307145509937	0.13077339181822023	0.2205711348958166	0.13583248985437968	0.7382576989780161
0.4601376618114039	0.7020477270988663	0.4938379363027079	0.30729798499016514	0.7949707793651493	0.6991228105130961	0.705312417790254	0.21109430555468267	0.04556187715893456	0.4235301077982423
0.7499102506854836	0.7598725500723653	0.7931565942402276	0.5421521808072944	0.3442707463536703	0.29679178257412686	0.9828162893414877	0.6396364470572975	0.40475457982006713	0.23610555618483053
0.25560509118580155	0.9942449695677027	0.7792874090588399	0.7806963924887093	0.8164463689225993	0.3148479539804434	0.08890163327064415	0.25214012384931495	0.4896527549814681	0.6837819538346904
0.8751914113186705	0.7164283271857843	0.9374725384802803	0.34521757099206607	0.44939045787895515	0.501098059083515	0.16180115746613755	0.46319327759744233	0.24958187372415286	0.17234215309681367
0.470378821788178	0.5750700440344838	0.3845242419148138	0.4393993699980371	0.39742458246841383	0.14803391665234478	0.8836030258460429	0.34380266542520954	0.49572106954595097	0.3095711686447171
6.482154952685004E-4	0.318145760444554	0.12075151624839298	0.6776059705283742	0.8624381469691113	0.9419502796464709	0.7332605768379418	0.4767933507701808	0.7335162256976316	0.3467107636525233
0.8508810218773037	0.7480534146113866	0.6723888713641568	0.7510594847376951	0.8619815689954478	0.04924525708332517	0.9363670190458864	0.18833472172182686	0.32646227741637057	0.04119131358139283
0.23908935944136656	0.4172486929370831	0.6677451717886497	0.0474046028888927	0.2561777013261718	0.9920218254579788	0.9058155464470784	0.7760129728549284	0.7986488520738867	0.032263842530910636
0.5813821460340711	0.33447812518440834	0.5067520038602593	0.08062236514557097	0.7801329417091447	0.48375330502200065	0.6704836288087768	0.4590874782809321	0.20915494524487244	0.6782799457990033
0.8696143818867893	0.35978154987110345	0.4869247921140136	0.44714833345848914	0.8506953389380062	0.9488044442992469	0.9971558780070188	0.4941066960887034	0.36562258471647213	0.22536596070398052
0.6422594374001032	0.7033008309438586	0.9074249056175241	0.6479824610325092	0.3914499396314649	0.8486796189369062	0.915722644675657	0.45602596351303937	0.2229734655157154	0.4401542801867405
0.6402438578891617	0.996955935917623	0.08869646554005306	0.4587164026031253	0.3607938178935025	0.8218255678384067	0.21850389971511708	0.10935792244656495	0.6143756569009377	0.09505932894159852
0.1822362224476728	0.29346535941293783	0.6751810802206483	0.6447136452020454	0.34825453880947876	0.830118854510031	0.9038008030583478	0.5303282688855675	0.211046359832195	0.5118761012553283
0.8055048281566946	0.8018419890398019	0.23506502806017504	0.27215775573043177	0.7701831132225057	0.09293893593166935	0.488293079643797	0.41098436950122663	0.6360559014588746	0.9136323071818678
0.3246336102368339	0.6573030730117534	0.5798891096087279	0.9000636635381953	0.33631980700613084	0.7596950189574814	0.288923691496071	0.41129550454970265	0.7007805084458791	0.7563470321737514
0.32889589183588575	0.06200947828366987	0.24945082883360037	0.1605122346642528	0.997454924542988	0.7945976311568056	0.2840066750283863	0.9928458417486087	0.5505982519745873	0.4009885555164907
0.01223108122719152	0.14691293530079252	0.3713196596601669	0.44360904375158905	0.2874005873406835	0.2744793180607811	0.40693556719714186	0.6700468935438707	0.050657745128024456	0.9613531039514522
0.31871819313608674	0.6880111316062322	0.269352976856434	0.8301121539970012	0.4111797066503734	0.5085657542194582	0.35897409437623895	0.12217964178575846	0.9452961541815776	0.17817717326559512
0.9450669639321586	0.9132080615037582	0.18632051510134118	0.954307815500218	0.9711445330890438	0.7976775725914833	0.07286572323097695	0.20086927973008317	0.23539293618854817	0.48005903168046027
0.6456742455426382	0.2105279021265828	0.07868809502412633	0.9826807620343567	0.3684202586709403	0.47572664163042055	0.7623803958784943	0.840360484122334	0.6219302326944595	0.41944758217090805
0.7063863049902703	0.8098605207173101	0.8978062872049428	0.5050151247193259	0.5904676787036761	0.063291034310346	0.21485394738730557	0.7738769112742703	0.624244182417158	0.9061269596762471
0.9812020629622071	0.4414790767311255	0.8436403008323441	0.3172264796400801	0.41579063517970816	0.3611522345823299	0.4765962177785341	0.40955242793755464	0.04140224541318305	0.7171666099271405
0.8374541743612809	0.9426950488000047	0.04665535675584365	0.0800567534276071	0.43404185381301497	0.6179792867293296	0.4660258064599334	0.6768946370544946	0.282022760144512	0.6023332370330136
0.2544646162768599	0.7165450185339688	0.6557859843008734	0.9630192183347543	0.9557427467572287	0.8667303145508846	0.8535609337003761	0.3736245701975127	0.7954131400332317	0.06963759989625207
0.4916735543687706	0.6286532256279244	0.6586500386245168	0.5033616946254214	0.18291705467760944	0.8707150667926501	0.37423321637354523	0.5851371303006878	0.14424683394056736	0.8575528910786459
0.9419918505553839	0.04484548675009281	0.15075399908231835	0.392744407002642	0.5156877303639816	0.2267480945235698	0.5787873596936934	0.6179618884430107	0.016929763928458685	0.3425759858412233
0.8670175404338034	0.7563831425357853	0.08398405492245264	0.827559479036978	0.1011300450236089	0.5830001255771993	0.11629358583891414	0.6696945145294119	0.1713599022230734	0.6513557885648397
0.6965866533968302	0.28882459985727527	0.2796301952275555	0.352645720315498	0.8079814176698644	0.48628656579204776	0.32075466159550114	0.0309989399760896	0.7687933909311016	0.6545189531259422
0.017180259274785392	0.8449662575353754	0.7985466681142959	0.4635502450277602	0.22788810603020915	0.8447870502115771	0.11778656226158324	0.2268011088373746	0.7600875172200899	0.5034892470098982
0.0037458476103806593	0.40270979432454257	0.001413131744676721	0.7225502492665312	0.30970044179473877	0.5194530159425446	0.5346318762079787	0.04407520686600985	0.9078261957880372	0.898772965843122
0.6902207961973903	0.24016817535694412	0.45961573761016117	0.3919124225618278	0.94652717479984	0.8073132746763103	0.19786011130378045	0.032033344322587975	0.16055075638628624	0.33470757754370284
0.8646117885726781	0.5767665904967184	0.7172587890666157	0.4184230269423832	0.6359990988346079	0.2839418833016053	0.1001346326138699	0.9297795883091959	0.08675705748687801	0.9315228444829045
0.1617161103129452	0.05248527272008641	0.880807662341688	0.40863141643428436	0.834449658074578	0.12338398635405723	0.42630058727024944	0.8051326506942615	0.5499543025922344	0.2912353614072287
0.2434842787015642	0.5778808256202851	0.8368322218148212	0.49140678756020095	0.05628040818642155	0.8134987804938167	0.6517322670911323	0.5259305536374849	0.07994709227759522	0.9993340682980314
0.09072464834315186	0.6994635402807892	0.39312341610496204	0.8578002425390099	0.8157646921338472	0.7187281679329475	0.7430822088995356	0.3852241977742563	0.5326663247297265	0.3792021347430341
0.5527228149358394	0.6207261910889876	0.7304613634301065	0.27123499517011807	0.7943727058476047	0.9183220996123436	0.1942845175072876	0.5582079197238023	0.4425189393020119	0.30683111146434217
0.7265503266206624	0.9663983874650732	0.09804726870542058	0.6091949024710901	0.7546690020878374	0.6118900704381662	0.5780443022516512	0.6415777482386952	0.841968912808125	0.9929178254153975
0.7708674042200142	0.41086267750989136	0.8116892350030991	0.13491869852326122	0.5736600069370279	0.8472004937826066	0.8046471486685869	0.7955501882106891	0.7500439639215281	0.19041083683743498
0.8966280876761384	0.607321046304107	0.04414320636571867	0.8304106366291014	0.6761539183846577	0.9738763376716825	0.948981390648085	0.048488446577983346	0.060103458444938807	0.7832082229426708
0.21302650315277782	0.2261279061650212	0.4893253252654448	0.6339464290876254	0.7497757179565994	0.8113946634739755	0.19358600547280247	0.669288862502633	0.759424366030611	0.11082635259342688
0.39093609483609537	0.432661943710721	0.8829328296657283	0.8158299074828562	0.5818261365792755	0.4202456232901214	0.6466264461576186	0.4995081320172261	0.6909767088740549	0.7503910705126263
0.9734094278308153	0.3348971625079984	0.755957017831349	0.0927829834782874	0.5599385469864542	0.2718198215941884	0.8436028124726018	0.2772259334763997	0.6883076520393938	0.2315842830255621
0.1659149138661289	0.6539215606154032	0.24365577252806292	0.35781632791119944	0.6594761749297695	0.33409848739036463	0.9494950484069602	0.884412500662286	0.8642102973565516	0.871186330729934
0.7548999921452014	0.09205933563057622	0.6077048160727103	0.5027649700948849	0.6860071207346369	0.019737053992832765	0.8768309892449917	0.5071699232155228	0.33866517434570464	0.15564826894745554
0.47921721467367284	0.8243955634101053	0.11850339285902478	0.25647219614951966	0.8981604091446057	0.996211032547227	0.5991247457490793	0.5781683715488211	0.8295725383745931	0.10321032514581374
0.07334989148674176	0.48538306550921717	0.9578573141595803	0.3391029887040934	0.5729194755190061	0.4158705216699353	0.42858568069359115	0.35311811405615023	0.6119614005937078	0.6302365624732531
0.7103185120242	0.01237641701546588	0.19230473682242544	0.4456754302195406	0.6121738464954847	0.842851579500043	0.5852073741622817	0.5224247861438668	0.01604385962823862	0.014657042254563546
0.7458283547933112	0.9521629032233035	0.8057694743041154	0.942586084369397	0.11751256538338439	0.5920712182420308	0.06379951818357688	0.5662815424587638	0.010710120644823906	0.0382962945114651
0.6719664076234149	0.9380318026239318	0.07206990913847666	0.9482491973951175	0.23204450125790543	0.4755676130195148	0.6616484802545168	0.6586881294136566	0.45192589480081036	0.5283912196227911
0.012449096450527941	0.12893623782590036	0.4261862711696778	0.6499563782611041	0.12171604413656456	0.6640847260500927	0.1913315360936405	0.9171151420413168	0.5749390658529683	0.2182570304382564
