-19212.0 -18459.0 
-18219.0 -19552.0 
-19212.0 -18459.0 
-18219.0 -19552.0 
-19182.0 -18517.0 
-19175.0 -18640.0 
-18565.0 -19366.0 
-18749.0 -19266.0 
-18630.0 -19358.0 
-19112.0 -18708.0 
-18247.0 -19515.0 
-19107.0 -18779.0 
-18957.0 -19018.0 
-18750.0 -19209.0 
-19068.0 -18868.0 
-19182.0 -18517.0 
-19036.0 -18871.0 
-18771.0 -19182.0 
-18906.0 -19023.0 
-18387.0 -19502.0 
-18693.0 -19284.0 
-18640.0 -19335.0 
-18347.0 -19508.0 
-18464.0 -19452.0 
-18526.0 -19412.0 
-18427.0 -19467.0 
-19079.0 -18837.0 
-18303.0 -19510.0 
-18761.0 -19185.0 
-18709.0 -19278.0 
-18233.0 -19549.0 
-18904.0 -19058.0 
-18289.0 -19513.0 
-18822.0 -19162.0 
-18650.0 -19322.0 
-19159.0 -18641.0 
-18961.0 -18979.0 
-18347.0 -19508.0 
-18879.0 -19087.0 
-18975.0 -18935.0 
-18503.0 -19436.0 
-18856.0 -19119.0 
-19079.0 -18837.0 
-19123.0 -18680.0 
-18801.0 -19165.0 
-19003.0 -18907.0 
-19118.0 -18703.0 
-18680.0 -19308.0 
-19100.0 -18799.0 
-18464.0 -19452.0 
-18427.0 -19467.0 
-18553.0 -19400.0 
-18968.0 -18949.0 
-18879.0 -19087.0 
-18526.0 -19412.0 
-18801.0 -19165.0 
-19003.0 -18907.0 
-18975.0 -18935.0 
-18961.0 -18979.0 
-18928.0 -19021.0 
-18856.0 -19119.0 
-18485.0 -19439.0 
-18848.0 -19137.0 
-18822.0 -19162.0 
-19147.0 -18656.0 
-19098.0 -18808.0 
-18891.0 -19075.0 
-19098.0 -18808.0 
-18848.0 -19137.0 
-18709.0 -19278.0 
-19025.0 -18885.0 
-19014.0 -18902.0 
-18503.0 -19436.0 
-18555.0 -19392.0 
-18406.0 -19479.0 
-18397.0 -19484.0 
-18928.0 -19021.0 
-19147.0 -18656.0 
-18855.0 -19136.0 
-18891.0 -19075.0 
-18485.0 -19439.0 
-19025.0 -18885.0 
-18666.0 -19316.0 
-19107.0 -18779.0 
-18750.0 -19209.0 
-18680.0 -19308.0 
-18406.0 -19479.0 
-18968.0 -18949.0 
-18666.0 -19316.0 
-19128.0 -18673.0 
-19132.0 -18670.0 
-18904.0 -19058.0 
-18630.0 -19358.0 
-18555.0 -19392.0 
-18233.0 -19549.0 
-19132.0 -18670.0 
-18289.0 -19513.0 
-18247.0 -19515.0 
-18303.0 -19510.0 
-19014.0 -18902.0 
