-19177.0 -18445.0 
-18332.0 -19399.0 
-19177.0 -18445.0 
-18332.0 -19399.0 
-19173.0 -18533.0 
-19164.0 -18604.0 
-18615.0 -19283.0 
-18494.0 -19352.0 
-18417.0 -19353.0 
-18753.0 -19149.0 
-18891.0 -19061.0 
-18899.0 -18995.0 
-18651.0 -19226.0 
-18566.0 -19294.0 
-18793.0 -19143.0 
-18335.0 -19390.0 
-19137.0 -18615.0 
-18696.0 -19217.0 
-18549.0 -19311.0 
-18524.0 -19337.0 
-18378.0 -19380.0 
-18964.0 -18956.0 
-19136.0 -18653.0 
-19050.0 -18835.0 
-18631.0 -19259.0 
-19064.0 -18808.0 
-18731.0 -19170.0 
-18631.0 -19259.0 
-18941.0 -18976.0 
-19107.0 -18720.0 
-19028.0 -18840.0 
-19107.0 -18720.0 
-18970.0 -18926.0 
-18707.0 -19184.0 
-19078.0 -18760.0 
-18524.0 -19337.0 
-18941.0 -18976.0 
-18860.0 -19074.0 
-18802.0 -19117.0 
-18830.0 -19098.0 
-19078.0 -18760.0 
-18830.0 -19098.0 
-18731.0 -19170.0 
-18413.0 -19367.0 
-18918.0 -18993.0 
-19017.0 -18875.0 
-19064.0 -18808.0 
-19073.0 -18775.0 
-18868.0 -19065.0 
-18494.0 -19352.0 
-18860.0 -19074.0 
-19003.0 -18902.0 
-18381.0 -19371.0 
-18651.0 -19226.0 
-19027.0 -18860.0 
-19120.0 -18682.0 
-19017.0 -18875.0 
-18816.0 -19103.0 
-19123.0 -18668.0 
-18918.0 -18993.0 
-18964.0 -18956.0 
-18802.0 -19117.0 
-18700.0 -19201.0 
-19115.0 -18690.0 
-19112.0 -18708.0 
-18396.0 -19368.0 
-18707.0 -19184.0 
-19003.0 -18902.0 
-18700.0 -19201.0 
-18988.0 -18909.0 
-19050.0 -18835.0 
-18816.0 -19103.0 
-18970.0 -18926.0 
-18983.0 -18912.0 
-19123.0 -18668.0 
-19073.0 -18775.0 
-18396.0 -19368.0 
-18983.0 -18912.0 
-18998.0 -18908.0 
-18557.0 -19309.0 
-18793.0 -19143.0 
-19136.0 -18653.0 
-19027.0 -18860.0 
-19112.0 -18708.0 
-18563.0 -19301.0 
-18696.0 -19217.0 
-18378.0 -19380.0 
-18891.0 -19061.0 
-18868.0 -19065.0 
-19137.0 -18615.0 
-18563.0 -19301.0 
-19075.0 -18767.0 
-19115.0 -18690.0 
-18899.0 -18995.0 
-19075.0 -18767.0 
-18557.0 -19309.0 
-18998.0 -18908.0 
-19028.0 -18840.0 
-18417.0 -19353.0 
-18494.0 -19352.0 
