4.823628558171025836e-04
3.426941677783351117e-04
2.590923211760830626e-04
5.226174528102627698e-04
5.276822982441635446e-04
3.754950953205706053e-04
2.909870618942798329e-04
4.095035322117557036e-04
4.404592145051424140e-04
4.776624608908707783e-04
6.933605885947706493e-04
2.675452367582804077e-04
4.364654435003100202e-04
5.208531021582855696e-04
3.828391987400434093e-04
3.509784854835039294e-04
3.143145562342084865e-04
4.379525367857891281e-04
4.421813123267747270e-04
4.575814148275461016e-04
4.441590008464502571e-04
4.213678317194769472e-04
3.572832095218357682e-04
2.948698124031167963e-04
4.904234402568329737e-04
3.966270630344627770e-04
5.948268595633659193e-04
5.513316885340284685e-04
3.105067703619923485e-04
3.022366446607292561e-04
5.133851795595868088e-04
