-18447.0 -19533.0 
-19415.0 -18467.0 
-18447.0 -19533.0 
-19415.0 -18467.0 
-19400.0 -18507.0 
-19179.0 -18939.0 
-19186.0 -18893.0 
-19379.0 -18561.0 
-18731.0 -19365.0 
-19333.0 -18639.0 
-18765.0 -19328.0 
-19357.0 -18574.0 
-19098.0 -19030.0 
-18522.0 -19473.0 
-19052.0 -19053.0 
-18754.0 -19351.0 
-18569.0 -19471.0 
-18688.0 -19375.0 
-18953.0 -19167.0 
-18794.0 -19327.0 
-19406.0 -18496.0 
-18851.0 -19261.0 
-18989.0 -19138.0 
-18881.0 -19233.0 
-19050.0 -19083.0 
-19319.0 -18692.0 
-19280.0 -18751.0 
-19291.0 -18739.0 
-18939.0 -19191.0 
-18843.0 -19284.0 
-19021.0 -19115.0 
-19243.0 -18828.0 
-18901.0 -19222.0 
-19101.0 -19010.0 
-18656.0 -19411.0 
-18833.0 -19292.0 
-18612.0 -19432.0 
-18668.0 -19404.0 
-19141.0 -18975.0 
-19068.0 -19040.0 
-18999.0 -19117.0 
-18920.0 -19197.0 
-19150.0 -18944.0 
-18966.0 -19163.0 
-18468.0 -19496.0 
-19306.0 -18702.0 
-18816.0 -19302.0 
-19204.0 -18887.0 
-18616.0 -19422.0 
-19031.0 -19102.0 
-19222.0 -18840.0 
-19125.0 -18997.0 
-19144.0 -18945.0 
-19034.0 -19088.0 
-19276.0 -18776.0 
-19132.0 -18978.0 
-19122.0 -19008.0 
-18735.0 -19355.0 
-19248.0 -18809.0 
-18867.0 -19254.0 
-18594.0 -19445.0 
-18462.0 -19516.0 
-19379.0 -18561.0 
-19344.0 -18621.0 
-19211.0 -18879.0 
-19324.0 -18668.0 
-18816.0 -19302.0 
-19324.0 -18668.0 
-19297.0 -18718.0 
-19352.0 -18598.0 
-18594.0 -19445.0 
-19266.0 -18785.0 
-18904.0 -19209.0 
-18637.0 -19418.0 
-19248.0 -18809.0 
-18677.0 -19387.0 
-19352.0 -18598.0 
-18503.0 -19487.0 
-19068.0 -19040.0 
-18490.0 -19490.0 
-18977.0 -19149.0 
-19344.0 -18621.0 
-18577.0 -19463.0 
-18577.0 -19463.0 
-19214.0 -18863.0 
-19298.0 -18713.0 
-18794.0 -19327.0 
-18637.0 -19418.0 
-19214.0 -18863.0 
-18503.0 -19487.0 
-19226.0 -18835.0 
-18462.0 -19516.0 
-18977.0 -19149.0 
-18522.0 -19473.0 
-18688.0 -19375.0 
-18677.0 -19387.0 
-19266.0 -18785.0 
-18873.0 -19247.0 
-18490.0 -19490.0 
-19273.0 -18783.0 
