-18236.0 -19617.0 
-19516.0 -18055.0 
-18236.0 -19617.0 
-19516.0 -18055.0 
-18267.0 -19577.0 
-19496.0 -18265.0 
-18349.0 -19556.0 
-19511.0 -18158.0 
-18464.0 -19500.0 
-18887.0 -19224.0 
-19511.0 -18158.0 
-18605.0 -19384.0 
-19293.0 -18697.0 
-18898.0 -19196.0 
-18503.0 -19493.0 
-18601.0 -19414.0 
-19250.0 -18795.0 
-18721.0 -19340.0 
-18649.0 -19379.0 
-19413.0 -18445.0 
-19229.0 -18818.0 
-19473.0 -18293.0 
-19223.0 -18846.0 
-19077.0 -19008.0 
-19178.0 -18894.0 
-19305.0 -18659.0 
-19459.0 -18348.0 
-19106.0 -18982.0 
-18838.0 -19241.0 
-19151.0 -18905.0 
-18908.0 -19160.0 
-19268.0 -18748.0 
-18985.0 -19112.0 
-19254.0 -18762.0 
-18564.0 -19422.0 
-19429.0 -18368.0 
-18938.0 -19157.0 
-18819.0 -19255.0 
-19055.0 -19029.0 
-19178.0 -18894.0 
-18414.0 -19505.0 
-19342.0 -18631.0 
-19025.0 -19081.0 
-18673.0 -19348.0 
-19096.0 -18997.0 
-18539.0 -19446.0 
-18806.0 -19268.0 
-18267.0 -19577.0 
-19374.0 -18574.0 
-18391.0 -19509.0 
-18516.0 -19474.0 
-19440.0 -18351.0 
-19422.0 -18397.0 
-18520.0 -19457.0 
-19223.0 -18846.0 
-19323.0 -18653.0 
-18559.0 -19445.0 
-18941.0 -19133.0 
-18349.0 -19556.0 
-19132.0 -18929.0 
-19356.0 -18602.0 
-19381.0 -18538.0 
-19397.0 -18485.0 
-19119.0 -18949.0 
-18965.0 -19115.0 
-18746.0 -19311.0 
-18768.0 -19293.0 
-18956.0 -19125.0 
-19145.0 -18927.0 
-19496.0 -18265.0 
-19050.0 -19041.0 
-19335.0 -18641.0 
-19473.0 -18293.0 
-19356.0 -18602.0 
-18754.0 -19294.0 
-19282.0 -18724.0 
-19025.0 -19081.0 
-19050.0 -19041.0 
-19006.0 -19093.0 
-18768.0 -19293.0 
-18387.0 -19529.0 
-18806.0 -19268.0 
-18838.0 -19241.0 
-18699.0 -19346.0 
-19422.0 -18397.0 
-19381.0 -18538.0 
-18746.0 -19311.0 
-19006.0 -19093.0 
-19282.0 -18724.0 
-18376.0 -19532.0 
-19393.0 -18507.0 
-19374.0 -18574.0 
-18376.0 -19532.0 
-19393.0 -18507.0 
-19119.0 -18949.0 
-19399.0 -18465.0 
-18649.0 -19379.0 
-18414.0 -19505.0 
-18701.0 -19342.0 
-18673.0 -19348.0 
