-19288.0 -18718.0 
-19288.0 -18718.0 
-18279.0 -19591.0 
-18279.0 -19591.0 
-18728.0 -19461.0 
-18467.0 -19571.0 
-19252.0 -18815.0 
-19230.0 -18847.0 
-19074.0 -19119.0 
-18372.0 -19576.0 
-19269.0 -18777.0 
-19219.0 -18885.0 
-18949.0 -19241.0 
-18372.0 -19576.0 
-19272.0 -18739.0 
-19140.0 -19042.0 
-18524.0 -19543.0 
-18804.0 -19345.0 
-19141.0 -18994.0 
-18962.0 -19200.0 
-19097.0 -19063.0 
-18626.0 -19467.0 
-18467.0 -19571.0 
-19155.0 -18949.0 
-19114.0 -19049.0 
-18880.0 -19267.0 
-18905.0 -19259.0 
-18752.0 -19415.0 
-18674.0 -19464.0 
-18867.0 -19313.0 
-19141.0 -18994.0 
-18752.0 -19415.0 
-18674.0 -19464.0 
-18576.0 -19503.0 
-18995.0 -19173.0 
-18829.0 -19317.0 
-18588.0 -19484.0 
-19067.0 -19135.0 
-18758.0 -19390.0 
-18874.0 -19297.0 
-18928.0 -19257.0 
-18998.0 -19155.0 
-19195.0 -18910.0 
-19195.0 -18910.0 
-19186.0 -18924.0 
-18984.0 -19185.0 
-18789.0 -19374.0 
-18524.0 -19543.0 
-19043.0 -19139.0 
-19018.0 -19148.0 
-19165.0 -18939.0 
-18827.0 -19325.0 
-18547.0 -19515.0 
-19018.0 -19148.0 
-18962.0 -19200.0 
-18623.0 -19476.0 
-18527.0 -19525.0 
-18612.0 -19481.0 
-19043.0 -19139.0 
-18984.0 -19185.0 
-19165.0 -18939.0 
-18771.0 -19382.0 
-19097.0 -19063.0 
-19186.0 -18924.0 
-18576.0 -19503.0 
-19155.0 -18949.0 
-18827.0 -19325.0 
-18802.0 -19364.0 
-18874.0 -19297.0 
-18928.0 -19257.0 
-18771.0 -19382.0 
-18544.0 -19517.0 
-19099.0 -19060.0 
-18536.0 -19524.0 
-18547.0 -19515.0 
-18799.0 -19369.0 
-18796.0 -19373.0 
-18588.0 -19484.0 
-18880.0 -19267.0 
-18758.0 -19390.0 
-19099.0 -19060.0 
-18612.0 -19481.0 
-18867.0 -19313.0 
-19067.0 -19135.0 
-18998.0 -19155.0 
-18536.0 -19524.0 
-19140.0 -19042.0 
-18802.0 -19364.0 
-18829.0 -19317.0 
-18527.0 -19525.0 
-19043.0 -19139.0 
-19097.0 -19063.0 
-18928.0 -19257.0 
-18588.0 -19484.0 
-19099.0 -19060.0 
-19099.0 -19060.0 
-18588.0 -19484.0 
-19097.0 -19063.0 
-19097.0 -19063.0 
-18928.0 -19257.0 
