-19142.0 -18847.0 
-18354.0 -19642.0 
-18354.0 -19642.0 
-18384.0 -19602.0 
-18510.0 -19585.0 
-19131.0 -18950.0 
-19088.0 -19064.0 
-18829.0 -19366.0 
-18922.0 -19280.0 
-19105.0 -18978.0 
-18994.0 -19210.0 
-19104.0 -19027.0 
-18964.0 -19229.0 
-18778.0 -19367.0 
-18934.0 -19255.0 
-18861.0 -19325.0 
-19063.0 -19088.0 
-18383.0 -19623.0 
-18964.0 -19229.0 
-18889.0 -19288.0 
-18557.0 -19540.0 
-19019.0 -19117.0 
-18861.0 -19325.0 
-18572.0 -19520.0 
-19036.0 -19101.0 
-18996.0 -19173.0 
-18532.0 -19546.0 
-18708.0 -19430.0 
-19131.0 -18950.0 
-19063.0 -19088.0 
-18741.0 -19396.0 
-18934.0 -19255.0 
-19104.0 -19027.0 
-18737.0 -19414.0 
-18829.0 -19366.0 
-18677.0 -19453.0 
-18596.0 -19516.0 
-18766.0 -19371.0 
-18761.0 -19382.0 
-19036.0 -19101.0 
-18510.0 -19585.0 
-19009.0 -19159.0 
-19105.0 -18978.0 
-18719.0 -19420.0 
-18618.0 -19502.0 
-18865.0 -19304.0 
-18624.0 -19480.0 
-18889.0 -19288.0 
-18695.0 -19437.0 
-18522.0 -19575.0 
-19010.0 -19137.0 
-18597.0 -19508.0 
-18629.0 -19469.0 
-19012.0 -19122.0 
-18527.0 -19563.0 
-18871.0 -19301.0 
-18557.0 -19540.0 
-18994.0 -19210.0 
-18383.0 -19623.0 
-18572.0 -19520.0 
-19002.0 -19161.0 
-18871.0 -19301.0 
-18761.0 -19382.0 
-18683.0 -19452.0 
-18690.0 -19448.0 
-18741.0 -19396.0 
-18384.0 -19602.0 
-18612.0 -19504.0 
-18719.0 -19420.0 
-18624.0 -19480.0 
-18527.0 -19563.0 
-19010.0 -19137.0 
-18522.0 -19575.0 
-18996.0 -19173.0 
-18778.0 -19367.0 
-18695.0 -19437.0 
-18532.0 -19546.0 
-18612.0 -19504.0 
-18737.0 -19414.0 
-18690.0 -19448.0 
-18629.0 -19469.0 
-18618.0 -19502.0 
-19002.0 -19161.0 
-18865.0 -19304.0 
-19012.0 -19122.0 
-18596.0 -19516.0 
-18597.0 -19508.0 
-19009.0 -19159.0 
-18934.0 -19255.0 
-18522.0 -19575.0 
-19009.0 -19159.0 
-18522.0 -19575.0 
-18676.0 -19468.0 
-18641.0 -19465.0 
-18883.0 -18952.0 
-18641.0 -19465.0 
-18792.0 -19267.0 
-18844.0 -19136.0 
-18653.0 -19454.0 
-18645.0 -19463.0 
