-18420.0 -19628.0 
-19333.0 -18640.0 
-18938.0 -19329.0 
-18456.0 -19577.0 
-19298.0 -18825.0 
-18624.0 -19527.0 
-19329.0 -18722.0 
-18869.0 -19346.0 
-18528.0 -19563.0 
-19312.0 -18758.0 
-18955.0 -19269.0 
-18529.0 -19549.0 
-18582.0 -19542.0 
-18973.0 -19257.0 
-19143.0 -19032.0 
-18816.0 -19388.0 
-19070.0 -19145.0 
-19266.0 -18835.0 
-19112.0 -19100.0 
-19178.0 -19011.0 
-19316.0 -18756.0 
-18711.0 -19463.0 
-18456.0 -19577.0 
-18582.0 -19542.0 
-18673.0 -19486.0 
-19027.0 -19193.0 
-18869.0 -19346.0 
-18637.0 -19489.0 
-18711.0 -19463.0 
-19260.0 -18872.0 
-19253.0 -18895.0 
-19072.0 -19109.0 
-18787.0 -19425.0 
-19262.0 -18858.0 
-18840.0 -19366.0 
-19233.0 -18897.0 
-18673.0 -19486.0 
-19188.0 -18978.0 
-18979.0 -19231.0 
-18733.0 -19450.0 
-18759.0 -19445.0 
-18797.0 -19403.0 
-19132.0 -19057.0 
-19329.0 -18722.0 
-19039.0 -19163.0 
-19027.0 -19193.0 
-19119.0 -19078.0 
-18838.0 -19378.0 
-18767.0 -19433.0 
-19132.0 -19057.0 
-19143.0 -19032.0 
-18993.0 -19227.0 
-19007.0 -19217.0 
-18646.0 -19487.0 
-19196.0 -18933.0 
-18955.0 -19269.0 
-19089.0 -19101.0 
-19217.0 -18918.0 
-18733.0 -19450.0 
-19119.0 -19078.0 
-19039.0 -19163.0 
-19178.0 -19011.0 
-19075.0 -19106.0 
-19217.0 -18918.0 
-19007.0 -19217.0 
-18799.0 -19398.0 
-19209.0 -18927.0 
-19051.0 -19147.0 
-19183.0 -18994.0 
-18840.0 -19366.0 
-19183.0 -18994.0 
-19191.0 -18961.0 
-19194.0 -18950.0 
-19046.0 -19149.0 
-19233.0 -18897.0 
-18787.0 -19425.0 
-18767.0 -19433.0 
-19089.0 -19101.0 
-18637.0 -19489.0 
-18528.0 -19563.0 
-19209.0 -18927.0 
-19266.0 -18835.0 
-19191.0 -18961.0 
-18759.0 -19445.0 
-19000.0 -19221.0 
-19194.0 -18950.0 
-18838.0 -19378.0 
-18799.0 -19398.0 
-19000.0 -19221.0 
-18646.0 -19487.0 
-18979.0 -19231.0 
-19253.0 -18895.0 
-19046.0 -19149.0 
-19196.0 -18933.0 
-19051.0 -19147.0 
-18955.0 -19269.0 
-19191.0 -18961.0 
-18799.0 -19398.0 
-19253.0 -18895.0 
-19046.0 -19149.0 
