-19564.0 -18173.0 
-18573.0 -19525.0 
-19564.0 -18173.0 
-18573.0 -19525.0 
-18664.0 -19523.0 
-19172.0 -19023.0 
-19479.0 -18515.0 
-19119.0 -19042.0 
-19494.0 -18429.0 
-19050.0 -19144.0 
-18848.0 -19345.0 
-18913.0 -19299.0 
-19007.0 -19173.0 
-19389.0 -18634.0 
-19362.0 -18740.0 
-19367.0 -18688.0 
-18930.0 -19258.0 
-18883.0 -19334.0 
-18729.0 -19453.0 
-19303.0 -18815.0 
-18985.0 -19237.0 
-19173.0 -18976.0 
-19545.0 -18231.0 
-19545.0 -18231.0 
-19515.0 -18398.0 
-19113.0 -19082.0 
-19428.0 -18584.0 
-19453.0 -18531.0 
-18923.0 -19289.0 
-19278.0 -18822.0 
-19380.0 -18679.0 
-19535.0 -18280.0 
-19006.0 -19207.0 
-18828.0 -19360.0 
-19559.0 -18178.0 
-19211.0 -18948.0 
-18760.0 -19392.0 
-18993.0 -19216.0 
-19102.0 -19119.0 
-18702.0 -19455.0 
-19428.0 -18584.0 
-19088.0 -19124.0 
-18953.0 -19247.0 
-18699.0 -19470.0 
-19519.0 -18351.0 
-18685.0 -19487.0 
-18788.0 -19387.0 
-19240.0 -18907.0 
-19270.0 -18834.0 
-18956.0 -19238.0 
-19401.0 -18621.0 
-19224.0 -18917.0 
-18733.0 -19419.0 
-19103.0 -19086.0 
-18883.0 -19334.0 
-19449.0 -18563.0 
-19330.0 -18773.0 
-19535.0 -18280.0 
-19401.0 -18621.0 
-19330.0 -18773.0 
-19265.0 -18858.0 
-19525.0 -18317.0 
-19337.0 -18760.0 
-18685.0 -19487.0 
-19247.0 -18894.0 
-19525.0 -18317.0 
-19032.0 -19155.0 
-19303.0 -18815.0 
-19265.0 -18858.0 
-19032.0 -19155.0 
-19494.0 -18429.0 
-18798.0 -19370.0 
-19519.0 -18351.0 
-19088.0 -19124.0 
-19247.0 -18894.0 
-19479.0 -18515.0 
-18738.0 -19413.0 
-18760.0 -19392.0 
-19190.0 -18963.0 
-19512.0 -18408.0 
-19211.0 -18948.0 
-18664.0 -19523.0 
-18795.0 -19385.0 
-19337.0 -18760.0 
-18738.0 -19413.0 
-19224.0 -18917.0 
-18816.0 -19363.0 
-19119.0 -19042.0 
-19450.0 -18540.0 
-19362.0 -18740.0 
-19512.0 -18408.0 
-19559.0 -18178.0 
-18816.0 -19363.0 
-19190.0 -18963.0 
-19449.0 -18563.0 
-19380.0 -18679.0 
-19184.0 -18969.0 
-19184.0 -18969.0 
-18798.0 -19370.0 
-19450.0 -18540.0 
