-19421.0 -18302.0 
-19421.0 -18302.0 
-18307.0 -19549.0 
-18307.0 -19549.0 
-19318.0 -18604.0 
-18367.0 -19524.0 
-19164.0 -18795.0 
-19349.0 -18496.0 
-19276.0 -18674.0 
-19282.0 -18610.0 
-19382.0 -18392.0 
-19381.0 -18465.0 
-19211.0 -18744.0 
-18937.0 -19096.0 
-18970.0 -19093.0 
-18507.0 -19464.0 
-19208.0 -18775.0 
-19407.0 -18373.0 
-18820.0 -19214.0 
-18587.0 -19425.0 
-18449.0 -19498.0 
-19212.0 -18685.0 
-19158.0 -18842.0 
-18644.0 -19381.0 
-18468.0 -19469.0 
-19138.0 -18896.0 
-18766.0 -19291.0 
-18798.0 -19242.0 
-18397.0 -19522.0 
-19225.0 -18684.0 
-19002.0 -19045.0 
-18397.0 -19522.0 
-19074.0 -18925.0 
-18720.0 -19298.0 
-19002.0 -19045.0 
-18841.0 -19211.0 
-18646.0 -19370.0 
-19108.0 -18912.0 
-19063.0 -18962.0 
-18891.0 -19167.0 
-18787.0 -19244.0 
-19024.0 -18993.0 
-18862.0 -19176.0 
-19150.0 -18855.0 
-18926.0 -19129.0 
-18588.0 -19392.0 
-19412.0 -18346.0 
-18515.0 -19439.0 
-18601.0 -19391.0 
-19012.0 -19014.0 
-18781.0 -19274.0 
-18689.0 -19334.0 
-18550.0 -19427.0 
-19361.0 -18495.0 
-19008.0 -19023.0 
-19318.0 -18604.0 
-18668.0 -19355.0 
-19033.0 -18987.0 
-18970.0 -19093.0 
-18695.0 -19318.0 
-19412.0 -18346.0 
-18536.0 -19431.0 
-19349.0 -18496.0 
-18449.0 -19498.0 
-19033.0 -18987.0 
-19108.0 -18912.0 
-19063.0 -18962.0 
-18902.0 -19150.0 
-18708.0 -19303.0 
-18526.0 -19436.0 
-19381.0 -18465.0 
-18706.0 -19315.0 
-18926.0 -19129.0 
-18896.0 -19163.0 
-18851.0 -19194.0 
-18851.0 -19194.0 
-18459.0 -19480.0 
-19071.0 -18944.0 
-18673.0 -19339.0 
-18911.0 -19146.0 
-19150.0 -18855.0 
-19127.0 -18898.0 
-19225.0 -18684.0 
-18601.0 -19391.0 
-18766.0 -19291.0 
-18781.0 -19274.0 
-19361.0 -18495.0 
-19208.0 -18775.0 
-19127.0 -18898.0 
-18459.0 -19480.0 
-18670.0 -19340.0 
-19071.0 -18944.0 
-18862.0 -19176.0 
-18911.0 -19146.0 
-18720.0 -19298.0 
-19382.0 -18392.0 
-18550.0 -19427.0 
-18668.0 -19355.0 
-19276.0 -18674.0 
-19074.0 -18925.0 
