-18573.0 -19350.0 
-18573.0 -19350.0 
-19425.0 -18258.0 
-19425.0 -18258.0 
-19235.0 -18752.0 
-19415.0 -18348.0 
-18632.0 -19342.0 
-19203.0 -18768.0 
-19250.0 -18707.0 
-18974.0 -19063.0 
-18632.0 -19342.0 
-18748.0 -19296.0 
-18700.0 -19312.0 
-19252.0 -18673.0 
-18818.0 -19224.0 
-19353.0 -18507.0 
-19045.0 -18998.0 
-19390.0 -18407.0 
-19367.0 -18413.0 
-19358.0 -18451.0 
-19000.0 -19042.0 
-18851.0 -19187.0 
-18700.0 -19312.0 
-18956.0 -19081.0 
-18773.0 -19275.0 
-18832.0 -19192.0 
-19019.0 -19014.0 
-19402.0 -18370.0 
-18944.0 -19085.0 
-19066.0 -18964.0 
-19365.0 -18440.0 
-19286.0 -18647.0 
-18922.0 -19110.0 
-18775.0 -19271.0 
-19293.0 -18614.0 
-19309.0 -18560.0 
-19148.0 -18840.0 
-19344.0 -18517.0 
-18799.0 -19226.0 
-18725.0 -19307.0 
-19045.0 -18998.0 
-19291.0 -18642.0 
-18781.0 -19237.0 
-19303.0 -18599.0 
-19117.0 -18891.0 
-19066.0 -18964.0 
-19126.0 -18861.0 
-19162.0 -18814.0 
-19185.0 -18790.0 
-19070.0 -18941.0 
-19315.0 -18547.0 
-19019.0 -19014.0 
-18870.0 -19152.0 
-18886.0 -19148.0 
-19402.0 -18370.0 
-19082.0 -18935.0 
-19326.0 -18544.0 
-19102.0 -18907.0 
-19109.0 -18897.0 
-19415.0 -18348.0 
-18725.0 -19307.0 
-18787.0 -19228.0 
-19162.0 -18814.0 
-19286.0 -18647.0 
-19094.0 -18913.0 
-19185.0 -18790.0 
-19172.0 -18799.0 
-19133.0 -18850.0 
-19339.0 -18533.0 
-18886.0 -19148.0 
-18906.0 -19131.0 
-19252.0 -18673.0 
-19148.0 -18840.0 
-19302.0 -18608.0 
-19002.0 -19036.0 
-19334.0 -18534.0 
-18859.0 -19164.0 
-18862.0 -19155.0 
-18912.0 -19128.0 
-18906.0 -19131.0 
-19002.0 -19036.0 
-18832.0 -19192.0 
-19126.0 -18861.0 
-18936.0 -19106.0 
-18935.0 -19109.0 
-19172.0 -18799.0 
-19390.0 -18407.0 
-19082.0 -18935.0 
-19094.0 -18913.0 
-19309.0 -18560.0 
-18859.0 -19164.0 
-19133.0 -18850.0 
-19117.0 -18891.0 
-19358.0 -18451.0 
-19303.0 -18599.0 
-18781.0 -19237.0 
-19353.0 -18507.0 
-18912.0 -19128.0 
-18936.0 -19106.0 
-19070.0 -18941.0 
