-18706.0 -20010.0 
-18706.0 -20010.0 
-19632.0 -19197.0 
-19632.0 -19197.0 
-19167.0 -19813.0 
-19094.0 -19829.0 
-18767.0 -19993.0 
-19467.0 -19476.0 
-19202.0 -19757.0 
-18905.0 -19947.0 
-19017.0 -19871.0 
-19469.0 -19439.0 
-18839.0 -19969.0 
-18949.0 -19904.0 
-18767.0 -19993.0 
-19570.0 -19310.0 
-19011.0 -19898.0 
-19259.0 -19671.0 
-19167.0 -19813.0 
-19202.0 -19757.0 
-18870.0 -19965.0 
-19038.0 -19865.0 
-19587.0 -19231.0 
-18996.0 -19900.0 
-19434.0 -19478.0 
-19224.0 -19706.0 
-19094.0 -19829.0 
-19338.0 -19606.0 
-19547.0 -19315.0 
-19583.0 -19282.0 
-19065.0 -19836.0 
-19517.0 -19385.0 
-19327.0 -19633.0 
-19536.0 -19350.0 
-18803.0 -19976.0 
-19043.0 -19849.0 
-19587.0 -19231.0 
-18870.0 -19965.0 
-19295.0 -19654.0 
-19389.0 -19546.0 
-19357.0 -19575.0 
-19278.0 -19670.0 
-18803.0 -19976.0 
-19214.0 -19741.0 
-19386.0 -19566.0 
-19354.0 -19593.0 
-19254.0 -19696.0 
-19396.0 -19523.0 
-19500.0 -19392.0 
-19584.0 -19254.0 
-19395.0 -19540.0 
-19583.0 -19282.0 
-19542.0 -19326.0 
-18920.0 -19928.0 
-19495.0 -19396.0 
-19217.0 -19719.0 
-19407.0 -19520.0 
-19316.0 -19642.0 
-19414.0 -19511.0 
-19295.0 -19654.0 
-18932.0 -19921.0 
-19480.0 -19436.0 
-19065.0 -19836.0 
-19485.0 -19407.0 
-19586.0 -19236.0 
-19246.0 -19702.0 
-19369.0 -19573.0 
-18824.0 -19975.0 
-19427.0 -19490.0 
-19338.0 -19606.0 
-18933.0 -19913.0 
-19376.0 -19567.0 
-19316.0 -19642.0 
-18906.0 -19935.0 
-19414.0 -19511.0 
-19522.0 -19364.0 
-18909.0 -19929.0 
-19536.0 -19350.0 
-19584.0 -19254.0 
-19482.0 -19424.0 
-19327.0 -19633.0 
-19214.0 -19741.0 
-19430.0 -19486.0 
-18949.0 -19904.0 
-19043.0 -19849.0 
-18996.0 -19900.0 
-19570.0 -19310.0 
-19542.0 -19326.0 
-19278.0 -19670.0 
-19522.0 -19364.0 
-19217.0 -19719.0 
-19354.0 -19593.0 
-19427.0 -19490.0 
-19520.0 -19372.0 
-19482.0 -19424.0 
-18824.0 -19975.0 
-19485.0 -19407.0 
-19246.0 -19702.0 
-19520.0 -19372.0 
-19254.0 -19696.0 
