-18678.0 -20020.0 
-19657.0 -19124.0 
-19657.0 -19124.0 
-18678.0 -20020.0 
-19130.0 -19811.0 
-19102.0 -19856.0 
-18957.0 -19910.0 
-18806.0 -19987.0 
-18749.0 -19995.0 
-19057.0 -19889.0 
-19016.0 -19904.0 
-19102.0 -19856.0 
-19414.0 -19537.0 
-19332.0 -19630.0 
-18749.0 -19995.0 
-19057.0 -19889.0 
-18696.0 -20014.0 
-19623.0 -19163.0 
-19575.0 -19289.0 
-19417.0 -19509.0 
-19522.0 -19349.0 
-19382.0 -19566.0 
-19646.0 -19149.0 
-19153.0 -19805.0 
-18905.0 -19930.0 
-19587.0 -19263.0 
-19016.0 -19904.0 
-19513.0 -19385.0 
-19203.0 -19760.0 
-19434.0 -19505.0 
-19300.0 -19678.0 
-19599.0 -19207.0 
-19381.0 -19582.0 
-18811.0 -19975.0 
-19359.0 -19586.0 
-19588.0 -19233.0 
-19345.0 -19607.0 
-19165.0 -19781.0 
-18851.0 -19966.0 
-19622.0 -19179.0 
-19557.0 -19300.0 
-19579.0 -19269.0 
-19505.0 -19396.0 
-18696.0 -20014.0 
-19212.0 -19735.0 
-19490.0 -19425.0 
-18952.0 -19924.0 
-19356.0 -19600.0 
-18928.0 -19929.0 
-19305.0 -19662.0 
-19474.0 -19456.0 
-19312.0 -19656.0 
-19187.0 -19774.0 
-19454.0 -19478.0 
-19616.0 -19194.0 
-19267.0 -19705.0 
-18861.0 -19959.0 
-19272.0 -19701.0 
-19267.0 -19705.0 
-19399.0 -19551.0 
-19234.0 -19732.0 
-19399.0 -19551.0 
-19238.0 -19730.0 
-19238.0 -19730.0 
-18889.0 -19938.0 
-19300.0 -19678.0 
-19272.0 -19701.0 
-19167.0 -19780.0 
-18937.0 -19926.0 
-19588.0 -19233.0 
-18876.0 -19948.0 
-19490.0 -19425.0 
-19474.0 -19456.0 
-19539.0 -19326.0 
-19505.0 -19396.0 
-18874.0 -19957.0 
-19484.0 -19437.0 
-19312.0 -19656.0 
-18831.0 -19969.0 
-19454.0 -19478.0 
-19646.0 -19149.0 
-19535.0 -19338.0 
-19553.0 -19306.0 
-19539.0 -19326.0 
-19339.0 -19624.0 
-19599.0 -19207.0 
-19434.0 -19505.0 
-18887.0 -19942.0 
-19204.0 -19747.0 
-18831.0 -19969.0 
-19484.0 -19437.0 
-19187.0 -19774.0 
-19459.0 -19472.0 
-19459.0 -19472.0 
-19210.0 -19745.0 
-19513.0 -19385.0 
-19522.0 -19349.0 
-19553.0 -19306.0 
-19616.0 -19194.0 
-19153.0 -19805.0 
