-18814.0 -19938.0 
-19722.0 -18914.0 
-19722.0 -18914.0 
-18814.0 -19938.0 
-18817.0 -19909.0 
-18909.0 -19907.0 
-19574.0 -19292.0 
-18988.0 -19878.0 
-18921.0 -19884.0 
-19581.0 -19217.0 
-19377.0 -19524.0 
-19599.0 -19200.0 
-19657.0 -19115.0 
-19662.0 -19061.0 
-19680.0 -19053.0 
-19353.0 -19558.0 
-19702.0 -19000.0 
-19322.0 -19566.0 
-19042.0 -19844.0 
-19354.0 -19526.0 
-19252.0 -19666.0 
-19066.0 -19802.0 
-19405.0 -19491.0 
-19252.0 -19666.0 
-19702.0 -19000.0 
-19208.0 -19705.0 
-19503.0 -19363.0 
-19718.0 -18953.0 
-19706.0 -18961.0 
-19280.0 -19641.0 
-19550.0 -19300.0 
-19510.0 -19329.0 
-19459.0 -19388.0 
-19613.0 -19168.0 
-19025.0 -19851.0 
-19319.0 -19593.0 
-19634.0 -19121.0 
-18988.0 -19878.0 
-19485.0 -19381.0 
-19025.0 -19851.0 
-19223.0 -19695.0 
-19121.0 -19767.0 
-19450.0 -19420.0 
-19223.0 -19695.0 
-19082.0 -19791.0 
-19405.0 -19491.0 
-19613.0 -19168.0 
-19629.0 -19143.0 
-19090.0 -19787.0 
-19300.0 -19604.0 
-19412.0 -19464.0 
-19168.0 -19738.0 
-19066.0 -19802.0 
-19529.0 -19324.0 
-19175.0 -19719.0 
-19280.0 -19641.0 
-19433.0 -19429.0 
-19042.0 -19844.0 
-19680.0 -19053.0 
-19289.0 -19621.0 
-19130.0 -19749.0 
-19550.0 -19300.0 
-19629.0 -19143.0 
-19090.0 -19787.0 
-19151.0 -19743.0 
-19529.0 -19324.0 
-19485.0 -19381.0 
-19422.0 -19460.0 
-19289.0 -19621.0 
-19455.0 -19409.0 
-19190.0 -19714.0 
-19503.0 -19363.0 
-19190.0 -19714.0 
-19151.0 -19743.0 
-19581.0 -19217.0 
-19121.0 -19767.0 
-19426.0 -19444.0 
-19300.0 -19604.0 
-18921.0 -19884.0 
-19426.0 -19444.0 
-19433.0 -19429.0 
-19125.0 -19757.0 
-18909.0 -19907.0 
-19455.0 -19409.0 
-19517.0 -19328.0 
-19319.0 -19593.0 
-19662.0 -19061.0 
-19168.0 -19738.0 
-19175.0 -19719.0 
-19718.0 -18953.0 
-19706.0 -18961.0 
-19125.0 -19757.0 
-19412.0 -19464.0 
-19517.0 -19328.0 
-19130.0 -19749.0 
-19634.0 -19121.0 
-19657.0 -19115.0 
-19459.0 -19388.0 
-19322.0 -19566.0 
-19353.0 -19558.0 
