-19375.0 -18517.0 
-18646.0 -19494.0 
-18787.0 -19399.0 
-18842.0 -19343.0 
-19367.0 -18602.0 
-18713.0 -19421.0 
-18787.0 -19399.0 
-18842.0 -19343.0 
-18866.0 -19300.0 
-18652.0 -19451.0 
-19298.0 -18740.0 
-18898.0 -19294.0 
-19054.0 -19115.0 
-19339.0 -18657.0 
-18971.0 -19200.0 
-19228.0 -18854.0 
-19217.0 -18885.0 
-19197.0 -18887.0 
-18953.0 -19203.0 
-19088.0 -19068.0 
-19315.0 -18720.0 
-19342.0 -18616.0 
-18684.0 -19441.0 
-19071.0 -19076.0 
-19283.0 -18757.0 
-19129.0 -18986.0 
-19320.0 -18688.0 
-19196.0 -18912.0 
-19257.0 -18821.0 
-19281.0 -18786.0 
-19248.0 -18835.0 
-19006.0 -19153.0 
-19257.0 -18821.0 
-18705.0 -19432.0 
-19116.0 -19023.0 
-18925.0 -19254.0 
-18866.0 -19300.0 
-18684.0 -19441.0 
-19069.0 -19094.0 
-19326.0 -18686.0 
-18982.0 -19166.0 
-19279.0 -18793.0 
-19228.0 -18854.0 
-18908.0 -19263.0 
-19125.0 -19007.0 
-19339.0 -18657.0 
-18713.0 -19421.0 
-19176.0 -18938.0 
-19091.0 -19048.0 
-18910.0 -19255.0 
-18984.0 -19164.0 
-19165.0 -18942.0 
-19248.0 -18835.0 
-19279.0 -18793.0 
-18948.0 -19224.0 
-19099.0 -19037.0 
-19149.0 -18972.0 
-18941.0 -19240.0 
-19181.0 -18931.0 
-19026.0 -19125.0 
-19315.0 -18720.0 
-19348.0 -18615.0 
-19142.0 -18981.0 
-19116.0 -19023.0 
-19181.0 -18931.0 
-19017.0 -19129.0 
-19155.0 -18970.0 
-19367.0 -18602.0 
-19069.0 -19094.0 
-19041.0 -19116.0 
-19164.0 -18953.0 
-18948.0 -19224.0 
-19009.0 -19142.0 
-19094.0 -19044.0 
-18908.0 -19263.0 
-19125.0 -19007.0 
-19348.0 -18615.0 
-19099.0 -19037.0 
-19196.0 -18912.0 
-18932.0 -19246.0 
-18705.0 -19432.0 
-19283.0 -18757.0 
-19326.0 -18686.0 
-18898.0 -19294.0 
-19164.0 -18953.0 
-18652.0 -19451.0 
-18971.0 -19200.0 
-19009.0 -19142.0 
-19217.0 -18885.0 
-18982.0 -19166.0 
-18941.0 -19240.0 
-18932.0 -19246.0 
-19032.0 -19122.0 
-19006.0 -19153.0 
-19017.0 -19129.0 
-19142.0 -18981.0 
-19155.0 -18970.0 
-19032.0 -19122.0 
-18984.0 -19164.0 
-19041.0 -19116.0 
