-19439.0 -18419.0 
-18536.0 -19593.0 
-19439.0 -18419.0 
-18536.0 -19593.0 
-18615.0 -19570.0 
-19250.0 -18951.0 
-19407.0 -18470.0 
-19403.0 -18593.0 
-18908.0 -19366.0 
-19216.0 -18965.0 
-19199.0 -19024.0 
-19104.0 -19160.0 
-19406.0 -18549.0 
-19251.0 -18874.0 
-19361.0 -18659.0 
-18739.0 -19492.0 
-18748.0 -19471.0 
-19062.0 -19200.0 
-19383.0 -18632.0 
-19148.0 -19093.0 
-18934.0 -19329.0 
-19334.0 -18732.0 
-18675.0 -19513.0 
-19358.0 -18673.0 
-18818.0 -19441.0 
-19062.0 -19200.0 
-18955.0 -19310.0 
-18630.0 -19546.0 
-18998.0 -19259.0 
-18983.0 -19279.0 
-18775.0 -19470.0 
-18955.0 -19310.0 
-18702.0 -19512.0 
-19306.0 -18777.0 
-18670.0 -19534.0 
-19383.0 -18632.0 
-19104.0 -19160.0 
-19285.0 -18781.0 
-18934.0 -19329.0 
-19407.0 -18470.0 
-19027.0 -19244.0 
-18983.0 -19279.0 
-18702.0 -19512.0 
-19161.0 -19036.0 
-19406.0 -18549.0 
-19358.0 -18673.0 
-19282.0 -18832.0 
-19040.0 -19206.0 
-19313.0 -18748.0 
-18880.0 -19368.0 
-19330.0 -18741.0 
-18615.0 -19570.0 
-18656.0 -19542.0 
-18842.0 -19408.0 
-18796.0 -19450.0 
-19334.0 -18732.0 
-18818.0 -19441.0 
-19308.0 -18756.0 
-18842.0 -19408.0 
-19174.0 -19032.0 
-19216.0 -18965.0 
-18845.0 -19398.0 
-19283.0 -18800.0 
-18998.0 -19259.0 
-19252.0 -18860.0 
-19114.0 -19127.0 
-19262.0 -18854.0 
-19274.0 -18833.0 
-19158.0 -19060.0 
-19125.0 -19106.0 
-18739.0 -19492.0 
-19116.0 -19109.0 
-18857.0 -19383.0 
-18854.0 -19389.0 
-19199.0 -19024.0 
-19028.0 -19231.0 
-19151.0 -19074.0 
-18867.0 -19375.0 
-19174.0 -19032.0 
-19125.0 -19106.0 
-18796.0 -19450.0 
-18784.0 -19462.0 
-18784.0 -19462.0 
-18630.0 -19546.0 
-19033.0 -19222.0 
-18656.0 -19542.0 
-19268.0 -18847.0 
-19115.0 -19124.0 
-19283.0 -18800.0 
-18867.0 -19375.0 
-18880.0 -19368.0 
-19033.0 -19222.0 
-19158.0 -19060.0 
-19151.0 -19074.0 
-19027.0 -19244.0 
-19114.0 -19127.0 
-19250.0 -18951.0 
-19251.0 -18874.0 
-19040.0 -19206.0 
-19268.0 -18847.0 
