-18744.0 -19410.0 
-18744.0 -19410.0 
-19392.0 -18596.0 
-19392.0 -18596.0 
-18785.0 -19380.0 
-18928.0 -19300.0 
-18844.0 -19344.0 
-19369.0 -18673.0 
-18785.0 -19380.0 
-19144.0 -19090.0 
-19156.0 -19045.0 
-18874.0 -19325.0 
-19326.0 -18790.0 
-18844.0 -19344.0 
-19355.0 -18749.0 
-19369.0 -18673.0 
-18886.0 -19322.0 
-19058.0 -19184.0 
-19018.0 -19215.0 
-19340.0 -18758.0 
-18929.0 -19274.0 
-18965.0 -19251.0 
-19117.0 -19100.0 
-19236.0 -18937.0 
-19076.0 -19128.0 
-19297.0 -18835.0 
-19203.0 -18990.0 
-19181.0 -19036.0 
-19101.0 -19127.0 
-18986.0 -19221.0 
-19037.0 -19202.0 
-19282.0 -18847.0 
-19187.0 -19023.0 
-19356.0 -18710.0 
-19037.0 -19202.0 
-19230.0 -18966.0 
-18886.0 -19322.0 
-19260.0 -18901.0 
-19259.0 -18928.0 
-19307.0 -18805.0 
-18940.0 -19255.0 
-19187.0 -19023.0 
-18973.0 -19246.0 
-19063.0 -19151.0 
-19203.0 -18990.0 
-19018.0 -19215.0 
-19102.0 -19116.0 
-19061.0 -19157.0 
-19357.0 -18701.0 
-19117.0 -19100.0 
-19311.0 -18796.0 
-19074.0 -19142.0 
-19279.0 -18884.0 
-18983.0 -19223.0 
-19340.0 -18758.0 
-19281.0 -18870.0 
-19252.0 -18933.0 
-19144.0 -19090.0 
-19297.0 -18835.0 
-19357.0 -18701.0 
-19156.0 -19045.0 
-19268.0 -18892.0 
-18935.0 -19258.0 
-19215.0 -18979.0 
-19058.0 -19184.0 
-19307.0 -18805.0 
-19215.0 -18979.0 
-19268.0 -18892.0 
-18973.0 -19246.0 
-19102.0 -19116.0 
-19181.0 -19036.0 
-19223.0 -18972.0 
-19223.0 -18972.0 
-19281.0 -18870.0 
-18983.0 -19223.0 
-19230.0 -18966.0 
-19282.0 -18847.0 
-19252.0 -18933.0 
-19236.0 -18937.0 
-19074.0 -19142.0 
-19311.0 -18796.0 
-18935.0 -19258.0 
-19279.0 -18884.0 
-18940.0 -19255.0 
-19355.0 -18749.0 
-19356.0 -18710.0 
-19260.0 -18901.0 
-18986.0 -19221.0 
-19061.0 -19157.0 
-19259.0 -18928.0 
-19101.0 -19127.0 
-19037.0 -19202.0 
-19144.0 -19090.0 
-19156.0 -19045.0 
-19058.0 -19184.0 
-19223.0 -18972.0 
-19279.0 -18884.0 
-19260.0 -18901.0 
-19279.0 -18884.0 
-19279.0 -18884.0 
