-18418.0 -19336.0 
-19183.0 -18626.0 
-18418.0 -19336.0 
-19183.0 -18626.0 
-18932.0 -19039.0 
-18874.0 -19042.0 
-18863.0 -19079.0 
-18935.0 -18979.0 
-18650.0 -19248.0 
-18954.0 -18955.0 
-19125.0 -18724.0 
-18454.0 -19316.0 
-18785.0 -19126.0 
-19113.0 -18769.0 
-19125.0 -18724.0 
-18454.0 -19316.0 
-19178.0 -18656.0 
-18981.0 -18911.0 
-19145.0 -18680.0 
-18683.0 -19176.0 
-18820.0 -19080.0 
-18605.0 -19252.0 
-19073.0 -18829.0 
-18681.0 -19202.0 
-18497.0 -19295.0 
-18792.0 -19099.0 
-19021.0 -18902.0 
-18976.0 -18942.0 
-19028.0 -18867.0 
-18696.0 -19166.0 
-19153.0 -18664.0 
-18497.0 -19295.0 
-19095.0 -18806.0 
-19013.0 -18910.0 
-18586.0 -19266.0 
-19145.0 -18680.0 
-18743.0 -19142.0 
-19028.0 -18867.0 
-18542.0 -19279.0 
-19113.0 -18769.0 
-18516.0 -19291.0 
-19095.0 -18806.0 
-18743.0 -19142.0 
-19049.0 -18833.0 
-18667.0 -19206.0 
-19102.0 -18788.0 
-18516.0 -19291.0 
-18657.0 -19224.0 
-18545.0 -19271.0 
-18943.0 -18975.0 
-18560.0 -19268.0 
-19034.0 -18841.0 
-18810.0 -19089.0 
-19102.0 -18788.0 
-18587.0 -19258.0 
-19073.0 -18829.0 
-18768.0 -19134.0 
-18977.0 -18934.0 
-18720.0 -19152.0 
-18605.0 -19252.0 
-18661.0 -19222.0 
-18810.0 -19089.0 
-18720.0 -19152.0 
-18708.0 -19159.0 
-19049.0 -18833.0 
-18792.0 -19099.0 
-18560.0 -19268.0 
-18769.0 -19133.0 
-19153.0 -18664.0 
-18542.0 -19279.0 
-19021.0 -18902.0 
-18943.0 -18975.0 
-19035.0 -18840.0 
-18712.0 -19153.0 
-18874.0 -19042.0 
-19178.0 -18656.0 
-18977.0 -18934.0 
-18863.0 -19079.0 
-18708.0 -19159.0 
-18650.0 -19248.0 
-18820.0 -19080.0 
-18667.0 -19206.0 
-18768.0 -19134.0 
-18657.0 -19224.0 
-19013.0 -18910.0 
-19035.0 -18840.0 
-18769.0 -19133.0 
-18661.0 -19222.0 
-18587.0 -19258.0 
-18935.0 -18979.0 
-19034.0 -18841.0 
-18981.0 -18911.0 
-18712.0 -19153.0 
-19183.0 -18626.0 
-19028.0 -18867.0 
-18542.0 -19279.0 
-18977.0 -18934.0 
-18708.0 -19159.0 
-18661.0 -19222.0 
-19034.0 -18841.0 
