-19181.0 -18574.0 
-19181.0 -18574.0 
-18524.0 -19331.0 
-18524.0 -19331.0 
-18609.0 -19299.0 
-18609.0 -19299.0 
-18659.0 -19275.0 
-18794.0 -19145.0 
-19140.0 -18653.0 
-18737.0 -19195.0 
-19103.0 -18697.0 
-18959.0 -18969.0 
-19174.0 -18620.0 
-19058.0 -18827.0 
-19067.0 -18802.0 
-18936.0 -18976.0 
-19067.0 -18802.0 
-19094.0 -18755.0 
-18703.0 -19233.0 
-19101.0 -18740.0 
-18738.0 -19158.0 
-19094.0 -18755.0 
-18755.0 -19156.0 
-19029.0 -18850.0 
-18821.0 -19107.0 
-18794.0 -19145.0 
-18659.0 -19275.0 
-19126.0 -18684.0 
-19118.0 -18693.0 
-18964.0 -18944.0 
-18707.0 -19209.0 
-18821.0 -19107.0 
-18676.0 -19239.0 
-18924.0 -18985.0 
-19058.0 -18827.0 
-18674.0 -19244.0 
-18853.0 -19071.0 
-18964.0 -18944.0 
-18828.0 -19085.0 
-18975.0 -18917.0 
-18998.0 -18884.0 
-19148.0 -18630.0 
-18855.0 -19069.0 
-19025.0 -18872.0 
-18835.0 -19079.0 
-18857.0 -19047.0 
-19029.0 -18850.0 
-19126.0 -18684.0 
-18919.0 -18991.0 
-18903.0 -18996.0 
-18879.0 -19023.0 
-19015.0 -18875.0 
-18755.0 -19156.0 
-18674.0 -19244.0 
-18706.0 -19212.0 
-18826.0 -19101.0 
-19154.0 -18625.0 
-18895.0 -19015.0 
-19015.0 -18875.0 
-18983.0 -18910.0 
-19168.0 -18622.0 
-18975.0 -18917.0 
-18865.0 -19035.0 
-19101.0 -18740.0 
-18865.0 -19035.0 
-18901.0 -19001.0 
-18835.0 -19079.0 
-18983.0 -18910.0 
-18875.0 -19024.0 
-18996.0 -18895.0 
-18737.0 -19195.0 
-18707.0 -19209.0 
-18995.0 -18896.0 
-18995.0 -18896.0 
-19148.0 -18630.0 
-18889.0 -19017.0 
-19027.0 -18861.0 
-19027.0 -18861.0 
-18889.0 -19017.0 
-18875.0 -19024.0 
-18745.0 -19157.0 
-18901.0 -19001.0 
-18860.0 -19041.0 
-18998.0 -18884.0 
-18919.0 -18991.0 
-19168.0 -18622.0 
-19154.0 -18625.0 
-18979.0 -18912.0 
-18703.0 -19233.0 
-18860.0 -19041.0 
-18745.0 -19157.0 
-18895.0 -19015.0 
-18826.0 -19101.0 
-18857.0 -19047.0 
-18676.0 -19239.0 
-18903.0 -18996.0 
-18979.0 -18912.0 
-18706.0 -19212.0 
-19168.0 -18622.0 
-18745.0 -19157.0 
