-18384.0 -19659.0 
-19424.0 -18539.0 
-19424.0 -18539.0 
-18384.0 -19659.0 
-18532.0 -19609.0 
-18434.0 -19617.0 
-19375.0 -18739.0 
-18669.0 -19538.0 
-19378.0 -18666.0 
-19062.0 -19203.0 
-19172.0 -19018.0 
-18739.0 -19465.0 
-19158.0 -19058.0 
-19344.0 -18775.0 
-19190.0 -19008.0 
-18834.0 -19387.0 
-18951.0 -19305.0 
-18770.0 -19456.0 
-18976.0 -19273.0 
-19023.0 -19208.0 
-18617.0 -19541.0 
-19313.0 -18784.0 
-18678.0 -19509.0 
-18870.0 -19381.0 
-19215.0 -18929.0 
-19400.0 -18623.0 
-18706.0 -19470.0 
-18597.0 -19555.0 
-19270.0 -18890.0 
-19088.0 -19140.0 
-19400.0 -18623.0 
-18571.0 -19566.0 
-19093.0 -19119.0 
-18418.0 -19636.0 
-18702.0 -19490.0 
-19127.0 -19074.0 
-19140.0 -19062.0 
-19196.0 -18976.0 
-18976.0 -19273.0 
-19003.0 -19251.0 
-19066.0 -19159.0 
-18788.0 -19437.0 
-19378.0 -18666.0 
-18692.0 -19505.0 
-19212.0 -18956.0 
-19344.0 -18775.0 
-18895.0 -19340.0 
-18888.0 -19362.0 
-19292.0 -18820.0 
-19273.0 -18863.0 
-18905.0 -19318.0 
-19375.0 -18739.0 
-19113.0 -19116.0 
-18773.0 -19438.0 
-18811.0 -19406.0 
-18951.0 -19305.0 
-19412.0 -18595.0 
-18557.0 -19584.0 
-19255.0 -18896.0 
-18424.0 -19622.0 
-18603.0 -19545.0 
-18921.0 -19315.0 
-19003.0 -19251.0 
-19414.0 -18571.0 
-19069.0 -19145.0 
-19286.0 -18835.0 
-19414.0 -18571.0 
-18803.0 -19424.0 
-19300.0 -18809.0 
-19118.0 -19107.0 
-18562.0 -19569.0 
-18904.0 -19337.0 
-19017.0 -19215.0 
-18552.0 -19595.0 
-18826.0 -19398.0 
-19232.0 -18920.0 
-19273.0 -18863.0 
-19412.0 -18595.0 
-19015.0 -19232.0 
-18532.0 -19609.0 
-18418.0 -19636.0 
-19248.0 -18903.0 
-19286.0 -18835.0 
-18921.0 -19315.0 
-18888.0 -19362.0 
-19196.0 -18976.0 
-18870.0 -19381.0 
-19300.0 -18809.0 
-19120.0 -19090.0 
-18816.0 -19400.0 
-19212.0 -18956.0 
-19313.0 -18784.0 
-18803.0 -19424.0 
-19015.0 -19232.0 
-19236.0 -18905.0 
-18552.0 -19595.0 
-19233.0 -18907.0 
-18434.0 -19617.0 
-19066.0 -19159.0 
-19120.0 -19090.0 
