-19084.0 -18752.0 
-18399.0 -19399.0 
-18399.0 -19399.0 
-19084.0 -18752.0 
-18976.0 -18882.0 
-18970.0 -18958.0 
-18896.0 -19049.0 
-18659.0 -19256.0 
-19064.0 -18805.0 
-18594.0 -19318.0 
-18669.0 -19229.0 
-18853.0 -19081.0 
-18538.0 -19320.0 
-18883.0 -19078.0 
-18413.0 -19384.0 
-19006.0 -18876.0 
-18609.0 -19272.0 
-18623.0 -19258.0 
-18530.0 -19343.0 
-18932.0 -18991.0 
-19068.0 -18775.0 
-18443.0 -19375.0 
-18443.0 -19375.0 
-18481.0 -19359.0 
-19028.0 -18806.0 
-18905.0 -19026.0 
-18725.0 -19198.0 
-18769.0 -19143.0 
-18962.0 -18967.0 
-18576.0 -19319.0 
-18481.0 -19359.0 
-18924.0 -19009.0 
-19016.0 -18849.0 
-18820.0 -19113.0 
-18820.0 -19113.0 
-18792.0 -19136.0 
-18749.0 -19184.0 
-19019.0 -18823.0 
-18503.0 -19352.0 
-18962.0 -18967.0 
-18932.0 -18991.0 
-18792.0 -19136.0 
-18760.0 -19170.0 
-18693.0 -19226.0 
-19016.0 -18849.0 
-18503.0 -19352.0 
-18842.0 -19101.0 
-19068.0 -18775.0 
-18712.0 -19204.0 
-18905.0 -19026.0 
-18924.0 -19009.0 
-18697.0 -19218.0 
-18618.0 -19271.0 
-18712.0 -19204.0 
-18738.0 -19191.0 
-18576.0 -19319.0 
-18697.0 -19218.0 
-18832.0 -19105.0 
-18738.0 -19191.0 
-18530.0 -19343.0 
-19006.0 -18876.0 
-18780.0 -19141.0 
-18832.0 -19105.0 
-18883.0 -19078.0 
-18594.0 -19318.0 
-18609.0 -19272.0 
-19027.0 -18813.0 
-18403.0 -19394.0 
-18842.0 -19101.0 
-18756.0 -19174.0 
-18403.0 -19394.0 
-18780.0 -19141.0 
-19019.0 -18823.0 
-18760.0 -19170.0 
-18976.0 -18882.0 
-19027.0 -18813.0 
-18756.0 -19174.0 
-18769.0 -19143.0 
-18538.0 -19320.0 
-18693.0 -19226.0 
-18618.0 -19271.0 
-19064.0 -18805.0 
-19028.0 -18806.0 
-19084.0 -18752.0 
-18820.0 -19113.0 
-19016.0 -18849.0 
-18905.0 -19026.0 
-18576.0 -19319.0 
-18697.0 -19218.0 
-18738.0 -19191.0 
-18530.0 -19343.0 
-18832.0 -19105.0 
-18883.0 -19078.0 
-18842.0 -19101.0 
-18403.0 -19394.0 
-18769.0 -19143.0 
-19064.0 -18805.0 
-18697.0 -19218.0 
-18820.0 -19113.0 
-18883.0 -19078.0 
