-19040.0 -18721.0 
-19040.0 -18721.0 
-18234.0 -19545.0 
-18234.0 -19545.0 
-18686.0 -19274.0 
-18235.0 -19516.0 
-18711.0 -19215.0 
-18629.0 -19284.0 
-18306.0 -19501.0 
-18339.0 -19463.0 
-18987.0 -18830.0 
-18555.0 -19373.0 
-18622.0 -19311.0 
-18863.0 -19056.0 
-18390.0 -19462.0 
-18752.0 -19207.0 
-19024.0 -18769.0 
-18759.0 -19167.0 
-18863.0 -19056.0 
-18980.0 -18880.0 
-18776.0 -19144.0 
-18426.0 -19424.0 
-18315.0 -19497.0 
-19024.0 -18769.0 
-18398.0 -19432.0 
-18512.0 -19380.0 
-18948.0 -18950.0 
-18802.0 -19113.0 
-18825.0 -19093.0 
-18825.0 -19093.0 
-18975.0 -18896.0 
-18789.0 -19143.0 
-18922.0 -18964.0 
-18394.0 -19452.0 
-18586.0 -19314.0 
-19012.0 -18802.0 
-18743.0 -19211.0 
-18888.0 -19038.0 
-18334.0 -19478.0 
-18953.0 -18930.0 
-18471.0 -19399.0 
-18440.0 -19423.0 
-18894.0 -19005.0 
-18500.0 -19383.0 
-18557.0 -19350.0 
-18566.0 -19327.0 
-18759.0 -19167.0 
-18711.0 -19215.0 
-18909.0 -18976.0 
-18987.0 -18830.0 
-18967.0 -18910.0 
-18802.0 -19113.0 
-18500.0 -19383.0 
-18471.0 -19399.0 
-18967.0 -18910.0 
-18892.0 -19029.0 
-19008.0 -18808.0 
-18922.0 -18964.0 
-18451.0 -19404.0 
-19008.0 -18808.0 
-18459.0 -19403.0 
-18953.0 -18930.0 
-18557.0 -19350.0 
-18306.0 -19501.0 
-18908.0 -18992.0 
-18334.0 -19478.0 
-18575.0 -19315.0 
-18817.0 -19098.0 
-18980.0 -18880.0 
-18888.0 -19038.0 
-18566.0 -19327.0 
-18817.0 -19098.0 
-18512.0 -19380.0 
-18948.0 -18950.0 
-19012.0 -18802.0 
-18629.0 -19284.0 
-18903.0 -18994.0 
-18235.0 -19516.0 
-18789.0 -19143.0 
-18586.0 -19314.0 
-18743.0 -19211.0 
-18894.0 -19005.0 
-18909.0 -18976.0 
-18440.0 -19423.0 
-18451.0 -19404.0 
-18398.0 -19432.0 
-18903.0 -18994.0 
-18892.0 -19029.0 
-18575.0 -19315.0 
-18622.0 -19311.0 
-18555.0 -19373.0 
-18390.0 -19462.0 
-18234.0 -19545.0 
-18817.0 -19098.0 
-18894.0 -19005.0 
-18451.0 -19404.0 
-18892.0 -19029.0 
-18622.0 -19311.0 
-18234.0 -19545.0 
-18817.0 -19098.0 
