-19507.0 -18200.0 
-18624.0 -19188.0 
-18624.0 -19188.0 
-19507.0 -18200.0 
-19496.0 -18382.0 
-19497.0 -18204.0 
-19439.0 -18426.0 
-18870.0 -19170.0 
-18656.0 -19182.0 
-18749.0 -19178.0 
-18749.0 -19178.0 
-19349.0 -18636.0 
-19438.0 -18496.0 
-19033.0 -19047.0 
-19366.0 -18581.0 
-19403.0 -18552.0 
-19208.0 -18842.0 
-18956.0 -19101.0 
-19407.0 -18506.0 
-18915.0 -19112.0 
-19174.0 -18843.0 
-18880.0 -19142.0 
-19107.0 -18944.0 
-19037.0 -19000.0 
-19130.0 -18910.0 
-18986.0 -19055.0 
-19230.0 -18795.0 
-19273.0 -18734.0 
-19299.0 -18671.0 
-19155.0 -18903.0 
-19349.0 -18636.0 
-19171.0 -18876.0 
-18915.0 -19112.0 
-19299.0 -18671.0 
-19366.0 -18581.0 
-19230.0 -18795.0 
-19286.0 -18672.0 
-19243.0 -18773.0 
-19285.0 -18704.0 
-19496.0 -18382.0 
-18956.0 -19101.0 
-19080.0 -18950.0 
-18880.0 -19142.0 
-18984.0 -19064.0 
-18984.0 -19064.0 
-19055.0 -18967.0 
-19245.0 -18741.0 
-19403.0 -18552.0 
-19130.0 -18910.0 
-19074.0 -18961.0 
-19248.0 -18737.0 
-19107.0 -18944.0 
-19285.0 -18704.0 
-19171.0 -18876.0 
-19208.0 -18842.0 
-19155.0 -18903.0 
-19243.0 -18773.0 
-19038.0 -18990.0 
-19052.0 -18983.0 
-18870.0 -19170.0 
-19048.0 -18989.0 
-19273.0 -18734.0 
-19407.0 -18506.0 
-19074.0 -18961.0 
-19080.0 -18950.0 
-19033.0 -19047.0 
-19438.0 -18496.0 
-18986.0 -19055.0 
-19052.0 -18983.0 
-19055.0 -18967.0 
-19248.0 -18737.0 
-19245.0 -18741.0 
-19048.0 -18989.0 
-19174.0 -18843.0 
-19286.0 -18672.0 
-19038.0 -18990.0 
-19507.0 -18200.0 
-18624.0 -19188.0 
-18749.0 -19178.0 
-19349.0 -18636.0 
-18915.0 -19112.0 
-19299.0 -18671.0 
-19496.0 -18382.0 
-19403.0 -18552.0 
-19130.0 -18910.0 
-19107.0 -18944.0 
-19285.0 -18704.0 
-19171.0 -18876.0 
-19155.0 -18903.0 
-19407.0 -18506.0 
-19245.0 -18741.0 
-19048.0 -18989.0 
-19038.0 -18990.0 
-18915.0 -19112.0 
-18749.0 -19178.0 
-18915.0 -19112.0 
-19299.0 -18671.0 
-19285.0 -18704.0 
-19171.0 -18876.0 
-19285.0 -18704.0 
