-19509.0 -18216.0 
-18581.0 -19335.0 
-18581.0 -19335.0 
-19509.0 -18216.0 
-18679.0 -19316.0 
-18761.0 -19277.0 
-19489.0 -18230.0 
-19480.0 -18336.0 
-18688.0 -19286.0 
-18895.0 -19199.0 
-19228.0 -18839.0 
-19099.0 -18968.0 
-19191.0 -18844.0 
-19137.0 -18960.0 
-19322.0 -18714.0 
-19385.0 -18591.0 
-19326.0 -18675.0 
-19076.0 -19011.0 
-19367.0 -18618.0 
-19396.0 -18572.0 
-19462.0 -18376.0 
-19402.0 -18519.0 
-19052.0 -19018.0 
-18847.0 -19207.0 
-19462.0 -18376.0 
-18901.0 -19161.0 
-19139.0 -18919.0 
-19235.0 -18807.0 
-19283.0 -18750.0 
-18763.0 -19238.0 
-19051.0 -19042.0 
-19256.0 -18797.0 
-18937.0 -19140.0 
-19480.0 -18336.0 
-19446.0 -18416.0 
-19027.0 -19061.0 
-19283.0 -18750.0 
-18992.0 -19081.0 
-19176.0 -18896.0 
-18807.0 -19230.0 
-19187.0 -18877.0 
-19360.0 -18629.0 
-19001.0 -19068.0 
-18847.0 -19207.0 
-18818.0 -19209.0 
-19322.0 -18714.0 
-19427.0 -18436.0 
-19416.0 -18468.0 
-19265.0 -18762.0 
-19357.0 -18651.0 
-19343.0 -18667.0 
-19446.0 -18416.0 
-19027.0 -19061.0 
-19099.0 -18968.0 
-19076.0 -19011.0 
-18809.0 -19216.0 
-18904.0 -19151.0 
-19425.0 -18459.0 
-19266.0 -18753.0 
-18782.0 -19231.0 
-18916.0 -19145.0 
-19409.0 -18510.0 
-18951.0 -19108.0 
-19261.0 -18786.0 
-18770.0 -19233.0 
-18679.0 -19316.0 
-19165.0 -18900.0 
-19437.0 -18433.0 
-18939.0 -19121.0 
-18944.0 -19120.0 
-18966.0 -19095.0 
-19396.0 -18572.0 
-19343.0 -18667.0 
-19489.0 -18230.0 
-19149.0 -18917.0 
-19187.0 -18877.0 
-18978.0 -19090.0 
-18966.0 -19095.0 
-18978.0 -19090.0 
-18951.0 -19108.0 
-19051.0 -19042.0 
-18688.0 -19286.0 
-19357.0 -18651.0 
-19413.0 -18484.0 
-18916.0 -19145.0 
-19159.0 -18905.0 
-19235.0 -18807.0 
-19001.0 -19068.0 
-19413.0 -18484.0 
-19159.0 -18905.0 
-19402.0 -18519.0 
-19261.0 -18786.0 
-19410.0 -18498.0 
-18782.0 -19231.0 
-19410.0 -18498.0 
-19149.0 -18917.0 
-19437.0 -18433.0 
-18818.0 -19209.0 
-19425.0 -18459.0 
-19137.0 -18960.0 
