4.570483029586629858e-02
2.382772544010876639e-02
2.855106554753136447e-02
1.103399003747958379e-01
3.199328401985744585e-02
2.025978577341565681e-02
4.430905489534956582e-02
1.025299606288957305e-01
4.310041380508100595e-02
7.550672221121722261e-02
7.100766376506242872e-02
4.998741308270783501e-02
4.517801507354577556e-02
7.314672118243359389e-02
4.815323087597814244e-02
4.423131298395430178e-02
2.351238662716343894e-02
5.140069426973719463e-02
3.238975735652691035e-02
1.037451350316551807e-01
4.515403671320745993e-02
8.152777088671665784e-02
1.248968163546054604e-02
4.621137914045966855e-02
2.740684781500527314e-02
7.823270275230116699e-02
8.828438312598896331e-02
4.524427084909832253e-02
6.671332913396582631e-02
7.351700227279665822e-02
1.442716857607909131e-02
