-19196.0 -18377.0 
-18253.0 -19398.0 
-19196.0 -18377.0 
-18253.0 -19398.0 
-19185.0 -18526.0 
-18587.0 -19237.0 
-19114.0 -18750.0 
-18781.0 -19127.0 
-18396.0 -19339.0 
-18285.0 -19378.0 
-18570.0 -19268.0 
-18633.0 -19230.0 
-18937.0 -18963.0 
-18796.0 -19078.0 
-19181.0 -18550.0 
-18371.0 -19353.0 
-18899.0 -19004.0 
-18645.0 -19189.0 
-18685.0 -19185.0 
-18523.0 -19281.0 
-19070.0 -18766.0 
-18937.0 -18963.0 
-18643.0 -19206.0 
-19130.0 -18704.0 
-19055.0 -18819.0 
-18425.0 -19332.0 
-18840.0 -19043.0 
-19148.0 -18672.0 
-18721.0 -19144.0 
-19161.0 -18633.0 
-18970.0 -18914.0 
-19176.0 -18597.0 
-18745.0 -19135.0 
-18995.0 -18884.0 
-18899.0 -19004.0 
-18701.0 -19159.0 
-19034.0 -18834.0 
-19130.0 -18704.0 
-18875.0 -19010.0 
-18865.0 -19042.0 
-18698.0 -19181.0 
-19171.0 -18629.0 
-18833.0 -19059.0 
-18330.0 -19375.0 
-19137.0 -18676.0 
-19059.0 -18789.0 
-18474.0 -19286.0 
-19034.0 -18834.0 
-18499.0 -19282.0 
-19174.0 -18605.0 
-18547.0 -19269.0 
-18982.0 -18907.0 
-18950.0 -18931.0 
-18745.0 -19135.0 
-18353.0 -19361.0 
-19114.0 -18750.0 
-18818.0 -19061.0 
-18796.0 -19078.0 
-18353.0 -19361.0 
-19013.0 -18857.0 
-18434.0 -19316.0 
-18449.0 -19314.0 
-19183.0 -18534.0 
-18306.0 -19376.0 
-18466.0 -19296.0 
-19013.0 -18857.0 
-18450.0 -19304.0 
-18547.0 -19269.0 
-18330.0 -19375.0 
-18818.0 -19061.0 
-18429.0 -19322.0 
-18463.0 -19302.0 
-18953.0 -18925.0 
-18781.0 -19127.0 
-18715.0 -19153.0 
-19000.0 -18867.0 
-18306.0 -19376.0 
-18997.0 -18876.0 
-18868.0 -19029.0 
-19068.0 -18778.0 
-18982.0 -18907.0 
-18868.0 -19029.0 
-18950.0 -18931.0 
-19185.0 -18526.0 
-19055.0 -18819.0 
-18490.0 -19283.0 
-19070.0 -18766.0 
-19148.0 -18672.0 
-19161.0 -18633.0 
-18633.0 -19230.0 
-19059.0 -18789.0 
-18953.0 -18925.0 
-18875.0 -19010.0 
-19176.0 -18597.0 
-19068.0 -18778.0 
-18490.0 -19283.0 
-19006.0 -18862.0 
-18715.0 -19153.0 
-19137.0 -18676.0 
-19006.0 -18862.0 
