-20420.0 -21731.0 
-21129.0 -21407.0 
-21129.0 -21407.0 
-20767.0 -21704.0 
-20616.0 -21729.0 
-20667.0 -21721.0 
-20891.0 -21652.0 
-21080.0 -21494.0 
-21105.0 -21431.0 
-20847.0 -21669.0 
-20925.0 -21626.0 
-20796.0 -21681.0 
-21024.0 -21525.0 
-21017.0 -21551.0 
-21105.0 -21431.0 
-20927.0 -21618.0 
-21054.0 -21495.0 
-20616.0 -21729.0 
-20796.0 -21681.0 
-21046.0 -21505.0 
-21026.0 -21509.0 
-20938.0 -21596.0 
-20991.0 -21565.0 
-21017.0 -21551.0 
-20962.0 -21590.0 
-20936.0 -21604.0 
-20991.0 -21565.0 
-21080.0 -21494.0 
-20936.0 -21604.0 
-20979.0 -21583.0 
-20983.0 -21568.0 
-20962.0 -21590.0 
-21030.0 -21507.0 
-20981.0 -21575.0 
-20981.0 -21575.0 
-20971.0 -21586.0 
-20971.0 -21586.0 
-20938.0 -21596.0 
-20979.0 -21583.0 
-20983.0 -21568.0 
-21030.0 -21507.0 
-21017.0 -21551.0 
-20991.0 -21565.0 
-20983.0 -21568.0 
-20991.0 -21565.0 
-20983.0 -21568.0 
-20991.0 -21565.0 
-20991.0 -21565.0 
-20983.0 -21568.0 
-21017.0 -21551.0 
-20991.0 -21565.0 
-20991.0 -21565.0 
-20991.0 -21565.0 
-20991.0 -21565.0 
-20991.0 -21565.0 
-20991.0 -21565.0 
-20991.0 -21565.0 
-20991.0 -21565.0 
-20991.0 -21565.0 
-20991.0 -21565.0 
-20983.0 -21568.0 
-20991.0 -21565.0 
-20991.0 -21565.0 
-20991.0 -21565.0 
-20991.0 -21565.0 
-20991.0 -21565.0 
-20991.0 -21565.0 
-20991.0 -21565.0 
-20991.0 -21565.0 
-20991.0 -21565.0 
-20983.0 -21568.0 
-20991.0 -21565.0 
-20991.0 -21565.0 
-20991.0 -21565.0 
-20991.0 -21565.0 
-20991.0 -21565.0 
-20991.0 -21565.0 
-20991.0 -21565.0 
-20991.0 -21565.0 
-20983.0 -21568.0 
-20991.0 -21565.0 
-20991.0 -21565.0 
-20991.0 -21565.0 
-20991.0 -21565.0 
-20991.0 -21565.0 
-20991.0 -21565.0 
-20991.0 -21565.0 
-20991.0 -21565.0 
-20991.0 -21565.0 
-20991.0 -21565.0 
-20991.0 -21565.0 
-20991.0 -21565.0 
-20991.0 -21565.0 
-20983.0 -21568.0 
-20991.0 -21565.0 
-20991.0 -21565.0 
-20991.0 -21565.0 
-20991.0 -21565.0 
-20991.0 -21565.0 
-20991.0 -21565.0 
