-19134.0 -18586.0 
-18538.0 -19341.0 
-19134.0 -18586.0 
-18538.0 -19341.0 
-19006.0 -18923.0 
-18709.0 -19192.0 
-18571.0 -19304.0 
-19016.0 -18864.0 
-18752.0 -19191.0 
-18973.0 -18932.0 
-19109.0 -18611.0 
-18934.0 -18982.0 
-19108.0 -18668.0 
-19117.0 -18610.0 
-18670.0 -19247.0 
-18956.0 -18960.0 
-19084.0 -18757.0 
-18985.0 -18927.0 
-18631.0 -19262.0 
-18902.0 -19033.0 
-19104.0 -18690.0 
-18871.0 -19065.0 
-19086.0 -18734.0 
-19060.0 -18760.0 
-19086.0 -18734.0 
-18931.0 -18993.0 
-18575.0 -19271.0 
-19104.0 -18690.0 
-18956.0 -18960.0 
-19051.0 -18798.0 
-18571.0 -19304.0 
-18784.0 -19167.0 
-18785.0 -19143.0 
-19034.0 -18819.0 
-18890.0 -19041.0 
-18827.0 -19129.0 
-18907.0 -18998.0 
-18700.0 -19218.0 
-18852.0 -19067.0 
-18817.0 -19138.0 
-18631.0 -19262.0 
-18890.0 -19041.0 
-18832.0 -19103.0 
-19028.0 -18852.0 
-18909.0 -18996.0 
-18596.0 -19266.0 
-19054.0 -18776.0 
-18796.0 -19142.0 
-18617.0 -19263.0 
-19034.0 -18819.0 
-18850.0 -19080.0 
-18759.0 -19171.0 
-18871.0 -19065.0 
-18684.0 -19224.0 
-19051.0 -18798.0 
-19016.0 -18864.0 
-18753.0 -19175.0 
-19108.0 -18668.0 
-19029.0 -18837.0 
-18673.0 -19240.0 
-18617.0 -19263.0 
-18832.0 -19103.0 
-18839.0 -19083.0 
-19054.0 -18776.0 
-18673.0 -19240.0 
-19029.0 -18837.0 
-18670.0 -19247.0 
-18770.0 -19170.0 
-18796.0 -19142.0 
-18836.0 -19089.0 
-18770.0 -19170.0 
-18596.0 -19266.0 
-19006.0 -18923.0 
-18817.0 -19138.0 
-18700.0 -19218.0 
-18585.0 -19269.0 
-18585.0 -19269.0 
-18827.0 -19129.0 
-18684.0 -19224.0 
-18902.0 -19033.0 
-18691.0 -19223.0 
-19028.0 -18852.0 
-18691.0 -19223.0 
-18709.0 -19192.0 
-18836.0 -19089.0 
-19060.0 -18760.0 
-18907.0 -18998.0 
-18575.0 -19271.0 
-18839.0 -19083.0 
-19084.0 -18757.0 
-18850.0 -19080.0 
-18909.0 -18996.0 
-18753.0 -19175.0 
-18852.0 -19067.0 
-18784.0 -19167.0 
-18752.0 -19191.0 
-19109.0 -18611.0 
-18673.0 -19240.0 
-18796.0 -19142.0 
-19084.0 -18757.0 
