-19055.0 -18778.0 
-18242.0 -19528.0 
-19055.0 -18778.0 
-18242.0 -19528.0 
-18326.0 -19490.0 
-18643.0 -19288.0 
-18597.0 -19304.0 
-18368.0 -19456.0 
-18554.0 -19321.0 
-18468.0 -19388.0 
-18262.0 -19491.0 
-18380.0 -19433.0 
-18418.0 -19427.0 
-18852.0 -19063.0 
-18732.0 -19206.0 
-18907.0 -19011.0 
-19001.0 -18852.0 
-19022.0 -18784.0 
-18832.0 -19087.0 
-18955.0 -18895.0 
-18918.0 -18979.0 
-18663.0 -19251.0 
-18439.0 -19389.0 
-18368.0 -19456.0 
-18735.0 -19177.0 
-19010.0 -18810.0 
-18254.0 -19492.0 
-18925.0 -18955.0 
-18990.0 -18884.0 
-18583.0 -19316.0 
-19001.0 -18852.0 
-18326.0 -19490.0 
-18517.0 -19359.0 
-18949.0 -18931.0 
-18812.0 -19115.0 
-18946.0 -18948.0 
-18748.0 -19176.0 
-18643.0 -19288.0 
-18796.0 -19122.0 
-18436.0 -19404.0 
-18529.0 -19336.0 
-18909.0 -18988.0 
-18878.0 -19012.0 
-18682.0 -19222.0 
-18790.0 -19134.0 
-18674.0 -19247.0 
-18752.0 -19157.0 
-18486.0 -19372.0 
-18876.0 -19013.0 
-18870.0 -19045.0 
-18711.0 -19210.0 
-18874.0 -19036.0 
-18969.0 -18893.0 
-18762.0 -19149.0 
-18436.0 -19404.0 
-18701.0 -19218.0 
-18675.0 -19233.0 
-18486.0 -19372.0 
-18499.0 -19365.0 
-19012.0 -18805.0 
-18418.0 -19427.0 
-18949.0 -18931.0 
-18663.0 -19251.0 
-18538.0 -19335.0 
-18826.0 -19090.0 
-18585.0 -19307.0 
-18817.0 -19105.0 
-18771.0 -19140.0 
-18817.0 -19105.0 
-18499.0 -19365.0 
-18792.0 -19130.0 
-18681.0 -19229.0 
-18763.0 -19141.0 
-18517.0 -19359.0 
-18380.0 -19433.0 
-18856.0 -19047.0 
-18990.0 -18884.0 
-18538.0 -19335.0 
-19022.0 -18784.0 
-18853.0 -19051.0 
-18978.0 -18890.0 
-19012.0 -18805.0 
-18978.0 -18890.0 
-18925.0 -18955.0 
-18771.0 -19140.0 
-19010.0 -18810.0 
-18701.0 -19218.0 
-18711.0 -19210.0 
-18529.0 -19336.0 
-18254.0 -19492.0 
-18752.0 -19157.0 
-18826.0 -19090.0 
-18874.0 -19036.0 
-18909.0 -18988.0 
-18946.0 -18948.0 
-18262.0 -19491.0 
-18955.0 -18895.0 
-18853.0 -19051.0 
-18585.0 -19307.0 
-18856.0 -19047.0 
