-19126.0 -18605.0 
-18449.0 -19337.0 
-18449.0 -19337.0 
-19126.0 -18605.0 
-19120.0 -18678.0 
-19045.0 -18817.0 
-19093.0 -18752.0 
-19019.0 -18892.0 
-19093.0 -18752.0 
-19045.0 -18817.0 
-18808.0 -19119.0 
-18463.0 -19303.0 
-18917.0 -18968.0 
-18826.0 -19074.0 
-18662.0 -19225.0 
-18536.0 -19288.0 
-18626.0 -19237.0 
-18714.0 -19183.0 
-18702.0 -19194.0 
-18980.0 -18896.0 
-18572.0 -19256.0 
-18498.0 -19293.0 
-18669.0 -19199.0 
-18598.0 -19254.0 
-18764.0 -19146.0 
-18626.0 -19237.0 
-18725.0 -19172.0 
-18878.0 -19043.0 
-18847.0 -19056.0 
-18779.0 -19121.0 
-19019.0 -18892.0 
-18604.0 -19247.0 
-18826.0 -19074.0 
-18966.0 -18912.0 
-18963.0 -18933.0 
-18901.0 -18982.0 
-18948.0 -18955.0 
-18742.0 -19161.0 
-18553.0 -19273.0 
-18934.0 -18957.0 
-18901.0 -18982.0 
-18955.0 -18951.0 
-18742.0 -19161.0 
-18860.0 -19053.0 
-18553.0 -19273.0 
-18886.0 -19008.0 
-18879.0 -19028.0 
-18572.0 -19256.0 
-18860.0 -19053.0 
-18480.0 -19301.0 
-18764.0 -19146.0 
-18808.0 -19119.0 
-18963.0 -18933.0 
-18879.0 -19028.0 
-18839.0 -19063.0 
-18886.0 -19008.0 
-18934.0 -18957.0 
-18839.0 -19063.0 
-18974.0 -18899.0 
-18770.0 -19130.0 
-18547.0 -19280.0 
-18664.0 -19210.0 
-18702.0 -19194.0 
-18536.0 -19288.0 
-18604.0 -19247.0 
-18966.0 -18912.0 
-18498.0 -19293.0 
-18488.0 -19297.0 
-18547.0 -19280.0 
-18773.0 -19122.0 
-18770.0 -19130.0 
-18662.0 -19225.0 
-18889.0 -18995.0 
-18890.0 -18994.0 
-18890.0 -18994.0 
-18955.0 -18951.0 
-18488.0 -19297.0 
-18974.0 -18899.0 
-18667.0 -19207.0 
-18878.0 -19043.0 
-18733.0 -19165.0 
-18480.0 -19301.0 
-18980.0 -18896.0 
-18779.0 -19121.0 
-18731.0 -19166.0 
-18731.0 -19166.0 
-18669.0 -19199.0 
-18733.0 -19165.0 
-18667.0 -19207.0 
-18664.0 -19210.0 
-18773.0 -19122.0 
-18889.0 -18995.0 
-18742.0 -19161.0 
-18572.0 -19256.0 
-18604.0 -19247.0 
-18547.0 -19280.0 
-18955.0 -18951.0 
-18733.0 -19165.0 
-18667.0 -19207.0 
-18667.0 -19207.0 
