0.9999892921000952	0.002084038853683895
1.2627485862504173E-14	1.0040505800571602
0.9999892921000952	0.002084038853683895
0.1615745018438584	0.6018805463623812
0.1341406922833755	0.636957444287792
0.011025956293533423	0.8989474701565585
0.8835363863064316	0.06260367418244261
0.6418464080546402	0.20249848861750588
0.4958725522354618	0.29874341582818936
0.12553041728488218	0.6488862047942713
0.17582725275383576	0.5839606255021168
0.8571739154512925	0.0765000068575205
0.24296138265828704	0.5102526120897867
0.3914874692635663	0.3773864464239493
0.2271908235392221	0.5305370208111486
0.9359767562242933	0.03478348101025316
0.9608673426343782	0.021916167430050107
0.21632172608228717	0.5382744437593462
0.10892777744831054	0.6733027389382462
0.925489997876375	0.0403977088883066
0.5715716116687053	0.24681575348663695
0.7896750898953355	0.1139944642082527
0.7700390028802285	0.12494264501923309
0.7348737943628343	0.14529940243692277
0.7202460232658123	0.15926071093378877
0.006063599904639616	0.92667697732401
0.3769858583437907	0.3971291663325409
0.4248848171180476	0.35122592257579993
0.017531291845617664	0.8720080902137072
0.1888516432788761	0.5687137157855481
0.7040868900223944	0.16352607285976078
0.6877763578727119	0.17307427145029602
5.636156222720845E-4	0.9803577819263186
0.4640401353214671	0.3224155859564359
0.5181900963037442	0.2829908276081024
0.0022023696871748544	0.9608517604207845
0.31310077738512976	0.44366162114817087
0.5332346276559528	0.2724874617968132
0.3536176573556098	0.4087095607871312
0.2956653826208655	0.45928235249033345
0.06435584087810697	0.750432247429825
0.02555826700336522	0.8437840856943696
0.4031846957949382	0.36823192753367723
0.8142110531899998	0.1000253052196229
0.5505606991877607	0.26085192103751403
0.2761428153661365	0.4774012107081121
0.9024030356928174	0.052268010856423706
0.20008740842677822	0.5557906399439457
0.6189490205902435	0.21562782870429067
0.4145878810884813	0.35916063714103796
0.6754367292397072	0.18049635751368634
0.034223305242785274	0.8190723500543982
0.4566030179097088	0.3281395506626423
0.8028212968353576	0.1079276003766283
0.04093785973458566	0.8015024198512058
0.0040820405911594845	0.9403371768858935
0.051884062326319036	0.7759325369293422
0.05696429577624122	0.7655575477322273
0.5943346549537784	0.23185140158207432
0.6035549561246933	0.2257945334143488
0.5806630686770602	0.2407101096873386
0.2908427858729191	0.46395203995849643
0.8454896419515574	0.08284337477843172
0.6612917329497896	0.19492453007537014
0.7480843871536361	0.1377076113073085
0.044977066220968864	0.7915619552010346
0.252604942206027	0.5004266087501219
0.022836384176769836	0.8637628717256415
0.36512126580775406	0.3989851854192822
0.7612586545005516	0.13510638223779756
0.2610948761681639	0.49201804400388927
0.07090635445814453	0.7376509125844595
0.03273234244414375	0.8319392175526479
0.07587806986493886	0.7284513765743744
0.09300439851474007	0.6985271403499026
0.32739268160619567	0.430600573397987
0.3464882104802085	0.42324291884746623
0.9798933480628833	0.012199886591416723
0.09772159773323597	0.6911992034233498
0.9925877676439473	0.005825290865251591
0.2701296509119016	0.4834812953409601
0.44155089723338437	0.3386634006045988
0.8993410381315874	0.054092458713823885
0.1053834307887592	0.6801694909475869
0.8282980296834062	0.09220368761894263
0.5469799157797186	0.26317090120990083
0.9713029240859641	0.016749649031224653
0.6637689248931705	0.1877154476759961
0.08530594997017132	0.7115574535225153
0.48131029235256795	0.3091009131498701
0.48131029235256795	0.3091009131498701
0.31914522861788	0.4393193061038391
0.8330867898394378	0.0898558091410861
0.33594174497611023	0.4235601152619439
0.08271281739398978	0.7165884111030811
0.44156669336620535	0.3384876446944186
0.6171950943914071	0.21695708494692653
0.5214173705501395	0.2807302640087061
5.096367542347657E-4	1.0030438508170174
0.19742772599199088	0.5592015437568404
