2.641620455365312E-10	1.0035372104245457
2.641620455365312E-10	1.0035372104245457
0.9998228728262726	0.0018984357345115527
0.047688523564654195	0.7851684923799567
0.45388895613347663	0.3288164643514777
0.3438442542566329	0.4234834314471195
0.0021067450940713828	0.9638091348071732
0.0681984169054976	0.742467239794029
0.31847124797974313	0.44079394269564637
0.1610488302204765	0.6016564741139232
0.6622725245480134	0.19039316998757802
0.5103093674624866	0.2890745849691313
0.08329225766899948	0.7149440757878324
0.9266353549671529	0.03919528005041192
0.8995227030316294	0.05367983614387557
0.016016885073809994	0.8772730151492478
0.6159056808670669	0.2175743068479496
0.8719461506658956	0.0681908253683009
0.3899163955746798	0.3991974117070572
0.7697860398581196	0.12477150257702468
0.2114958302849321	0.5430492086689693
0.17762172160464154	0.5817084918272836
0.679435455536142	0.1779810251471319
0.36302907464363227	0.4002216215524388
0.5699274835586019	0.2474316372491556
0.11346119625410098	0.6688955949134076
0.2843797081168931	0.46976682385087665
0.7867000937446451	0.11540572533337298
0.41675925184419715	0.36054109973289006
0.9761796228839812	0.014028026968354005
0.5856741768615612	0.23729644402390135
0.7220750992359177	0.1631574695493794
0.12438661641425844	0.6518709356520825
0.15102408681178908	0.6146694642484175
0.26653502457653155	0.48667617726148543
0.06001888282707962	0.7585124833045418
0.1415573667162555	0.6282316839282193
0.833977549762821	0.08882783440174061
0.023251550577036317	0.8514609194060339
0.39088575443914075	0.37744036565611744
0.46740604092618887	0.3188363261120325
0.4024327083803451	0.3684273089442885
0.9467152779632756	0.031568920158689055
0.35151038686838254	0.40982952775423387
0.09658887305344238	0.6924645214830151
0.47882976173861436	0.31073119584532877
0.9097456295014907	0.05075213121906545
0.5983919204105335	0.22878033089076236
0.1315095606159975	0.6405413363712604
0.10459915988363322	0.6800826783887766
0.030055395978745236	0.8304135073344712
0.8003826796337734	0.10752237557565962
0.1836341635428064	0.5746976129638232
0.556447147989681	0.25672924726931107
0.039204292460446655	0.8056212281217959
0.003585305212082557	0.9439236708478109
0.6916441905593961	0.17069098128171864
0.7032389870574891	0.16364257603340995
0.736175223984871	0.14950799578696616
0.642837465006783	0.2005040837308874
0.5256665681093955	0.2774318020917922
0.642837465006783	0.2005040837308874
0.08826201017908891	0.7060754166269565
0.011879262500914645	0.8946636368829275
0.30789274922403886	0.44784464083103137
0.954969467993168	0.024916985436556474
0.43111760267484	0.3495297446949475
0.036411430597357686	0.812834677641598
0.8233556808598541	0.10055125689605945
0.43111760267484	0.3495297446949475
0.005632180727459718	0.9288463040910254
0.7545440450213565	0.13354791951450484
0.2994993167809699	0.45725234522968633
0.20792761487268657	0.5468062727794505
0.9684626402504051	0.018022625635647747
0.848969366210102	0.0808119793863233
0.4924543653303653	0.3008398260879755
0.26265027376830613	0.4937325575812322
0.23603824765484155	0.5172753543764752
0.2471236838174018	0.5060320362875601
0.8124284550307815	0.10106657229950934
0.6106584976080389	0.2209215900251021
0.026000209640699264	0.8427437788760389
0.2511259129067472	0.5019909850829672
0.2912049453715684	0.4634029850586242
0.19571457542807563	0.5605465619687903
0.8665454419304376	0.07265282251260227
0.00787085337531851	0.9150848996368963
0.546787638154312	0.2634903549079056
0.1964134572426231	0.5600967927538258
0.23195275524234912	0.5212821624224349
0.8543274834514315	0.07785642567366587
0.5408260586702311	0.2673192748993566
0.7390878456904966	0.14269792887567403
0.5315472902859979	0.2736957651850858
0.7487938749211817	0.1367999069638411
0.23195275524234912	0.5212821624224349
0.009499941790851008	0.9062767302824576
0.06213242554519216	0.754186597204228
0.49228178872590617	0.30207581355861035
