-19054.0 -18798.0 
-18416.0 -19352.0 
-18551.0 -19309.0 
-19043.0 -18878.0 
-18985.0 -18944.0 
-18988.0 -18890.0 
-18642.0 -19281.0 
-18997.0 -18885.0 
-18915.0 -19059.0 
-18599.0 -19292.0 
-18645.0 -19257.0 
-18551.0 -19309.0 
-18599.0 -19292.0 
-18961.0 -18966.0 
-18790.0 -19162.0 
-18919.0 -19005.0 
-18956.0 -18984.0 
-18722.0 -19201.0 
-18916.0 -19028.0 
-18563.0 -19302.0 
-18832.0 -19117.0 
-18884.0 -19062.0 
-18935.0 -19002.0 
-18670.0 -19241.0 
-18670.0 -19241.0 
-18782.0 -19179.0 
-18754.0 -19193.0 
-18703.0 -19225.0 
-18860.0 -19103.0 
-18828.0 -19137.0 
-18868.0 -19087.0 
-18961.0 -18966.0 
-18868.0 -19087.0 
-18846.0 -19116.0 
-18768.0 -19192.0 
-18985.0 -18944.0 
-18879.0 -19067.0 
-18916.0 -19028.0 
-18686.0 -19233.0 
-18956.0 -18984.0 
-18790.0 -19162.0 
-18686.0 -19233.0 
-18935.0 -19002.0 
-18813.0 -19147.0 
-18813.0 -19147.0 
-18705.0 -19211.0 
-18754.0 -19193.0 
-18782.0 -19179.0 
-18860.0 -19103.0 
-18563.0 -19302.0 
-18645.0 -19257.0 
-19043.0 -18878.0 
-18722.0 -19201.0 
-18820.0 -19146.0 
-18713.0 -19209.0 
-18552.0 -19304.0 
-18879.0 -19067.0 
-18642.0 -19281.0 
-18768.0 -19192.0 
-18846.0 -19116.0 
-18828.0 -19137.0 
-18713.0 -19209.0 
-18703.0 -19225.0 
-18820.0 -19146.0 
-18988.0 -18890.0 
-18884.0 -19062.0 
-18919.0 -19005.0 
-18832.0 -19117.0 
-18915.0 -19059.0 
-18705.0 -19211.0 
-18552.0 -19304.0 
-18961.0 -18966.0 
-18868.0 -19087.0 
-18985.0 -18944.0 
-18790.0 -19162.0 
-18686.0 -19233.0 
-18754.0 -19193.0 
-18782.0 -19179.0 
-18860.0 -19103.0 
-18563.0 -19302.0 
-18645.0 -19257.0 
-18722.0 -19201.0 
-18879.0 -19067.0 
-18642.0 -19281.0 
-18768.0 -19192.0 
-18828.0 -19137.0 
-18713.0 -19209.0 
-18988.0 -18890.0 
-18832.0 -19117.0 
-18961.0 -18966.0 
-18868.0 -19087.0 
-18868.0 -19087.0 
-18860.0 -19103.0 
-18961.0 -18966.0 
-18790.0 -19162.0 
-18790.0 -19162.0 
-18782.0 -19179.0 
-18868.0 -19087.0 
-18754.0 -19193.0 
-18961.0 -18966.0 
