-19204.0 -18599.0 
-19204.0 -18599.0 
-18531.0 -19318.0 
-18531.0 -19318.0 
-19188.0 -18646.0 
-18713.0 -19221.0 
-18818.0 -19144.0 
-19123.0 -18758.0 
-18663.0 -19245.0 
-18604.0 -19253.0 
-18738.0 -19217.0 
-18580.0 -19277.0 
-19174.0 -18684.0 
-19143.0 -18704.0 
-18580.0 -19277.0 
-18673.0 -19231.0 
-18741.0 -19174.0 
-18778.0 -19149.0 
-18937.0 -19007.0 
-19046.0 -18854.0 
-19099.0 -18766.0 
-19048.0 -18830.0 
-18827.0 -19105.0 
-19074.0 -18797.0 
-18990.0 -18943.0 
-19201.0 -18611.0 
-18865.0 -19085.0 
-18944.0 -18978.0 
-19149.0 -18696.0 
-18995.0 -18918.0 
-18976.0 -18953.0 
-18764.0 -19156.0 
-18956.0 -18963.0 
-18879.0 -19060.0 
-18917.0 -19022.0 
-19123.0 -18758.0 
-19143.0 -18704.0 
-19092.0 -18794.0 
-18950.0 -18972.0 
-19174.0 -18684.0 
-18917.0 -19022.0 
-19065.0 -18819.0 
-19201.0 -18611.0 
-18884.0 -19054.0 
-18597.0 -19260.0 
-18976.0 -18953.0 
-18903.0 -19027.0 
-18597.0 -19260.0 
-19030.0 -18856.0 
-18762.0 -19166.0 
-19016.0 -18884.0 
-19007.0 -18903.0 
-18937.0 -19007.0 
-19095.0 -18785.0 
-18847.0 -19095.0 
-18832.0 -19099.0 
-18879.0 -19060.0 
-19061.0 -18826.0 
-18673.0 -19231.0 
-19007.0 -18903.0 
-18747.0 -19173.0 
-18663.0 -19245.0 
-19016.0 -18884.0 
-19003.0 -18913.0 
-19149.0 -18696.0 
-18853.0 -19086.0 
-19065.0 -18819.0 
-18896.0 -19037.0 
-18896.0 -19037.0 
-18956.0 -18963.0 
-19026.0 -18863.0 
-19020.0 -18875.0 
-18865.0 -19085.0 
-18777.0 -19151.0 
-18604.0 -19253.0 
-19020.0 -18875.0 
-18852.0 -19089.0 
-18890.0 -19046.0 
-18990.0 -18943.0 
-18818.0 -19144.0 
-18753.0 -19168.0 
-18890.0 -19046.0 
-18944.0 -18978.0 
-19026.0 -18863.0 
-19095.0 -18785.0 
-19074.0 -18797.0 
-18903.0 -19027.0 
-19099.0 -18766.0 
-18831.0 -19104.0 
-18827.0 -19105.0 
-18995.0 -18918.0 
-18847.0 -19095.0 
-19003.0 -18913.0 
-18753.0 -19168.0 
-19061.0 -18826.0 
-18738.0 -19217.0 
-19030.0 -18856.0 
-19092.0 -18794.0 
-18777.0 -19151.0 
-18832.0 -19099.0 
