-18490.0 -19334.0 
-19143.0 -18666.0 
-18490.0 -19334.0 
-19143.0 -18666.0 
-18831.0 -19127.0 
-18940.0 -19025.0 
-19118.0 -18713.0 
-18590.0 -19296.0 
-19138.0 -18688.0 
-18807.0 -19154.0 
-19102.0 -18768.0 
-18535.0 -19297.0 
-18867.0 -19098.0 
-18896.0 -19053.0 
-18976.0 -18940.0 
-18946.0 -18983.0 
-19071.0 -18814.0 
-18500.0 -19328.0 
-18964.0 -18978.0 
-18638.0 -19253.0 
-18767.0 -19159.0 
-18747.0 -19176.0 
-19050.0 -18861.0 
-19051.0 -18822.0 
-18998.0 -18936.0 
-18735.0 -19197.0 
-18711.0 -19205.0 
-18867.0 -19098.0 
-18882.0 -19070.0 
-18896.0 -19053.0 
-19118.0 -18713.0 
-19090.0 -18788.0 
-19022.0 -18880.0 
-19090.0 -18788.0 
-18617.0 -19262.0 
-19102.0 -18768.0 
-18528.0 -19314.0 
-18615.0 -19277.0 
-18940.0 -19025.0 
-19021.0 -18909.0 
-18657.0 -19248.0 
-18882.0 -19070.0 
-18764.0 -19173.0 
-18807.0 -19154.0 
-19062.0 -18819.0 
-18998.0 -18936.0 
-18668.0 -19235.0 
-19020.0 -18912.0 
-18701.0 -19224.0 
-19020.0 -18912.0 
-18601.0 -19280.0 
-19036.0 -18862.0 
-18681.0 -19234.0 
-18704.0 -19210.0 
-18735.0 -19197.0 
-18600.0 -19290.0 
-18690.0 -19226.0 
-19032.0 -18870.0 
-18528.0 -19314.0 
-18964.0 -18978.0 
-18976.0 -18940.0 
-18657.0 -19248.0 
-19032.0 -18870.0 
-18532.0 -19307.0 
-18668.0 -19235.0 
-18690.0 -19226.0 
-18946.0 -18983.0 
-18617.0 -19262.0 
-19022.0 -18880.0 
-18681.0 -19234.0 
-18532.0 -19307.0 
-18704.0 -19210.0 
-18767.0 -19159.0 
-18600.0 -19290.0 
-18764.0 -19173.0 
-19036.0 -18862.0 
-18701.0 -19224.0 
-18535.0 -19297.0 
-18601.0 -19280.0 
-19051.0 -18822.0 
-19050.0 -18861.0 
-18867.0 -19098.0 
-18896.0 -19053.0 
-19118.0 -18713.0 
-19090.0 -18788.0 
-18807.0 -19154.0 
-18998.0 -18936.0 
-18735.0 -19197.0 
-18617.0 -19262.0 
-19022.0 -18880.0 
-18767.0 -19159.0 
-19036.0 -18862.0 
-18535.0 -19297.0 
-19051.0 -18822.0 
-19050.0 -18861.0 
-19051.0 -18822.0 
-18896.0 -19053.0 
-18867.0 -19098.0 
-19090.0 -18788.0 
-18807.0 -19154.0 
