2.347340526808426586e-02
4.558192393592401526e-02
4.126868105835464207e-02
3.847166560152251447e-02
4.077527851609945297e-02
9.026981886825642676e-02
5.300736878393571411e-02
9.745549858678244359e-02
5.035827891882600771e-02
6.327550419810445970e-02
1.404200188410077189e-02
9.682560153991911014e-03
6.249243279505520277e-02
6.001273137132310392e-02
1.276537810077015278e-01
1.287214046825559399e-01
6.276993354001421388e-02
8.297909900286150331e-02
3.814160809014012499e-02
8.291755562091279730e-02
9.426242311542655516e-02
7.786655798046780708e-02
4.994992873015665497e-02
5.973249371868780827e-02
4.325756012577918613e-02
1.083892052644951365e-01
7.799321327292002559e-02
4.644240331012858269e-02
8.738997302659574917e-02
6.142869587599106285e-02
1.245014637198923191e-01
