2.754505532616181602e-04
2.664240428182007765e-04
2.385925992635648865e-04
2.706933755725009065e-04
2.527205813315274103e-04
2.756501672918606539e-04
2.564350510139987507e-04
2.400649270880602217e-04
3.034115390563113740e-04
2.981050226726317362e-04
2.241409717365159930e-04
2.412419298004825146e-04
2.168789823388281399e-04
2.724125615361364713e-04
2.719709325690181155e-04
3.337182664007055780e-04
2.595599061297775207e-04
2.439854806174013757e-04
2.469358660568681950e-04
2.433205788012668923e-04
2.694541499669597748e-04
2.345976950941872769e-04
2.839804005333693582e-04
2.359489827184041411e-04
2.594442526974830607e-04
2.679621865879817260e-04
2.610435321675306109e-04
2.498636828558313582e-04
2.646826795458301134e-04
3.294574528776050598e-04
2.899362971402287331e-04
