0.2619005548817624 13194.960747778525 
0.6473491553691879 18689.932535465832 
0.33529526083365774 6034.681633579782 
0.683690163678752 16958.60875349063 
0.6593278305105927 22848.243790235843 
0.6377413879133513 10973.526575435866 
0.08530613461918252 5919.808342627087 
0.2989994207346977 5204.057538883071 
0.6613442386340034 15364.675781299984 
0.3840771777279607 10373.649153963957 
0.3754664884405723 23841.178297425602 
0.7604861430239664 10777.428444218742 
0.5401982160798253 10247.94862636487 
0.5025637207134542 25657.563021284197 
0.40860263978189915 25499.35796748367 
0.6919596438273882 16455.183826524946 
0.16604038105666258 20673.56914567033 
0.5197971999410207 23556.07151674078 
0.5823455428235449 14321.62542089175 
0.6592962923397403 14592.703309843158 
0.1684406263565506 8595.658750541465 
0.72269180363963 21659.82868603283 
0.5575977781001434 23599.365090332103 
0.7724599200848825 23732.720452543494 
0.48540655573896707 20149.77596442081 
0.6729289612038469 18682.183235731667 
0.5543378569725934 10847.811376676806 
0.7291638417108316 19747.98847954439 
0.30943918844365925 13977.534898634203 
0.5414093190545257 8632.883933060431 
0.9052456781641116 16208.525620763168 
0.8338624916121465 25958.04632239915 
0.8731292218384094 19069.698063269316 
0.27000979275508347 6003.661053810293 
0.7896032813883931 8386.237168170352 
0.5944682305075315 24107.681489452712 
0.11019889037272562 21912.06192408024 
0.347524714112453 19508.37096013396 
0.3697045664468059 8038.744159199525 
0.4909522984592839 9724.054211457998 
0.3414043059556173 8267.659046648316 
0.23690146319353544 16612.83490285989 
0.43577421059052623 12035.892749147402 
0.331060570221204 6832.992277351647 
0.5759111012251896 7718.091401675992 
0.3835414010299854 8144.074746211177 
0.42332486784546536 15316.517176246967 
0.5527567782552678 9397.11980949742 
0.21815551735411176 20824.938377696744 
0.32689398826885546 11927.846268756572 
0.14678667403670353 20545.834643905233 
0.13201698757348745 12200.277045992223 
0.4552087915011007 17092.092091552146 
0.8296113478295506 11198.581019135374 
0.6695991016488454 19794.15682034838 
0.29736880723214315 16389.65447789932 
0.4662020395732927 10498.443197421824 
0.9016053318204 12222.029473940003 
0.49678352472301535 11456.84511073231 
0.30459316016137344 12833.021340077928 
0.5437568120489082 13948.682946350287 
0.5150378269046798 12084.00520425792 
0.8454715843685889 22316.84998017673 
0.810442235565946 19881.209638972483 
0.5440033639052365 27115.483301870965 
0.4760174662424855 8514.028604283349 
0.9330747188720507 8533.491149133246 
0.427698434199412 24901.980918685444 
0.5778113176816502 11318.006051631788 
0.4194131039722064 9697.524231713498 
0.8453378657852529 9196.072870628945 
0.27557056796793206 18246.072998527186 
0.6385615362935446 13524.952242985806 
0.5269258061898207 7221.888889632826 
0.42795423466632204 9840.729343323166 
0.5452155914118864 12671.200096725091 
0.567800314038257 7066.132361698804 
0.5732164057676923 27988.603225343722 
0.341353035944459 17298.799383981463 
0.4926206268502852 23085.389162945146 
0.6536768340066077 17658.687662479835 
0.3336371614591292 8510.193193321062 
0.6241970944057028 12788.723525970994 
0.9259946194557536 21885.185950461346 
0.5148452467086595 8868.440280250838 
0.556296439838482 31456.436777548883 
0.40280888163796125 14864.356609882132 
0.6073792928143835 19467.98533580484 
0.6625583335863232 16205.69864438314 
0.24882415013868459 14893.76936659223 
0.5009875691172456 11587.062144924383 
0.18685556421243554 19082.884691075906 
0.4713801109327985 13413.363110637343 
0.7660159759571491 10090.799646514353 
0.5510400094567212 4153.911599353089 
0.13937314422089636 8781.43304987299 
0.5124855911115193 14983.859240601849 
0.4438417635796771 6788.411067022614 
0.44517487038897474 11633.153403797542 
0.7893175022175483 15273.968510572146 
