0.7619973107957838 12799.210850658239 
0.5046530655459969 21173.015444321823 
0.8050379298487516 16756.344391172774 
0.5373631219451022 17656.083338280037 
0.7349456316785954 22789.965586715945 
0.20641890402990049 10152.825767933315 
0.5091270272984096 22013.828633759473 
0.49334005061864655 18397.587148608218 
0.7023867730063316 16282.587536528423 
0.40731713169806627 14260.037159576546 
0.8408822844077986 14502.74532012008 
0.792390456623799 26611.61837970185 
0.9263004698015209 24345.248028799404 
0.26372696500381776 7171.484545828731 
0.23695403936462855 7630.100159352895 
0.5168668048175321 7384.124969394512 
0.864214066127851 18125.07978529852 
0.3982944063065516 14793.104721776757 
0.5426378445573323 13693.823982063072 
0.07224732657005012 9580.323686594984 
0.3753985750104218 9115.684986711063 
0.2141952259531391 11683.63112208094 
0.16392158027114556 14301.344166610967 
0.731630311692773 15444.674679701628 
0.28895017561699066 16270.117153832414 
0.5212461563342821 14605.604344199915 
0.5438001408075696 23963.25865606147 
0.6700463012812597 7810.363044240019 
0.14073082817785376 9162.123263513662 
0.4400328303013396 16559.880517676716 
0.40501901149930175 12825.893961037975 
0.6600859874269822 13206.754269540184 
0.4971051859962118 11521.822067239505 
0.6062835080322795 21004.918362520355 
0.6299300489916044 10389.85260820456 
0.1450294143897793 22012.650044265552 
0.5237043983040646 26394.279176015265 
0.40279597431050984 15387.728784438212 
0.474786737832752 12482.53171443965 
0.7532497464146847 9208.98465282839 
0.8416612532645741 19175.12210686457 
0.32233085578079756 17344.121439664956 
0.8813266162594873 12461.64297880847 
0.3238066628876444 8951.267137264807 
0.2412091539143157 18178.20853633275 
0.44292754772229487 9042.94744984121 
0.7931986640480893 7555.6478732346595 
0.6291093152938907 16963.631393588214 
0.27576056254764214 25470.75813042261 
0.8575293866677383 7051.890379759927 
0.6487591252268095 15722.113281723781 
0.43572908633607876 9464.89768073731 
0.7890487560169304 16728.62210326363 
0.22089298812076907 14426.170124183918 
0.5718541332211162 10862.522141083238 
0.23337100263764382 9197.793414735468 
0.8634812891745689 9242.634111181898 
0.20017010495825954 19734.943004694105 
0.21229542435035242 24649.451083628595 
0.1573957480800781 18241.15753030816 
0.4124226687058763 16738.7692026591 
0.5834658869335865 9052.680989389533 
0.7163572733573693 19805.216971257047 
0.5147978866953828 24385.46312223016 
0.509553198049207 12563.999381674801 
0.25413628484844514 15753.89340335289 
0.5166134503138713 15546.654043917048 
0.37296823047661476 14690.70181720581 
0.5180982482618242 21046.677694643946 
0.7389282296899333 23313.589131572284 
0.533001692755432 9391.430105349657 
0.44074608455223435 10810.085676101562 
0.7620909224718659 9713.039566627298 
0.6809547487276851 12966.450525798651 
0.5774860238651554 13268.079800183552 
0.7241614789180169 11624.913077603293 
0.7595860743704996 15414.011065002062 
0.458404626456097 17233.9688070103 
0.3710553975770795 16633.69819023593 
0.02260395753570521 16997.04697910194 
0.4675108292450962 18425.06588255245 
0.5316473226277882 18062.041491744036 
0.4021252121164449 11870.955884971034 
0.7377537244180281 12680.678205746477 
0.8986628918679722 18495.672199646422 
0.34944168892962907 8328.972278562698 
0.29696014961751427 12852.680153580492 
0.38545993799501826 17368.73675501621 
0.21794404296879594 14648.082255660562 
0.5293564775185531 13059.308230030663 
0.5448766121340544 10827.316649181736 
0.5767109735600423 10983.421715657594 
0.5680023079737102 11940.962637148032 
0.2151129702682214 12658.20659954475 
0.4947863376631679 18361.67957781538 
0.35822263959896633 7423.986398298668 
0.12204455074850096 27860.973637510444 
0.31010654548104455 12249.589134798005 
0.6264518595663389 13528.359718568561 
0.399176819823585 14457.239184617954 
