6.422400219668956689e-01
6.419937244882040206e-01
6.422468887015976291e-01
6.423965048054958160e-01
6.421776759143283941e-01
6.419199096270866711e-01
6.426704492848296368e-01
6.418509680967017239e-01
6.422393795481129430e-01
6.421951050634797653e-01
6.424928634608687572e-01
6.418903041286935229e-01
6.419920967437964254e-01
6.424000633362858537e-01
6.428749366382597863e-01
6.423792907159185939e-01
6.426735226376258936e-01
6.420187306797886517e-01
6.420395939632482785e-01
6.418953814994315943e-01
6.423571199297283263e-01
6.425052712417026468e-01
6.420312193340695917e-01
6.421928567979711122e-01
6.423781601693511201e-01
6.425533506351180923e-01
6.427589756234769469e-01
6.420903710558736321e-01
6.418657180507251203e-01
6.424416994946124948e-01
6.419849889029406453e-01
