0.0	1.1446506388619933
0.9990225719807408	0.2731249626452717
0.1321068577127149	1.1332562358488167
0.01913743683183039	1.1375376397334422
0.747375131547989	0.6727051242776761
0.502506042888168	0.9191821629887833
0.8707832909433149	0.5004654208864451
0.5356860314403482	0.8953212330794682
0.9787961815982474	0.31004950136172293
0.36616807630332837	1.0205597622769926
0.717509665028924	0.6948169433578095
0.8451304830732927	0.5382675489121866
0.9028275253459976	0.43397883341279503
0.915221198515462	0.41403402999464256
0.734541541691484	0.6891049543248653
0.5570975811583619	0.8766271875747512
0.9917092180608787	0.2866011945219332
0.48425491760606926	0.9410125329896635
0.9784146844608285	0.32786348735628684
0.710793435755707	0.719423508550333
0.2183066486868178	1.104137164445261
0.6503410465908497	0.7766634297429164
0.2605495647226109	1.0874413443081115
0.7627981089828662	0.6517915716205644
0.9606158556530346	0.3398821440954255
0.24710307560461006	1.0922295020473702
0.8091215339728113	0.5754973474187186
0.42219654982920946	0.9933990204889547
0.5904899661579013	0.8452494720458306
0.878975688203713	0.47326560312396626
0.6627839265859141	0.7616857522874078
0.8522029414673358	0.5093104033245235
0.30980568685804055	1.065998490466606
0.6028883310115524	0.8317500523078692
0.7987385149646173	0.5889409234529401
0.16624792271692285	1.1319663193453717
0.5261715809117676	0.9166289030061522
0.22742460065523293	1.099656979889811
0.7895775820294837	0.6168724619498566
0.331048570811587	1.0610341809619772
0.8966331739387218	0.45276596462030366
0.1945279407003473	1.1154273714067495
0.8304056066175817	0.5597374576278765
0.79377797088881	0.5995661448784864
0.8821642247537376	0.4710572530549427
0.6421919248742174	0.7997279469133634
0.36486229213363436	1.0416522253379132
0.8163988084807194	0.5640828735954795
0.8390402199007689	0.5474823952570582
0.6768717987639372	0.7605848314814714
0.9551063292282201	0.34945688845807926
0.3993197606958205	1.0192544509108412
0.3046615470536684	1.0760653610999422
0.6887360478474531	0.7316858914045344
0.3400057171959555	1.0556075997701089
0.6989167432910831	0.7233561262203041
0.9327341124857587	0.39089205136913513
0.5824792944002649	0.8533599871603887
0.7754573781959476	0.637041767392167
0.2877871977281413	1.0850527274461743
0.17848975456406102	1.1219704878671668
0.649966366119888	0.7942251974986305
0.5337510344169767	0.9091756453169297
0.6172293541562376	0.818252702488996
0.5614881021211642	0.8705272131302393
0.458107283505177	0.9616272224159598
0.4333830387032207	0.985669434649436
0.4526329604926271	0.9662038684415258
0.6151886612720971	0.8290595657231015
0.7666443425416913	0.6472836566020551
0.4503046481480789	0.9810849389561964
0.8548046432267942	0.5083228780169671
0.897323099356707	0.44766827462520237
0.2908619834824402	1.0828928231904513
0.686641148036493	0.7483355580619018
0.6301942587687193	0.8122767014201214
0.9395375716525246	0.3817746474645499
0.3526930847397071	1.0483970612641724
0.9539624928340511	0.36802694052860174
0.400841971736534	1.01722950347976
0.9399353109275292	0.3739561853784567
0.41409298940156014	1.0087913669079271
0.4795937729966834	0.945123358718298
0.9225938424708333	0.4025959132604002
0.17262610513302512	1.1311569190640294
0.4700071511959455	0.9530917895309056
0.9241183593914176	0.39968734684995877
0.19179985207017686	1.1175897608791243
0.4139853906513461	1.0091137588393349
0.9962406055816797	0.27849581178469646
0.7827603954444409	0.626831114728956
0.44501723387831993	0.9851623307882301
0.580441651389479	0.8683186786598941
0.688187566674031	0.746915114762847
0.9528508571569179	0.3704948123234874
0.3558038709375366	1.0462645315959065
0.630096837908987	0.8125171024791461
0.5807303088876453	0.8680252696591769
0.7807668562467839	0.6285856713695395
0.4710891807018497	0.9522959461933083
