175.48930311183847	495.7764940642377
422.98033425354396	284.8491228317966
528.9469754037987	223.48041949402676
365.3167567029282	445.12639042647595
344.2195361201109	438.5387793661819
236.3408166931811	484.70674988917455
241.09666806807303	506.3312620997192
98.08814415640829	538.911089805518
207.2972868966429	458.23374357326105
28.18936318707387	556.3490491240917
434.7044775830879	476.7377099977473
446.46247968933454	276.0397212007048
391.0911654068115	305.96860752684086
538.2469061379693	247.7941927393416
398.82684367578224	187.02145064973007
420.5531134018595	253.88390245999847
234.94871695819427	509.0718214989729
355.5147907013371	339.9596754329132
571.1402557176679	205.39666359610976
471.2909287144122	318.82901621848026
4.291346063536819	633.680155002237
245.68887415634381	416.6107561302753
145.43759734631433	627.1815682997302
539.6986234187202	162.38861994717124
546.795115378005	153.3147880921247
373.69576854009716	373.00668461020905
412.4447631716107	330.236197665195
180.0223046195068	593.4997362590624
158.3281844733069	501.32360886699865
483.427953853405	266.2702254334908
488.7912185027134	202.19064318430927
128.45443284786384	636.6007248338587
102.92984322259649	570.9895664905497
609.382068836816	12.86685570505266
449.20211479157837	280.14343430756804
342.47483772028136	306.0769021839394
584.9034020330137	99.99395285687258
506.3041532914407	51.78454994673744
608.1930022581965	100.2155365140193
395.85331342929175	362.9648984988131
490.025257469574	333.50799240360175
388.56153058266136	379.81205944956633
165.21143071669366	483.82392458074816
474.72703170758524	228.22682204546962
549.6870914812979	151.90995463624012
345.27847859418614	374.3719262165273
31.90334483686129	611.3599258632081
344.5259246072734	372.32948767124213
600.7278673973726	52.46636893084776
506.4144176882589	33.636153012026504
289.5583696258832	418.804409299007
312.4241338963767	438.9850153147403
533.1872625872603	127.73270110593435
518.3845549243257	77.42928029824387
204.5686852542044	453.4907648534059
495.08970928430915	201.73377754701278
301.0025377908011	547.0606786760256
149.18507414046076	521.7210056778289
364.6311476388573	423.2153305405746
42.186789675519975	577.0438458384305
203.91057175756887	552.2469646571489
231.24353625353532	522.8926718893542
473.2457193955174	269.14678129830264
247.98592514494112	495.08726179663495
200.52072549404164	562.0391457368252
391.39215519277263	360.3131897868026
518.1208936421159	68.82906754238306
561.4362690801739	218.8311433113493
399.80228613968467	251.16458921875557
572.0000573067293	9.126302529357568
605.1412913257191	4.9780560299988625
509.4288528406613	305.9602237483575
373.83261296720366	299.5502332158974
381.2625399499593	463.1746911762489
231.97847672622677	571.734251003317
453.87241940892716	366.9964757464808
297.5014131031861	507.1562435424579
15.506534019003386	575.3264930769363
547.8107064190139	208.01602930085642
497.5907288582523	248.52442997942487
75.22009667181683	567.0903846024086
535.1354931258096	67.6524326715706
36.2122874193105	500.26478563001297
87.02095592481584	527.9643535277197
585.9499611805218	61.680703972481325
401.7244010660877	419.74494009284786
520.5920625840618	231.61039686940993
370.69800295869226	476.74542870929366
41.10968676430716	582.1315651112034
491.1966676610604	43.2170352164417
119.0211779144059	549.14751721091
483.2776281699323	192.8459115056804
168.1751080836082	471.5830382529856
483.9074742128802	207.92440761841328
38.07844345212552	542.8540902998532
582.2552184549475	179.2924914946904
305.28623804504053	349.6340591565368
268.2702529974724	518.2613990773712
516.4617598603874	8.346768646575784
508.31351641602066	274.8069599349163
