0.014223430664807246	466.114659517129
0.1972955988289642	498.2432648219838
0.894710218096681	392.2302081621769
0.01718832587784702	446.5955770318408
0.6820441411639993	472.2032809823755
0.27829939052789265	424.4717314163806
0.0969727336230517	486.3356345035234
0.08556556995642306	490.1467036979407
0.5031107070195673	439.333988224026
0.231653955691268	487.66379378771165
0.251619443879064	414.07582965323394
0.7778469438685848	406.2446312052592
0.10655488242473221	420.4105171805835
0.5174657906144662	455.7355556865864
0.9604940145831933	490.56998531216357
0.2790668404825981	443.7840868558789
0.13265976638084542	449.04191415571944
0.8339935153018493	454.9789153556404
0.41166673676767596	459.04653754996264
0.577763770618591	455.54396944689023
0.03966007356459511	499.2021827873085
0.11414377722345814	402.1442643754056
0.052070332731890545	469.2726030251519
0.9237997225875753	451.1729375301889
0.9544332523797788	453.04705551064353
0.39797462482840085	407.9231712005846
0.09128496096341177	506.1738383909162
0.7701657135836598	391.4209803743375
0.6038655886166103	500.96698719467804
0.9442348937100422	513.9333558412477
0.6512160209189437	387.177160130995
0.9154550435689349	421.1525713878067
0.029262020300823255	477.83751576615816
0.6241133946978948	382.77158163097596
0.70344699190575	389.03561489664924
0.11326052556181465	430.8291801240748
0.49700861756591586	449.23093124582124
0.2477683553044162	447.54756657277574
0.7732043605476471	406.8737071611589
0.7790447898557953	479.1069618175054
0.7221880821663017	459.0683836638733
0.23917998370945182	468.94213106392925
0.43316383086856947	449.746978533946
0.15616188862989655	420.1600009760761
0.3183420318844369	555.2374244189964
0.8136472622754438	385.7689581563808
0.9480584316428322	434.2773547619282
0.14659141278445575	414.7868205082995
0.3436494730047581	440.9224166589024
0.4206594064536654	410.8069701379811
0.7052303228638422	491.7984783547466
0.3648127656385408	422.5788413274511
0.660898573266859	445.1587883438244
0.9508836766332179	455.25962020940415
0.9538501210242782	444.814122384847
0.9524359084675289	452.85039709047027
0.4593453161832439	491.7901421966492
0.25169087889243125	405.8432077375592
0.7022955638964434	371.70511502600215
0.07462539033284721	482.43024106108334
0.33038428113945406	485.6445474877256
0.6440675716528936	458.67216862515284
0.6594402734122007	511.8732283744431
0.18646841616727983	450.11886669206064
0.8141593174623303	404.49702058221163
0.07096620951247234	438.2466859967731
0.27664857062611803	444.45261887193567
0.5333175960523209	448.7554312894655
0.08246566408440437	335.6229597616052
0.6228195264386469	439.989276652166
0.11206146972609321	384.6965876466576
0.8382569099659709	492.33547280396374
0.2081058647118743	432.3379094906338
0.9604705476378577	487.7763432881508
0.6434096583069299	444.5369478509617
0.33015155076448477	442.8710130240971
0.7157618834235683	481.1825180063923
0.8929512134539188	475.92189566675273
0.3367174499446359	513.0727636588787
0.23767691894188725	491.3157692989845
0.467381863333884	438.4489082892735
0.5912507133722725	430.74050350250644
0.10460812382140794	453.42722153276816
0.3287122332756951	495.9599020342953
0.4730904006427493	415.0924764868997
0.10450471042117448	451.98043218980433
0.3500398881367828	417.07364059317933
0.7129684851924559	465.27403503974074
0.006037539812901449	403.4852820336882
0.6553484870831449	436.4881246590511
0.3133138894916627	416.39423670216206
0.7803606908685706	504.95119327939443
0.6572277336015283	481.7795582657887
0.4160047593746521	481.1094048383345
0.4913114356041015	475.1144125987952
0.7016776508486512	407.3388663153233
0.5668720558964363	443.1033270038732
0.5814128971480997	436.61772920976455
0.27706754606257145	390.0542301329238
0.7850074645942013	450.42386752124514
