-18479.0 -19316.0 
-19164.0 -18602.0 
-18479.0 -19316.0 
-19164.0 -18602.0 
-18634.0 -19256.0 
-19156.0 -18709.0 
-18540.0 -19275.0 
-19147.0 -18717.0 
-18715.0 -19209.0 
-18641.0 -19229.0 
-18685.0 -19224.0 
-18510.0 -19288.0 
-19117.0 -18758.0 
-18836.0 -19100.0 
-18834.0 -19130.0 
-18793.0 -19154.0 
-18998.0 -18963.0 
-18540.0 -19275.0 
-19045.0 -18896.0 
-18724.0 -19186.0 
-18510.0 -19288.0 
-19117.0 -18758.0 
-18863.0 -19094.0 
-19021.0 -18900.0 
-18907.0 -19059.0 
-19100.0 -18772.0 
-19086.0 -18796.0 
-19049.0 -18879.0 
-18685.0 -19224.0 
-18936.0 -19020.0 
-19066.0 -18827.0 
-19010.0 -18937.0 
-19059.0 -18858.0 
-18746.0 -19181.0 
-18796.0 -19133.0 
-18772.0 -19161.0 
-19086.0 -18796.0 
-18873.0 -19077.0 
-19070.0 -18813.0 
-19010.0 -18937.0 
-18807.0 -19132.0 
-18909.0 -19031.0 
-19100.0 -18772.0 
-19018.0 -18920.0 
-18974.0 -18967.0 
-18762.0 -19171.0 
-18634.0 -19256.0 
-18949.0 -18976.0 
-18746.0 -19181.0 
-18892.0 -19068.0 
-19066.0 -18827.0 
-19070.0 -18813.0 
-18918.0 -19025.0 
-18887.0 -19074.0 
-18762.0 -19171.0 
-19057.0 -18870.0 
-19018.0 -18920.0 
-19059.0 -18858.0 
-18944.0 -19003.0 
-18946.0 -18993.0 
-18962.0 -18969.0 
-18944.0 -19003.0 
-18772.0 -19161.0 
-18998.0 -18963.0 
-18974.0 -18967.0 
-18863.0 -19094.0 
-19156.0 -18709.0 
-18724.0 -19186.0 
-18957.0 -18975.0 
-18892.0 -19068.0 
-18807.0 -19132.0 
-18873.0 -19077.0 
-18936.0 -19020.0 
-18918.0 -19025.0 
-18946.0 -18993.0 
-18910.0 -19027.0 
-18641.0 -19229.0 
-18907.0 -19059.0 
-19057.0 -18870.0 
-18887.0 -19074.0 
-18836.0 -19100.0 
-18962.0 -18969.0 
-19021.0 -18900.0 
-18957.0 -18975.0 
-18909.0 -19031.0 
-18796.0 -19133.0 
-18949.0 -18976.0 
-18834.0 -19130.0 
-18910.0 -19027.0 
-19100.0 -18772.0 
-18634.0 -19256.0 
-19070.0 -18813.0 
-18772.0 -19161.0 
-19156.0 -18709.0 
-18873.0 -19077.0 
-18918.0 -19025.0 
-18949.0 -18976.0 
-18834.0 -19130.0 
-19070.0 -18813.0 
-18918.0 -19025.0 
