-19179.0 -18686.0 
-19179.0 -18686.0 
-18390.0 -19411.0 
-18390.0 -19411.0 
-18587.0 -19341.0 
-19121.0 -18800.0 
-18924.0 -19043.0 
-18518.0 -19349.0 
-18689.0 -19245.0 
-19017.0 -18931.0 
-18615.0 -19289.0 
-18507.0 -19367.0 
-18881.0 -19052.0 
-19038.0 -18855.0 
-19129.0 -18739.0 
-18946.0 -18998.0 
-18818.0 -19119.0 
-19092.0 -18816.0 
-18453.0 -19368.0 
-19023.0 -18883.0 
-18862.0 -19097.0 
-18958.0 -18996.0 
-19022.0 -18889.0 
-18709.0 -19200.0 
-19129.0 -18739.0 
-18786.0 -19163.0 
-18445.0 -19378.0 
-18800.0 -19139.0 
-19132.0 -18704.0 
-19077.0 -18846.0 
-18829.0 -19112.0 
-18980.0 -18932.0 
-18615.0 -19289.0 
-18767.0 -19164.0 
-18437.0 -19398.0 
-19086.0 -18843.0 
-18587.0 -19341.0 
-18761.0 -19183.0 
-18869.0 -19079.0 
-18800.0 -19139.0 
-18659.0 -19259.0 
-18420.0 -19403.0 
-18961.0 -18967.0 
-18637.0 -19267.0 
-18738.0 -19199.0 
-19137.0 -18693.0 
-18924.0 -19043.0 
-18869.0 -19079.0 
-18701.0 -19220.0 
-18632.0 -19278.0 
-18964.0 -18962.0 
-18973.0 -18952.0 
-18829.0 -19112.0 
-18420.0 -19403.0 
-19121.0 -18800.0 
-19158.0 -18690.0 
-19038.0 -18855.0 
-18974.0 -18935.0 
-19158.0 -18690.0 
-18946.0 -18998.0 
-19092.0 -18816.0 
-18862.0 -19097.0 
-18659.0 -19259.0 
-18881.0 -19052.0 
-18705.0 -19216.0 
-18745.0 -19195.0 
-18745.0 -19195.0 
-18518.0 -19349.0 
-18651.0 -19264.0 
-18761.0 -19183.0 
-19077.0 -18846.0 
-18632.0 -19278.0 
-18701.0 -19220.0 
-18786.0 -19163.0 
-19132.0 -18704.0 
-18437.0 -19398.0 
-18507.0 -19367.0 
-18973.0 -18952.0 
-19022.0 -18889.0 
-18651.0 -19264.0 
-18451.0 -19370.0 
-19086.0 -18843.0 
-18961.0 -18967.0 
-18705.0 -19216.0 
-19137.0 -18693.0 
-18451.0 -19370.0 
-18738.0 -19199.0 
-18980.0 -18932.0 
-18767.0 -19164.0 
-19017.0 -18931.0 
-18709.0 -19200.0 
-18974.0 -18935.0 
-18453.0 -19368.0 
-18829.0 -19112.0 
-19158.0 -18690.0 
-19077.0 -18846.0 
-18705.0 -19216.0 
-18451.0 -19370.0 
-18738.0 -19199.0 
-19158.0 -18690.0 
