-19036.0 -18794.0 
-18426.0 -19359.0 
-19036.0 -18794.0 
-18611.0 -19327.0 
-18613.0 -19285.0 
-18977.0 -18871.0 
-18953.0 -18933.0 
-18664.0 -19284.0 
-18892.0 -19045.0 
-18696.0 -19257.0 
-18554.0 -19329.0 
-18684.0 -19270.0 
-19019.0 -18816.0 
-18898.0 -19012.0 
-18838.0 -19079.0 
-18862.0 -19071.0 
-18900.0 -19000.0 
-18516.0 -19334.0 
-18945.0 -18958.0 
-18959.0 -18908.0 
-18469.0 -19346.0 
-18707.0 -19231.0 
-18959.0 -18908.0 
-18762.0 -19194.0 
-18554.0 -19329.0 
-18788.0 -19170.0 
-18742.0 -19208.0 
-18516.0 -19334.0 
-19008.0 -18822.0 
-18862.0 -19071.0 
-18990.0 -18848.0 
-18772.0 -19174.0 
-18482.0 -19344.0 
-18990.0 -18848.0 
-18925.0 -18972.0 
-18920.0 -18986.0 
-18892.0 -19045.0 
-18823.0 -19144.0 
-18799.0 -19148.0 
-18742.0 -19208.0 
-18835.0 -19097.0 
-18469.0 -19346.0 
-18826.0 -19115.0 
-18762.0 -19194.0 
-19008.0 -18822.0 
-18482.0 -19344.0 
-18728.0 -19226.0 
-18945.0 -18958.0 
-18835.0 -19097.0 
-18826.0 -19115.0 
-18664.0 -19284.0 
-18980.0 -18864.0 
-18920.0 -18986.0 
-18925.0 -18972.0 
-18807.0 -19145.0 
-18724.0 -19228.0 
-18980.0 -18864.0 
-18824.0 -19130.0 
-18824.0 -19130.0 
-18728.0 -19226.0 
-18788.0 -19170.0 
-18772.0 -19174.0 
-18707.0 -19231.0 
-18799.0 -19148.0 
-18807.0 -19145.0 
-18724.0 -19228.0 
-18611.0 -19327.0 
-18613.0 -19285.0 
-19036.0 -18794.0 
-18554.0 -19329.0 
-18862.0 -19071.0 
-18892.0 -19045.0 
-18742.0 -19208.0 
-18762.0 -19194.0 
-19008.0 -18822.0 
-18482.0 -19344.0 
-18835.0 -19097.0 
-18664.0 -19284.0 
-18920.0 -18986.0 
-18728.0 -19226.0 
-18788.0 -19170.0 
-18772.0 -19174.0 
-18707.0 -19231.0 
-18799.0 -19148.0 
-18724.0 -19228.0 
-18611.0 -19327.0 
-18613.0 -19285.0 
-18707.0 -19231.0 
-18920.0 -18986.0 
-18920.0 -18986.0 
-18664.0 -19284.0 
-18835.0 -19097.0 
-18728.0 -19226.0 
-18664.0 -19284.0 
-18728.0 -19226.0 
-18788.0 -19170.0 
-19008.0 -18822.0 
-18835.0 -19097.0 
-18892.0 -19045.0 
-18920.0 -18986.0 
