-18401.0 -19390.0 
-19003.0 -18784.0 
-18401.0 -19390.0 
-18471.0 -19378.0 
-18512.0 -19348.0 
-18563.0 -19308.0 
-18529.0 -19328.0 
-18851.0 -19032.0 
-18877.0 -18998.0 
-18916.0 -18893.0 
-18765.0 -19088.0 
-18702.0 -19165.0 
-18967.0 -18853.0 
-18810.0 -19079.0 
-18758.0 -19103.0 
-18915.0 -18937.0 
-18968.0 -18817.0 
-18564.0 -19264.0 
-18679.0 -19202.0 
-18824.0 -19043.0 
-18904.0 -18951.0 
-18814.0 -19066.0 
-18861.0 -18999.0 
-18732.0 -19155.0 
-18741.0 -19139.0 
-18893.0 -18965.0 
-18998.0 -18806.0 
-18585.0 -19257.0 
-18614.0 -19230.0 
-18650.0 -19206.0 
-18962.0 -18870.0 
-18751.0 -19130.0 
-18934.0 -18888.0 
-18622.0 -19214.0 
-18650.0 -19206.0 
-18680.0 -19179.0 
-18585.0 -19257.0 
-18893.0 -18965.0 
-18573.0 -19258.0 
-18614.0 -19230.0 
-18942.0 -18883.0 
-18615.0 -19221.0 
-18688.0 -19170.0 
-18986.0 -18816.0 
-18824.0 -19043.0 
-18942.0 -18883.0 
-18732.0 -19155.0 
-18962.0 -18870.0 
-18751.0 -19130.0 
-18765.0 -19088.0 
-18622.0 -19214.0 
-18915.0 -18937.0 
-18988.0 -18812.0 
-18688.0 -19170.0 
-18810.0 -19079.0 
-18861.0 -18999.0 
-18680.0 -19179.0 
-18988.0 -18812.0 
-18564.0 -19264.0 
-18916.0 -18893.0 
-18679.0 -19202.0 
-18986.0 -18816.0 
-18968.0 -18817.0 
-18401.0 -19390.0 
-18650.0 -19206.0 
-18585.0 -19257.0 
-18893.0 -18965.0 
-18614.0 -19230.0 
-18824.0 -19043.0 
-18942.0 -18883.0 
-18962.0 -18870.0 
-18765.0 -19088.0 
-18688.0 -19170.0 
-18861.0 -18999.0 
-18988.0 -18812.0 
-18986.0 -18816.0 
-18968.0 -18817.0 
-18893.0 -18965.0 
-18986.0 -18816.0 
-18988.0 -18812.0 
-18968.0 -18817.0 
-18968.0 -18817.0 
-18988.0 -18812.0 
-18893.0 -18965.0 
-18893.0 -18965.0 
-18988.0 -18812.0 
-18893.0 -18965.0 
-18585.0 -19257.0 
-18988.0 -18812.0 
-18585.0 -19257.0 
-18688.0 -19170.0 
-18988.0 -18812.0 
-18861.0 -18999.0 
-18688.0 -19170.0 
-18688.0 -19170.0 
-18585.0 -19257.0 
-18824.0 -19043.0 
-18585.0 -19257.0 
-18585.0 -19257.0 
-18824.0 -19043.0 
