-18677.0 -19454.0 
-18677.0 -19454.0 
-19433.0 -18458.0 
-19426.0 -18497.0 
-19387.0 -18519.0 
-18768.0 -19373.0 
-19374.0 -18666.0 
-19346.0 -18763.0 
-18820.0 -19362.0 
-19234.0 -18903.0 
-19376.0 -18593.0 
-18720.0 -19427.0 
-19080.0 -19126.0 
-18851.0 -19324.0 
-19261.0 -18897.0 
-19312.0 -18764.0 
-18871.0 -19318.0 
-19380.0 -18575.0 
-18740.0 -19414.0 
-18843.0 -19347.0 
-19093.0 -19101.0 
-19076.0 -19145.0 
-18720.0 -19427.0 
-19292.0 -18798.0 
-18888.0 -19311.0 
-19232.0 -18941.0 
-19130.0 -19047.0 
-19115.0 -19092.0 
-18977.0 -19219.0 
-18963.0 -19244.0 
-19360.0 -18725.0 
-19360.0 -18725.0 
-19163.0 -19011.0 
-18827.0 -19348.0 
-18944.0 -19252.0 
-18740.0 -19414.0 
-19271.0 -18854.0 
-18903.0 -19284.0 
-18965.0 -19233.0 
-19309.0 -18793.0 
-18764.0 -19384.0 
-19221.0 -18961.0 
-19128.0 -19072.0 
-19183.0 -18990.0 
-19147.0 -19018.0 
-18932.0 -19266.0 
-19287.0 -18817.0 
-19008.0 -19198.0 
-18916.0 -19281.0 
-19194.0 -18975.0 
-18764.0 -19384.0 
-18990.0 -19218.0 
-19367.0 -18687.0 
-19310.0 -18779.0 
-19387.0 -18519.0 
-19282.0 -18822.0 
-19369.0 -18668.0 
-19146.0 -19028.0 
-18942.0 -19261.0 
-19191.0 -18989.0 
-19432.0 -18469.0 
-19366.0 -18697.0 
-19270.0 -18869.0 
-19029.0 -19160.0 
-19280.0 -18838.0 
-19025.0 -19177.0 
-19204.0 -18970.0 
-19380.0 -18575.0 
-19270.0 -18869.0 
-19059.0 -19152.0 
-19059.0 -19152.0 
-19115.0 -19092.0 
-19093.0 -19101.0 
-18895.0 -19297.0 
-19171.0 -19004.0 
-19007.0 -19200.0 
-19044.0 -19156.0 
-19044.0 -19156.0 
-19221.0 -18961.0 
-18990.0 -19218.0 
-19171.0 -19004.0 
-19232.0 -18941.0 
-19128.0 -19072.0 
-19026.0 -19161.0 
-18895.0 -19297.0 
-19204.0 -18970.0 
-19021.0 -19182.0 
-19138.0 -19036.0 
-19021.0 -19182.0 
-19376.0 -18593.0 
-18820.0 -19362.0 
-19346.0 -18763.0 
-19007.0 -19200.0 
-19432.0 -18469.0 
-18923.0 -19274.0 
-19280.0 -18838.0 
-19138.0 -19036.0 
-19366.0 -18697.0 
-19261.0 -18897.0 
-18923.0 -19274.0 
