-19412.0 -18477.0 
-18661.0 -19447.0 
-19412.0 -18477.0 
-18661.0 -19447.0 
-18799.0 -19356.0 
-19006.0 -19196.0 
-19371.0 -18665.0 
-18737.0 -19366.0 
-19288.0 -18815.0 
-18949.0 -19201.0 
-18939.0 -19260.0 
-19241.0 -18882.0 
-19379.0 -18584.0 
-19176.0 -18997.0 
-19408.0 -18537.0 
-19389.0 -18553.0 
-19048.0 -19141.0 
-18670.0 -19406.0 
-19268.0 -18839.0 
-19104.0 -19055.0 
-18896.0 -19264.0 
-19006.0 -19196.0 
-19155.0 -19020.0 
-19268.0 -18839.0 
-19294.0 -18771.0 
-19048.0 -19141.0 
-18734.0 -19391.0 
-19218.0 -18912.0 
-19344.0 -18708.0 
-18866.0 -19270.0 
-19181.0 -18936.0 
-19371.0 -18665.0 
-19101.0 -19092.0 
-18941.0 -19226.0 
-19095.0 -19100.0 
-18847.0 -19298.0 
-18896.0 -19264.0 
-19349.0 -18701.0 
-19127.0 -19021.0 
-19196.0 -18934.0 
-19379.0 -18584.0 
-19230.0 -18886.0 
-19068.0 -19102.0 
-19328.0 -18727.0 
-18710.0 -19398.0 
-18694.0 -19405.0 
-18847.0 -19298.0 
-19218.0 -18912.0 
-18823.0 -19331.0 
-19349.0 -18701.0 
-19179.0 -18966.0 
-19328.0 -18727.0 
-19179.0 -18966.0 
-19304.0 -18751.0 
-18823.0 -19331.0 
-19196.0 -18934.0 
-19313.0 -18740.0 
-18831.0 -19324.0 
-19155.0 -19020.0 
-18860.0 -19281.0 
-19294.0 -18771.0 
-18710.0 -19398.0 
-18941.0 -19226.0 
-19117.0 -19027.0 
-18860.0 -19281.0 
-19313.0 -18740.0 
-19113.0 -19040.0 
-19304.0 -18751.0 
-18831.0 -19324.0 
-19049.0 -19121.0 
-18694.0 -19405.0 
-19408.0 -18537.0 
-19051.0 -19107.0 
-19113.0 -19040.0 
-19230.0 -18886.0 
-19068.0 -19102.0 
-19056.0 -19106.0 
-18949.0 -19201.0 
-19049.0 -19121.0 
-19127.0 -19021.0 
-18737.0 -19366.0 
-18866.0 -19270.0 
-18670.0 -19406.0 
-19101.0 -19092.0 
-19117.0 -19027.0 
-18734.0 -19391.0 
-19056.0 -19106.0 
-19095.0 -19100.0 
-18828.0 -19326.0 
-18828.0 -19326.0 
-19181.0 -18936.0 
-19051.0 -19107.0 
-18661.0 -19447.0 
-19048.0 -19141.0 
-19349.0 -18701.0 
-19304.0 -18751.0 
-19117.0 -19027.0 
-18734.0 -19391.0 
-18828.0 -19326.0 
-18828.0 -19326.0 
