-18995.0 -18867.0 
-18517.0 -19265.0 
-18995.0 -18867.0 
-18615.0 -19249.0 
-18990.0 -18929.0 
-18936.0 -19007.0 
-18870.0 -19081.0 
-18729.0 -19188.0 
-18907.0 -19019.0 
-18673.0 -19206.0 
-18692.0 -19201.0 
-18668.0 -19217.0 
-18972.0 -18952.0 
-18639.0 -19218.0 
-18615.0 -19249.0 
-18787.0 -19138.0 
-18692.0 -19201.0 
-18759.0 -19145.0 
-18833.0 -19094.0 
-18940.0 -18985.0 
-18990.0 -18929.0 
-18633.0 -19226.0 
-18947.0 -18967.0 
-18879.0 -19065.0 
-18729.0 -19188.0 
-18972.0 -18952.0 
-18744.0 -19176.0 
-18903.0 -19036.0 
-18854.0 -19087.0 
-18834.0 -19089.0 
-18940.0 -18985.0 
-18891.0 -19062.0 
-18790.0 -19132.0 
-18807.0 -19124.0 
-18896.0 -19051.0 
-18958.0 -18962.0 
-18903.0 -19036.0 
-18817.0 -19103.0 
-18896.0 -19051.0 
-18958.0 -18962.0 
-18744.0 -19176.0 
-18633.0 -19226.0 
-18936.0 -19007.0 
-18907.0 -19019.0 
-18854.0 -19087.0 
-18749.0 -19165.0 
-18754.0 -19163.0 
-18755.0 -19152.0 
-18638.0 -19225.0 
-18947.0 -18967.0 
-18817.0 -19103.0 
-18807.0 -19124.0 
-18790.0 -19132.0 
-18879.0 -19065.0 
-18787.0 -19138.0 
-18759.0 -19145.0 
-18815.0 -19107.0 
-18810.0 -19118.0 
-18812.0 -19113.0 
-18812.0 -19113.0 
-18810.0 -19118.0 
-18891.0 -19062.0 
-18757.0 -19150.0 
-18815.0 -19107.0 
-18749.0 -19165.0 
-18668.0 -19217.0 
-18757.0 -19150.0 
-18754.0 -19163.0 
-18834.0 -19089.0 
-18755.0 -19152.0 
-18638.0 -19225.0 
-18639.0 -19218.0 
-18615.0 -19249.0 
-18692.0 -19201.0 
-18729.0 -19188.0 
-18940.0 -18985.0 
-18903.0 -19036.0 
-18896.0 -19051.0 
-18633.0 -19226.0 
-18907.0 -19019.0 
-18936.0 -19007.0 
-18807.0 -19124.0 
-18879.0 -19065.0 
-18810.0 -19118.0 
-18812.0 -19113.0 
-18891.0 -19062.0 
-18749.0 -19165.0 
-18668.0 -19217.0 
-18755.0 -19152.0 
-18638.0 -19225.0 
-18749.0 -19165.0 
-18812.0 -19113.0 
-18807.0 -19124.0 
-18936.0 -19007.0 
-18812.0 -19113.0 
-18879.0 -19065.0 
-18940.0 -18985.0 
-18638.0 -19225.0 
-18879.0 -19065.0 
-18668.0 -19217.0 
