3.507055597288605275e-02
1.398376730224789276e-02
8.470981408083716815e-03
2.665709400510717954e-03
6.331084164840303230e-02
1.352566306323433054e-01
1.327566632494276144e-01
5.737805871759628362e-02
1.101570963691105194e-02
1.472185529762960222e-02
6.038257600196485914e-02
1.084854530987928826e-02
1.442762011356015991e-02
2.439100597215879823e-02
5.518920649054316618e-02
1.325889689871575031e-02
6.115041177679870696e-03
1.156045383924349662e-01
8.903008699283365690e-02
2.710368479681724008e-02
6.729099738318158885e-02
5.353279237513814542e-02
2.286399173462735912e-02
4.487483920295093180e-03
1.066014801766473853e-03
2.692235644096698660e-02
1.001862151241348286e-03
5.425733515095145648e-02
6.420338521501404603e-04
1.305278531985959965e-02
5.963169449921415510e-02
