3.201515371768940224e-04
3.251628542589018859e-04
3.314014014290255937e-04
2.805100380748204057e-04
2.537436750366763635e-04
2.605798024293702240e-04
2.867120945898601978e-04
2.771916186513333235e-04
2.723294346089288973e-04
3.323505492401399963e-04
3.267408591067286878e-04
2.964289939684896028e-04
2.441199429802542098e-04
2.566573822436392263e-04
2.744025134197697856e-04
2.774816290634174541e-04
2.706389327318672400e-04
2.528293895480898451e-04
3.410172308085289102e-04
2.526768265877214650e-04
3.101287594744109419e-04
2.517287220248143938e-04
2.923025194894548519e-04
3.045019251555809866e-04
3.044216176389042457e-04
2.588538696731536109e-04
2.989990425329657983e-04
2.358534040581734012e-04
2.627321511083455133e-04
2.740277611836271264e-04
2.326416741837140207e-04
