1.720415941854439579e-01
1.719360301711712613e-01
6.088970854919279439e-03
3.318238488410583400e-04
1.273926474854200630e-01
1.150299299381229295e-01
1.990343784604775893e-04
2.022486582451234259e-04
4.237646413951520817e-04
1.816766081613193085e-01
6.826077090549006283e-04
1.951065181824752082e-01
1.862610233229083090e-01
1.172449189152194177e-01
3.518286049065098842e-02
6.789884336785611055e-04
7.188547872276165873e-02
1.321846878361880306e-01
2.025471501928154301e-04
1.762967543110084967e-01
1.803765084595715107e-01
1.977832008402107267e-01
1.341919496434711423e-01
1.977909995297202374e-04
4.563916522180214001e-04
2.093070488102286659e-04
4.035272146529522708e-02
3.824689889711308660e-02
1.611863674999757523e-01
1.881564814421742282e-01
7.939708856418675742e-03
