0.9664507274677554	178290.42107000045
0.6530229901141802	180272.2289810387
0.07407042482957804	166511.1046062373
0.8842017158776609	210251.7328313282
0.8178025381852875	194286.30749867597
0.24516169736648108	186749.4941453755
0.3394963056771595	150860.20581120692
0.6188911409669475	154320.0396878876
0.5578697346764879	181986.71856674473
0.5660736942814568	130375.57315438936
0.1585698541990599	166543.8006767605
0.1619555264615692	132289.83714115238
0.8377844218346131	153841.72979305772
0.9673014074601224	163484.78298000726
0.38303287657974394	160652.02101371347
0.8647885512549373	151016.93617647546
0.5316231528859043	138692.93689478573
0.19281815215124298	173716.02096618875
0.4041793771704044	124925.3233787289
0.4479959967384426	178178.72042426275
0.04833211736533716	145359.63270813116
0.4329610084169768	156290.5628388513
0.18994333046611578	160036.91609140826
0.682415440824176	147268.75957835073
0.34976510217972356	144829.01466670356
0.3838758376767121	190903.44570500826
0.7032282300167587	122232.23949372886
0.24153327410205294	128828.85781056334
0.0027694524882784233	193013.16274780285
0.5555472672836981	120321.25784177013
0.8692015770858309	151284.68457132025
0.7994683794375114	169907.50625540793
0.2758074261831378	176832.77386653566
0.1451685360429863	191013.99231660567
0.5753624232108437	138163.99810557463
0.3677370845030553	146818.91730211338
0.34063833749810923	174419.15828425725
0.7031362803476667	156999.63195833523
0.5102030568183961	154734.17234734885
0.799141995000767	194723.39268228057
0.36613319374227193	170508.12600443987
0.747913845825711	176879.5408303142
0.2584121935020366	211950.1082191198
0.30141470882323107	171136.00719744904
0.9836149971106706	187952.98287991842
0.3705572534032793	145626.41576869402
0.021023713699307334	154934.4062218239
0.14349330724912845	130432.19761776841
0.25738691226553323	167357.76501231705
0.15189123247427028	143533.45880151034
0.4691368116980208	164358.821895597
0.9070215351240504	156153.25142666258
0.02027234691625779	191976.61974939986
0.6501064180384662	193960.11076456393
0.8990374411487037	144500.6280089046
0.7090393476134011	143217.64683186542
0.4081274866876895	147504.10877329213
0.7425567910832385	178202.61733089873
0.3605872627240023	195588.8215074418
0.6277396283385436	141550.01947494003
0.8050878672602132	149757.55239565944
0.26849409309322847	182258.98561596646
0.03893972441886928	148883.10634966716
0.17098965904415053	132438.64881715915
0.06682215899760502	146821.31555663023
0.6156444261803422	135665.6200774679
0.3092218762764223	130877.60367673033
0.5891313819973315	158178.6995536862
0.14104293100182064	169450.78369237427
0.836663825949126	148395.4860568045
0.766077277301857	176855.31505651242
0.6603278219392732	136635.79800166417
0.16911488166979138	150019.223408539
0.18608733351480755	158067.5633604668
0.5007224802795559	174420.0975993698
0.570944595817769	175544.2174711809
0.33466412426577197	173752.38752433137
0.7516250157722305	192541.79191585316
0.9159246287405101	178202.43531915479
0.44728462472401764	137338.517022927
0.9358242173571172	171964.31786027027
0.7859020540916811	182117.440683803
0.7172946654284709	146051.65162991534
0.5187873248615258	153857.08222677457
0.8905357962640709	142288.12970809021
0.930961797700519	139332.39031048352
0.3772551647541287	160202.6333736803
0.8472970268231501	170229.7818538274
0.16711208435630298	152260.44740394442
0.7399547918492753	139481.74603140613
0.12459121241041093	169977.47031753522
0.20819238818271113	171080.49375626506
0.1669095442138313	151131.58732026035
0.8926534449989161	185783.56724377573
0.9837158712968315	175206.52227335842
0.4499231528808194	160119.57624574116
0.16613550321455195	152634.43237506642
0.4002215081182645	147917.15638986687
0.602888753191174	184140.47205965169
0.6554884913297219	159295.81564059338
