-19513.0 -18262.0 
-19513.0 -18262.0 
-18331.0 -19549.0 
-18331.0 -19549.0 
-19400.0 -18511.0 
-19391.0 -18579.0 
-19240.0 -18788.0 
-19485.0 -18346.0 
-19333.0 -18645.0 
-19424.0 -18498.0 
-18981.0 -19098.0 
-18380.0 -19542.0 
-19005.0 -19027.0 
-18396.0 -19518.0 
-19252.0 -18742.0 
-19179.0 -18823.0 
-19482.0 -18396.0 
-19503.0 -18327.0 
-18441.0 -19510.0 
-19344.0 -18605.0 
-19425.0 -18453.0 
-19108.0 -18917.0 
-19154.0 -18886.0 
-19043.0 -19015.0 
-18632.0 -19392.0 
-18543.0 -19466.0 
-18800.0 -19258.0 
-18948.0 -19111.0 
-19002.0 -19050.0 
-19173.0 -18854.0 
-19452.0 -18430.0 
-18869.0 -19195.0 
-18741.0 -19304.0 
-18891.0 -19169.0 
-18754.0 -19293.0 
-18555.0 -19444.0 
-19106.0 -18941.0 
-18927.0 -19138.0 
-19301.0 -18675.0 
-19158.0 -18862.0 
-19446.0 -18434.0 
-18777.0 -19284.0 
-19127.0 -18896.0 
-18877.0 -19193.0 
-19051.0 -18989.0 
-18661.0 -19384.0 
-19265.0 -18741.0 
-19280.0 -18723.0 
-18729.0 -19326.0 
-18446.0 -19504.0 
-18474.0 -19498.0 
-18849.0 -19223.0 
-19093.0 -18958.0 
-18613.0 -19399.0 
-18927.0 -19138.0 
-18587.0 -19416.0 
-18662.0 -19366.0 
-18609.0 -19414.0 
-18495.0 -19488.0 
-18705.0 -19349.0 
-18500.0 -19470.0 
-18571.0 -19438.0 
-18395.0 -19536.0 
-18705.0 -19349.0 
-19080.0 -18960.0 
-18989.0 -19072.0 
-18685.0 -19364.0 
-19370.0 -18588.0 
-19294.0 -18691.0 
-18831.0 -19237.0 
-18572.0 -19420.0 
-19505.0 -18299.0 
-19370.0 -18588.0 
-18903.0 -19162.0 
-18831.0 -19237.0 
-19505.0 -18299.0 
-19063.0 -18987.0 
-18729.0 -19326.0 
-18948.0 -19111.0 
-18849.0 -19223.0 
-19474.0 -18403.0 
-19314.0 -18660.0 
-19218.0 -18802.0 
-18777.0 -19284.0 
-19199.0 -18810.0 
-19280.0 -18723.0 
-18903.0 -19162.0 
-18476.0 -19489.0 
-18516.0 -19467.0 
-19218.0 -18802.0 
-19294.0 -18691.0 
-19067.0 -18970.0 
-19474.0 -18403.0 
-18810.0 -19257.0 
-18989.0 -19072.0 
-19127.0 -18896.0 
-19199.0 -18810.0 
-19314.0 -18660.0 
-19344.0 -18605.0 
-18810.0 -19257.0 
