-17813.0 -19872.0 
-19453.0 -18303.0 
-17813.0 -19872.0 
-19453.0 -18303.0 
-19341.0 -18606.0 
-19354.0 -18535.0 
-18582.0 -19414.0 
-17888.0 -19849.0 
-17871.0 -19858.0 
-19447.0 -18383.0 
-18827.0 -19191.0 
-19298.0 -18621.0 
-18045.0 -19812.0 
-18636.0 -19401.0 
-18197.0 -19706.0 
-18896.0 -19126.0 
-18997.0 -19036.0 
-18402.0 -19580.0 
-19413.0 -18397.0 
-17960.0 -19843.0 
-18085.0 -19768.0 
-18215.0 -19701.0 
-18871.0 -19165.0 
-18178.0 -19751.0 
-18955.0 -19045.0 
-19117.0 -18886.0 
-18722.0 -19314.0 
-18756.0 -19292.0 
-19090.0 -18908.0 
-18359.0 -19623.0 
-18438.0 -19551.0 
-19125.0 -18864.0 
-18500.0 -19504.0 
-19158.0 -18853.0 
-18477.0 -19523.0 
-18330.0 -19641.0 
-19159.0 -18827.0 
-18142.0 -19765.0 
-18544.0 -19461.0 
-19244.0 -18726.0 
-19259.0 -18681.0 
-18454.0 -19529.0 
-19010.0 -19013.0 
-18259.0 -19684.0 
-18918.0 -19125.0 
-18418.0 -19568.0 
-18508.0 -19483.0 
-18698.0 -19337.0 
-19281.0 -18673.0 
-18810.0 -19200.0 
-19186.0 -18811.0 
-19048.0 -18980.0 
-18005.0 -19829.0 
-18574.0 -19444.0 
-18674.0 -19363.0 
-18536.0 -19475.0 
-19398.0 -18461.0 
-18924.0 -19088.0 
-19056.0 -18945.0 
-18366.0 -19602.0 
-19372.0 -18522.0 
-18779.0 -19262.0 
-18735.0 -19295.0 
-18309.0 -19644.0 
-18005.0 -19829.0 
-18779.0 -19262.0 
-18802.0 -19229.0 
-19016.0 -18989.0 
-18259.0 -19684.0 
-18294.0 -19661.0 
-18639.0 -19367.0 
-18871.0 -19165.0 
-17960.0 -19843.0 
-18681.0 -19338.0 
-18951.0 -19070.0 
-19085.0 -18930.0 
-19398.0 -18461.0 
-19210.0 -18775.0 
-19451.0 -18339.0 
-19295.0 -18653.0 
-19244.0 -18726.0 
-18063.0 -19795.0 
-19375.0 -18500.0 
-18926.0 -19077.0 
-19058.0 -18934.0 
-19210.0 -18775.0 
-19375.0 -18500.0 
-19221.0 -18756.0 
-19406.0 -18427.0 
-18802.0 -19229.0 
-19221.0 -18756.0 
-19451.0 -18339.0 
-19033.0 -18984.0 
-19186.0 -18811.0 
-18063.0 -19795.0 
-19406.0 -18427.0 
-18142.0 -19765.0 
-18294.0 -19661.0 
-18638.0 -19379.0 
-18178.0 -19751.0 
