-19316.0 -18557.0 
-18135.0 -19754.0 
-19316.0 -18557.0 
-18135.0 -19754.0 
-19261.0 -18698.0 
-18999.0 -19087.0 
-18704.0 -19383.0 
-18156.0 -19712.0 
-19231.0 -18713.0 
-19113.0 -18942.0 
-18161.0 -19700.0 
-18389.0 -19589.0 
-18218.0 -19698.0 
-18967.0 -19099.0 
-19010.0 -19061.0 
-19263.0 -18659.0 
-19218.0 -18787.0 
-18232.0 -19670.0 
-18827.0 -19255.0 
-18292.0 -19651.0 
-18565.0 -19497.0 
-18762.0 -19319.0 
-18423.0 -19584.0 
-18619.0 -19448.0 
-18910.0 -19196.0 
-18736.0 -19336.0 
-19087.0 -18951.0 
-19169.0 -18844.0 
-19295.0 -18626.0 
-18946.0 -19142.0 
-19191.0 -18824.0 
-18629.0 -19429.0 
-18856.0 -19211.0 
-18309.0 -19637.0 
-19151.0 -18867.0 
-18674.0 -19398.0 
-18800.0 -19262.0 
-18570.0 -19470.0 
-18590.0 -19450.0 
-19270.0 -18634.0 
-19226.0 -18742.0 
-18799.0 -19279.0 
-19044.0 -19023.0 
-18959.0 -19122.0 
-18471.0 -19544.0 
-19069.0 -18996.0 
-18771.0 -19309.0 
-18930.0 -19168.0 
-18446.0 -19557.0 
-18833.0 -19226.0 
-18713.0 -19357.0 
-19218.0 -18787.0 
-18732.0 -19349.0 
-19031.0 -19046.0 
-18930.0 -19168.0 
-18263.0 -19656.0 
-19151.0 -18867.0 
-18513.0 -19513.0 
-18648.0 -19421.0 
-18226.0 -19690.0 
-19131.0 -18903.0 
-18674.0 -19398.0 
-18511.0 -19516.0 
-18584.0 -19464.0 
-19044.0 -19023.0 
-19084.0 -18973.0 
-18465.0 -19553.0 
-18837.0 -19219.0 
-19071.0 -18974.0 
-18878.0 -19206.0 
-19171.0 -18827.0 
-18371.0 -19608.0 
-19226.0 -18742.0 
-19309.0 -18573.0 
-18263.0 -19656.0 
-18353.0 -19620.0 
-19125.0 -18912.0 
-18540.0 -19503.0 
-19297.0 -18603.0 
-18648.0 -19421.0 
-18490.0 -19531.0 
-18329.0 -19634.0 
-18490.0 -19531.0 
-18540.0 -19503.0 
-18947.0 -19127.0 
-18878.0 -19206.0 
-18353.0 -19620.0 
-19297.0 -18603.0 
-18785.0 -19296.0 
-19191.0 -18824.0 
-18910.0 -19196.0 
-18371.0 -19608.0 
-19131.0 -18903.0 
-19069.0 -18996.0 
-18423.0 -19584.0 
-19031.0 -19046.0 
-19309.0 -18573.0 
-18329.0 -19634.0 
-18446.0 -19557.0 
-18785.0 -19296.0 
