-17960.0 -19750.0 
-17960.0 -19750.0 
-19413.0 -18399.0 
-19413.0 -18399.0 
-18098.0 -19720.0 
-17995.0 -19745.0 
-18338.0 -19605.0 
-19198.0 -18776.0 
-18826.0 -19219.0 
-19147.0 -18875.0 
-19242.0 -18706.0 
-18564.0 -19442.0 
-18560.0 -19477.0 
-19393.0 -18427.0 
-19197.0 -18817.0 
-18978.0 -19085.0 
-18162.0 -19684.0 
-19330.0 -18559.0 
-18859.0 -19208.0 
-18944.0 -19122.0 
-18896.0 -19172.0 
-19311.0 -18576.0 
-19157.0 -18837.0 
-19052.0 -18977.0 
-18958.0 -19095.0 
-19100.0 -18930.0 
-19123.0 -18886.0 
-19082.0 -18950.0 
-19225.0 -18752.0 
-18993.0 -19053.0 
-18379.0 -19564.0 
-19120.0 -18917.0 
-19278.0 -18663.0 
-18242.0 -19641.0 
-18471.0 -19511.0 
-19238.0 -18747.0 
-18445.0 -19542.0 
-18591.0 -19428.0 
-19008.0 -19047.0 
-18176.0 -19669.0 
-18225.0 -19649.0 
-19355.0 -18473.0 
-17995.0 -19745.0 
-19160.0 -18818.0 
-18126.0 -19697.0 
-19264.0 -18691.0 
-18299.0 -19612.0 
-18449.0 -19514.0 
-19073.0 -18972.0 
-19391.0 -18456.0 
-18684.0 -19360.0 
-18927.0 -19137.0 
-18413.0 -19560.0 
-18712.0 -19328.0 
-18614.0 -19402.0 
-18791.0 -19259.0 
-18098.0 -19720.0 
-19370.0 -18460.0 
-18684.0 -19360.0 
-18273.0 -19631.0 
-18420.0 -19548.0 
-18812.0 -19247.0 
-18610.0 -19424.0 
-19288.0 -18629.0 
-18766.0 -19300.0 
-18642.0 -19401.0 
-18781.0 -19284.0 
-18532.0 -19490.0 
-18499.0 -19498.0 
-19265.0 -18671.0 
-18363.0 -19579.0 
-18899.0 -19145.0 
-18660.0 -19383.0 
-19340.0 -18530.0 
-18735.0 -19317.0 
-18660.0 -19383.0 
-19030.0 -19001.0 
-18126.0 -19697.0 
-18735.0 -19317.0 
-19340.0 -18530.0 
-18363.0 -19579.0 
-19300.0 -18601.0 
-19288.0 -18629.0 
-18712.0 -19328.0 
-18874.0 -19192.0 
-19300.0 -18601.0 
-19350.0 -18499.0 
-19350.0 -18499.0 
-19022.0 -19020.0 
-18783.0 -19272.0 
-18273.0 -19631.0 
-18499.0 -19498.0 
-18903.0 -19138.0 
-18532.0 -19490.0 
-18874.0 -19192.0 
-18200.0 -19660.0 
-18200.0 -19660.0 
-19022.0 -19020.0 
-19030.0 -19001.0 
-18299.0 -19612.0 
