-19441.0 -18407.0 
-18080.0 -19689.0 
-18080.0 -19689.0 
-19441.0 -18407.0 
-19366.0 -18525.0 
-18566.0 -19449.0 
-19049.0 -18995.0 
-19413.0 -18507.0 
-18704.0 -19306.0 
-18789.0 -19265.0 
-18279.0 -19608.0 
-18748.0 -19300.0 
-18620.0 -19388.0 
-18339.0 -19575.0 
-19196.0 -18820.0 
-18192.0 -19659.0 
-18756.0 -19277.0 
-18429.0 -19524.0 
-18376.0 -19551.0 
-19290.0 -18692.0 
-18578.0 -19407.0 
-19350.0 -18580.0 
-19425.0 -18462.0 
-18859.0 -19184.0 
-18137.0 -19672.0 
-19023.0 -18998.0 
-18530.0 -19451.0 
-18137.0 -19672.0 
-18827.0 -19186.0 
-18945.0 -19109.0 
-18897.0 -19141.0 
-19329.0 -18619.0 
-18302.0 -19584.0 
-19334.0 -18593.0 
-19100.0 -18932.0 
-19197.0 -18782.0 
-18483.0 -19482.0 
-18233.0 -19615.0 
-19257.0 -18728.0 
-19169.0 -18830.0 
-19109.0 -18899.0 
-19262.0 -18701.0 
-19165.0 -18845.0 
-18448.0 -19490.0 
-18870.0 -19157.0 
-18444.0 -19498.0 
-18690.0 -19346.0 
-18975.0 -19071.0 
-18244.0 -19609.0 
-19074.0 -18947.0 
-18347.0 -19552.0 
-18399.0 -19529.0 
-18993.0 -19048.0 
-19429.0 -18452.0 
-18821.0 -19213.0 
-18800.0 -19238.0 
-18505.0 -19459.0 
-19298.0 -18663.0 
-18644.0 -19365.0 
-19010.0 -19027.0 
-19228.0 -18751.0 
-18215.0 -19637.0 
-18901.0 -19127.0 
-19071.0 -18955.0 
-18946.0 -19079.0 
-19205.0 -18760.0 
-19119.0 -18896.0 
-19384.0 -18509.0 
-18589.0 -19391.0 
-19316.0 -18635.0 
-18985.0 -19053.0 
-18215.0 -19637.0 
-19228.0 -18751.0 
-18668.0 -19359.0 
-19298.0 -18663.0 
-18800.0 -19238.0 
-18953.0 -19074.0 
-18192.0 -19659.0 
-19131.0 -18878.0 
-19148.0 -18863.0 
-19010.0 -19027.0 
-19316.0 -18635.0 
-19379.0 -18516.0 
-19148.0 -18863.0 
-18302.0 -19584.0 
-18821.0 -19213.0 
-18921.0 -19120.0 
-18921.0 -19120.0 
-19202.0 -18769.0 
-18691.0 -19329.0 
-18483.0 -19482.0 
-18505.0 -19459.0 
-19071.0 -18955.0 
-18644.0 -19365.0 
-19350.0 -18580.0 
-19257.0 -18728.0 
-18668.0 -19359.0 
-18399.0 -19529.0 
-18870.0 -19157.0 
-18581.0 -19392.0 
