-19494.0 -18254.0 
-17725.0 -19887.0 
-17725.0 -19887.0 
-19494.0 -18254.0 
-17882.0 -19827.0 
-18263.0 -19677.0 
-19321.0 -18585.0 
-17790.0 -19869.0 
-18472.0 -19515.0 
-19018.0 -18990.0 
-17964.0 -19822.0 
-19047.0 -18980.0 
-18980.0 -19069.0 
-19259.0 -18651.0 
-19414.0 -18395.0 
-18211.0 -19681.0 
-19251.0 -18689.0 
-18909.0 -19125.0 
-18883.0 -19150.0 
-19397.0 -18445.0 
-19109.0 -18881.0 
-18335.0 -19617.0 
-18116.0 -19737.0 
-18809.0 -19240.0 
-19461.0 -18336.0 
-17970.0 -19813.0 
-19432.0 -18365.0 
-18748.0 -19303.0 
-18694.0 -19340.0 
-18437.0 -19518.0 
-19210.0 -18748.0 
-18784.0 -19245.0 
-19136.0 -18875.0 
-19356.0 -18512.0 
-18556.0 -19461.0 
-18382.0 -19604.0 
-18145.0 -19712.0 
-18289.0 -19648.0 
-18196.0 -19705.0 
-18420.0 -19543.0 
-19178.0 -18821.0 
-18534.0 -19478.0 
-18856.0 -19190.0 
-18082.0 -19765.0 
-19003.0 -19036.0 
-18936.0 -19113.0 
-19065.0 -18939.0 
-17820.0 -19849.0 
-18386.0 -19583.0 
-19360.0 -18481.0 
-19465.0 -18315.0 
-19180.0 -18782.0 
-19141.0 -18837.0 
-18620.0 -19422.0 
-19194.0 -18772.0 
-18631.0 -19395.0 
-18010.0 -19786.0 
-19092.0 -18917.0 
-19232.0 -18714.0 
-18089.0 -19742.0 
-19343.0 -18538.0 
-18338.0 -19611.0 
-19285.0 -18628.0 
-18289.0 -19648.0 
-18949.0 -19079.0 
-18706.0 -19317.0 
-19218.0 -18719.0 
-18507.0 -19486.0 
-18770.0 -19278.0 
-18725.0 -19314.0 
-18878.0 -19182.0 
-19397.0 -18445.0 
-18010.0 -19786.0 
-19148.0 -18823.0 
-18581.0 -19449.0 
-18581.0 -19449.0 
-19465.0 -18315.0 
-17809.0 -19867.0 
-18836.0 -19212.0 
-19003.0 -19036.0 
-19418.0 -18374.0 
-18836.0 -19212.0 
-18047.0 -19772.0 
-19343.0 -18538.0 
-18939.0 -19086.0 
-18411.0 -19565.0 
-18670.0 -19360.0 
-18670.0 -19360.0 
-17851.0 -19840.0 
-19289.0 -18591.0 
-18047.0 -19772.0 
-19288.0 -18596.0 
-18507.0 -19486.0 
-19360.0 -18481.0 
-19065.0 -18939.0 
-18643.0 -19382.0 
-18770.0 -19278.0 
-19092.0 -18917.0 
-17851.0 -19840.0 
-18620.0 -19422.0 
