-19340.0 -18522.0 
-17862.0 -19874.0 
-19340.0 -18522.0 
-17862.0 -19874.0 
-18528.0 -19516.0 
-19176.0 -18819.0 
-19291.0 -18615.0 
-19237.0 -18723.0 
-19180.0 -18773.0 
-18740.0 -19305.0 
-19137.0 -18863.0 
-18392.0 -19600.0 
-18006.0 -19813.0 
-19215.0 -18761.0 
-18823.0 -19266.0 
-18705.0 -19341.0 
-18443.0 -19550.0 
-18735.0 -19325.0 
-18064.0 -19782.0 
-18310.0 -19647.0 
-18973.0 -19071.0 
-18996.0 -19026.0 
-18992.0 -19056.0 
-18690.0 -19353.0 
-18418.0 -19573.0 
-19072.0 -18946.0 
-19112.0 -18883.0 
-18782.0 -19290.0 
-18865.0 -19170.0 
-18936.0 -19120.0 
-18194.0 -19730.0 
-19096.0 -18924.0 
-17907.0 -19840.0 
-18582.0 -19446.0 
-19304.0 -18568.0 
-18789.0 -19286.0 
-18674.0 -19378.0 
-19035.0 -18987.0 
-18268.0 -19680.0 
-19269.0 -18661.0 
-19300.0 -18603.0 
-18136.0 -19751.0 
-18238.0 -19681.0 
-19222.0 -18739.0 
-19142.0 -18836.0 
-18861.0 -19202.0 
-19024.0 -19019.0 
-18159.0 -19734.0 
-19063.0 -18958.0 
-18634.0 -19423.0 
-18094.0 -19774.0 
-18936.0 -19120.0 
-19054.0 -18986.0 
-18314.0 -19624.0 
-18343.0 -19623.0 
-18549.0 -19448.0 
-18353.0 -19606.0 
-18046.0 -19798.0 
-18026.0 -19799.0 
-18400.0 -19576.0 
-18973.0 -19071.0 
-18920.0 -19141.0 
-19269.0 -18661.0 
-19254.0 -18689.0 
-18477.0 -19541.0 
-18529.0 -19486.0 
-18225.0 -19699.0 
-17907.0 -19840.0 
-18833.0 -19257.0 
-18655.0 -19382.0 
-18654.0 -19405.0 
-17944.0 -19830.0 
-17938.0 -19835.0 
-19254.0 -18689.0 
-18225.0 -19699.0 
-18839.0 -19235.0 
-18890.0 -19160.0 
-18477.0 -19541.0 
-19333.0 -18533.0 
-18537.0 -19458.0 
-17975.0 -19825.0 
-18459.0 -19542.0 
-19304.0 -18568.0 
-18839.0 -19235.0 
-18142.0 -19739.0 
-19333.0 -18533.0 
-18604.0 -19436.0 
-18890.0 -19160.0 
-18286.0 -19665.0 
-19096.0 -18924.0 
-18635.0 -19408.0 
-18864.0 -19200.0 
-18530.0 -19471.0 
-19112.0 -18883.0 
-18286.0 -19665.0 
-18920.0 -19141.0 
-18111.0 -19769.0 
-17975.0 -19825.0 
-18604.0 -19436.0 
-18194.0 -19730.0 
