-17828.0 -19815.0 
-17828.0 -19815.0 
-19467.0 -18282.0 
-19467.0 -18282.0 
-17880.0 -19788.0 
-19401.0 -18463.0 
-18202.0 -19687.0 
-19430.0 -18390.0 
-18759.0 -19330.0 
-17946.0 -19782.0 
-19019.0 -19036.0 
-18628.0 -19419.0 
-19219.0 -18803.0 
-18940.0 -19148.0 
-19009.0 -19067.0 
-19155.0 -18889.0 
-19435.0 -18326.0 
-18634.0 -19386.0 
-18870.0 -19174.0 
-18863.0 -19217.0 
-19430.0 -18390.0 
-18760.0 -19282.0 
-18148.0 -19693.0 
-19159.0 -18855.0 
-19256.0 -18745.0 
-19446.0 -18323.0 
-18715.0 -19362.0 
-18839.0 -19247.0 
-18953.0 -19100.0 
-18100.0 -19730.0 
-18731.0 -19343.0 
-19189.0 -18845.0 
-18439.0 -19553.0 
-19047.0 -19018.0 
-18448.0 -19529.0 
-19307.0 -18657.0 
-18578.0 -19455.0 
-18480.0 -19522.0 
-19258.0 -18702.0 
-19377.0 -18497.0 
-18551.0 -19461.0 
-18514.0 -19500.0 
-17955.0 -19771.0 
-18343.0 -19613.0 
-19234.0 -18768.0 
-19083.0 -18968.0 
-18118.0 -19718.0 
-19190.0 -18811.0 
-19401.0 -18463.0 
-18216.0 -19665.0 
-18673.0 -19380.0 
-19365.0 -18540.0 
-18257.0 -19656.0 
-18782.0 -19274.0 
-19273.0 -18695.0 
-18682.0 -19371.0 
-19105.0 -18938.0 
-18417.0 -19571.0 
-18355.0 -19591.0 
-19049.0 -18994.0 
-18376.0 -19577.0 
-18902.0 -19173.0 
-18060.0 -19737.0 
-18489.0 -19501.0 
-18144.0 -19710.0 
-18014.0 -19754.0 
-18843.0 -19227.0 
-19134.0 -18914.0 
-18293.0 -19635.0 
-18060.0 -19737.0 
-18596.0 -19435.0 
-17995.0 -19764.0 
-19330.0 -18599.0 
-19347.0 -18569.0 
-18802.0 -19262.0 
-19083.0 -18968.0 
-19377.0 -18497.0 
-18980.0 -19082.0 
-19347.0 -18569.0 
-19105.0 -18938.0 
-19134.0 -18914.0 
-19236.0 -18757.0 
-18325.0 -19626.0 
-18257.0 -19656.0 
-18293.0 -19635.0 
-19288.0 -18671.0 
-19318.0 -18630.0 
-19330.0 -18599.0 
-18980.0 -19082.0 
-19365.0 -18540.0 
-18535.0 -19480.0 
-19318.0 -18630.0 
-18940.0 -19148.0 
-18902.0 -19173.0 
-18535.0 -19480.0 
-18014.0 -19754.0 
-18802.0 -19262.0 
-18371.0 -19583.0 
-18596.0 -19435.0 
-18953.0 -19100.0 
