-18035.0 -19757.0 
-18035.0 -19757.0 
-19405.0 -18344.0 
-19405.0 -18344.0 
-19363.0 -18499.0 
-18548.0 -19465.0 
-19335.0 -18519.0 
-18335.0 -19630.0 
-18958.0 -19111.0 
-18535.0 -19491.0 
-18266.0 -19640.0 
-19205.0 -18763.0 
-18595.0 -19457.0 
-18424.0 -19574.0 
-19087.0 -18920.0 
-19064.0 -19006.0 
-18161.0 -19705.0 
-18633.0 -19413.0 
-19153.0 -18835.0 
-19079.0 -18951.0 
-18755.0 -19302.0 
-18393.0 -19580.0 
-18667.0 -19393.0 
-19383.0 -18417.0 
-18736.0 -19328.0 
-18046.0 -19736.0 
-19214.0 -18724.0 
-18350.0 -19612.0 
-18896.0 -19168.0 
-18080.0 -19730.0 
-19065.0 -18974.0 
-18799.0 -19264.0 
-19112.0 -18907.0 
-19247.0 -18699.0 
-19330.0 -18548.0 
-18760.0 -19277.0 
-18701.0 -19371.0 
-18453.0 -19542.0 
-18868.0 -19195.0 
-19309.0 -18561.0 
-18226.0 -19680.0 
-18104.0 -19725.0 
-19374.0 -18446.0 
-18434.0 -19543.0 
-18161.0 -19705.0 
-19181.0 -18812.0 
-18986.0 -19057.0 
-18488.0 -19531.0 
-19135.0 -18863.0 
-19261.0 -18664.0 
-18877.0 -19173.0 
-18250.0 -19671.0 
-18716.0 -19336.0 
-18830.0 -19241.0 
-19385.0 -18383.0 
-19034.0 -19020.0 
-18792.0 -19272.0 
-19013.0 -19043.0 
-18855.0 -19218.0 
-18830.0 -19241.0 
-18293.0 -19635.0 
-18511.0 -19508.0 
-18201.0 -19686.0 
-19147.0 -18854.0 
-18913.0 -19139.0 
-19191.0 -18780.0 
-18201.0 -19686.0 
-18104.0 -19725.0 
-19283.0 -18641.0 
-19296.0 -18619.0 
-18624.0 -19426.0 
-18968.0 -19089.0 
-19385.0 -18383.0 
-18511.0 -19508.0 
-18968.0 -19089.0 
-19374.0 -18446.0 
-18624.0 -19426.0 
-18669.0 -19375.0 
-19247.0 -18699.0 
-18372.0 -19596.0 
-18595.0 -19457.0 
-18372.0 -19596.0 
-18930.0 -19131.0 
-19261.0 -18664.0 
-19305.0 -18589.0 
-18686.0 -19373.0 
-18930.0 -19131.0 
-19283.0 -18641.0 
-18855.0 -19218.0 
-19013.0 -19043.0 
-19034.0 -19020.0 
-18488.0 -19531.0 
-19122.0 -18887.0 
-19214.0 -18724.0 
-19305.0 -18589.0 
-19122.0 -18887.0 
-19181.0 -18812.0 
-18293.0 -19635.0 
-18986.0 -19057.0 
-19296.0 -18619.0 
