6.426922749027749182e-01
6.418987575645149768e-01
6.420453380314213865e-01
6.418973672384669094e-01
6.418772982271812033e-01
6.423933839357479636e-01
6.423684423596329740e-01
6.422969877081708967e-01
6.419250411178973881e-01
6.421654995155253731e-01
6.418722889182567615e-01
6.423442989830820959e-01
6.420713376479442180e-01
6.426415400509435383e-01
6.421717311390781058e-01
6.418714378504642992e-01
6.423737992237561478e-01
6.419638640251752459e-01
6.421034210484904969e-01
6.421361551477551277e-01
6.420684554478160999e-01
6.418048520378940580e-01
6.423123078443032652e-01
6.418663054155374637e-01
6.423229013918579922e-01
6.418587660059946742e-01
6.418753251343616295e-01
6.421750633353777715e-01
6.418465813359084393e-01
6.419156258358218459e-01
6.427357206222109598e-01
