-18240.0 -19518.0 
-18240.0 -19518.0 
-18974.0 -18825.0 
-18938.0 -18899.0 
-18352.0 -19460.0 
-18281.0 -19461.0 
-18891.0 -18901.0 
-18372.0 -19419.0 
-18275.0 -19498.0 
-18477.0 -19371.0 
-18439.0 -19391.0 
-18747.0 -19146.0 
-18814.0 -19055.0 
-18790.0 -19080.0 
-18885.0 -18974.0 
-18495.0 -19328.0 
-18889.0 -18944.0 
-18410.0 -19403.0 
-18860.0 -18978.0 
-18712.0 -19159.0 
-18638.0 -19239.0 
-18534.0 -19320.0 
-18486.0 -19340.0 
-18747.0 -19146.0 
-18535.0 -19317.0 
-18545.0 -19292.0 
-18410.0 -19403.0 
-18790.0 -19080.0 
-18842.0 -19012.0 
-18938.0 -18899.0 
-18372.0 -19419.0 
-18778.0 -19112.0 
-18775.0 -19118.0 
-18854.0 -18999.0 
-18828.0 -19043.0 
-18889.0 -18944.0 
-18251.0 -19509.0 
-18569.0 -19267.0 
-18605.0 -19243.0 
-18775.0 -19118.0 
-18640.0 -19217.0 
-18477.0 -19371.0 
-18712.0 -19159.0 
-18592.0 -19266.0 
-18433.0 -19394.0 
-18682.0 -19196.0 
-18840.0 -19022.0 
-18559.0 -19283.0 
-18596.0 -19261.0 
-18251.0 -19509.0 
-18840.0 -19022.0 
-18486.0 -19340.0 
-18697.0 -19168.0 
-18619.0 -19241.0 
-18352.0 -19460.0 
-18816.0 -19047.0 
-18854.0 -18999.0 
-18545.0 -19292.0 
-18667.0 -19199.0 
-18661.0 -19203.0 
-18778.0 -19112.0 
-18559.0 -19283.0 
-18495.0 -19328.0 
-18658.0 -19208.0 
-18828.0 -19043.0 
-18619.0 -19241.0 
-18433.0 -19394.0 
-18567.0 -19274.0 
-18647.0 -19213.0 
-18693.0 -19174.0 
-18693.0 -19174.0 
-18596.0 -19261.0 
-18697.0 -19168.0 
-18647.0 -19213.0 
-18685.0 -19184.0 
-18567.0 -19274.0 
-18685.0 -19184.0 
-18605.0 -19243.0 
-18684.0 -19187.0 
-18860.0 -18978.0 
-18534.0 -19320.0 
-18667.0 -19199.0 
-18658.0 -19208.0 
-18885.0 -18974.0 
-18281.0 -19461.0 
-18816.0 -19047.0 
-18640.0 -19217.0 
-18682.0 -19196.0 
-18684.0 -19187.0 
-18592.0 -19266.0 
-18638.0 -19239.0 
-18891.0 -18901.0 
-18240.0 -19518.0 
-18433.0 -19394.0 
-18747.0 -19146.0 
-18410.0 -19403.0 
-18790.0 -19080.0 
-18372.0 -19419.0 
-18889.0 -18944.0 
-18775.0 -19118.0 
