-19014.0 -18700.0 
-18295.0 -19459.0 
-18295.0 -19459.0 
-19014.0 -18700.0 
-18935.0 -18970.0 
-18386.0 -19418.0 
-19001.0 -18781.0 
-18466.0 -19402.0 
-18881.0 -19072.0 
-18974.0 -18898.0 
-18356.0 -19444.0 
-19001.0 -18781.0 
-18974.0 -18898.0 
-18983.0 -18849.0 
-18903.0 -19017.0 
-18298.0 -19452.0 
-18983.0 -18849.0 
-18648.0 -19288.0 
-18621.0 -19321.0 
-18681.0 -19281.0 
-18386.0 -19418.0 
-18541.0 -19369.0 
-18688.0 -19258.0 
-18918.0 -18998.0 
-18903.0 -19017.0 
-18621.0 -19321.0 
-18572.0 -19339.0 
-18558.0 -19361.0 
-18356.0 -19444.0 
-18847.0 -19078.0 
-18590.0 -19334.0 
-18918.0 -18998.0 
-18648.0 -19288.0 
-18716.0 -19245.0 
-18590.0 -19334.0 
-18731.0 -19214.0 
-18881.0 -19072.0 
-18474.0 -19390.0 
-18785.0 -19142.0 
-18777.0 -19168.0 
-18809.0 -19119.0 
-18841.0 -19089.0 
-18765.0 -19178.0 
-18719.0 -19231.0 
-18696.0 -19253.0 
-18785.0 -19142.0 
-18490.0 -19387.0 
-18824.0 -19102.0 
-18466.0 -19402.0 
-18809.0 -19119.0 
-18523.0 -19376.0 
-18824.0 -19102.0 
-18745.0 -19212.0 
-18490.0 -19387.0 
-18509.0 -19379.0 
-18558.0 -19361.0 
-18509.0 -19379.0 
-18813.0 -19108.0 
-18719.0 -19231.0 
-18572.0 -19339.0 
-18765.0 -19178.0 
-18527.0 -19374.0 
-18696.0 -19253.0 
-18758.0 -19192.0 
-18778.0 -19153.0 
-18841.0 -19089.0 
-18731.0 -19214.0 
-18681.0 -19281.0 
-18751.0 -19203.0 
-18751.0 -19203.0 
-18779.0 -19150.0 
-18843.0 -19080.0 
-18474.0 -19390.0 
-18716.0 -19245.0 
-18298.0 -19452.0 
-18777.0 -19168.0 
-18758.0 -19192.0 
-18847.0 -19078.0 
-18756.0 -19195.0 
-18810.0 -19117.0 
-18527.0 -19374.0 
-18813.0 -19108.0 
-18745.0 -19212.0 
-18756.0 -19195.0 
-18783.0 -19145.0 
-18783.0 -19145.0 
-18810.0 -19117.0 
-18843.0 -19080.0 
-18778.0 -19153.0 
-18295.0 -19459.0 
-19014.0 -18700.0 
-19001.0 -18781.0 
-18974.0 -18898.0 
-18983.0 -18849.0 
-18386.0 -19418.0 
-18903.0 -19017.0 
-18621.0 -19321.0 
-18356.0 -19444.0 
-18918.0 -18998.0 
-18648.0 -19288.0 
