0.41983345805365124 22.800822354488457 
0.7651928116189048 22.518604552028815 
0.30800234358252765 22.71878122472902 
0.25840907558750686 22.785966557004937 
0.32656984701971037 22.84549338441737 
0.5756634177891937 22.766279257341854 
0.7325532468832784 22.735484759767527 
0.7047122525245937 22.717816879061292 
0.5969695379025931 22.765963825464347 
0.7560254841718017 22.835619878415958 
0.12015639011480306 22.675343207474693 
0.2302596799888471 22.670291793499615 
0.49909818410227913 22.72883846662265 
0.4859578667293787 22.53413221153257 
0.0918969802257188 22.261586443227877 
0.6258869490719998 22.75138403156244 
0.4977285561023343 22.63321130781322 
0.8359448694804292 22.726586947848016 
0.7027317160832044 22.820878809262677 
0.6894398644611743 22.764156160825188 
0.06141739391035178 22.75173090760803 
0.7472692968645606 22.83050889235772 
0.6626681735593465 22.76075434282824 
0.45273265188657863 22.765425910643025 
0.8153323502772711 22.81165856183639 
0.47712951384918106 22.65107424162145 
0.4411091604542764 22.540956735936717 
0.8976925042465829 22.86820307764517 
0.5537625091084228 22.683194937525222 
0.2853442080289928 22.70155670068909 
0.8907742664725355 22.733045815373405 
0.29557864661420563 22.705407251816535 
0.890556715713848 22.59762667068024 
0.5765614912425672 22.768577944247305 
0.23638019734453491 22.80440285353496 
0.24916769300059344 22.72371300535578 
0.4495810084804243 22.584689381902074 
0.7960126647991299 22.644419652928338 
0.4993708984624336 22.752428845327856 
0.3791281545815248 22.836786564862745 
0.44292464739291015 22.610002091808333 
0.694457285620532 22.777644934947222 
0.3741819603958431 22.66312501421379 
0.8765191673853685 22.602882423664443 
0.5849727677892489 22.687445669019688 
0.6042626586521103 22.523429137276647 
0.8441816060092912 22.665080258961435 
0.29975465434569276 22.707169689350536 
0.13887649359980425 22.71527161030549 
0.3462664668699874 22.751435852606324 
0.3237759084822387 22.751662673033838 
0.7081865287348696 22.696279671577052 
0.2674517743665372 22.869802179287408 
0.44062286515853005 22.818768223701525 
0.2119655090495806 22.834558498335717 
0.7329946009329007 22.61354670018496 
0.16219706832966357 22.83444136312399 
0.12875563767434994 22.586299629123005 
0.643967506440438 22.69321499214206 
0.37747278311571575 22.765536433291743 
0.1770874120769671 22.586881623040096 
0.5047545101546612 22.822945466694172 
0.4664416144081938 22.57286690941541 
0.19979836401436024 22.688574135683737 
0.5200878714368893 22.724792576359796 
0.20977084014901298 22.740526925981257 
0.7152934311369997 22.688561045717947 
0.327393202157398 22.751829343068458 
0.3543284856242283 22.703355499783694 
0.5532355241063673 22.79366675516859 
0.4981003849153762 22.84992940487161 
0.483709157117745 22.711144648827304 
0.8225115972354109 22.745506469912474 
0.35756384546175857 22.78738071410494 
0.3825979441103822 22.713975713404675 
0.2846922921724931 22.658781110508745 
0.17227924255083277 22.510308203612276 
0.3927768370528262 22.854356418026782 
0.4966334499393088 22.921639476122934 
0.46282440100016786 22.781300657188417 
0.5165965772689969 22.68869771925966 
0.5110250400777734 22.726674492293068 
0.8454678294523826 22.662660933900536 
0.5431001815479426 22.582485189242586 
0.2810770564291724 22.680662929052964 
0.3419712927068468 22.754950383488215 
0.12982841327904765 22.772213048641124 
0.0990705244140499 22.660539931215883 
0.5900973690793698 22.60499745113503 
0.34717046834121784 22.867885732482367 
0.528420786464399 22.759061365350046 
0.8424993962834293 22.606991824179733 
0.5254657100286403 22.51650209367316 
0.541910332578512 22.65280322937805 
0.1826831121120478 22.590064877509924 
0.7966368244866648 22.668164368222847 
0.6180351680617553 22.7449387418288 
0.7327478336770893 22.72926672730912 
0.2711459258805369 22.739706118053352 
0.5577251983201039 22.692272541682183 
