-17167.0 -17984.0 
-17996.0 -17252.0 
-17996.0 -17252.0 
-17953.0 -17309.0 
-17712.0 -17653.0 
-17552.0 -17799.0 
-17380.0 -17906.0 
-17669.0 -17696.0 
-17950.0 -17340.0 
-17767.0 -17549.0 
-17826.0 -17468.0 
-17727.0 -17637.0 
-17250.0 -17978.0 
-17414.0 -17897.0 
-17300.0 -17949.0 
-17747.0 -17587.0 
-17629.0 -17700.0 
-17593.0 -17724.0 
-17905.0 -17370.0 
-17501.0 -17829.0 
-17625.0 -17719.0 
-17858.0 -17437.0 
-17468.0 -17838.0 
-17905.0 -17370.0 
-17872.0 -17403.0 
-17250.0 -17978.0 
-17300.0 -17949.0 
-17669.0 -17696.0 
-17212.0 -17980.0 
-17343.0 -17917.0 
-17440.0 -17867.0 
-17509.0 -17826.0 
-17886.0 -17379.0 
-17807.0 -17492.0 
-17588.0 -17750.0 
-17212.0 -17980.0 
-17752.0 -17581.0 
-17872.0 -17403.0 
-17775.0 -17503.0 
-17509.0 -17826.0 
-17440.0 -17867.0 
-17727.0 -17637.0 
-17773.0 -17531.0 
-17950.0 -17340.0 
-17414.0 -17897.0 
-17316.0 -17934.0 
-17791.0 -17501.0 
-17831.0 -17448.0 
-17555.0 -17770.0 
-17453.0 -17856.0 
-17583.0 -17753.0 
-17556.0 -17768.0 
-17807.0 -17492.0 
-17335.0 -17926.0 
-17453.0 -17856.0 
-17747.0 -17587.0 
-17468.0 -17838.0 
-17316.0 -17934.0 
-17886.0 -17379.0 
-17773.0 -17531.0 
-17583.0 -17753.0 
-17752.0 -17581.0 
-17858.0 -17437.0 
-17843.0 -17443.0 
-17343.0 -17917.0 
-17843.0 -17443.0 
-17556.0 -17768.0 
-17335.0 -17926.0 
-17831.0 -17448.0 
-17593.0 -17724.0 
-17625.0 -17719.0 
-17783.0 -17502.0 
-17783.0 -17502.0 
-17629.0 -17700.0 
-17555.0 -17770.0 
-17775.0 -17503.0 
-17905.0 -17370.0 
-17212.0 -17980.0 
-17872.0 -17403.0 
-17727.0 -17637.0 
-17950.0 -17340.0 
-17807.0 -17492.0 
-17886.0 -17379.0 
-17752.0 -17581.0 
-17858.0 -17437.0 
-17335.0 -17926.0 
-17831.0 -17448.0 
-17593.0 -17724.0 
-17625.0 -17719.0 
-17629.0 -17700.0 
-17555.0 -17770.0 
-17727.0 -17637.0 
-17555.0 -17770.0 
-17807.0 -17492.0 
-17593.0 -17724.0 
-17752.0 -17581.0 
-17335.0 -17926.0 
-17807.0 -17492.0 
-17625.0 -17719.0 
-17807.0 -17492.0 
