-17232.0 -18070.0 
-17901.0 -17363.0 
-17901.0 -17363.0 
-17232.0 -18070.0 
-17696.0 -17682.0 
-17403.0 -17946.0 
-17784.0 -17551.0 
-17846.0 -17385.0 
-17246.0 -18028.0 
-17699.0 -17641.0 
-17649.0 -17686.0 
-17321.0 -17972.0 
-17754.0 -17560.0 
-17788.0 -17518.0 
-17804.0 -17517.0 
-17828.0 -17431.0 
-17826.0 -17468.0 
-17309.0 -18001.0 
-17485.0 -17881.0 
-17263.0 -18018.0 
-17603.0 -17766.0 
-17410.0 -17933.0 
-17569.0 -17775.0 
-17352.0 -17966.0 
-17373.0 -17961.0 
-17373.0 -17961.0 
-17612.0 -17729.0 
-17809.0 -17491.0 
-17506.0 -17863.0 
-17553.0 -17792.0 
-17609.0 -17757.0 
-17568.0 -17781.0 
-17753.0 -17580.0 
-17642.0 -17692.0 
-17281.0 -18006.0 
-17458.0 -17884.0 
-17818.0 -17469.0 
-17626.0 -17716.0 
-17836.0 -17430.0 
-17843.0 -17409.0 
-17441.0 -17886.0 
-17352.0 -17966.0 
-17551.0 -17798.0 
-17417.0 -17916.0 
-17809.0 -17491.0 
-17844.0 -17387.0 
-17512.0 -17850.0 
-17717.0 -17624.0 
-17485.0 -17881.0 
-17724.0 -17602.0 
-17246.0 -18028.0 
-17427.0 -17903.0 
-17506.0 -17863.0 
-17846.0 -17385.0 
-17713.0 -17633.0 
-17512.0 -17850.0 
-17727.0 -17597.0 
-17642.0 -17692.0 
-17270.0 -18007.0 
-17438.0 -17897.0 
-17317.0 -17983.0 
-17843.0 -17409.0 
-17744.0 -17586.0 
-17530.0 -17805.0 
-17522.0 -17830.0 
-17458.0 -17884.0 
-17522.0 -17830.0 
-17417.0 -17916.0 
-17317.0 -17983.0 
-17620.0 -17717.0 
-17529.0 -17816.0 
-17626.0 -17716.0 
-17281.0 -18006.0 
-17427.0 -17903.0 
-17717.0 -17624.0 
-17745.0 -17582.0 
-17603.0 -17766.0 
-17612.0 -17729.0 
-17523.0 -17820.0 
-17538.0 -17804.0 
-17538.0 -17804.0 
-17727.0 -17597.0 
-17309.0 -18001.0 
-17784.0 -17551.0 
-17724.0 -17602.0 
-17713.0 -17633.0 
-17609.0 -17757.0 
-17744.0 -17586.0 
-17649.0 -17686.0 
-17699.0 -17641.0 
-17818.0 -17469.0 
-17524.0 -17817.0 
-17569.0 -17775.0 
-17754.0 -17560.0 
-17620.0 -17717.0 
-17438.0 -17897.0 
-17836.0 -17430.0 
-17270.0 -18007.0 
-17788.0 -17518.0 
-17441.0 -17886.0 
