1.0 0.5958902959399103 0.5884161427422516 0.5926734050654925 0.595456231953981 0.5964278127419517 0.5927238545596271 0.618822854255259 0.6196738965804122 0.5821433032892664 
2.0368204221837924E-17 0.5958902885043702 0.5884161926573852 0.5926735798904575 0.5954570102939398 0.5964277332799304 0.5927232575197748 0.6188281555309963 0.6196761033354613 0.5821433048276362 
0.5979202589662734 0.595890282081444 0.5884164300199961 0.5926727852064299 0.5954527371412515 0.596427808216836 0.5927231903460942 0.6188271180733091 0.6196739829356074 0.5821433073732186 
0.5197049458088692 0.5958900960607153 0.5884162173244187 0.5926745490439129 0.5954568469966046 0.5964277801751917 0.5927219129194184 0.6188232775981886 0.6196734850139531 0.5821430878108647 
0.7980778059332453 0.5958902928418489 0.5884161383729829 0.5926694213023082 0.5954534269301136 0.5964280425403143 0.5927249345808644 0.6188270327818447 0.6196738967252283 0.5821428400709786 
0.7354550940069219 0.5958904480431134 0.5884163061524575 0.5926745267017038 0.5954525316729147 0.5964280279068166 0.5927237846069651 0.6188225258689517 0.6196740817601956 0.5821432461070677 
0.7807385175496275 0.595890439350915 0.5884163124907064 0.5926890973774388 0.595457084157013 0.5964280096359476 0.592724947641893 0.6188282398361441 0.6196740762649235 0.5821432951105502 
0.613275649747212 0.5958902680593875 0.5884162179752735 0.5926692694747311 0.5954500119591345 0.5964280380054222 0.5927242862564431 0.6188232266257091 0.6196737831891492 0.5821430031385654 
0.5368305852325909 0.5958904481100868 0.5884163126304072 0.5926736489067216 0.5954525629225622 0.5964278107139268 0.5927238113320592 0.6188225258689517 0.6196740758449351 0.5822555029337081 
0.9865208021181455 0.5958902679366697 0.5884162179655793 0.5926733695450459 0.5954494684480425 0.5964280271071541 0.5927234542502234 0.6188226767766979 0.6196737891927618 0.5821426222991465 
0.7688707162401691 0.5958901117546862 0.5884162272640471 0.592674555460601 0.5954525113712839 0.5964277921667235 0.5927218988945117 0.6188259763463297 0.6196734896301322 0.5821428346868871 
0.1824285550860463 0.5958904377062243 0.5884161117711296 0.5926746085803085 0.5954569114645327 0.5964280383091737 0.592724907313 0.618825766997183 0.619674071049861 0.5821432957439089 
0.3478694969004217 0.5958902734615024 0.5884162179655793 0.5926773702061332 0.5954497864917258 0.5964280252295754 0.5927240939560222 0.6188233549054607 0.619673985649496 0.5821440160015787 
0.5836701617059956 0.5958904778595808 0.5884162230688057 0.5926736649226717 0.5954579417473272 0.5964278150058485 0.5927250158474238 0.6188272199495589 0.619673996170652 0.582143356254306 
0.9653713506773584 0.5958900782894991 0.5884166205632695 0.592670221733113 0.5954567695044776 0.596428163953396 0.5927242305768002 0.6188217820131056 0.6196742428223022 0.582143362939402 
0.8533873881984202 0.5958904396558309 0.5884165972986332 0.5926733820699015 0.5954569174364123 0.5964281795406479 0.5927438599456845 0.6188288162882519 0.6196742384768145 0.582144538213421 
0.10156889660819418 0.5958900963556425 0.5884161076454063 0.592669614412379 0.5954566680325079 0.5964278176590786 0.5927234345921077 0.6188220072678322 0.6196735025435623 0.5821433644689035 
0.265209243231197 0.595890267397062 0.5884161168686972 0.592672774626568 0.5954493205741553 0.5964277290383656 0.5927232749235809 0.6188223019526139 0.6196737648268983 0.5821433134416965 
0.6876878687865909 0.5958901399263226 0.5884160896783001 0.5926775370737178 0.5954509517436225 0.596427827729088 0.5927249411013608 0.6188231161902167 0.6196744593545269 0.5821434256763518 
0.38333948605377116 0.5958904374812379 0.5884161433935392 0.5926743447721228 0.5954531643299908 0.5964280385503349 0.5927237761203475 0.6188253044571586 0.6196737763012395 0.5821429980204327 
0.3092211156288317 0.5958902879465277 0.5884161003522989 0.5926677784279828 0.5954510756348497 0.5964278402174831 0.5927249030771561 0.6188271943579955 0.6196741064336616 0.5821430025752963 
0.3341823462243255 0.5958902890709558 0.5884162956156088 0.5926681082533397 0.595457186363429 0.5964280401322839 0.5927240883149717 0.618823352872486 0.6196741939541354 0.582143367721543 
0.28178377460482096 0.5958902892020078 0.5884162177661483 0.5926745998435394 0.5954525409193232 0.5964280330314867 0.5927232489110806 0.6188231599649597 0.6196737779596333 0.582143049722102 
0.9302893979924355 0.5958904390048094 0.588416219584181 0.5926734050654925 0.5954562405251033 0.5964278127419517 0.5927238544792421 0.6188272297060785 0.6196738965804122 0.5821434170967323 
0.8360645407320453 0.5958904396558309 0.5884165972986332 0.5926733820699015 0.5954569174364123 0.596428162791517 0.5927438599456845 0.6188282210924 0.6196742328072116 0.5821444952182123 
0.4530659814345472 0.5958900660895736 0.5884161792295439 0.5926702075895788 0.5954533717257793 0.5964277306548237 0.5927231860957655 0.618821839107224 0.6196736634214463 0.5821433969639059 
0.29568508606753807 0.595890106081653 0.5884162025930945 0.5926889215643092 0.5954527679505951 0.5964278083627905 0.5927219856452444 0.6188230963113752 0.6196739708029494 0.5821433129130515 
0.6631933834346413 0.5958903245071777 0.5884163023374815 0.5926736348758777 0.5954569714721192 0.5964281668156365 0.5927231148695639 0.6188271123342229 0.6196739875746846 0.5821428233896822 
0.48191439114860857 0.59589033086987 0.5884165959704607 0.5926892682997579 0.5954570263214809 0.5964280126305241 0.5927249471969094 0.6188293503275851 0.6196740160099048 0.5821442166302744 
0.04153284642444022 0.5958902755443741 0.5884160941484138 0.592669554400571 0.5954500740163834 0.5964277544823106 0.5927232397626825 0.618822712256172 0.6196738965804122 0.5821433516051303 
0.7050402896772048 0.5958902842108005 0.5884163091933532 0.5926744289106775 0.5954526164834858 0.5964280279068166 0.5927232949376835 0.6188225997456345 0.6196739590021233 0.582142718668103 
0.508576546372059 0.5958902756662685 0.588416217967906 0.5926733462401428 0.5954500568441339 0.5964276745389969 0.5927232589779906 0.6188227135250384 0.6196738939387202 0.5821433443779169 
0.3584192334230529 0.5958900904194154 0.5884162000021577 0.5926701773895754 0.5954501906393783 0.5964281958321711 0.5927234198573683 0.6188228629194182 0.6196740753158525 0.582142747953325 
0.5528170680815493 0.5958904312973937 0.5884161109635424 0.5926693110208751 0.5954528477783542 0.5964280666066989 0.5927239102894877 0.6188210309674673 0.6196735051995594 0.5821433115406751 
0.17069608580921547 0.5958900936691179 0.5884161117711296 0.5926745207112927 0.5954562525424271 0.5964278128668924 0.5927218872736307 0.6188232604644428 0.6196738975768307 0.582142718852096 
0.9085503403082664 0.5958904827889873 0.5884166173626978 0.5926892028106403 0.5954570306175966 0.5964280205511471 0.5927257055845345 0.618829365964592 0.6196761315322249 0.5821430788309291 
0.1336879595616584 0.5958902629089623 0.5884163014420737 0.5926742761443292 0.5954492347722682 0.5964276434909054 0.5927232733916661 0.6188224990426566 0.6196732130369726 0.5821433171275713 
0.14993750395955613 0.595890135748662 0.5884160903124646 0.5926774698474205 0.5954559492177702 0.5964276576162678 0.5927232692764458 0.6188233564487637 0.6196739927408317 0.5821440386443629 
0.49042664839269823 0.5958900848974137 0.5884164146923325 0.5926736388076934 0.5954525627662877 0.5964280519856527 0.5927249120424948 0.6188219091752132 0.6196739174563952 0.5821427133431405 
0.5753473704281787 0.595890282081444 0.5884164300199961 0.5926728222837006 0.5954524112521724 0.5964277714761526 0.5927231643397134 0.6188226573503315 0.6196739785263609 0.5821428515509042 
0.7162220606031553 0.5958904368358637 0.5884161454500609 0.5926889921100985 0.5954568311900409 0.5964278117673969 0.5927238119615617 0.6188275784056211 0.6196738946217755 0.5821433886102995 
0.5003002277561516 0.5958904828218232 0.5884162132624785 0.5926736618061943 0.5954568311900409 0.5964281800688567 0.5927232645159441 0.6188231432885799 0.6196737861926324 0.58214338127753 
0.11667010212785478 0.5958900802301209 0.5884160912142657 0.5926700522772963 0.5954525168038614 0.5964276449156707 0.5927242334181753 0.6188210765845626 0.6196739489596308 0.5821428041695429 
0.724309409561994 0.5958904397015287 0.588416313911444 0.5926742700012557 0.595456745588652 0.5964280212402732 0.5927248941205246 0.6188258917258755 0.6196740895384983 0.5821433096516457 
0.012411648030411726 0.5958902850281378 0.5884163021299893 0.592673363913915 0.5954568309683975 0.5964278088666402 0.592724918644321 0.6188256898544792 0.6196740695147963 0.582143294923043 
0.1605029488804119 0.5958904784328602 0.588416585834311 0.5926736497362217 0.5954581759106176 0.5964280519506513 0.5927249879352867 0.6188255427600403 0.6196741128294346 0.5821433124638776 
0.9351295148449901 0.5958902913458353 0.5884164357455841 0.5926883423166135 0.5954515978967106 0.5964280220589511 0.5927232941620074 0.6188259079458664 0.6196740819414849 0.5821432933426721 
0.7527895761125294 0.5958904481704063 0.5884163126304072 0.5926745190143556 0.5954525623743492 0.5964280279068166 0.5927234291667436 0.6188225258689517 0.619674073467829 0.5821427206253262 
0.46902145271304374 0.5958902879465277 0.5884162969401147 0.5926677784279828 0.5954527902865432 0.5964280451990049 0.5927249030771561 0.6188233308080331 0.6196741063647716 0.5821430082463561 
0.05277334782117546 0.5958902919356345 0.5884161160445495 0.592673653739937 0.5954524200650508 0.5964277722485991 0.592724918644321 0.6188227178039436 0.6196740497781252 0.5821428504196206 
0.6956407728768186 0.5958904777037399 0.5884161925975395 0.592673661439556 0.5954580709404679 0.5964281688582923 0.5927249630975321 0.6188275886789375 0.6196761030822685 0.582143425038369 
0.399388706741169 0.595890282586753 0.5884164189507588 0.5926735519758543 0.5954533741666029 0.5964280316455666 0.592723304427661 0.6188231352687713 0.6196739556258889 0.5821430101247147 
0.9527872592083346 0.5958903111566877 0.5884162204303748 0.5926731948311269 0.5954569004902207 0.5964281683046245 0.5927249299725692 0.6188232215686292 0.6196742292307101 0.582143404512067 
0.8701824979499485 0.5958904234448812 0.5884162223146491 0.5926877922120437 0.5954564825637911 0.5964281674753467 0.5927234328228831 0.6188273323368371 0.6196759793330077 0.5821430236113613 
0.237828014092821 0.5958900660895736 0.5884161445124114 0.5926702061323855 0.5954524916709534 0.596427725737238 0.592723261685133 0.618821839107224 0.6196736634214463 0.5821430298210803 
0.31789613869152816 0.5958901156422544 0.5884160931388549 0.5926746035770278 0.595451081421621 0.5964278370167697 0.5927234126549685 0.6188224984581717 0.6196740451714121 0.5821433081275786 
0.5449888486216791 0.5958904430085161 0.5884165717261176 0.5926733387578272 0.5954569448081226 0.5964278088666402 0.592724918644321 0.6188256915964541 0.6196741068399058 0.582143295756036 
0.8211257310941706 0.5958902902085301 0.5884162310108082 0.5926745522846969 0.595455917524413 0.5964281674753467 0.5927234328228831 0.6188232681716409 0.6196760425981681 0.5821440379040017 
0.3259714805626996 0.595890288685305 0.5884162212295815 0.5926887880185344 0.5954569144770367 0.596427801981375 0.5927249415235174 0.6188280669687314 0.6196739871201474 0.5821439995755934 
0.19755729994509785 0.5958900851473105 0.5884160936686724 0.5927034824392224 0.5954517152434881 0.5964276505772479 0.5927230406108902 0.6188228472992322 0.6196738449816215 0.5821432663286439 
0.8914347144547795 0.5958904470447037 0.5884163126304072 0.5926746035770278 0.5954563471562299 0.5964280279068166 0.5927234291483561 0.6188225258689517 0.6196740595435811 0.5821433081275786 
0.6497855174436079 0.5958902710594031 0.5884161427564383 0.5926893334016234 0.5954561475213319 0.5964278147804727 0.5927247801169374 0.6188229510964244 0.6196737844798046 0.582142975553025 
0.448101828724187 0.5958904293785207 0.5884162012970182 0.5926747034577977 0.5954524409841199 0.5964281924793059 0.5927231900087306 0.6188228715945306 0.6196740674607478 0.5821434027956861 
0.7539673030693759 0.5958904485727745 0.588416311239613 0.5926744963354402 0.5954500119591345 0.5964280380054222 0.5927243126091317 0.6188232266257091 0.6196737831891492 0.5821430031385654 
0.8809768324453573 0.5958904559044246 0.5884165754503232 0.592673665611577 0.5954525627662877 0.5964280516606819 0.5927249346934655 0.6188270888803529 0.6196741064336616 0.5821432858834388 
0.244970032747809 0.5958902756662685 0.5884161445395907 0.592667720120005 0.5954499170090664 0.5964276745389969 0.5927232586494598 0.618821841537443 0.6196736649875714 0.5821430048219195 
0.6240936770191914 0.5958902680593875 0.5884162178227665 0.5926692694747311 0.5954525723843999 0.5964280380054222 0.5927242862564431 0.618825480642378 0.6196737831891492 0.5821432982546482 
0.8615866897032478 0.5958904432694105 0.5884165718380331 0.5926746317475813 0.5954569364183587 0.5964278088666402 0.592724896948637 0.6188256898544792 0.6196741068399058 0.5821432900080185 
0.0851656584357876 0.5958902680593875 0.5884162179752735 0.5926691731304424 0.5954499667319308 0.5964280380054222 0.5927243410458721 0.6188232100186025 0.6196737723358139 0.5821430120078884 
0.4134333172280973 0.595890281188928 0.5884162658337091 0.592672026296791 0.5954570040358198 0.5964277405605796 0.592723304959778 0.6188222475047782 0.6196742215907731 0.5821428388281985 
0.39994174516726655 0.595890282586753 0.5884161447154692 0.5926735519758543 0.5954533741666029 0.5964280239325924 0.592723304427661 0.6188223344121333 0.6196739556258889 0.5821430101247147 
0.13894352434248142 0.5958902629089623 0.5884163016974775 0.5926742761443292 0.5954491799185654 0.5964276434909054 0.5927232733916661 0.6188224990426566 0.6196732215389534 0.5821433171275713 
0.06906302347726462 0.5958902919356345 0.5884161180148819 0.5926736559139092 0.5954525434544906 0.5964277780783607 0.592724918644321 0.6188227708076665 0.6196740497781252 0.5821428695536199 
0.20013521772869955 0.5958903244943455 0.5884161925862392 0.592673661439556 0.595455982886689 0.5964281688582923 0.5927249409186182 0.6188225977150066 0.6196739897125612 0.582143404840005 
0.6368110371826937 0.5958902739938978 0.5884162940458698 0.5926692694747311 0.5954498930213808 0.5964280281524406 0.5927236890193248 0.6188229495313148 0.619673781808296 0.5821430031385654 
0.2876799802428333 0.5958902824950434 0.5884164234048084 0.5926690417407824 0.5954564021561779 0.5964278077590635 0.5927233603560491 0.6188231175899855 0.6196740554782035 0.5821428183344121 
0.8290297854112045 0.595890282304582 0.5884165946935156 0.5926734382556352 0.5954570114185687 0.5964281616164633 0.5927238271939523 0.6188224868920223 0.6196739845523898 0.5821433134416965 
0.6522606339072705 0.5958901212567567 0.5884163080096287 0.5926742886583399 0.5954579849241041 0.596427827729088 0.5927248966369307 0.6188231161902167 0.6196740917982845 0.5821445334982251 
0.42583025498888993 0.5958904396392549 0.5884161475057078 0.5926734050654925 0.5954562405251033 0.5964278127419517 0.5927238544792421 0.618822854255259 0.6196738965804122 0.5821434170967323 
0.47006425162267107 0.5958902760372017 0.5884162969401147 0.5926677784279828 0.59545277536104 0.5964280451990049 0.5927249030771561 0.6188227355307108 0.6196741064336616 0.5821430025752963 
0.3675754629838917 0.595890282304582 0.5884164278579123 0.5926727482758856 0.5954526741963246 0.5964277307806587 0.5927238271939523 0.6188224868920223 0.6196739845523898 0.5821433134416965 
0.2258595584620211 0.5958902678796109 0.5884162179655793 0.5926690338694744 0.5954494684480425 0.5964280271071541 0.5927234509250733 0.6188226602111705 0.6196737895075579 0.5821426222991465 
0.08411601220900905 0.5958900751408548 0.588416217440528 0.5926703093641353 0.5954525579499317 0.5964278176590786 0.5927234286508138 0.618821839107224 0.619673668186967 0.5821430270070608 
0.6733280862714977 0.5958902837863745 0.5884161158510571 0.592672774626568 0.5954525172184586 0.5964277290383656 0.5927237761756334 0.6188223019526139 0.6196740246981619 0.5821433134416965 
0.5641704411870477 0.5958902769377892 0.5884160936686724 0.5927054530970507 0.5954517152434881 0.5964276505772479 0.5927233762122647 0.6188228472992322 0.619674204419994 0.5821432663286439 
0.4140979663341045 0.595890282304582 0.5884164278579123 0.5926727482758856 0.5954500295011707 0.5964277307806587 0.5927238271939523 0.6188224868920223 0.6196739845523898 0.5821433134425306 
0.213276949678542 0.5958900903524419 0.588416193524208 0.5926702707199344 0.5954501593897309 0.5964281958321711 0.5927237752975897 0.6188228629194182 0.619674081231113 0.5821432734350666 
0.0259164058604745 0.5958902890522766 0.5884162204429054 0.5926681082533397 0.5954569250409177 0.5964280397855453 0.5927232168774397 0.6188226112635159 0.6196741922014598 0.582143367721543 
0.6279683391483073 0.5958902755443741 0.588416137759104 0.5926734050654925 0.5954562405251033 0.5964278082442233 0.5927232397626825 0.618822854255259 0.6196738965804122 0.5821433516051303 
0.8110163357010545 0.5958901399263226 0.5884162774159943 0.5926778493497096 0.5954569475559215 0.5964278291469889 0.5927249411013608 0.6188231105214138 0.6196744593545269 0.5821434248087328 
0.43824764864042576 0.5958903325895597 0.5884161164089902 0.5926738012756664 0.595452830448277 0.5964277761040757 0.5927237506089824 0.6188272335219233 0.6196741063077587 0.5821439916246909 
0.5651870950969204 0.5958902861116289 0.5884160941905071 0.5926736649226717 0.5954579417473272 0.5964276484979336 0.5927234341202972 0.6188228502012237 0.619673996170652 0.5821432672369877 
0.6733280862714977 0.5958902837863745 0.5884161158510571 0.592672774626568 0.5954525172184586 0.5964277290383656 0.5927237761756334 0.6188223019526139 0.6196740246981619 0.5821433134416965 
0.06372561278487135 0.5958902900376524 0.5884161933801688 0.5926735620012913 0.5954524200650508 0.5964278113347732 0.5927248991700562 0.6188256783808387 0.6196740814470147 0.5821432962659123 
0.43676125646681285 0.595890120626344 0.5884165922439495 0.592673667489266 0.5954570276571864 0.5964276780540937 0.5927232584010741 0.6188225369006284 0.6196742362720508 0.5821440391281674 
0.22724393419366415 0.5958902834167028 0.5884162220332416 0.592668881620343 0.5954572395012182 0.5964278032087323 0.5927249222662392 0.6188231401850544 0.6196738986548892 0.5821428183344121 
0.4271475956274672 0.5958902851603018 0.5884161475057078 0.5926734050654925 0.5954562405251033 0.5964278127419517 0.5927237773001768 0.618822854255259 0.6196738992693607 0.5821434170967323 
0.9064393931399015 0.5958904778580746 0.5884165754503232 0.5926736656432747 0.5954579647646929 0.5964280521792253 0.5927249871752006 0.6188270888803529 0.6196741064336616 0.5821432858834388 
0.025039523148875975 0.5958903114539179 0.588416295868412 0.5926681082533397 0.5954569258343773 0.5964281659620772 0.5927232246443385 0.618822923197475 0.6196741922014598 0.5821434045759641 
0.2535983835657266 0.5958902679024395 0.5884161168686972 0.5926728219053755 0.5954493205741553 0.5964277395345203 0.5927232808387723 0.6188222914394852 0.6196737271990391 0.5821433065487581 
