-18260.0 -19475.0 
-19457.0 -18251.0 
-18260.0 -19475.0 
-19457.0 -18251.0 
-18498.0 -19383.0 
-18690.0 -19258.0 
-18629.0 -19270.0 
-18431.0 -19403.0 
-18296.0 -19455.0 
-18830.0 -19141.0 
-18615.0 -19307.0 
-18363.0 -19435.0 
-18431.0 -19403.0 
-19063.0 -18893.0 
-19039.0 -18949.0 
-18921.0 -19044.0 
-18501.0 -19348.0 
-19436.0 -18299.0 
-19278.0 -18677.0 
-19372.0 -18504.0 
-18375.0 -19424.0 
-19104.0 -18852.0 
-18574.0 -19309.0 
-18869.0 -19091.0 
-19408.0 -18384.0 
-18722.0 -19220.0 
-19090.0 -18888.0 
-19350.0 -18507.0 
-19121.0 -18817.0 
-18722.0 -19220.0 
-18770.0 -19188.0 
-18743.0 -19189.0 
-19390.0 -18456.0 
-19426.0 -18348.0 
-18296.0 -19455.0 
-19304.0 -18576.0 
-18957.0 -19017.0 
-19183.0 -18779.0 
-19295.0 -18631.0 
-18847.0 -19107.0 
-19195.0 -18732.0 
-19002.0 -18951.0 
-18560.0 -19329.0 
-19331.0 -18560.0 
-19400.0 -18426.0 
-18620.0 -19276.0 
-19298.0 -18593.0 
-19155.0 -18802.0 
-18984.0 -18976.0 
-18909.0 -19070.0 
-19444.0 -18293.0 
-19295.0 -18631.0 
-19390.0 -18456.0 
-18984.0 -18976.0 
-18778.0 -19151.0 
-18777.0 -19165.0 
-18690.0 -19258.0 
-19047.0 -18921.0 
-18991.0 -18953.0 
-18528.0 -19338.0 
-19116.0 -18847.0 
-19418.0 -18354.0 
-19416.0 -18378.0 
-18800.0 -19142.0 
-19201.0 -18719.0 
-18957.0 -19017.0 
-19227.0 -18706.0 
-18866.0 -19103.0 
-19341.0 -18535.0 
-19400.0 -18426.0 
-19254.0 -18681.0 
-18528.0 -19338.0 
-19047.0 -18921.0 
-19174.0 -18795.0 
-18900.0 -19073.0 
-18561.0 -19319.0 
-19341.0 -18535.0 
-18375.0 -19424.0 
-18942.0 -19028.0 
-18363.0 -19435.0 
-18942.0 -19028.0 
-19141.0 -18812.0 
-19227.0 -18706.0 
-19242.0 -18694.0 
-19183.0 -18779.0 
-18900.0 -19073.0 
-19331.0 -18560.0 
-19195.0 -18732.0 
-19242.0 -18694.0 
-18800.0 -19142.0 
-19300.0 -18585.0 
-18498.0 -19383.0 
-18743.0 -19189.0 
-19372.0 -18504.0 
-19278.0 -18677.0 
-18847.0 -19107.0 
-19090.0 -18888.0 
-19141.0 -18812.0 
-19444.0 -18293.0 
-19201.0 -18719.0 
