-19541.0 -18062.0 
-18404.0 -19467.0 
-18404.0 -19467.0 
-19541.0 -18062.0 
-19239.0 -18739.0 
-19522.0 -18196.0 
-19399.0 -18500.0 
-19198.0 -18814.0 
-19500.0 -18206.0 
-19526.0 -18128.0 
-19048.0 -18941.0 
-19269.0 -18699.0 
-18578.0 -19376.0 
-19156.0 -18817.0 
-18859.0 -19174.0 
-19469.0 -18359.0 
-19405.0 -18445.0 
-19285.0 -18654.0 
-18876.0 -19144.0 
-18511.0 -19414.0 
-18521.0 -19393.0 
-19526.0 -18128.0 
-18759.0 -19240.0 
-19047.0 -18981.0 
-18648.0 -19332.0 
-18447.0 -19449.0 
-19321.0 -18578.0 
-19153.0 -18837.0 
-18748.0 -19258.0 
-18661.0 -19316.0 
-19424.0 -18411.0 
-18714.0 -19279.0 
-19436.0 -18382.0 
-18690.0 -19292.0 
-18889.0 -19138.0 
-18836.0 -19195.0 
-18814.0 -19211.0 
-19082.0 -18940.0 
-18728.0 -19271.0 
-18992.0 -19023.0 
-19329.0 -18567.0 
-19320.0 -18626.0 
-18685.0 -19309.0 
-19269.0 -18699.0 
-19113.0 -18893.0 
-19032.0 -18992.0 
-19118.0 -18883.0 
-19491.0 -18257.0 
-19477.0 -18311.0 
-18805.0 -19221.0 
-19200.0 -18771.0 
-19355.0 -18525.0 
-18618.0 -19333.0 
-18972.0 -19064.0 
-18944.0 -19094.0 
-18984.0 -19051.0 
-18616.0 -19349.0 
-19339.0 -18538.0 
-18840.0 -19178.0 
-18955.0 -19071.0 
-18549.0 -19390.0 
-19204.0 -18764.0 
-19135.0 -18861.0 
-19098.0 -18918.0 
-19135.0 -18861.0 
-18447.0 -19449.0 
-19376.0 -18518.0 
-18591.0 -19351.0 
-18468.0 -19432.0 
-18781.0 -19228.0 
-18584.0 -19353.0 
-19016.0 -19002.0 
-19285.0 -18654.0 
-19219.0 -18748.0 
-19445.0 -18371.0 
-19098.0 -18918.0 
-19016.0 -19002.0 
-19491.0 -18257.0 
-18549.0 -19390.0 
-18909.0 -19119.0 
-18987.0 -19029.0 
-19485.0 -18285.0 
-19309.0 -18633.0 
-18954.0 -19091.0 
-19477.0 -18311.0 
-18488.0 -19425.0 
-19376.0 -18518.0 
-18488.0 -19425.0 
-19416.0 -18426.0 
-18925.0 -19109.0 
-18909.0 -19119.0 
-19309.0 -18633.0 
-18781.0 -19228.0 
-18925.0 -19109.0 
-19485.0 -18285.0 
-18468.0 -19432.0 
-19345.0 -18537.0 
-19219.0 -18748.0 
-19445.0 -18371.0 
-19406.0 -18433.0 
