-18341.0 -19484.0 
-18341.0 -19484.0 
-18972.0 -18854.0 
-18972.0 -18854.0 
-18346.0 -19447.0 
-18949.0 -18928.0 
-18958.0 -18857.0 
-18402.0 -19446.0 
-18451.0 -19408.0 
-18491.0 -19401.0 
-18697.0 -19250.0 
-18892.0 -19004.0 
-18798.0 -19143.0 
-18504.0 -19376.0 
-18537.0 -19373.0 
-18564.0 -19344.0 
-18854.0 -19024.0 
-18443.0 -19426.0 
-18699.0 -19220.0 
-18776.0 -19162.0 
-18874.0 -19021.0 
-18554.0 -19363.0 
-18570.0 -19337.0 
-18836.0 -19070.0 
-18422.0 -19433.0 
-18902.0 -18976.0 
-18822.0 -19100.0 
-18728.0 -19196.0 
-18776.0 -19162.0 
-18599.0 -19324.0 
-18607.0 -19323.0 
-18806.0 -19120.0 
-18798.0 -19143.0 
-18918.0 -18952.0 
-18892.0 -19004.0 
-18422.0 -19433.0 
-18827.0 -19083.0 
-18806.0 -19120.0 
-18727.0 -19210.0 
-18679.0 -19264.0 
-18653.0 -19276.0 
-18907.0 -18971.0 
-18622.0 -19300.0 
-18758.0 -19170.0 
-18949.0 -18928.0 
-18613.0 -19309.0 
-18623.0 -19295.0 
-18495.0 -19388.0 
-18852.0 -19054.0 
-18599.0 -19324.0 
-18874.0 -19021.0 
-18679.0 -19264.0 
-18402.0 -19446.0 
-18932.0 -18942.0 
-18554.0 -19363.0 
-18668.0 -19267.0 
-18918.0 -18952.0 
-18537.0 -19373.0 
-18853.0 -19042.0 
-18570.0 -19337.0 
-18811.0 -19103.0 
-18827.0 -19083.0 
-18649.0 -19286.0 
-18647.0 -19288.0 
-18637.0 -19292.0 
-18668.0 -19267.0 
-18719.0 -19212.0 
-18932.0 -18942.0 
-18703.0 -19219.0 
-18697.0 -19250.0 
-18495.0 -19388.0 
-18842.0 -19064.0 
-18842.0 -19064.0 
-18907.0 -18971.0 
-18926.0 -18943.0 
-18613.0 -19309.0 
-18443.0 -19426.0 
-18719.0 -19212.0 
-18451.0 -19408.0 
-18902.0 -18976.0 
-18812.0 -19101.0 
-18739.0 -19192.0 
-18853.0 -19042.0 
-18653.0 -19276.0 
-18747.0 -19187.0 
-18744.0 -19189.0 
-18637.0 -19292.0 
-18758.0 -19170.0 
-18504.0 -19376.0 
-18958.0 -18857.0 
-18852.0 -19054.0 
-18491.0 -19401.0 
-18703.0 -19219.0 
-18749.0 -19181.0 
-18754.0 -19176.0 
-18754.0 -19176.0 
-18739.0 -19192.0 
-18926.0 -18943.0 
-18749.0 -19181.0 
-18811.0 -19103.0 
