-19115.0 -18558.0 
-19115.0 -18558.0 
-18529.0 -19379.0 
-19100.0 -18725.0 
-19102.0 -18640.0 
-18546.0 -19334.0 
-19108.0 -18624.0 
-19044.0 -18762.0 
-18880.0 -19079.0 
-18680.0 -19275.0 
-18952.0 -18961.0 
-18920.0 -18984.0 
-18849.0 -19105.0 
-19086.0 -18749.0 
-18849.0 -19105.0 
-19011.0 -18853.0 
-18992.0 -18920.0 
-18826.0 -19121.0 
-18748.0 -19198.0 
-19039.0 -18809.0 
-18607.0 -19302.0 
-18880.0 -19079.0 
-19036.0 -18822.0 
-18649.0 -19288.0 
-18576.0 -19316.0 
-18941.0 -18978.0 
-18777.0 -19184.0 
-18994.0 -18892.0 
-19061.0 -18756.0 
-19011.0 -18853.0 
-18718.0 -19223.0 
-18607.0 -19302.0 
-18696.0 -19250.0 
-18649.0 -19288.0 
-18546.0 -19334.0 
-18570.0 -19320.0 
-18896.0 -19052.0 
-18972.0 -18933.0 
-19004.0 -18875.0 
-18680.0 -19275.0 
-19036.0 -18822.0 
-18899.0 -19038.0 
-18788.0 -19158.0 
-18914.0 -19019.0 
-18896.0 -19052.0 
-18919.0 -19008.0 
-19061.0 -18756.0 
-18631.0 -19292.0 
-18625.0 -19295.0 
-18737.0 -19217.0 
-18821.0 -19141.0 
-19004.0 -18875.0 
-19086.0 -18749.0 
-18914.0 -19019.0 
-19108.0 -18624.0 
-18696.0 -19250.0 
-18716.0 -19237.0 
-18714.0 -19242.0 
-18962.0 -18946.0 
-18899.0 -19038.0 
-18826.0 -19121.0 
-18570.0 -19320.0 
-18576.0 -19316.0 
-18748.0 -19198.0 
-18941.0 -18978.0 
-18807.0 -19154.0 
-19039.0 -18809.0 
-18994.0 -18892.0 
-18962.0 -18946.0 
-18706.0 -19247.0 
-19102.0 -18640.0 
-18816.0 -19147.0 
-18972.0 -18933.0 
-18783.0 -19177.0 
-18968.0 -18941.0 
-18797.0 -19156.0 
-18992.0 -18920.0 
-18625.0 -19295.0 
-18742.0 -19209.0 
-18777.0 -19184.0 
-18741.0 -19216.0 
-18807.0 -19154.0 
-18797.0 -19156.0 
-18706.0 -19247.0 
-18816.0 -19147.0 
-18784.0 -19170.0 
-18821.0 -19141.0 
-19044.0 -18762.0 
-18784.0 -19170.0 
-18631.0 -19292.0 
-18919.0 -19008.0 
-18742.0 -19209.0 
-18778.0 -19179.0 
-18737.0 -19217.0 
-18968.0 -18941.0 
-18718.0 -19223.0 
-18778.0 -19179.0 
-19036.0 -18822.0 
-19039.0 -18809.0 
-18625.0 -19295.0 
