-18612.0 -19289.0 
-19135.0 -18652.0 
-18612.0 -19289.0 
-18871.0 -19085.0 
-19101.0 -18713.0 
-19125.0 -18693.0 
-18824.0 -19113.0 
-19004.0 -18903.0 
-18666.0 -19254.0 
-18704.0 -19230.0 
-18666.0 -19254.0 
-19045.0 -18873.0 
-18932.0 -18977.0 
-19127.0 -18656.0 
-19050.0 -18867.0 
-18704.0 -19230.0 
-18930.0 -19005.0 
-19004.0 -18903.0 
-18847.0 -19089.0 
-19092.0 -18744.0 
-18638.0 -19267.0 
-18720.0 -19217.0 
-18951.0 -18969.0 
-18839.0 -19105.0 
-19045.0 -18873.0 
-18894.0 -19040.0 
-18787.0 -19158.0 
-18890.0 -19059.0 
-19110.0 -18699.0 
-18741.0 -19205.0 
-18806.0 -19136.0 
-18720.0 -19217.0 
-19084.0 -18762.0 
-18995.0 -18913.0 
-19084.0 -18762.0 
-18627.0 -19272.0 
-19092.0 -18744.0 
-18806.0 -19136.0 
-18890.0 -19059.0 
-18787.0 -19158.0 
-18638.0 -19267.0 
-18982.0 -18931.0 
-19073.0 -18783.0 
-18771.0 -19171.0 
-18752.0 -19194.0 
-18799.0 -19143.0 
-19073.0 -18783.0 
-18627.0 -19272.0 
-18766.0 -19177.0 
-18766.0 -19177.0 
-18964.0 -18941.0 
-19069.0 -18793.0 
-18989.0 -18916.0 
-18959.0 -18953.0 
-18752.0 -19194.0 
-18959.0 -18953.0 
-18799.0 -19143.0 
-18905.0 -19029.0 
-19069.0 -18793.0 
-18945.0 -18974.0 
-18857.0 -19086.0 
-18905.0 -19029.0 
-18918.0 -19017.0 
-18771.0 -19171.0 
-18918.0 -19017.0 
-18741.0 -19205.0 
-18834.0 -19110.0 
-19110.0 -18699.0 
-18973.0 -18937.0 
-18912.0 -19021.0 
-18973.0 -18937.0 
-18982.0 -18931.0 
-18930.0 -19005.0 
-18892.0 -19048.0 
-18746.0 -19199.0 
-18857.0 -19086.0 
-18912.0 -19021.0 
-18989.0 -18916.0 
-18746.0 -19199.0 
-18892.0 -19048.0 
-18945.0 -18974.0 
-18964.0 -18941.0 
-18834.0 -19110.0 
-19050.0 -18867.0 
-19127.0 -18656.0 
-18638.0 -19267.0 
-18627.0 -19272.0 
-18799.0 -19143.0 
-18771.0 -19171.0 
-18741.0 -19205.0 
-18857.0 -19086.0 
-18945.0 -18974.0 
-18741.0 -19205.0 
-18627.0 -19272.0 
-19065.0 -18833.0 
-18946.0 -18845.0 
-18672.0 -19148.0 
-18606.0 -19198.0 
-19060.0 -18811.0 
-19060.0 -18811.0 
