-19061.0 -18623.0 
-18468.0 -19352.0 
-19061.0 -18623.0 
-18468.0 -19352.0 
-19055.0 -18745.0 
-19013.0 -18873.0 
-19024.0 -18772.0 
-18628.0 -19275.0 
-18925.0 -18966.0 
-18888.0 -19002.0 
-18976.0 -18886.0 
-18838.0 -19109.0 
-18805.0 -19148.0 
-18886.0 -19042.0 
-18755.0 -19178.0 
-18973.0 -18908.0 
-18931.0 -18922.0 
-18847.0 -19077.0 
-18866.0 -19049.0 
-18591.0 -19288.0 
-18838.0 -19109.0 
-18503.0 -19332.0 
-18805.0 -19148.0 
-18941.0 -18915.0 
-18577.0 -19295.0 
-18545.0 -19298.0 
-18503.0 -19332.0 
-18523.0 -19326.0 
-18925.0 -18966.0 
-18722.0 -19192.0 
-18722.0 -19192.0 
-18657.0 -19236.0 
-19024.0 -18772.0 
-18847.0 -19077.0 
-18888.0 -19002.0 
-18778.0 -19154.0 
-18766.0 -19157.0 
-19055.0 -18745.0 
-18685.0 -19197.0 
-18634.0 -19247.0 
-18699.0 -19194.0 
-18637.0 -19241.0 
-18866.0 -19049.0 
-18591.0 -19288.0 
-18674.0 -19219.0 
-18674.0 -19219.0 
-18755.0 -19178.0 
-19013.0 -18873.0 
-18683.0 -19212.0 
-18657.0 -19236.0 
-18527.0 -19306.0 
-18545.0 -19298.0 
-18778.0 -19154.0 
-18530.0 -19304.0 
-18577.0 -19295.0 
-18941.0 -18915.0 
-18699.0 -19194.0 
-18766.0 -19157.0 
-18931.0 -18922.0 
-18634.0 -19247.0 
-18523.0 -19326.0 
-18973.0 -18908.0 
-18530.0 -19304.0 
-18886.0 -19042.0 
-18683.0 -19212.0 
-18637.0 -19241.0 
-18527.0 -19306.0 
-18685.0 -19197.0 
-19061.0 -18623.0 
-18468.0 -19352.0 
-18838.0 -19109.0 
-18805.0 -19148.0 
-18503.0 -19332.0 
-18925.0 -18966.0 
-18722.0 -19192.0 
-19024.0 -18772.0 
-18847.0 -19077.0 
-18888.0 -19002.0 
-19055.0 -18745.0 
-18866.0 -19049.0 
-18591.0 -19288.0 
-18674.0 -19219.0 
-18755.0 -19178.0 
-19013.0 -18873.0 
-18657.0 -19236.0 
-18545.0 -19298.0 
-18778.0 -19154.0 
-18577.0 -19295.0 
-18941.0 -18915.0 
-18699.0 -19194.0 
-18766.0 -19157.0 
-18931.0 -18922.0 
-18634.0 -19247.0 
-18523.0 -19326.0 
-18973.0 -18908.0 
-18530.0 -19304.0 
-18886.0 -19042.0 
-18683.0 -19212.0 
-18637.0 -19241.0 
-18685.0 -19197.0 
