2.450095064148277626e-03
1.697522980942491651e-03
2.141117205936770782e-03
2.346546928288923729e-03
3.109795296014543006e-03
2.874726137669579920e-03
3.181118883214177715e-03
2.733578870118678027e-03
2.642303097903602252e-03
2.472115242120192808e-03
2.157202863413435357e-03
2.299288522855887518e-03
2.165599059249999694e-03
2.572013651321080566e-03
2.590124133550098136e-03
3.222141182904016132e-03
2.573689884584332531e-03
2.249126054168602493e-03
2.713508247864184798e-03
2.913888847399218399e-03
1.959847964792431948e-03
2.752891013531220780e-03
3.490138998520334827e-03
3.180862646333062604e-03
2.136185168504924070e-03
2.216020116745810904e-03
2.059304066566703621e-03
2.635734601117990707e-03
2.564042697519585811e-03
1.585130663249060406e-03
2.596547957348468560e-03
