-18994.0 -19858.0 
-18994.0 -19858.0 
-19441.0 -19230.0 
-19414.0 -19378.0 
-19331.0 -19580.0 
-19379.0 -19451.0 
-19420.0 -19279.0 
-19189.0 -19751.0 
-19295.0 -19637.0 
-19077.0 -19815.0 
-19041.0 -19832.0 
-19414.0 -19378.0 
-19338.0 -19509.0 
-19041.0 -19832.0 
-19295.0 -19637.0 
-19379.0 -19451.0 
-19229.0 -19705.0 
-19331.0 -19580.0 
-19146.0 -19761.0 
-19262.0 -19661.0 
-19234.0 -19680.0 
-19262.0 -19661.0 
-19431.0 -19265.0 
-19348.0 -19475.0 
-19198.0 -19716.0 
-19338.0 -19509.0 
-19193.0 -19718.0 
-19343.0 -19477.0 
-19113.0 -19773.0 
-19146.0 -19761.0 
-19348.0 -19475.0 
-19105.0 -19787.0 
-19130.0 -19766.0 
-19130.0 -19766.0 
-19431.0 -19265.0 
-19093.0 -19797.0 
-19234.0 -19680.0 
-19093.0 -19797.0 
-19420.0 -19279.0 
-19105.0 -19787.0 
-19084.0 -19808.0 
-19084.0 -19808.0 
-19113.0 -19773.0 
-19229.0 -19705.0 
-19198.0 -19716.0 
-19343.0 -19477.0 
-19193.0 -19718.0 
-19379.0 -19451.0 
-19338.0 -19509.0 
-19348.0 -19475.0 
-19130.0 -19766.0 
-19093.0 -19797.0 
-19105.0 -19787.0 
-19229.0 -19705.0 
-19093.0 -19797.0 
-19093.0 -19797.0 
-19338.0 -19509.0 
-19093.0 -19797.0 
-19348.0 -19475.0 
-19093.0 -19797.0 
-19130.0 -19766.0 
-19093.0 -19797.0 
-19093.0 -19797.0 
-19093.0 -19797.0 
-19105.0 -19787.0 
-19338.0 -19509.0 
-19338.0 -19509.0 
-19093.0 -19797.0 
-19093.0 -19797.0 
-19093.0 -19797.0 
-19093.0 -19797.0 
-19093.0 -19797.0 
-19130.0 -19766.0 
-19229.0 -19705.0 
-19093.0 -19797.0 
-19130.0 -19766.0 
-19093.0 -19797.0 
-19093.0 -19797.0 
-19130.0 -19766.0 
-19093.0 -19797.0 
-19130.0 -19766.0 
-19093.0 -19797.0 
-19130.0 -19766.0 
-19093.0 -19797.0 
-19093.0 -19797.0 
-19130.0 -19766.0 
-19093.0 -19797.0 
-19093.0 -19797.0 
-19093.0 -19797.0 
-19093.0 -19797.0 
-19130.0 -19766.0 
-19130.0 -19766.0 
-19130.0 -19766.0 
-19105.0 -19787.0 
-19093.0 -19797.0 
-19130.0 -19766.0 
-19130.0 -19766.0 
-19093.0 -19797.0 
-19093.0 -19797.0 
-19093.0 -19797.0 
