-18785.0 -19728.0 
-19417.0 -19110.0 
-18785.0 -19728.0 
-19087.0 -19693.0 
-19388.0 -19231.0 
-19385.0 -19446.0 
-19412.0 -19133.0 
-19354.0 -19483.0 
-19348.0 -19551.0 
-19139.0 -19686.0 
-19263.0 -19630.0 
-19222.0 -19631.0 
-19170.0 -19668.0 
-19318.0 -19557.0 
-19412.0 -19133.0 
-19204.0 -19657.0 
-19354.0 -19483.0 
-19170.0 -19668.0 
-19385.0 -19446.0 
-19139.0 -19686.0 
-19280.0 -19605.0 
-19280.0 -19605.0 
-19291.0 -19585.0 
-19218.0 -19646.0 
-19291.0 -19585.0 
-19204.0 -19657.0 
-19305.0 -19570.0 
-19305.0 -19570.0 
-19263.0 -19630.0 
-19314.0 -19565.0 
-19218.0 -19646.0 
-19348.0 -19551.0 
-19314.0 -19565.0 
-19222.0 -19631.0 
-19354.0 -19483.0 
-19385.0 -19446.0 
-19280.0 -19605.0 
-19305.0 -19570.0 
-19263.0 -19630.0 
-19218.0 -19646.0 
-19348.0 -19551.0 
-19222.0 -19631.0 
-19263.0 -19630.0 
-19305.0 -19570.0 
-19280.0 -19605.0 
-19280.0 -19605.0 
-19280.0 -19605.0 
-19218.0 -19646.0 
-19280.0 -19605.0 
-19348.0 -19551.0 
-19222.0 -19631.0 
-19218.0 -19646.0 
-19354.0 -19483.0 
-19280.0 -19605.0 
-19280.0 -19605.0 
-19280.0 -19605.0 
-19263.0 -19630.0 
-19348.0 -19551.0 
-19348.0 -19551.0 
-19280.0 -19605.0 
-19280.0 -19605.0 
-19222.0 -19631.0 
-19280.0 -19605.0 
-19280.0 -19605.0 
-19280.0 -19605.0 
-19222.0 -19631.0 
-19222.0 -19631.0 
-19280.0 -19605.0 
-19385.0 -19446.0 
-19280.0 -19605.0 
-19280.0 -19605.0 
-19385.0 -19446.0 
-19280.0 -19605.0 
-19280.0 -19605.0 
-19222.0 -19631.0 
-19218.0 -19646.0 
-19348.0 -19551.0 
-19222.0 -19631.0 
-19263.0 -19630.0 
-19280.0 -19605.0 
-19280.0 -19605.0 
-19280.0 -19605.0 
-19280.0 -19605.0 
-19280.0 -19605.0 
-19348.0 -19551.0 
-19348.0 -19551.0 
-19280.0 -19605.0 
-19280.0 -19605.0 
-19280.0 -19605.0 
-19218.0 -19646.0 
-19280.0 -19605.0 
-19280.0 -19605.0 
-19280.0 -19605.0 
-19280.0 -19605.0 
-19280.0 -19605.0 
-19280.0 -19605.0 
-19280.0 -19605.0 
-19280.0 -19605.0 
-19280.0 -19605.0 
-19354.0 -19483.0 
