1.937201145574047765e-04
1.949605674587182426e-04
1.755145564744213797e-04
1.772752924757498765e-04
1.811554699678323197e-04
2.043749252263527862e-04
2.160990732482691095e-04
1.918299728974287121e-04
1.875255444000281137e-04
2.065346116361906406e-04
1.970760344579891913e-04
1.992038673649639880e-04
1.951248854316349913e-04
2.013424408971315187e-04
1.772258255712842799e-04
1.892132984736978032e-04
1.955459229654403345e-04
1.806371728346282404e-04
1.849165576488291619e-04
1.839656301384113852e-04
1.901236821523436676e-04
1.808182129744023172e-04
1.748646222776871408e-04
1.872514722622264634e-04
1.784241355054360799e-04
1.967381326074080857e-04
1.866226708017346646e-04
1.907198782873250308e-04
2.071861478187762265e-04
1.900303665497029930e-04
1.904708977367577732e-04
