-18461.0 -19351.0 
-19143.0 -18699.0 
-19143.0 -18699.0 
-18552.0 -19348.0 
-18687.0 -19268.0 
-18633.0 -19281.0 
-18804.0 -19187.0 
-18593.0 -19315.0 
-18632.0 -19314.0 
-18891.0 -19108.0 
-19052.0 -18847.0 
-19086.0 -18833.0 
-18750.0 -19190.0 
-19091.0 -18736.0 
-19088.0 -18790.0 
-18694.0 -19237.0 
-19088.0 -18790.0 
-19042.0 -18886.0 
-18853.0 -19122.0 
-19009.0 -18961.0 
-18815.0 -19162.0 
-18946.0 -19031.0 
-18593.0 -19315.0 
-19060.0 -18834.0 
-18910.0 -19084.0 
-18990.0 -18971.0 
-18893.0 -19091.0 
-18832.0 -19147.0 
-19013.0 -18937.0 
-19114.0 -18709.0 
-18933.0 -19059.0 
-18924.0 -19063.0 
-18832.0 -19147.0 
-18981.0 -18987.0 
-18961.0 -19015.0 
-18941.0 -19037.0 
-18711.0 -19228.0 
-18815.0 -19162.0 
-19114.0 -18709.0 
-18969.0 -19002.0 
-19095.0 -18715.0 
-19091.0 -18736.0 
-18961.0 -19015.0 
-19028.0 -18908.0 
-19021.0 -18924.0 
-18981.0 -18987.0 
-18847.0 -19130.0 
-18969.0 -19002.0 
-18847.0 -19130.0 
-18740.0 -19201.0 
-18711.0 -19228.0 
-18723.0 -19218.0 
-18910.0 -19084.0 
-18853.0 -19122.0 
-19021.0 -18924.0 
-19028.0 -18908.0 
-18729.0 -19209.0 
-19036.0 -18895.0 
-18990.0 -18971.0 
-19042.0 -18886.0 
-19098.0 -18712.0 
-18740.0 -19201.0 
-18924.0 -19063.0 
-19013.0 -18937.0 
-19036.0 -18895.0 
-18723.0 -19218.0 
-18694.0 -19237.0 
-18633.0 -19281.0 
-19009.0 -18961.0 
-18729.0 -19209.0 
-18941.0 -19037.0 
-18804.0 -19187.0 
-18750.0 -19190.0 
-18933.0 -19059.0 
-18893.0 -19091.0 
-19060.0 -18834.0 
-19095.0 -18715.0 
-19098.0 -18712.0 
-19086.0 -18833.0 
-18632.0 -19314.0 
-18961.0 -19015.0 
-18847.0 -19130.0 
-19021.0 -18924.0 
-18740.0 -19201.0 
-18924.0 -19063.0 
-19036.0 -18895.0 
-18694.0 -19237.0 
-19009.0 -18961.0 
-18729.0 -19209.0 
-18941.0 -19037.0 
-18804.0 -19187.0 
-18893.0 -19091.0 
-19086.0 -18833.0 
-18961.0 -19015.0 
-18961.0 -19015.0 
-18961.0 -19015.0 
-18694.0 -19237.0 
-19021.0 -18924.0 
-18694.0 -19237.0 
-18961.0 -19015.0 
