-18332.0 -19463.0 
-19094.0 -18706.0 
-18332.0 -19463.0 
-19094.0 -18706.0 
-19055.0 -18830.0 
-19074.0 -18758.0 
-18439.0 -19444.0 
-18609.0 -19344.0 
-18376.0 -19456.0 
-18966.0 -18974.0 
-18555.0 -19374.0 
-18513.0 -19383.0 
-18573.0 -19350.0 
-18376.0 -19456.0 
-18932.0 -18984.0 
-19031.0 -18848.0 
-18758.0 -19211.0 
-18898.0 -19056.0 
-18992.0 -18927.0 
-18482.0 -19412.0 
-18923.0 -19023.0 
-18980.0 -18941.0 
-18907.0 -19039.0 
-18613.0 -19318.0 
-18737.0 -19214.0 
-19033.0 -18831.0 
-18927.0 -18987.0 
-19083.0 -18738.0 
-18457.0 -19428.0 
-19074.0 -18758.0 
-19008.0 -18911.0 
-18772.0 -19182.0 
-18718.0 -19252.0 
-18636.0 -19299.0 
-18676.0 -19276.0 
-19024.0 -18882.0 
-19029.0 -18877.0 
-18457.0 -19428.0 
-18699.0 -19261.0 
-18730.0 -19235.0 
-18631.0 -19314.0 
-18815.0 -19142.0 
-18810.0 -19152.0 
-18699.0 -19261.0 
-19083.0 -18738.0 
-18494.0 -19390.0 
-18439.0 -19444.0 
-18869.0 -19086.0 
-18787.0 -19162.0 
-18815.0 -19142.0 
-18482.0 -19412.0 
-18980.0 -18941.0 
-18772.0 -19182.0 
-18852.0 -19105.0 
-18555.0 -19374.0 
-18874.0 -19068.0 
-18858.0 -19091.0 
-18838.0 -19119.0 
-18838.0 -19119.0 
-18730.0 -19235.0 
-18966.0 -18974.0 
-18573.0 -19350.0 
-18676.0 -19276.0 
-19000.0 -18913.0 
-18779.0 -19168.0 
-18913.0 -19027.0 
-18656.0 -19296.0 
-18718.0 -19252.0 
-18666.0 -19294.0 
-18882.0 -19063.0 
-19024.0 -18882.0 
-19055.0 -18830.0 
-18852.0 -19105.0 
-18787.0 -19162.0 
-19008.0 -18911.0 
-18758.0 -19211.0 
-18494.0 -19390.0 
-18669.0 -19288.0 
-18810.0 -19152.0 
-18882.0 -19063.0 
-18502.0 -19386.0 
-18839.0 -19117.0 
-18839.0 -19117.0 
-18669.0 -19288.0 
-18779.0 -19168.0 
-18656.0 -19296.0 
-18858.0 -19091.0 
-18502.0 -19386.0 
-18869.0 -19086.0 
-18874.0 -19068.0 
-18913.0 -19027.0 
-18737.0 -19214.0 
-19000.0 -18913.0 
-18631.0 -19314.0 
-18923.0 -19023.0 
-18613.0 -19318.0 
-18636.0 -19299.0 
-19029.0 -18877.0 
-18927.0 -18987.0 
-18737.0 -19214.0 
