-19115.0 -18712.0 
-19115.0 -18712.0 
-18378.0 -19365.0 
-19082.0 -18807.0 
-18790.0 -19175.0 
-18565.0 -19310.0 
-18734.0 -19178.0 
-18494.0 -19313.0 
-19015.0 -18883.0 
-19011.0 -18934.0 
-18431.0 -19361.0 
-18835.0 -19116.0 
-19056.0 -18824.0 
-18468.0 -19338.0 
-18699.0 -19232.0 
-18654.0 -19249.0 
-18996.0 -18952.0 
-19085.0 -18762.0 
-18962.0 -18955.0 
-18798.0 -19138.0 
-18945.0 -19002.0 
-18876.0 -19084.0 
-18594.0 -19272.0 
-19088.0 -18746.0 
-18717.0 -19207.0 
-18859.0 -19102.0 
-19037.0 -18858.0 
-18883.0 -19056.0 
-19088.0 -18746.0 
-18462.0 -19345.0 
-19056.0 -18824.0 
-18431.0 -19361.0 
-18917.0 -19028.0 
-18570.0 -19298.0 
-18638.0 -19264.0 
-18859.0 -19102.0 
-18726.0 -19199.0 
-18611.0 -19267.0 
-18945.0 -19002.0 
-19037.0 -18858.0 
-18917.0 -19028.0 
-18654.0 -19249.0 
-19032.0 -18868.0 
-18490.0 -19318.0 
-18821.0 -19128.0 
-18948.0 -18983.0 
-18876.0 -19084.0 
-18699.0 -19232.0 
-18490.0 -19318.0 
-18893.0 -19050.0 
-18584.0 -19285.0 
-18707.0 -19222.0 
-18573.0 -19286.0 
-19011.0 -18934.0 
-18959.0 -18972.0 
-18807.0 -19129.0 
-18462.0 -19345.0 
-19032.0 -18868.0 
-18707.0 -19222.0 
-19085.0 -18762.0 
-19015.0 -18883.0 
-18611.0 -19267.0 
-18996.0 -18952.0 
-18911.0 -19030.0 
-18798.0 -19138.0 
-18726.0 -19199.0 
-18644.0 -19258.0 
-18644.0 -19258.0 
-18821.0 -19128.0 
-18954.0 -18980.0 
-18883.0 -19056.0 
-18959.0 -18972.0 
-18911.0 -19030.0 
-18790.0 -19175.0 
-18734.0 -19178.0 
-18584.0 -19285.0 
-18807.0 -19129.0 
-18638.0 -19264.0 
-18565.0 -19310.0 
-18954.0 -18980.0 
-18893.0 -19050.0 
-18494.0 -19313.0 
-18962.0 -18955.0 
-18948.0 -18983.0 
-18573.0 -19286.0 
-18431.0 -19361.0 
-18945.0 -19002.0 
-18699.0 -19232.0 
-19011.0 -18934.0 
-19032.0 -18868.0 
-18707.0 -19222.0 
-19015.0 -18883.0 
-18959.0 -18972.0 
-18790.0 -19175.0 
-18948.0 -18983.0 
-18707.0 -19222.0 
-18883.0 -19056.0 
-18909.0 -19039.0 
-18547.0 -19247.0 
-19019.0 -18798.0 
