-15782.0 -16727.0 
-16665.0 -15882.0 
-16665.0 -15882.0 
-15782.0 -16727.0 
-15993.0 -16618.0 
-16623.0 -16001.0 
-16484.0 -16211.0 
-16629.0 -15948.0 
-15926.0 -16649.0 
-15926.0 -16649.0 
-16374.0 -16327.0 
-15830.0 -16675.0 
-16653.0 -15924.0 
-15871.0 -16671.0 
-15816.0 -16706.0 
-15995.0 -16589.0 
-16554.0 -16117.0 
-15881.0 -16660.0 
-16118.0 -16507.0 
-16333.0 -16340.0 
-16160.0 -16463.0 
-16448.0 -16214.0 
-16229.0 -16416.0 
-16013.0 -16556.0 
-16440.0 -16232.0 
-16077.0 -16530.0 
-16402.0 -16278.0 
-16559.0 -16079.0 
-16591.0 -16004.0 
-16494.0 -16175.0 
-16077.0 -16530.0 
-16060.0 -16533.0 
-16208.0 -16452.0 
-16562.0 -16057.0 
-16403.0 -16252.0 
-16293.0 -16369.0 
-16653.0 -15924.0 
-16380.0 -16293.0 
-16571.0 -16052.0 
-15816.0 -16706.0 
-16575.0 -16035.0 
-16533.0 -16133.0 
-16255.0 -16413.0 
-16586.0 -16032.0 
-16588.0 -16014.0 
-16137.0 -16494.0 
-16189.0 -16456.0 
-16007.0 -16573.0 
-16533.0 -16133.0 
-16517.0 -16147.0 
-16122.0 -16495.0 
-16499.0 -16149.0 
-16044.0 -16546.0 
-16419.0 -16241.0 
-16315.0 -16360.0 
-16629.0 -15948.0 
-16052.0 -16545.0 
-16118.0 -16507.0 
-16219.0 -16439.0 
-16559.0 -16079.0 
-16388.0 -16279.0 
-16444.0 -16221.0 
-16265.0 -16398.0 
-16277.0 -16385.0 
-16189.0 -16456.0 
-16257.0 -16409.0 
-16494.0 -16175.0 
-16267.0 -16393.0 
-16293.0 -16369.0 
-16215.0 -16442.0 
-16277.0 -16385.0 
-16153.0 -16476.0 
-16009.0 -16571.0 
-16381.0 -16284.0 
-16333.0 -16340.0 
-16554.0 -16117.0 
-15881.0 -16660.0 
-16158.0 -16475.0 
-16324.0 -16351.0 
-16413.0 -16251.0 
-16374.0 -16327.0 
-16044.0 -16546.0 
-16315.0 -16360.0 
-16324.0 -16351.0 
-15830.0 -16675.0 
-16517.0 -16147.0 
-16137.0 -16494.0 
-16153.0 -16476.0 
-16498.0 -16160.0 
-16498.0 -16160.0 
-16419.0 -16241.0 
-16380.0 -16293.0 
-16013.0 -16556.0 
-16219.0 -16439.0 
-16229.0 -16416.0 
-16413.0 -16251.0 
-16591.0 -16004.0 
-15926.0 -16649.0 
-15816.0 -16706.0 
-16629.0 -15948.0 
