-16585.0 -15930.0 
-15769.0 -16752.0 
-15769.0 -16752.0 
-16585.0 -15930.0 
-15952.0 -16662.0 
-16579.0 -15970.0 
-15890.0 -16668.0 
-16536.0 -16032.0 
-16569.0 -16003.0 
-15801.0 -16701.0 
-16536.0 -16032.0 
-16438.0 -16245.0 
-15773.0 -16723.0 
-16488.0 -16119.0 
-16099.0 -16547.0 
-16281.0 -16395.0 
-16062.0 -16583.0 
-16505.0 -16074.0 
-16450.0 -16199.0 
-16177.0 -16492.0 
-16400.0 -16268.0 
-16062.0 -16583.0 
-15987.0 -16629.0 
-16212.0 -16456.0 
-16099.0 -16547.0 
-15801.0 -16701.0 
-16186.0 -16474.0 
-16012.0 -16599.0 
-16505.0 -16074.0 
-16492.0 -16087.0 
-16045.0 -16597.0 
-16373.0 -16273.0 
-16450.0 -16199.0 
-15987.0 -16629.0 
-16453.0 -16169.0 
-15840.0 -16685.0 
-15849.0 -16683.0 
-15952.0 -16662.0 
-16569.0 -16003.0 
-16108.0 -16529.0 
-16464.0 -16135.0 
-16336.0 -16328.0 
-16424.0 -16247.0 
-16216.0 -16435.0 
-16294.0 -16355.0 
-16349.0 -16294.0 
-16365.0 -16288.0 
-15877.0 -16681.0 
-16400.0 -16268.0 
-16455.0 -16162.0 
-16225.0 -16419.0 
-16186.0 -16474.0 
-16424.0 -16247.0 
-16304.0 -16343.0 
-16498.0 -16086.0 
-15886.0 -16679.0 
-15773.0 -16723.0 
-16260.0 -16405.0 
-16127.0 -16517.0 
-16318.0 -16339.0 
-15840.0 -16685.0 
-16341.0 -16311.0 
-16251.0 -16414.0 
-16282.0 -16375.0 
-16318.0 -16339.0 
-16148.0 -16496.0 
-16298.0 -16345.0 
-16341.0 -16311.0 
-16212.0 -16456.0 
-16158.0 -16494.0 
-16130.0 -16511.0 
-16108.0 -16529.0 
-16139.0 -16508.0 
-16459.0 -16146.0 
-16464.0 -16135.0 
-16488.0 -16119.0 
-16239.0 -16418.0 
-16002.0 -16609.0 
-16254.0 -16409.0 
-15996.0 -16617.0 
-15996.0 -16617.0 
-16050.0 -16595.0 
-16286.0 -16367.0 
-16260.0 -16405.0 
-16002.0 -16609.0 
-16336.0 -16328.0 
-16286.0 -16367.0 
-16459.0 -16146.0 
-16127.0 -16517.0 
-16224.0 -16430.0 
-16438.0 -16245.0 
-16050.0 -16595.0 
-16365.0 -16288.0 
-16349.0 -16294.0 
-16239.0 -16418.0 
-16222.0 -16431.0 
-16373.0 -16273.0 
-16158.0 -16494.0 
-16012.0 -16599.0 
-16139.0 -16508.0 
