-15916.0 -16654.0 
-16619.0 -15931.0 
-15916.0 -16654.0 
-16619.0 -15931.0 
-15969.0 -16626.0 
-16597.0 -16021.0 
-16595.0 -16079.0 
-16029.0 -16624.0 
-16617.0 -15961.0 
-16597.0 -16021.0 
-16059.0 -16620.0 
-16392.0 -16352.0 
-16531.0 -16186.0 
-16617.0 -15961.0 
-16506.0 -16211.0 
-16188.0 -16527.0 
-16506.0 -16211.0 
-15934.0 -16643.0 
-16121.0 -16569.0 
-16278.0 -16447.0 
-16163.0 -16529.0 
-16093.0 -16583.0 
-16339.0 -16389.0 
-16536.0 -16157.0 
-16556.0 -16146.0 
-16081.0 -16594.0 
-15969.0 -16626.0 
-16581.0 -16121.0 
-16428.0 -16292.0 
-16317.0 -16393.0 
-16124.0 -16557.0 
-16246.0 -16458.0 
-16305.0 -16418.0 
-16244.0 -16482.0 
-16585.0 -16109.0 
-16081.0 -16594.0 
-16191.0 -16512.0 
-16361.0 -16359.0 
-16029.0 -16624.0 
-16406.0 -16301.0 
-16396.0 -16328.0 
-16595.0 -16079.0 
-16209.0 -16509.0 
-16485.0 -16231.0 
-16289.0 -16426.0 
-16531.0 -16186.0 
-16581.0 -16121.0 
-16485.0 -16231.0 
-16234.0 -16494.0 
-15934.0 -16643.0 
-16307.0 -16399.0 
-16556.0 -16146.0 
-16059.0 -16620.0 
-16543.0 -16147.0 
-16353.0 -16360.0 
-16093.0 -16583.0 
-16255.0 -16457.0 
-16139.0 -16551.0 
-16585.0 -16109.0 
-16348.0 -16372.0 
-16348.0 -16372.0 
-16396.0 -16328.0 
-16457.0 -16245.0 
-16456.0 -16250.0 
-16139.0 -16551.0 
-16152.0 -16543.0 
-16278.0 -16447.0 
-16255.0 -16457.0 
-16435.0 -16277.0 
-16404.0 -16311.0 
-16287.0 -16430.0 
-16441.0 -16266.0 
-16404.0 -16311.0 
-16218.0 -16499.0 
-15923.0 -16648.0 
-16451.0 -16261.0 
-16210.0 -16500.0 
-16540.0 -16156.0 
-16435.0 -16277.0 
-16439.0 -16267.0 
-16121.0 -16569.0 
-16312.0 -16398.0 
-16474.0 -16238.0 
-16428.0 -16292.0 
-16452.0 -16260.0 
-16234.0 -16494.0 
-16465.0 -16239.0 
-16361.0 -16359.0 
-16152.0 -16543.0 
-16159.0 -16537.0 
-16244.0 -16482.0 
-16339.0 -16389.0 
-16287.0 -16430.0 
-16218.0 -16499.0 
-16474.0 -16238.0 
-15923.0 -16648.0 
-16392.0 -16352.0 
-16406.0 -16301.0 
-16159.0 -16537.0 
-16305.0 -16418.0 
