-18355.0 -19347.0 
-19340.0 -18473.0 
-19340.0 -18473.0 
-18355.0 -19347.0 
-18652.0 -19320.0 
-19321.0 -18581.0 
-18710.0 -19268.0 
-19288.0 -18649.0 
-18888.0 -19179.0 
-18710.0 -19268.0 
-19184.0 -18866.0 
-19258.0 -18725.0 
-19259.0 -18673.0 
-18844.0 -19207.0 
-19291.0 -18595.0 
-19056.0 -19017.0 
-19188.0 -18824.0 
-18753.0 -19245.0 
-18828.0 -19215.0 
-18785.0 -19218.0 
-18995.0 -19083.0 
-19149.0 -18898.0 
-19149.0 -18898.0 
-19008.0 -19058.0 
-18870.0 -19183.0 
-19036.0 -19018.0 
-19113.0 -18935.0 
-19113.0 -18935.0 
-19139.0 -18908.0 
-19184.0 -18866.0 
-18753.0 -19245.0 
-19059.0 -18988.0 
-18915.0 -19147.0 
-19228.0 -18757.0 
-19234.0 -18737.0 
-19139.0 -18908.0 
-19280.0 -18663.0 
-19087.0 -18959.0 
-19025.0 -19056.0 
-19066.0 -18977.0 
-19087.0 -18959.0 
-19033.0 -19040.0 
-18976.0 -19087.0 
-19235.0 -18730.0 
-19103.0 -18948.0 
-18870.0 -19183.0 
-18942.0 -19127.0 
-18915.0 -19147.0 
-18943.0 -19106.0 
-19066.0 -18977.0 
-19208.0 -18792.0 
-19305.0 -18586.0 
-18976.0 -19087.0 
-19321.0 -18581.0 
-18955.0 -19098.0 
-19198.0 -18808.0 
-18938.0 -19128.0 
-19208.0 -18792.0 
-19197.0 -18820.0 
-19103.0 -18948.0 
-18918.0 -19145.0 
-18918.0 -19145.0 
-18938.0 -19128.0 
-19033.0 -19040.0 
-18955.0 -19098.0 
-19305.0 -18586.0 
-19214.0 -18765.0 
-18828.0 -19215.0 
-19280.0 -18663.0 
-19198.0 -18808.0 
-19213.0 -18777.0 
-19213.0 -18777.0 
-18995.0 -19083.0 
-18767.0 -19236.0 
-18774.0 -19234.0 
-18783.0 -19225.0 
-18767.0 -19236.0 
-19059.0 -18988.0 
-19008.0 -19058.0 
-19220.0 -18759.0 
-18947.0 -19101.0 
-19291.0 -18595.0 
-19259.0 -18673.0 
-18783.0 -19225.0 
-18774.0 -19234.0 
-19025.0 -19056.0 
-19188.0 -18824.0 
-19220.0 -18759.0 
-19214.0 -18765.0 
-18947.0 -19101.0 
-19258.0 -18725.0 
-18943.0 -19106.0 
-19235.0 -18730.0 
-19197.0 -18820.0 
-18785.0 -19218.0 
-19036.0 -19018.0 
-19139.0 -18908.0 
-18774.0 -19234.0 
-19220.0 -18759.0 
-18774.0 -19234.0 
