-18623.0 -19336.0 
-19434.0 -18401.0 
-18623.0 -19336.0 
-19434.0 -18401.0 
-19367.0 -18570.0 
-19349.0 -18627.0 
-19379.0 -18481.0 
-18642.0 -19321.0 
-18712.0 -19319.0 
-18789.0 -19260.0 
-19193.0 -18883.0 
-19386.0 -18444.0 
-19302.0 -18675.0 
-19318.0 -18636.0 
-18907.0 -19174.0 
-18745.0 -19267.0 
-19306.0 -18640.0 
-19153.0 -18924.0 
-18989.0 -19093.0 
-19020.0 -19075.0 
-19120.0 -18961.0 
-18733.0 -19275.0 
-19055.0 -19037.0 
-19379.0 -18481.0 
-18723.0 -19313.0 
-18932.0 -19151.0 
-18876.0 -19190.0 
-19197.0 -18852.0 
-19153.0 -18924.0 
-19288.0 -18693.0 
-19030.0 -19057.0 
-19193.0 -18883.0 
-18907.0 -19174.0 
-19398.0 -18427.0 
-18970.0 -19111.0 
-18989.0 -19093.0 
-18932.0 -19151.0 
-18876.0 -19190.0 
-18955.0 -19140.0 
-19211.0 -18825.0 
-19085.0 -18985.0 
-19097.0 -18975.0 
-19217.0 -18804.0 
-19242.0 -18782.0 
-19261.0 -18722.0 
-19274.0 -18714.0 
-18824.0 -19218.0 
-18847.0 -19194.0 
-19055.0 -19037.0 
-19211.0 -18825.0 
-18837.0 -19196.0 
-18970.0 -19111.0 
-19398.0 -18427.0 
-19197.0 -18852.0 
-19030.0 -19057.0 
-19259.0 -18743.0 
-19068.0 -19014.0 
-19075.0 -19008.0 
-19020.0 -19075.0 
-19251.0 -18755.0 
-19221.0 -18789.0 
-19097.0 -18975.0 
-19127.0 -18935.0 
-18957.0 -19129.0 
-18790.0 -19240.0 
-19128.0 -18928.0 
-19274.0 -18714.0 
-18642.0 -19321.0 
-18824.0 -19218.0 
-19120.0 -18961.0 
-19393.0 -18428.0 
-19085.0 -18985.0 
-19251.0 -18755.0 
-19253.0 -18744.0 
-18801.0 -19228.0 
-19068.0 -19014.0 
-18745.0 -19267.0 
-18812.0 -19226.0 
-18957.0 -19129.0 
-18798.0 -19231.0 
-19293.0 -18689.0 
-19220.0 -18799.0 
-18733.0 -19275.0 
-19234.0 -18786.0 
-18793.0 -19239.0 
-19140.0 -18925.0 
-18723.0 -19313.0 
-19075.0 -19008.0 
-18837.0 -19196.0 
-18812.0 -19226.0 
-18847.0 -19194.0 
-19127.0 -18935.0 
-19140.0 -18925.0 
-18712.0 -19319.0 
-19242.0 -18782.0 
-19293.0 -18689.0 
-18955.0 -19140.0 
-19234.0 -18786.0 
-19261.0 -18722.0 
-19393.0 -18428.0 
