-18601.0 -19313.0 
-19421.0 -18330.0 
-18601.0 -19313.0 
-19421.0 -18330.0 
-19332.0 -18647.0 
-18682.0 -19303.0 
-19298.0 -18733.0 
-19369.0 -18613.0 
-18753.0 -19273.0 
-18682.0 -19303.0 
-19382.0 -18467.0 
-19381.0 -18538.0 
-19399.0 -18450.0 
-19220.0 -18850.0 
-18800.0 -19220.0 
-19381.0 -18538.0 
-18983.0 -19072.0 
-19407.0 -18385.0 
-18753.0 -19273.0 
-19298.0 -18733.0 
-18846.0 -19208.0 
-18784.0 -19247.0 
-19030.0 -19062.0 
-19268.0 -18759.0 
-18963.0 -19124.0 
-19335.0 -18632.0 
-19095.0 -18987.0 
-19411.0 -18343.0 
-19098.0 -18958.0 
-19407.0 -18385.0 
-19118.0 -18950.0 
-19238.0 -18805.0 
-19268.0 -18759.0 
-19188.0 -18856.0 
-19238.0 -18805.0 
-18784.0 -19247.0 
-18905.0 -19135.0 
-18937.0 -19134.0 
-19243.0 -18770.0 
-18864.0 -19197.0 
-19134.0 -18925.0 
-18897.0 -19165.0 
-19168.0 -18879.0 
-19158.0 -18881.0 
-18982.0 -19088.0 
-18846.0 -19208.0 
-19369.0 -18613.0 
-19049.0 -19031.0 
-19173.0 -18864.0 
-18939.0 -19130.0 
-18903.0 -19146.0 
-19157.0 -18900.0 
-19049.0 -19031.0 
-18800.0 -19220.0 
-18967.0 -19097.0 
-19146.0 -18909.0 
-19073.0 -19001.0 
-19220.0 -18850.0 
-18969.0 -19089.0 
-19399.0 -18450.0 
-19241.0 -18781.0 
-19038.0 -19051.0 
-18876.0 -19180.0 
-18864.0 -19197.0 
-19059.0 -19011.0 
-19188.0 -18856.0 
-19127.0 -18942.0 
-18883.0 -19173.0 
-19073.0 -19001.0 
-19146.0 -18909.0 
-19335.0 -18632.0 
-18876.0 -19180.0 
-19065.0 -19003.0 
-19382.0 -18467.0 
-19411.0 -18343.0 
-19095.0 -18987.0 
-19038.0 -19051.0 
-19131.0 -18929.0 
-18883.0 -19173.0 
-18897.0 -19165.0 
-19063.0 -19009.0 
-19241.0 -18781.0 
-19173.0 -18864.0 
-19059.0 -19011.0 
-19030.0 -19062.0 
-19243.0 -18770.0 
-19033.0 -19055.0 
-19127.0 -18942.0 
-18967.0 -19097.0 
-19098.0 -18958.0 
-18983.0 -19072.0 
-18963.0 -19124.0 
-19157.0 -18900.0 
-19131.0 -18929.0 
-18939.0 -19130.0 
-19033.0 -19055.0 
-18904.0 -19141.0 
-18904.0 -19141.0 
-18937.0 -19134.0 
-18905.0 -19135.0 
