1	3876.3605065158267
2	3597.8145525651144
3	3454.01704191453
4	2908.9400298946553
5	2877.726127992792
6	2367.6799141328106
7	2367.6799141328106
8	2152.2964927438916
9	2002.686154990281
10	1926.5523285071858
11	1552.3693491350073
12	1454.4661561181772
13	1237.0257054587532
14	1113.6240722340885
15	1113.6240722340885
16	945.8095139993358
17	922.457021431281
18	799.3616095750733
19	784.3998024615048
20	711.9781027998556
21	673.8610510388452
22	597.3713952540912
23	514.8900776839401
24	420.80687779483
25	420.80687779483
26	302.3376951153861
27	302.3376951153861
28	302.3376951153861
29	287.3654425450124
30	287.3654425450124
31	274.82459010249295
32	255.44531849725288
33	238.28278044194832
34	236.41262045543522
35	211.86099216786405
36	208.81087218136534
37	200.47627766776247
38	181.90795773472527
39	162.85906186094334
40	162.85906186094334
41	162.85906186094334
42	153.32684032255932
43	142.17377683521622
44	136.29271894344143
45	127.25176155284564
46	127.25176155284564
47	122.70138957040832
48	117.20208170878979
49	106.53113168968052
50	106.53113168968052
51	99.85338505861317
52	85.4066032199122
53	85.4066032199122
54	75.444693096046
55	73.67537469559984
56	73.67537469559984
57	66.88576121079794
58	64.26898576225264
59	62.07896052669769
60	59.7362088747839
61	59.7362088747839
62	56.62003813678276
63	54.612058403349984
64	44.69149508732942
65	44.69149508732942
66	44.535961341468145
67	43.29774569396666
68	37.329649430697465
69	37.329649430697465
70	29.905578947055925
71	26.593230241186365
72	25.586866576440553
73	25.346620085242893
74	25.346620085242893
75	24.59811592595932
76	24.07328411474038
77	24.07328411474038
78	22.341823653524635
79	22.341823653524635
80	20.804495314123482
81	20.804495314123482
82	18.13175502391431
83	17.05339889730851
84	17.05339889730851
85	17.05339889730851
86	15.732870672435302
87	15.732870672435302
88	15.549306774903629
89	14.922700542659943
90	14.922695528754751
91	14.253602693942563
92	14.253602693942563
93	13.71595204664956
94	12.461265461675056
95	12.461265461675056
96	11.414308287957498
97	11.414308287957498
98	11.411316780969747
99	11.411316780969747
100	10.868241185151247
101	10.868241185151247
102	9.612198489270686
103	8.770078054185731
104	8.770078054185731
105	8.770078054185731
106	8.595302455177888
107	8.440107307891516
108	8.110091260827827
109	8.014692956935269
110	7.438685188218095
111	7.347126667776158
112	6.345978196312035
113	5.630911096445318
114	5.630911096445318
115	5.630911096445318
116	4.922639166746231
117	4.922639166746231
118	4.802136373046088
119	4.513081334465192
120	4.513081334465192
121	4.247194891012158
122	4.013407340596183
123	3.7995249644771056
124	3.7995249644771056
125	3.6134150602761417
126	3.6134150602761417
127	3.4811672121741335
128	3.197032784280104
129	3.155950179755357
130	3.148987047106118
131	3.1420437058355652
132	3.033641383353246
133	2.761261975876434
134	2.761261975876434
135	2.7072541839444395
136	2.6351434270029737
137	2.613385302946825
138	2.613385302946825
139	2.581423312492674
140	2.4290224538293796
141	2.4003576734425227
142	2.291267499710997
143	2.1238646532923666
144	2.043972573759101
145	2.043972573759101
146	1.9926745490471047
147	1.9926745490471047
148	1.940683601700993
149	1.797235576142725
150	1.7016756048622108
151	1.6910171786505417
152	1.560732173117651
153	1.560732173117651
154	1.5561609746574903
155	1.5561609746574903
156	1.5426935343698505
157	1.4856987543785036
158	1.3968162856270923
159	1.388308417439343
160	1.3403511582117658
161	1.2745825901243284
162	1.2745825901243284
163	1.2719160401300087
164	1.2080014324236852
165	1.2080014324236852
166	1.1584211382872989
167	1.0771429222471414
168	1.0771429222471414
169	1.018946205955941
170	0.9954391888139507
171	0.9228529070758454
172	0.9228529070758454
173	0.9228529070758454
174	0.8963864895023622
175	0.8752440354382199
176	0.8590783413492956
177	0.8589807731318058
178	0.8212611768340409
179	0.8212611768340409
180	0.8197207477002555
181	0.8164292193317603
182	0.8022477275903169
183	0.8021794918067833
184	0.788182196300831
185	0.7808426430701181
186	0.7425589082101693
187	0.7328523762194731
188	0.7239970806644321
189	0.6937576016656448
190	0.6937336170037144
191	0.6914949548013322
192	0.6837931743870614
193	0.6837931743870614
194	0.6594135065801215
195	0.6594114435857379
196	0.6520575252932873
197	0.6367272887313378
198	0.6364835265260417
199	0.6360807771804395
200	0.6128055979372564
201	0.5823359181787446
202	0.5823359181787446
203	0.5823359181787446
204	0.5823352272908809
205	0.5734993953350955
206	0.5710843793886365
207	0.5461232960157023
208	0.5461232960157023
209	0.534649155397079
210	0.534649155397079
211	0.534649155397079
212	0.5346073295662426
213	0.5198857516221727
214	0.5054872521243624
215	0.5054872521243624
216	0.4829396053747544
217	0.44916103218132236
218	0.44916103218132236
219	0.44916103218132236
220	0.44833277915144193
221	0.4265797178232875
222	0.4265797178232875
223	0.4122270479616072
224	0.4060179476488886
225	0.3723736558832331
226	0.3650777247899102
227	0.3637591798861084
228	0.3439948502815594
229	0.3439948502815594
230	0.3409060295845197
231	0.33534667132748075
232	0.2973492609428992
233	0.2909529145967439
234	0.2909529145967439
235	0.2909529145967439
236	0.2861241009805027
237	0.2855451964047414
238	0.2851727804926702
239	0.2780282301880163
240	0.2777927844535062
241	0.2732933854778979
242	0.25464581582354745
243	0.25431632485370115
244	0.25431632485370115
245	0.2505143634612339
246	0.23789492480566335
247	0.23789492480566335
248	0.2363426550068072
249	0.23627953956543413
250	0.23081147467232563
251	0.2308073922783711
252	0.22148934635975318
253	0.2214863953512519
254	0.2023730313766221
255	0.20209326235096092
256	0.20182847761130887
257	0.2013484005837283
258	0.1828546976567962
259	0.1828546976567962
260	0.18274586033403117
261	0.18262561125365911
262	0.17341279529592973
263	0.17331028840293242
264	0.17331028840293242
265	0.17302790191219913
266	0.17219051438615599
267	0.16925608907754222
268	0.16925608907754222
269	0.16907375177204856
270	0.16706549066499332
271	0.16346093262406003
272	0.16287370062074238
273	0.1596790585530362
274	0.15764653808427345
275	0.15763337693330956
276	0.15248497307428652
277	0.15213196454333794
278	0.15125761765372284
279	0.15052655603070414
280	0.14916331569073588
281	0.14902269249646077
282	0.14778999573773188
283	0.14420191889651598
284	0.14005476463609223
285	0.14005476463609223
286	0.14005476463609223
287	0.13799154433325672
288	0.13612170744878918
289	0.1291702686594679
290	0.12609484358286996
291	0.11978638366352642
292	0.11888204270925846
293	0.11724713054766582
294	0.11724690503059385
295	0.11714181600517419
296	0.11546628216312814
297	0.11505184090266549
298	0.11484822868576476
299	0.11267213326687202
300	0.1044195585639974
301	0.10285703937286508
302	0.10285470470383376
303	0.10265862348633953
304	0.08933813391643124
305	0.08924962286488244
306	0.08738317777785296
307	0.08695530225794222
308	0.0861566300040749
309	0.08615378740829116
310	0.08564006366737735
311	0.08482134442087183
312	0.08447071193423693
313	0.08341386985884536
314	0.08163596721034219
315	0.0805538672652844
316	0.08035258991993088
317	0.08031982106471004
318	0.08012429654975514
319	0.08012429654975514
320	0.07992840410890009
321	0.07991780824146193
322	0.07945375184200137
323	0.07905170910494698
324	0.07775467808579405
325	0.0777416805367794
326	0.07620721546788858
327	0.07594350496825575
328	0.0757717045382721
329	0.07538624372292782
330	0.07538047292253966
331	0.07513983375177785
332	0.07427812785695692
333	0.07410854654094849
334	0.0734999437891108
335	0.07273070659128146
336	0.07235270016372952
337	0.07195161006468012
338	0.07163241567633262
339	0.06995511605232646
340	0.06981518340392684
341	0.06971463297664239
342	0.06958755192343895
343	0.06822104940297342
344	0.06821219855114721
345	0.06645180708451533
346	0.06633119809140227
347	0.06578469831841324
348	0.06374216121004596
349	0.06367636831901513
350	0.0627308579274521
351	0.0627296284777175
352	0.06257841799776925
353	0.06257810408632207
354	0.062171781704128744
355	0.06207589321540964
356	0.06206188744709926
357	0.06140894588806437
358	0.061395701185111305
359	0.06090156358100104
360	0.05050492840557328
361	0.050496095305362226
362	0.050496095305362226
363	0.05049485911709939
364	0.05002136263066125
365	0.0499919038745316
366	0.0482293289115732
367	0.048035822546682046
368	0.04592358790125251
369	0.04543192082387974
370	0.04451636218491774
371	0.04428816130733313
372	0.042536961214911684
373	0.04203869019339676
374	0.04203336895429879
375	0.041127591058777155
376	0.04067084387223392
377	0.04058708895981812
378	0.04013505786114734
379	0.040064833335859036
380	0.039936015431226254
381	0.039311961747282895
382	0.03918221953947734
383	0.03912045380392908
384	0.0384669939189229
385	0.038317010247803235
386	0.03828751968919314
387	0.03786090370244126
388	0.03783691823284593
389	0.03764463151251883
390	0.03709211450364047
391	0.03699912627982686
392	0.03677668624399012
393	0.03676540313793953
394	0.036678859811840214
395	0.036677838557444956
396	0.03643049023870326
397	0.03623311855643172
398	0.03606309490999405
399	0.035050565075236136
400	0.03485148951151819
401	0.03476589708934332
402	0.034715023987563154
403	0.03455227687531271
404	0.03413477817654446
405	0.03398884915980792
406	0.033929310151210035
407	0.03390239937053833
408	0.0338692081082546
409	0.033420090611220386
410	0.03339693146141854
411	0.03327679630583157
412	0.03326290014366399
413	0.03314602406908713
414	0.03307558100590468
415	0.03305049221085687
416	0.03279921491699211
417	0.03256491678320989
418	0.03243969087097702
419	0.03223699991539126
420	0.032136056245037306
421	0.031898921224686905
422	0.03183179276713429
423	0.0318226289109332
424	0.03164949049811265
425	0.03148315922587115
426	0.03146547173480309
427	0.03134516370574511
428	0.03121656421712365
429	0.03094369192327988
430	0.030849022319027565
431	0.030742806356112772
432	0.03069959285614745
433	0.030681468060173626
434	0.03055444839486886
435	0.030239171994435887
436	0.030194671594369914
437	0.030158380080213733
438	0.029774123760224917
439	0.029671886057559944
440	0.029632604417946594
441	0.029549006830341125
442	0.029525848250588217
443	0.0292822627298326
444	0.02879862304481432
445	0.028664339426987793
446	0.02860933873914971
447	0.028412188930547283
448	0.028255433671105255
449	0.02809858151003355
450	0.02808956322648272
451	0.02804222300624176
452	0.027904798315931
453	0.02778834950933849
454	0.027685083451763782
455	0.027493410971576395
456	0.02746583930978621
457	0.027304784169590972
458	0.026744430954225254
459	0.026662540333753308
460	0.026137917703323476
461	0.026053157767384122
462	0.025944419277511392
463	0.025646872685491585
464	0.025316835979057824
465	0.025288521765965192
466	0.025231593882665285
467	0.02493371530086725
468	0.024856141760695317
469	0.02482714160475988
470	0.024731150822699225
471	0.02470072402634066
472	0.024647355725068647
473	0.024521727104338573
474	0.024464474385333546
475	0.02393111303980392
476	0.02372965055880066
477	0.023211712405796125
478	0.022808091975442424
479	0.022716874515105095
480	0.022558604307973157
481	0.022470290519942454
482	0.022417376606866858
483	0.022334931010442503
484	0.02207227447881686
485	0.02197847198294768
486	0.021910108723937286
487	0.021763501770012458
488	0.020599319951736268
489	0.02056551369174543
490	0.020525101624438654
491	0.020521540793041877
492	0.019865278587411963
493	0.019286008846048672
494	0.018746583494040434
495	0.01838549962689984
496	0.017774536194410214
497	0.01727729185321711
498	0.01711886247336844
499	0.0168116211086122
500	0.016777768612278195
501	0.016481989290628926
502	0.016447911194927903
503	0.01642893417235849
504	0.016325793650255407
505	0.016282389846166378
506	0.016282189083329148
507	0.01622718908622966
508	0.015904572801386446
509	0.015588420610498819
510	0.015469419995665173
511	0.015432007589115164
512	0.015419091904786273
513	0.015189604105093664
514	0.014930065451877958
515	0.014850391127538436
516	0.014795259414144836
517	0.014165631253281278
518	0.014162165621264882
519	0.014137903426833642
520	0.01412726021564124
521	0.014121210123848399
522	0.014107227488213558
523	0.014091541924576553
524	0.013667195139206055
525	0.01356398613666055
526	0.013503209613512042
527	0.013448314729730872
528	0.013418345737786353
529	0.013360556755030282
530	0.013226727093499598
531	0.013063010016643593
532	0.013054681299946812
533	0.012770931036728177
534	0.012694965826843709
535	0.012534395758408841
536	0.012034861995678988
537	0.011604980899930986
538	0.01159299705819772
539	0.01157330420632307
540	0.011543022121692482
541	0.011531410932432843
542	0.011444960389777206
543	0.011327376049633731
544	0.01119772922501783
545	0.01113244122297661
546	0.010860633023733041
547	0.010854194273049225
548	0.01084849688273815
549	0.010727995718216646
550	0.010679758181503528
551	0.010631157354473777
552	0.010538473768836489
553	0.010509823901446511
554	0.010417274341354001
555	0.010396264398493775
556	0.010308230395385466
557	0.010259794666111028
558	0.010243554874489783
559	0.010215925788978283
560	0.010109125991440787
561	0.010090319594647358
562	0.0099856774420918
563	0.009972474082914337
564	0.00990792920179526
565	0.009840439863325294
566	0.00978547698339992
567	0.009751322427068216
568	0.009690751873309481
569	0.009660968540341555
570	0.009638415707834158
571	0.009637627740527961
572	0.009619218312331543
573	0.009606989499654925
574	0.00957759290516899
575	0.009554659611203713
576	0.00952546251553234
577	0.0095222330078397
578	0.009514326499291228
579	0.009507649830717925
580	0.00949383698489186
581	0.009468281444821251
582	0.009473417581311108
583	0.009460953565794286
584	0.009454292800468963
585	0.009421009438800277
586	0.009408975794328363
587	0.009399917432939879
588	0.00938732181452869
589	0.009387003287135216
590	0.009372152040657722
591	0.009355771843170714
592	0.009347447549107173
593	0.00933811434186651
594	0.009327387438282084
595	0.009310806893870673
596	0.009303436985903545
597	0.009237114094143978
598	0.0092129496092653
599	0.009123188159406805
600	0.009062100571722725
601	0.00899673084086291
602	0.008989541371872453
603	0.0089634719265385
604	0.008870915793222295
605	0.008808634329779455
606	0.008784167167184177
607	0.008724516922801465
608	0.008704898968911658
609	0.008623845207586108
610	0.008549549411934669
611	0.008531830421786193
612	0.008454198605314168
613	0.008441083980412782
614	0.008371370863024656
615	0.008340507510903105
616	0.008298537694848594
617	0.008266656325195043
618	0.008244046166287083
619	0.008215586129271603
620	0.008207510365566575
621	0.008195324088056352
622	0.008185860177955338
623	0.008047036882701548
624	0.008027763086968452
625	0.00800274786489968
626	0.00797621896829834
627	0.007973954362684022
628	0.007961899921190438
629	0.007945499059711938
630	0.007937008861058295
631	0.00792542436384749
632	0.007847636189978104
633	0.007720959848095285
634	0.007610521839318405
635	0.007576404764474064
636	0.00751989458697796
637	0.007441846747237251
638	0.007427369564183069
639	0.007398742690513723
640	0.007385682849144749
641	0.007374242979818308
642	0.007350478755703162
643	0.007325140748055606
644	0.007315447195372649
645	0.007307658010935233
646	0.007298554454658915
647	0.007287701097163094
648	0.007267310836041536
649	0.007195839015876351
650	0.00711210161739041
651	0.007090465250947366
652	0.007003805482426412
653	0.00699325662174983
654	0.006906248752568129
655	0.006851320492355505
656	0.0067212267526180905
657	0.006665925723120399
658	0.006564166681965856
659	0.006552727456980134
660	0.0065164634317568205
661	0.006496380471803579
662	0.006482317651129292
663	0.0064300481635877526
664	0.0063527562058548455
665	0.0063479692861199135
666	0.006284440604241405
667	0.006235440075516337
668	0.006210602598453085
669	0.006180898860147947
670	0.006118666059630934
671	0.006109143710861138
672	0.006048235054776612
673	0.0059968473104585265
674	0.005951755321805121
675	0.0059261731924089905
676	0.005889295055166883
677	0.00587835685680395
678	0.005865506578185215
679	0.005852400862903566
680	0.005849135286900263
681	0.005827115630014219
682	0.005789242750368143
683	0.005752931288108615
684	0.0057086029757490555
685	0.005679300525097681
686	0.005658229627091628
687	0.005648810495872729
688	0.005640409733942302
689	0.005636192671448024
690	0.005624105135911173
691	0.00562242716745078
692	0.005618906079174494
693	0.005616797033668748
694	0.00561209724837038
695	0.005608995816682447
696	0.005600609624678565
697	0.0055988918074641
698	0.005595842171558284
699	0.005591648367083845
700	0.005572619768173885
701	0.0055693126595818135
702	0.005569230203284705
703	0.005564493844553896
704	0.00555938880896874
705	0.005551433026483061
706	0.005536252642994554
707	0.005538176003800394
708	0.00553702626352719
709	0.005519281979113939
710	0.005514412237889963
711	0.0055067680107151636
712	0.005503810681726144
713	0.005471808686750616
714	0.005465007644944391
715	0.005458272321136033
716	0.005453650240033199
717	0.005427297188264526
718	0.005417641001768536
719	0.005363637862213734
720	0.00535926608812291
721	0.0053537291362772375
722	0.005338226642024462
723	0.005311354748966509
724	0.00525208481189006
725	0.005231883891761519
726	0.005189759096966376
727	0.005171200634575688
728	0.005052914692931174
729	0.005038376615287075
730	0.005023736138243238
731	0.004927851301409917
732	0.004894870177973019
733	0.00483005400951781
734	0.004769507775340111
735	0.004699210125815551
736	0.004579538296638215
737	0.004538581663277543
738	0.004517072938199274
739	0.0044407668530583744
740	0.00437121665458365
741	0.004292216537714887
742	0.00424908076438344
743	0.00422910092259783
744	0.004167148336479139
745	0.004100004036236522
746	0.004031568679337851
747	0.003980004627127348
748	0.003929525994382942
749	0.0038941916663480106
750	0.0038680905255421465
751	0.0038386411305696257
752	0.0037807737478268823
753	0.0037271386857028127
754	0.0036891608393634684
755	0.0036753425603526365
756	0.0036359117042261673
757	0.0036211290267407895
758	0.003599892128087217
759	0.0035256544857341482
760	0.003479177881191132
761	0.0034143270772078243
762	0.003361681880321676
763	0.003339094370468438
764	0.003291645906239172
765	0.003253327846225464
766	0.0032397351460318998
767	0.003163831548579654
768	0.0031284468404075144
769	0.003087745020895165
770	0.0030707426005897602
771	0.003052245530618311
772	0.0030281069662743674
773	0.0030097612265181342
774	0.002988569844016722
775	0.002975334492840254
776	0.002968532384230457
777	0.0029451720222449574
778	0.0029419805138426
779	0.002928410159510692
780	0.0029134117501992806
781	0.002901156176429789
782	0.0028999190708898924
783	0.002896222545373033
784	0.0028943578144692427
785	0.0028801754946551623
786	0.0028759467806395026
787	0.002870666881699734
788	0.002866175704684531
789	0.0028598430397426726
790	0.0028541267576652108
791	0.002850257936021175
792	0.0028405495216887325
793	0.0028284579749686864
794	0.0028274956627663173
795	0.002818187985241008
796	0.0028216875852903564
797	0.0028173147883685913
798	0.002812868775997813
799	0.002810615672712286
800	0.0027951705109892336
801	0.0027885664286549155
802	0.0027844100798053418
803	0.0027810723480907085
804	0.0027814831242305637
805	0.002779649522911424
806	0.0027720274850554245
807	0.002768729804553885
808	0.0027672204441559524
809	0.0027624303412064825
810	0.0027615407799276162
811	0.00275933960247102
812	0.0027579943847124166
813	0.0027570552808004784
814	0.0027502952810113755
815	0.0027487357574682444
816	0.0027450714322839595
817	0.0027464146384063325
818	0.0027430203050571914
819	0.00274101481482143
820	0.0027405958357933947
821	0.0027363589797062544
822	0.0027299600844810953
823	0.0027281923805732174
824	0.0027280513713556598
825	0.0027241163459682406
826	0.002716523324767249
827	0.0027160051995564786
828	0.0027145196909678254
829	0.002713044223549522
830	0.0027104445216018973
831	0.0027061630583763026
832	0.002699568501796276
833	0.0026981125790753015
834	0.0026971004620949504
835	0.002688985336444419
836	0.0026870339057809213
837	0.0026823503226265154
838	0.0026740348367616895
839	0.0026708373744331534
840	0.0026659338101181415
841	0.0026611153144814135
842	0.00265114943487876
843	0.002642678237963607
844	0.002644945099533543
845	0.002643516876262519
846	0.00263953409787236
847	0.002637048387685912
848	0.0026294102289178547
849	0.002628244617802271
850	0.0026220522723497753
851	0.0026158702182347616
852	0.0026061550122408014
853	0.0025926496798329727
854	0.0025861718261746486
855	0.002567850286693762
856	0.0025406409399666586
857	0.0025265303803956793
858	0.002525204172958578
859	0.0025023861122082853
860	0.002489492471629357
861	0.002468294637892066
862	0.0024601168523763995
863	0.002452729980767742
864	0.0024387647982742422
865	0.002432814647177677
866	0.0024152441399142243
867	0.0024111992168850574
868	0.0024096933049764383
869	0.0024098457903782055
870	0.002408348033309624
871	0.0024041787833896143
872	0.002396651244359766
873	0.002390703303611418
874	0.0023834629588106735
875	0.002380927642995189
876	0.0023811942859289265
877	0.0023741393983764823
878	0.0023657493273936507
879	0.0023274870406748494
880	0.0023220322028542073
881	0.0023168136891474956
882	0.0022835586624486196
883	0.0022809531907357736
884	0.0022788399010443515
885	0.0022667526281842103
886	0.0022606526946873187
887	0.002232593318361534
888	0.002223358082581691
889	0.0022153947479405882
890	0.0021860306595861173
891	0.0021541432793808694
892	0.0021103205164438874
893	0.0020736068752975146
894	0.002049183083640666
895	0.002012684245928135
896	0.0019633209725453743
897	0.0019445214100395878
898	0.001924417408665466
899	0.0019194775348565696
900	0.0019135956227048954
901	0.0019016282281033034
902	0.0018959193257845669
903	0.0018871715956484464
904	0.0018766325434932207
905	0.0018745093237491574
906	0.0018623076089335428
907	0.001846685696673852
908	0.0018445600856902124
909	0.0018422647561625797
910	0.0018402396625999476
911	0.001828823587181315
912	0.001829418841205904
913	0.001828214948515197
914	0.0018265211669982412
915	0.0018217412916288372
916	0.0018189569900553476
917	0.0018114038102507494
918	0.0018089750111748943
919	0.0018040020648262519
920	0.0018039732505172957
921	0.001797157236842825
922	0.00179552920024515
923	0.0017944675448223707
924	0.0017934930478265632
925	0.0017903625156382628
926	0.001788778963534594
927	0.0017850937200225056
928	0.001785576034942862
929	0.0017820721120836106
930	0.0017772358419346375
931	0.0017765140039949785
932	0.0017737822895021469
933	0.0017718619493932138
934	0.0017737732128659158
935	0.0017702580573211973
936	0.0017662133526330165
937	0.0017655840374966878
938	0.0017642670012524772
939	0.0017607344620756854
940	0.0017586250533388596
941	0.0017551289233019407
942	0.0017555228630522126
943	0.0017517623043816959
944	0.0017506504094467353
945	0.0017510716657581286
946	0.0017510823322640751
947	0.001749081582038597
948	0.0017428154364368016
949	0.0017399906281492243
950	0.0017379554125215662
951	0.0017373891399391154
952	0.0017374867349377132
953	0.0017324956146999963
954	0.0017298250748111648
955	0.001725692985959738
956	0.0017191562365854998
957	0.0017185568523914797
958	0.001717025434553791
959	0.0017117746562779067
960	0.0017014855402067157
961	0.001699331262253348
962	0.0016939611799875456
963	0.0016904334850041927
964	0.001680632840320732
965	0.001681191266006029
966	0.001678549345058521
967	0.0016800893135807515
968	0.0016801380300885522
969	0.0016767102594493861
970	0.0016728754119248103
971	0.0016722022242658407
972	0.001668240567192441
973	0.0016670694494833368
974	0.0016604484823541205
975	0.0016575725311710997
976	0.0016551864427066221
977	0.0016512567544495604
978	0.001654147929364887
979	0.0016493759704832066
980	0.0016437345621829705
981	0.0016422801028008098
982	0.0016387553991751768
983	0.0016336143708388963
984	0.001633755752244578
985	0.0016336886910929202
986	0.0016351778679938905
987	0.0016294571116447442
988	0.0016257622789483599
989	0.0016248828647064438
990	0.0016245212035390529
991	0.0016219984669068094
992	0.0016202374065930182
993	0.0016256133638835435
994	0.001625519579470536
995	0.0016232277046743053
996	0.0016186063026430782
997	0.0016149913658238034
998	0.0016151873009544392
999	0.001613094540509641
1000	0.001612737582066717