-19128.0 -18737.0 
-18353.0 -19482.0 
-19128.0 -18737.0 
-18406.0 -19436.0 
-18535.0 -19402.0 
-19114.0 -18808.0 
-18997.0 -19002.0 
-18942.0 -19063.0 
-18464.0 -19429.0 
-18464.0 -19429.0 
-19022.0 -18939.0 
-18625.0 -19344.0 
-18648.0 -19318.0 
-18907.0 -19082.0 
-19077.0 -18865.0 
-19049.0 -18872.0 
-18406.0 -19436.0 
-18943.0 -19032.0 
-18535.0 -19402.0 
-18740.0 -19218.0 
-18579.0 -19352.0 
-19048.0 -18906.0 
-18841.0 -19155.0 
-19081.0 -18828.0 
-18817.0 -19182.0 
-18971.0 -19017.0 
-18971.0 -19017.0 
-18564.0 -19370.0 
-18997.0 -19002.0 
-19022.0 -18939.0 
-18564.0 -19370.0 
-18772.0 -19214.0 
-18817.0 -19182.0 
-18712.0 -19262.0 
-18790.0 -19208.0 
-18739.0 -19239.0 
-19085.0 -18824.0 
-18825.0 -19166.0 
-19032.0 -18924.0 
-18625.0 -19344.0 
-19114.0 -18808.0 
-18895.0 -19103.0 
-19032.0 -18924.0 
-18790.0 -19208.0 
-18663.0 -19299.0 
-18683.0 -19296.0 
-18879.0 -19119.0 
-18783.0 -19209.0 
-18660.0 -19310.0 
-18868.0 -19135.0 
-18678.0 -19297.0 
-18879.0 -19119.0 
-18899.0 -19089.0 
-18569.0 -19358.0 
-18689.0 -19276.0 
-18737.0 -19247.0 
-18895.0 -19103.0 
-19085.0 -18824.0 
-19048.0 -18906.0 
-18825.0 -19166.0 
-18853.0 -19139.0 
-18579.0 -19352.0 
-18724.0 -19248.0 
-18943.0 -19032.0 
-18690.0 -19269.0 
-18772.0 -19214.0 
-18852.0 -19143.0 
-18699.0 -19267.0 
-18719.0 -19253.0 
-18873.0 -19127.0 
-18699.0 -19267.0 
-18852.0 -19143.0 
-18873.0 -19127.0 
-18689.0 -19276.0 
-18719.0 -19253.0 
-18660.0 -19310.0 
-19077.0 -18865.0 
-18899.0 -19089.0 
-18569.0 -19358.0 
-18868.0 -19135.0 
-19049.0 -18872.0 
-18683.0 -19296.0 
-18724.0 -19248.0 
-18740.0 -19218.0 
-18853.0 -19139.0 
-18663.0 -19299.0 
-18690.0 -19269.0 
-18737.0 -19247.0 
-18464.0 -19429.0 
-18535.0 -19402.0 
-18625.0 -19344.0 
-19032.0 -18924.0 
-19085.0 -18824.0 
-18772.0 -19214.0 
-18873.0 -19127.0 
-18719.0 -19253.0 
-18683.0 -19296.0 
-18663.0 -19299.0 
-18772.0 -19214.0 
-18873.0 -19127.0 
