-18286.0 -19485.0 
-19075.0 -18682.0 
-18286.0 -19485.0 
-19075.0 -18682.0 
-18766.0 -19196.0 
-18980.0 -18896.0 
-18880.0 -19076.0 
-18935.0 -19001.0 
-18315.0 -19469.0 
-18442.0 -19436.0 
-19012.0 -18852.0 
-18811.0 -19147.0 
-18984.0 -18854.0 
-18954.0 -18921.0 
-18831.0 -19099.0 
-18377.0 -19443.0 
-18492.0 -19363.0 
-18529.0 -19361.0 
-18898.0 -19015.0 
-19017.0 -18804.0 
-18937.0 -18965.0 
-19043.0 -18733.0 
-18488.0 -19386.0 
-18542.0 -19340.0 
-18811.0 -19147.0 
-18889.0 -19035.0 
-18546.0 -19327.0 
-18662.0 -19283.0 
-18813.0 -19119.0 
-18937.0 -18965.0 
-18579.0 -19325.0 
-18708.0 -19248.0 
-18347.0 -19458.0 
-18954.0 -18921.0 
-18831.0 -19099.0 
-18460.0 -19413.0 
-19065.0 -18711.0 
-18678.0 -19255.0 
-18715.0 -19219.0 
-18620.0 -19299.0 
-19023.0 -18794.0 
-18580.0 -19316.0 
-18447.0 -19416.0 
-19035.0 -18763.0 
-18604.0 -19315.0 
-18880.0 -19076.0 
-18460.0 -19413.0 
-18488.0 -19386.0 
-19032.0 -18766.0 
-18347.0 -19458.0 
-18627.0 -19289.0 
-19043.0 -18733.0 
-18889.0 -19035.0 
-19065.0 -18711.0 
-18637.0 -19286.0 
-18738.0 -19204.0 
-18366.0 -19446.0 
-18898.0 -19015.0 
-18366.0 -19446.0 
-18677.0 -19262.0 
-18813.0 -19119.0 
-18677.0 -19262.0 
-18608.0 -19307.0 
-18710.0 -19233.0 
-18715.0 -19219.0 
-19072.0 -18694.0 
-19023.0 -18794.0 
-19072.0 -18694.0 
-18662.0 -19283.0 
-18754.0 -19200.0 
-18377.0 -19443.0 
-18738.0 -19204.0 
-18710.0 -19233.0 
-18740.0 -19203.0 
-18529.0 -19361.0 
-18754.0 -19200.0 
-19017.0 -18804.0 
-18637.0 -19286.0 
-19032.0 -18766.0 
-18442.0 -19436.0 
-18608.0 -19307.0 
-19035.0 -18763.0 
-18708.0 -19248.0 
-18447.0 -19416.0 
-18678.0 -19255.0 
-19012.0 -18852.0 
-18492.0 -19363.0 
-18546.0 -19327.0 
-18984.0 -18854.0 
-18604.0 -19315.0 
-18740.0 -19203.0 
-18580.0 -19316.0 
-19075.0 -18682.0 
-18831.0 -19099.0 
-19023.0 -18794.0 
-18637.0 -19286.0 
-18442.0 -19436.0 
-19035.0 -18763.0 
-18678.0 -19255.0 
-18604.0 -19315.0 
