-19229.0 -18484.0 
-18301.0 -19514.0 
-18301.0 -19514.0 
-19229.0 -18484.0 
-18425.0 -19455.0 
-18488.0 -19427.0 
-18364.0 -19461.0 
-19159.0 -18696.0 
-19099.0 -18778.0 
-18998.0 -18967.0 
-18709.0 -19272.0 
-18912.0 -19100.0 
-18665.0 -19312.0 
-19011.0 -18932.0 
-18338.0 -19493.0 
-19036.0 -18904.0 
-19198.0 -18544.0 
-18713.0 -19252.0 
-18880.0 -19114.0 
-19140.0 -18704.0 
-18576.0 -19353.0 
-18774.0 -19221.0 
-18925.0 -19068.0 
-18627.0 -19319.0 
-19215.0 -18489.0 
-19117.0 -18766.0 
-19166.0 -18652.0 
-19044.0 -18874.0 
-19124.0 -18736.0 
-19073.0 -18810.0 
-19177.0 -18613.0 
-18679.0 -19282.0 
-18947.0 -18996.0 
-18791.0 -19197.0 
-18677.0 -19284.0 
-19053.0 -18851.0 
-18626.0 -19346.0 
-18613.0 -19352.0 
-18934.0 -19031.0 
-18851.0 -19156.0 
-18338.0 -19493.0 
-19191.0 -18549.0 
-19011.0 -18932.0 
-18925.0 -19068.0 
-18976.0 -18979.0 
-19180.0 -18588.0 
-19053.0 -18851.0 
-18732.0 -19243.0 
-19124.0 -18736.0 
-18859.0 -19139.0 
-18545.0 -19368.0 
-18510.0 -19374.0 
-18563.0 -19363.0 
-18826.0 -19178.0 
-19190.0 -18578.0 
-18491.0 -19402.0 
-19209.0 -18513.0 
-18826.0 -19178.0 
-19036.0 -18904.0 
-18740.0 -19242.0 
-18978.0 -18970.0 
-19209.0 -18513.0 
-18748.0 -19224.0 
-18812.0 -19189.0 
-18358.0 -19473.0 
-19049.0 -18869.0 
-19171.0 -18634.0 
-18755.0 -19223.0 
-18488.0 -19427.0 
-19073.0 -18810.0 
-19079.0 -18801.0 
-18934.0 -19031.0 
-18851.0 -19156.0 
-18503.0 -19379.0 
-18531.0 -19371.0 
-19079.0 -18801.0 
-18880.0 -19114.0 
-18912.0 -19100.0 
-18647.0 -19318.0 
-18941.0 -19010.0 
-19175.0 -18630.0 
-18866.0 -19133.0 
-18358.0 -19473.0 
-18491.0 -19402.0 
-19166.0 -18652.0 
-19140.0 -18704.0 
-18573.0 -19360.0 
-18787.0 -19207.0 
-18947.0 -18996.0 
-18812.0 -19189.0 
-18941.0 -19010.0 
-18866.0 -19133.0 
-19187.0 -18583.0 
-18647.0 -19318.0 
-18614.0 -19350.0 
-19117.0 -18766.0 
-18976.0 -18979.0 
-18533.0 -19369.0 
-18787.0 -19207.0 
-18503.0 -19379.0 
