-18967.0 -18931.0 
-18967.0 -18931.0 
-18429.0 -19437.0 
-18966.0 -18986.0 
-18950.0 -19019.0 
-18452.0 -19410.0 
-18606.0 -19351.0 
-18637.0 -19341.0 
-18776.0 -19230.0 
-18911.0 -19058.0 
-18950.0 -19019.0 
-18749.0 -19264.0 
-18911.0 -19058.0 
-18816.0 -19190.0 
-18452.0 -19410.0 
-18577.0 -19379.0 
-18692.0 -19309.0 
-18780.0 -19197.0 
-18587.0 -19357.0 
-18491.0 -19387.0 
-18880.0 -19092.0 
-18776.0 -19230.0 
-18966.0 -18986.0 
-18698.0 -19284.0 
-18491.0 -19387.0 
-18788.0 -19191.0 
-18820.0 -19171.0 
-18507.0 -19383.0 
-18538.0 -19381.0 
-18894.0 -19071.0 
-18728.0 -19266.0 
-18749.0 -19264.0 
-18645.0 -19326.0 
-18867.0 -19105.0 
-18867.0 -19105.0 
-18820.0 -19171.0 
-18657.0 -19314.0 
-18555.0 -19380.0 
-18887.0 -19085.0 
-18855.0 -19117.0 
-18853.0 -19126.0 
-18894.0 -19071.0 
-18645.0 -19326.0 
-18538.0 -19381.0 
-18675.0 -19311.0 
-18555.0 -19380.0 
-18841.0 -19134.0 
-18728.0 -19266.0 
-18587.0 -19357.0 
-18713.0 -19276.0 
-18855.0 -19117.0 
-18887.0 -19085.0 
-18706.0 -19283.0 
-18657.0 -19314.0 
-18841.0 -19134.0 
-18836.0 -19139.0 
-18668.0 -19312.0 
-18713.0 -19276.0 
-18577.0 -19379.0 
-18501.0 -19384.0 
-18853.0 -19126.0 
-18780.0 -19197.0 
-18501.0 -19384.0 
-18668.0 -19312.0 
-18675.0 -19311.0 
-18788.0 -19191.0 
-18692.0 -19309.0 
-18507.0 -19383.0 
-18712.0 -19277.0 
-18706.0 -19283.0 
-18698.0 -19284.0 
-18712.0 -19277.0 
-18836.0 -19139.0 
-18816.0 -19190.0 
-18950.0 -19019.0 
-18452.0 -19410.0 
-18776.0 -19230.0 
-18966.0 -18986.0 
-18728.0 -19266.0 
-18587.0 -19357.0 
-18855.0 -19117.0 
-18887.0 -19085.0 
-18657.0 -19314.0 
-18713.0 -19276.0 
-18577.0 -19379.0 
-18668.0 -19312.0 
-18788.0 -19191.0 
-18712.0 -19277.0 
-18706.0 -19283.0 
-18698.0 -19284.0 
-18776.0 -19230.0 
-18452.0 -19410.0 
-18776.0 -19230.0 
-18966.0 -18986.0 
-18887.0 -19085.0 
-18713.0 -19276.0 
-18780.0 -19197.0 
-18830.0 -19147.0 
-18860.0 -18865.0 
-18537.0 -19356.0 
