-18855.0 -19916.0 
-18855.0 -19916.0 
-19523.0 -19470.0 
-19523.0 -19470.0 
-18878.0 -19883.0 
-19237.0 -19768.0 
-18990.0 -19872.0 
-19198.0 -19809.0 
-19316.0 -19695.0 
-19117.0 -19816.0 
-19297.0 -19725.0 
-19518.0 -19478.0 
-19116.0 -19833.0 
-19003.0 -19845.0 
-19297.0 -19725.0 
-19412.0 -19602.0 
-19041.0 -19843.0 
-19501.0 -19525.0 
-19408.0 -19638.0 
-19343.0 -19684.0 
-19394.0 -19649.0 
-19471.0 -19578.0 
-19206.0 -19794.0 
-19041.0 -19843.0 
-19446.0 -19582.0 
-19437.0 -19598.0 
-19501.0 -19525.0 
-19495.0 -19545.0 
-19206.0 -19794.0 
-19344.0 -19661.0 
-19374.0 -19658.0 
-19477.0 -19558.0 
-19495.0 -19545.0 
-19374.0 -19658.0 
-19478.0 -19556.0 
-19356.0 -19659.0 
-19343.0 -19684.0 
-19478.0 -19556.0 
-19407.0 -19640.0 
-19116.0 -19833.0 
-19346.0 -19660.0 
-19437.0 -19598.0 
-19446.0 -19582.0 
-19407.0 -19640.0 
-19471.0 -19578.0 
-19356.0 -19659.0 
-19117.0 -19816.0 
-19412.0 -19602.0 
-19477.0 -19558.0 
-19374.0 -19658.0 
-19437.0 -19598.0 
-19437.0 -19598.0 
-19374.0 -19658.0 
-19437.0 -19598.0 
-19437.0 -19598.0 
-19437.0 -19598.0 
-19437.0 -19598.0 
-19437.0 -19598.0 
-19437.0 -19598.0 
-19437.0 -19598.0 
-19437.0 -19598.0 
-19437.0 -19598.0 
-19437.0 -19598.0 
-19437.0 -19598.0 
-19374.0 -19658.0 
-19437.0 -19598.0 
-19437.0 -19598.0 
-19437.0 -19598.0 
-19437.0 -19598.0 
-19437.0 -19598.0 
-19437.0 -19598.0 
-19437.0 -19598.0 
-19437.0 -19598.0 
-19437.0 -19598.0 
-19437.0 -19598.0 
-19437.0 -19598.0 
-19437.0 -19598.0 
-19437.0 -19598.0 
-19437.0 -19598.0 
-19437.0 -19598.0 
-19437.0 -19598.0 
-19437.0 -19598.0 
-19437.0 -19598.0 
-19437.0 -19598.0 
-19437.0 -19598.0 
-19437.0 -19598.0 
-19437.0 -19598.0 
-19437.0 -19598.0 
-19437.0 -19598.0 
-19437.0 -19598.0 
-19437.0 -19598.0 
-19437.0 -19598.0 
-19437.0 -19598.0 
-19437.0 -19598.0 
-19437.0 -19598.0 
-19437.0 -19598.0 
-19437.0 -19598.0 
-19437.0 -19598.0 
-19437.0 -19598.0 
-19437.0 -19598.0 
