1.537636418253219395e+00
1.460582082834803730e+00
1.500828625084783763e+00
1.522628026547107938e+00
1.540039684739476389e+00
1.536876641937602983e+00
1.561897136128549413e+00
1.514516928196698142e+00
1.520564829327977430e+00
1.525316188892106295e+00
1.526023049281151733e+00
1.544357879941329559e+00
1.538977837402188076e+00
1.525565303712551390e+00
1.547802296961492630e+00
1.531744906293910358e+00
1.531701444621336172e+00
1.512821443732262017e+00
1.520716910454279036e+00
1.484325083791281363e+00
1.562275632648612911e+00
1.520457944619909574e+00
1.552287678611369071e+00
1.521058597119193445e+00
1.521542768674799317e+00
1.512159845949713866e+00
1.533464813975115026e+00
1.537354781149365301e+00
1.539179899696183851e+00
1.516195615165173205e+00
1.523632323443667058e+00
