1.522606701232577242e+00
1.499250077539933335e+00
1.524668966572574336e+00
1.502017973802385997e+00
1.559962501264698931e+00
1.523494863170114177e+00
1.516649695855998958e+00
1.523967847105989870e+00
1.549165203005011149e+00
1.514510522133623693e+00
1.540129132615816854e+00
1.553577065061681139e+00
1.566768512855552187e+00
1.593182686425466121e+00
1.566332045024060537e+00
1.451412865373753691e+00
1.552865528802819695e+00
1.527386841310138799e+00
1.557276317921338915e+00
1.538425721762040066e+00
1.483713666719944868e+00
1.525759811300549940e+00
1.552579983347593950e+00
1.553333304530132519e+00
1.533598047029500977e+00
1.539707055417325554e+00
1.513793224835660922e+00
1.532420709994145147e+00
1.584213343990880762e+00
1.495908691174259175e+00
1.550249671594071010e+00
