2.675099974702626476e-02
5.633929350405149361e-02
1.614878804899333442e-02
4.257808672100692193e-02
4.246301759099529310e-02
3.397951462232468023e-02
1.034012095218072302e-01
2.025243071813179543e-02
2.574294540526951558e-02
2.795736014307069819e-02
3.805656294145902396e-02
5.128656647264939750e-02
5.326681340192958303e-02
1.541729712746550858e-02
1.889774427399698586e-02
3.483787954283067145e-02
1.376923103109418435e-02
1.799559651582584296e-02
1.346254701749024715e-02
2.715291490338889516e-02
4.524262406235132761e-02
4.929086504703284605e-02
3.294872217851636115e-02
2.705992941546583180e-02
1.365989905134349508e-02
1.661707809815889114e-02
2.679320638215293426e-02
3.384485677828513034e-02
3.268794108112384189e-02
2.190090559441111237e-02
1.280300894105022499e-02
