-21309.0 -21107.0 
-20823.0 -21717.0 
-21309.0 -21107.0 
-20823.0 -21717.0 
-20827.0 -21665.0 
-21024.0 -21535.0 
-20906.0 -21623.0 
-20945.0 -21567.0 
-21247.0 -21274.0 
-21275.0 -21216.0 
-21094.0 -21434.0 
-20978.0 -21536.0 
-21092.0 -21460.0 
-21197.0 -21341.0 
-21128.0 -21421.0 
-21059.0 -21463.0 
-20866.0 -21658.0 
-21282.0 -21168.0 
-20936.0 -21607.0 
-21156.0 -21389.0 
-20878.0 -21643.0 
-21303.0 -21144.0 
-21135.0 -21399.0 
-21251.0 -21238.0 
-21258.0 -21217.0 
-21208.0 -21293.0 
-21054.0 -21486.0 
-21206.0 -21305.0 
-20970.0 -21554.0 
-20878.0 -21643.0 
-21029.0 -21510.0 
-21228.0 -21280.0 
-21165.0 -21353.0 
-21174.0 -21351.0 
-21225.0 -21289.0 
-20919.0 -21615.0 
-21162.0 -21373.0 
-21293.0 -21157.0 
-21256.0 -21237.0 
-20919.0 -21615.0 
-20945.0 -21567.0 
-21029.0 -21510.0 
-21293.0 -21157.0 
-21206.0 -21305.0 
-21037.0 -21492.0 
-20866.0 -21658.0 
-21128.0 -21421.0 
-21041.0 -21487.0 
-21197.0 -21341.0 
-21174.0 -21351.0 
-21303.0 -21144.0 
-21282.0 -21168.0 
-21162.0 -21373.0 
-20936.0 -21607.0 
-21135.0 -21399.0 
-20970.0 -21554.0 
-21094.0 -21434.0 
-21037.0 -21492.0 
-20975.0 -21546.0 
-20827.0 -21665.0 
-21275.0 -21216.0 
-21228.0 -21280.0 
-20973.0 -21547.0 
-21059.0 -21463.0 
-21225.0 -21289.0 
-21024.0 -21535.0 
-21054.0 -21486.0 
-21041.0 -21487.0 
-21251.0 -21238.0 
-21165.0 -21353.0 
-21092.0 -21460.0 
-20975.0 -21546.0 
-20978.0 -21536.0 
-20973.0 -21547.0 
-21256.0 -21237.0 
-21258.0 -21217.0 
-21309.0 -21107.0 
-20919.0 -21615.0 
-20945.0 -21567.0 
-21029.0 -21510.0 
-21293.0 -21157.0 
-21206.0 -21305.0 
-21128.0 -21421.0 
-21197.0 -21341.0 
-21174.0 -21351.0 
-21303.0 -21144.0 
-21282.0 -21168.0 
-21135.0 -21399.0 
-20936.0 -21607.0 
-21094.0 -21434.0 
-20827.0 -21665.0 
-21225.0 -21289.0 
-21024.0 -21535.0 
-21251.0 -21238.0 
-20973.0 -21547.0 
-20978.0 -21536.0 
-20945.0 -21567.0 
-20936.0 -21607.0 
-21251.0 -21238.0 
-20827.0 -21665.0 
