6.432647611637817286e-01
6.421191275703664880e-01
6.421818015236852029e-01
6.422353704698648968e-01
6.418685579672918085e-01
6.420153975910206645e-01
6.422745300233763110e-01
6.419268421437656080e-01
6.419797628803025624e-01
6.418664151168848031e-01
6.423804659707821330e-01
6.422020465248732268e-01
6.421400542686787061e-01
6.426125351120816065e-01
6.422071724106248602e-01
6.418753336877697224e-01
6.420914403203298315e-01
6.418928532016157096e-01
6.427584386982010400e-01
6.422499217432806606e-01
6.418651669859433140e-01
6.425945696781520944e-01
6.419591844109237000e-01
6.421561953573086123e-01
6.420990474185002128e-01
6.420519700664585327e-01
6.418720401537583164e-01
6.423428984582807422e-01
6.421837586782334073e-01
6.418863785056845295e-01
6.423121083410652243e-01
