7.419599249551500587e-04
7.875964656548135358e-04
7.815989258352754087e-04
7.673746991347645419e-04
7.832800860228681045e-04
8.513160716397610373e-04
7.909396600408640302e-04
7.596230750192565009e-04
8.303353879270084122e-04
7.362210900835591126e-04
9.129784641185219882e-04
8.672992986725838217e-04
7.598620476042363455e-04
8.222974422530624503e-04
8.020211896169661013e-04
7.717165480147680952e-04
7.949633752885695197e-04
8.716723595481134894e-04
8.167901653769176363e-04
9.576583054195701803e-04
7.700813372731750341e-04
8.320742312599836319e-04
7.844465459704686545e-04
7.646918869501698451e-04
8.008362919633076711e-04
8.567480108681227577e-04
8.524115886413210922e-04
8.520823009233076395e-04
7.808881106464158391e-04
7.893281967515763508e-04
8.398370174930315079e-04
