0.6317465290361591	97221.4836910386
0.7690621890812946	68694.95447453918
0.6659518209272084	89978.13722221638
0.08171881670373726	93507.43039664911
0.09344936086545985	98323.87160440734
0.7660697396948009	88952.55259778742
0.7512490554005852	90881.81128225703
0.46299657198676325	102207.32844659942
0.9367056048315231	86056.27598101126
0.016831142413344935	100153.68229594978
0.8210792764587561	105757.25545060138
0.6842025538964158	76572.14005679064
0.9453602998042125	106339.33127229933
0.9529041808114894	110293.98046245497
0.6787807496043723	103318.68223756219
0.3612021578555106	115817.47791823669
0.9691410139963527	102924.5787957237
0.23479154418548542	110953.00180087285
0.39575717748332273	101378.97035035424
0.48101784919711854	115671.06854002774
0.8977385983495176	122896.91920334748
0.15163025602129854	117258.67849594988
0.21744008277813665	97954.36083538974
0.21058831732149408	108834.04836297329
0.5186605650318504	81365.31724408705
0.23229833440157033	130221.19779201792
0.36668104448623895	93845.7344447325
0.632146400644136	83554.0370973536
0.148494075190842	87625.10017522673
0.7707269281922203	81144.03056399515
0.9101346662431433	81683.2232137
0.13135399227079003	93978.75715515822
0.8760743091225788	98657.52424504438
0.09690831537776623	115714.5134663986
0.9110671250747403	110088.09341343869
0.7032050077564246	129715.89419748433
0.5444160089571238	94682.32519613327
0.42245878946170623	113641.62839129716
0.24338751387573865	103210.43913135178
0.09798194740503974	105797.3225950973
0.9245323383374717	119243.44110623898
0.391623117480964	103335.69828718819
0.9688579376198522	97556.58696722344
0.49854650811403645	84534.8808738844
0.7457319282686877	97549.00187026175
0.10667663880851963	125104.15322465653
0.8156825940768144	120568.59597697087
0.28639095725187813	120315.13305988148
0.298034925847795	106672.45692093976
0.8450080746083254	122329.65438152978
0.5070148603385001	108879.14384708647
0.22669003797488196	77001.05875906085
0.4862179826169414	92797.06181739537
0.8107075245606168	100540.45166487712
0.389673502442314	106577.04263158729
0.8571958461796906	132525.08880705468
0.39924787972152653	110317.95726288266
0.3069076544578553	111622.20879732538
0.3450333934364821	86399.00599074362
0.2431345215045091	107561.60554306323
0.3621802926734209	127736.89128668404
0.9318272304434799	90294.33075416254
0.37603424082166215	87764.16029921947
0.830763001260088	107123.17015719575
0.5817575540875545	116441.95304756018
0.19731903537528162	115146.84694229942
0.4936187944282565	141765.22635579915
0.32868383846973925	123743.01852268293
0.031090786162083384	103446.08271466181
0.25782087810364906	94766.75012768383
0.8369346202653124	75409.73864935522
0.5740190057094563	89227.44437153856
0.41924001764419805	111925.63896712543
0.312162596794355	84549.74626196646
0.7386278799724102	90735.10710972239
0.8099972189346076	119522.9057822501
0.5764039651387898	122312.2137254509
0.987434717796819	90811.99118452687
0.21052917444006636	114429.76498825768
0.5472289786358013	104233.60553230191
0.12100451391716438	106900.69945364865
0.5542744306614453	106562.08752218822
0.8988676120789734	91800.8932651108
0.9927994738754982	107903.69590623847
0.28653363659636766	124702.88917128905
0.5314182370573811	106701.81613681458
0.09096713176743954	94857.95076800059
0.9256710716790237	128080.5302062907
0.6606669078779348	103555.34488613009
0.38990203392641476	112939.219083689
0.5225359405814912	96902.28668107378
0.7161668014456878	100970.76189666423
0.2641998436271471	120742.07252105819
0.8144179615216053	100437.46510453413
0.43743889195202834	122453.48317294009
0.6584281793256497	106416.50512334338
0.8083615395216989	90002.75328243445
0.35582607400324207	106045.1501669699
0.13961989113061002	109494.35188610762
0.9345901428571185	124522.67432522136
