-18428.0 -19369.0 
-18428.0 -19369.0 
-19113.0 -18697.0 
-18962.0 -18971.0 
-18482.0 -19297.0 
-18868.0 -19063.0 
-18838.0 -19093.0 
-18606.0 -19273.0 
-18554.0 -19294.0 
-19062.0 -18781.0 
-19008.0 -18901.0 
-19045.0 -18840.0 
-18912.0 -19008.0 
-19091.0 -18725.0 
-18471.0 -19350.0 
-18689.0 -19212.0 
-19062.0 -18781.0 
-18912.0 -19008.0 
-19018.0 -18862.0 
-18965.0 -18911.0 
-18714.0 -19202.0 
-19091.0 -18725.0 
-18554.0 -19294.0 
-18881.0 -19040.0 
-18758.0 -19158.0 
-18776.0 -19129.0 
-18606.0 -19273.0 
-18770.0 -19143.0 
-18474.0 -19339.0 
-18881.0 -19040.0 
-18634.0 -19232.0 
-18803.0 -19094.0 
-19045.0 -18840.0 
-18733.0 -19160.0 
-18634.0 -19232.0 
-18731.0 -19170.0 
-18976.0 -18907.0 
-19018.0 -18862.0 
-18659.0 -19221.0 
-18659.0 -19221.0 
-18789.0 -19109.0 
-18714.0 -19202.0 
-18731.0 -19170.0 
-18789.0 -19109.0 
-18640.0 -19223.0 
-18474.0 -19339.0 
-18796.0 -19100.0 
-18796.0 -19100.0 
-18976.0 -18907.0 
-18636.0 -19225.0 
-18482.0 -19297.0 
-18970.0 -18908.0 
-18803.0 -19094.0 
-18965.0 -18911.0 
-18640.0 -19223.0 
-18970.0 -18908.0 
-18733.0 -19160.0 
-18636.0 -19225.0 
-19091.0 -18725.0 
-18554.0 -19294.0 
-18606.0 -19273.0 
-18634.0 -19232.0 
-19018.0 -18862.0 
-18659.0 -19221.0 
-18731.0 -19170.0 
-18474.0 -19339.0 
-18796.0 -19100.0 
-18976.0 -18907.0 
-18482.0 -19297.0 
-18803.0 -19094.0 
-18640.0 -19223.0 
-18636.0 -19225.0 
-18976.0 -18907.0 
-18976.0 -18907.0 
-18731.0 -19170.0 
-18640.0 -19223.0 
-19091.0 -18725.0 
-18640.0 -19223.0 
-18606.0 -19273.0 
-18640.0 -19223.0 
-18554.0 -19294.0 
-18606.0 -19273.0 
-18640.0 -19223.0 
-18554.0 -19294.0 
-18731.0 -19170.0 
-18659.0 -19221.0 
-18976.0 -18907.0 
-18976.0 -18907.0 
-18976.0 -18907.0 
-18976.0 -18907.0 
-19018.0 -18862.0 
-18634.0 -19232.0 
-19091.0 -18725.0 
-19018.0 -18862.0 
-18640.0 -19223.0 
-18976.0 -18907.0 
-19091.0 -18725.0 
-18731.0 -19170.0 
-18640.0 -19223.0 
-19018.0 -18862.0 
