-18398.0 -19373.0 
-19229.0 -18433.0 
-19229.0 -18433.0 
-19011.0 -18947.0 
-18723.0 -19218.0 
-19022.0 -18878.0 
-18488.0 -19347.0 
-18428.0 -19353.0 
-19121.0 -18740.0 
-19194.0 -18581.0 
-18692.0 -19244.0 
-18693.0 -19221.0 
-19206.0 -18507.0 
-19197.0 -18563.0 
-18929.0 -19043.0 
-18793.0 -19171.0 
-18831.0 -19134.0 
-19133.0 -18685.0 
-19216.0 -18446.0 
-18805.0 -19147.0 
-18951.0 -19019.0 
-19212.0 -18486.0 
-19172.0 -18612.0 
-18649.0 -19264.0 
-18954.0 -18991.0 
-18834.0 -19107.0 
-19101.0 -18772.0 
-18545.0 -19311.0 
-18580.0 -19298.0 
-19151.0 -18621.0 
-19121.0 -18740.0 
-18649.0 -19264.0 
-19146.0 -18653.0 
-18899.0 -19044.0 
-18753.0 -19188.0 
-18428.0 -19353.0 
-18753.0 -19188.0 
-18763.0 -19183.0 
-18853.0 -19095.0 
-18627.0 -19266.0 
-18492.0 -19332.0 
-19136.0 -18663.0 
-19031.0 -18876.0 
-19101.0 -18772.0 
-18580.0 -19298.0 
-19077.0 -18820.0 
-18849.0 -19105.0 
-18505.0 -19328.0 
-19081.0 -18812.0 
-19154.0 -18616.0 
-18531.0 -19321.0 
-18986.0 -18963.0 
-19077.0 -18820.0 
-19051.0 -18849.0 
-18894.0 -19063.0 
-19054.0 -18846.0 
-19054.0 -18846.0 
-19172.0 -18612.0 
-18974.0 -18973.0 
-19197.0 -18563.0 
-19210.0 -18491.0 
-18951.0 -19019.0 
-19088.0 -18784.0 
-18805.0 -19147.0 
-18863.0 -19082.0 
-19206.0 -18507.0 
-18986.0 -18963.0 
-18929.0 -19043.0 
-18543.0 -19318.0 
-19051.0 -18849.0 
-18793.0 -19171.0 
-18599.0 -19291.0 
-19134.0 -18677.0 
-18897.0 -19049.0 
-19031.0 -18876.0 
-18606.0 -19287.0 
-18977.0 -18967.0 
-18763.0 -19183.0 
-18621.0 -19271.0 
-18621.0 -19271.0 
-18505.0 -19328.0 
-19133.0 -18685.0 
-18974.0 -18973.0 
-18954.0 -18991.0 
-18692.0 -19244.0 
-18606.0 -19287.0 
-18531.0 -19321.0 
-18875.0 -19075.0 
-18875.0 -19075.0 
-19085.0 -18796.0 
-18887.0 -19068.0 
-18863.0 -19082.0 
-19216.0 -18446.0 
-19085.0 -18796.0 
-18831.0 -19134.0 
-19146.0 -18653.0 
-19088.0 -18784.0 
-18545.0 -19311.0 
-18599.0 -19291.0 
-18887.0 -19068.0 
