-18573.0 -19264.0 
-19160.0 -18594.0 
-18573.0 -19264.0 
-19154.0 -18680.0 
-19093.0 -18718.0 
-19156.0 -18622.0 
-18824.0 -19078.0 
-19071.0 -18770.0 
-19052.0 -18826.0 
-18731.0 -19167.0 
-18690.0 -19183.0 
-19019.0 -18840.0 
-19113.0 -18687.0 
-18617.0 -19244.0 
-18948.0 -18973.0 
-19063.0 -18819.0 
-19071.0 -18770.0 
-18665.0 -19213.0 
-18978.0 -18911.0 
-18839.0 -19051.0 
-19007.0 -18867.0 
-18862.0 -19050.0 
-18961.0 -18917.0 
-18685.0 -19202.0 
-18899.0 -18999.0 
-18992.0 -18898.0 
-18902.0 -18978.0 
-18636.0 -19225.0 
-18802.0 -19085.0 
-18957.0 -18944.0 
-18919.0 -18974.0 
-19000.0 -18871.0 
-18878.0 -19006.0 
-18671.0 -19207.0 
-18957.0 -18944.0 
-19109.0 -18717.0 
-18872.0 -19036.0 
-18620.0 -19232.0 
-18636.0 -19225.0 
-18742.0 -19147.0 
-18751.0 -19128.0 
-18731.0 -19167.0 
-19019.0 -18840.0 
-18744.0 -19130.0 
-18779.0 -19120.0 
-18874.0 -19016.0 
-18791.0 -19099.0 
-18790.0 -19111.0 
-18617.0 -19244.0 
-18742.0 -19147.0 
-18992.0 -18898.0 
-18690.0 -19183.0 
-18765.0 -19125.0 
-18919.0 -18974.0 
-18802.0 -19085.0 
-18765.0 -19125.0 
-18839.0 -19051.0 
-18779.0 -19120.0 
-19110.0 -18703.0 
-19110.0 -18703.0 
-18872.0 -19036.0 
-19063.0 -18819.0 
-18791.0 -19099.0 
-19000.0 -18871.0 
-18874.0 -19016.0 
-18878.0 -19006.0 
-18948.0 -18973.0 
-18961.0 -18917.0 
-18899.0 -18999.0 
-18620.0 -19232.0 
-19113.0 -18687.0 
-18790.0 -19111.0 
-19154.0 -18680.0 
-18902.0 -18978.0 
-18744.0 -19130.0 
-19109.0 -18717.0 
-18573.0 -19264.0 
-18636.0 -19225.0 
-18731.0 -19167.0 
-18992.0 -18898.0 
-18690.0 -19183.0 
-18919.0 -18974.0 
-18802.0 -19085.0 
-19110.0 -18703.0 
-18872.0 -19036.0 
-19063.0 -18819.0 
-18791.0 -19099.0 
-18874.0 -19016.0 
-18878.0 -19006.0 
-19113.0 -18687.0 
-18899.0 -18999.0 
-18744.0 -19130.0 
-19109.0 -18717.0 
-18731.0 -19167.0 
-18802.0 -19085.0 
-18731.0 -19167.0 
-18731.0 -19167.0 
-19110.0 -18703.0 
-18731.0 -19167.0 
-18731.0 -19167.0 
