-18428.0 -19449.0 
-18428.0 -19449.0 
-19005.0 -18949.0 
-18826.0 -19179.0 
-18878.0 -19127.0 
-18832.0 -19136.0 
-19081.0 -18849.0 
-18637.0 -19335.0 
-19144.0 -18779.0 
-19148.0 -18729.0 
-18987.0 -19000.0 
-18921.0 -19074.0 
-18924.0 -19038.0 
-18949.0 -19037.0 
-18895.0 -19095.0 
-18590.0 -19337.0 
-19103.0 -18794.0 
-19051.0 -18883.0 
-18970.0 -19003.0 
-19024.0 -18919.0 
-19088.0 -18835.0 
-18730.0 -19239.0 
-18458.0 -19421.0 
-18676.0 -19276.0 
-19051.0 -18883.0 
-19115.0 -18782.0 
-19043.0 -18905.0 
-18717.0 -19251.0 
-18646.0 -19300.0 
-18895.0 -19095.0 
-18466.0 -19408.0 
-18458.0 -19421.0 
-18522.0 -19358.0 
-19024.0 -18919.0 
-18509.0 -19389.0 
-18694.0 -19262.0 
-19088.0 -18835.0 
-18511.0 -19371.0 
-19148.0 -18729.0 
-19103.0 -18794.0 
-18752.0 -19212.0 
-18570.0 -19346.0 
-18496.0 -19392.0 
-18970.0 -19003.0 
-18710.0 -19259.0 
-18742.0 -19229.0 
-18921.0 -19074.0 
-18475.0 -19395.0 
-18949.0 -19037.0 
-18590.0 -19337.0 
-18542.0 -19353.0 
-18570.0 -19346.0 
-19043.0 -18905.0 
-18987.0 -19000.0 
-18694.0 -19262.0 
-18654.0 -19289.0 
-18670.0 -19281.0 
-18542.0 -19353.0 
-18557.0 -19351.0 
-18747.0 -19217.0 
-18496.0 -19392.0 
-18522.0 -19358.0 
-18557.0 -19351.0 
-19115.0 -18782.0 
-18646.0 -19300.0 
-18832.0 -19136.0 
-18742.0 -19229.0 
-18471.0 -19397.0 
-18511.0 -19371.0 
-18670.0 -19281.0 
-18752.0 -19212.0 
-18654.0 -19289.0 
-18637.0 -19335.0 
-18710.0 -19259.0 
-18747.0 -19217.0 
-18650.0 -19294.0 
-18650.0 -19294.0 
-18471.0 -19397.0 
-19144.0 -18779.0 
-18475.0 -19395.0 
-18509.0 -19389.0 
-18924.0 -19038.0 
-19051.0 -18883.0 
-18970.0 -19003.0 
-18921.0 -19074.0 
-18987.0 -19000.0 
-18694.0 -19262.0 
-18522.0 -19358.0 
-18742.0 -19229.0 
-18747.0 -19217.0 
-18650.0 -19294.0 
-18475.0 -19395.0 
-18650.0 -19294.0 
-18475.0 -19395.0 
-18790.0 -19204.0 
-19172.0 -18708.0 
-18650.0 -19294.0 
-19020.0 -18948.0 
-18399.0 -19380.0 
-19170.0 -18704.0 
