0.0	21.002880922979983
0.0	21.002880922979983
0.8719561922881989	20.96380674213354
0.7329199545895619	20.974285863207445
0.7104172223622717	20.97585007890601
0.8305442518919204	20.96725569689016
0.8454150788880481	20.965882679259014
0.31755681151238274	20.995009645589466
0.8639268705020906	20.96447571086912
0.2743620802217123	20.996304589092485
0.009449136111994202	20.999806729597633
0.8520893569543906	20.965410134063003
0.6567622520019849	20.979346104579662
1.832809268792501E-15	21.00164065790374
0.40040359128866065	20.992332119323812
0.41704871026988544	20.99166151645282
0.2974748869139535	20.995666211055525
0.6978296904906658	20.976691724245054
0.42521333872552547	20.99127027549119
0.5291323480716307	20.986625447569157
0.7831632914846861	20.97072181493983
0.773010026179745	20.971508002835215
0.5172884757952358	20.987197763074175
0.13762210633918978	20.9990112212731
0.6669898052384867	20.978701557054322
0.15995568416872727	20.998686246406713
0.5885323531682223	20.983385284307538
0.6461820073242275	20.979999300693233
0.6233049243432105	20.98136252276267
0.23883735918564628	20.99715435255439
0.8103897178477332	20.968779847020567
0.762693774698574	20.972175537162528
0.043093989164056976	20.999786976307885
0.5377109979474505	20.986114436818642
0.8232269204727518	20.96771160831052
0.6319942539395107	20.980975172705215
0.5511234577847792	20.985414716533587
0.6161836614640747	20.982054902457524
0.44108857852745487	20.990645384895604
0.18160638327587647	20.998426004934984
0.28970788960999083	20.995900786690086
0.2558286296706998	20.99675171624742
0.8145398320564561	20.96826747283134
0.7896868864550154	20.970285603755258
0.10141453288699692	20.99938499990787
0.6404381203640237	20.98042902729017
0.6847169975152023	20.977557030034074
0.44463978136736904	20.99045839358003
0.5759450253755088	20.984087538359052
0.7513540274432269	20.972973547984346
0.8000005538557408	20.969380512878075
0.35752960917343857	20.993876471314433
0.3337145595676754	20.994661925533233
0.472324315318558	20.989286972501823
0.19896932131298165	20.998032090134718
0.08777522271079513	20.999582369889307
4.179020320188902E-8	21.000663268486765
0.6898738630936401	20.977373498978324
0.21071745886304966	20.997793854133835
0.3337145595676754	20.994661925533233
0.5951437957722279	20.983105720821946
0.7078134269020713	20.97605758234836
0.7963423862741758	20.969687848825703
0.3698494185050548	20.99340923195341
0.35752960917343857	20.993876471314433
0.38518965345556144	20.9928469333051
0.1494925790218217	20.99883707257847
0.6031736582771124	20.982635253436538
0.0620369632558129	20.999700800018317
0.5464281257971626	20.9856471864062
0.00199765645430397	21.000260887781657
0.07351190869157621	20.999612278536045
0.3738871887211272	20.993256032512953
0.22413987758264206	20.99748796937295
0.4588733619112028	20.989881019833582
0.49647254326570744	20.988125162931503
0.7492184574902498	20.973126128454982
0.38965238668165125	20.992633150025167
0.573052002159663	20.984246819120653
0.4588733619112028	20.989881019833582
0.1883390442173831	20.998277285634813
0.2509761958891119	20.996923303052842
0.4854413097284352	20.988670784775717
0.607899515655995	20.982356178091564
0.7674128100690516	20.971934627288544
0.5639730258878478	20.984732787319544
0.47567785282449127	20.989134877217882
0.5639730258878478	20.984732787319544
0.1177584603737537	20.999309095886794
0.6741563912899436	20.978258898395413
0.7411401205471764	20.973721295362648
0.1177584603737537	20.999309095886794
0.498552489282042	20.98805260569306
0.046465860542284805	20.999707197023895
0.7409990501969892	20.973739667163475
0.6741563912899436	20.978258898395413
0.5079919388168287	20.98759542468338
0.22047692958998408	20.997567801145312
0.48411665920341634	20.98873533376991
0.5069689163768287	20.98764341059452
