0.0	21.00365000770081
0.0	21.00365000770081
0.7320596558569697	20.97728365824382
0.06702458300468893	21.002356957417398
0.11330565206329829	21.002346985651275
0.2572809382720682	20.999639328276896
0.45127000628310565	20.99286946588998
0.32698998147505326	20.997301018848248
0.41004733412242744	20.994507298809527
0.2295002168720532	20.999839164597212
0.3034198893321467	20.998007128411334
0.5303338670907021	20.989171186545583
0.3161913455531563	20.997850266128893
0.6210246439461724	20.98449032442122
0.6066817602654937	20.98503326943886
0.05165304614866943	21.002657070969
0.11906845138932529	21.001799710984166
0.5894125309704973	20.986242741113696
0.39818592911343215	20.995229642052543
0.581613048023305	20.986695619506943
0.13517497249788782	21.001610367552704
0.16915414030309694	21.001453970703345
0.5170031156515228	20.98976087175489
0.1523101274202986	21.001583009468323
0.5699512958114377	20.987006189565644
0.599903590811444	20.985849961595004
0.5019955648820245	20.99039549280965
0.6997733704215218	20.97946159243266
0.2697184287013655	20.999381560242544
0.6918369849491021	20.979991052193817
0.49433771573041346	20.991090075622175
0.18174957741640582	21.001236938938682
0.5552480744528615	20.987805728078467
0.6726693850279066	20.981270835230152
0.7319800563405229	20.977289206878005
0.357508295782174	20.99673029914922
0.7114053033953486	20.97875240370971
0.7023622251876116	20.9790326659584
0.46107806769057835	20.992571495660147
0.375177673294696	20.99614318694491
0.3446358982288877	20.997126218378654
0.6761981551262671	20.98088662708375
0.7156939348723723	20.97838310626333
0.6017259825099761	20.98532579207435
0.5628428443196644	20.987389463015784
0.6445286825328578	20.982720724261895
0.5462211420060052	20.988362278072383
0.21880724906385216	21.000388667356436
0.6396661043860525	20.982991886703736
0.6835466163986768	20.98055347767046
0.637051592276977	20.983456199359363
0.2742655751909545	20.99897532409303
8.68855590001245E-8	21.0030441767487
0.6506084713548882	20.9823523201481
0.01623509880602368	21.002805956930164
0.7217068854068437	20.978046507852063
0.485992126097721	20.991546689884732
0.204340421464501	21.00082176298454
0.21095507697019547	21.00068576701986
0.2928971855297847	20.998698811160036
0.28572604538079044	20.99895991430797
0.38191657849363747	20.995887477956103
0.22841907441247047	21.00030764626239
0.43074942322292115	20.993997577554694
0.3902699833024593	20.99574484696027
0.4239198882486111	20.994447357718002
0.4798643004286689	20.99182799387338
0.033629184077733326	21.002684260943482
0.6861104840216815	20.980244071208098
0.5074888663060345	20.99021778769137
0.34464914238363825	20.99682570289264
0.004567105462512336	21.002821499708062
0.6301388477888847	20.983647144043164
0.6226716935913661	20.984062588832234
0.3937081441255468	20.995402080553195
0.5136404550375456	20.989955012339777
0.6658629492055717	20.981660743477114
0.5440081591296597	20.988426986173874
0.4904578749132017	20.99123676004689
0.028303429617528377	21.002700225351266
0.4675987320563952	20.992337207201597
0.7217068854068437	20.978046507852063
0.42575111304310725	20.994164653914346
0.5625704747431823	20.987786035780893
0.6263924491559911	20.98388327958415
0.4756353769324826	20.992067984601622
0.6597011018780096	20.982059263608726
0.19387441222548288	21.00102799893578
0.43360151945877734	20.99347750378733
0.3631572399849895	20.996325213592776
0.5371576814841936	20.988827708268055
0.1920233212581075	21.001046079052383
0.2928971855297847	20.998698811160036
0.43360151945877734	20.99347750378733
0.4330931023880027	20.993497611894707
0.6576645930553878	20.982202236238432
0.6623248961198169	20.9816968598967
0.3626957626210919	20.99634099549078
0.5371576814841936	20.988827708268055
0.4702152141420369	20.99216326543862
