0.9994246233084854	20.953288019261514
0.0	21.00091248772899
0.8241638352917127	20.968507803770184
0.8064604207717029	20.96985914268713
0.5637982527656427	20.98562554257612
0.9044593290987121	20.96190109481459
0.7902875427281824	20.971111084967298
0.5833726975479117	20.984646137091033
0.8405810827208937	20.967233611427282
0.6315096333570437	20.981757220741482
0.9884709663234756	20.954324863322764
0.09026950382952686	21.000466626413274
0.8740714658334003	20.964469873344388
0.7236695958568984	20.975916557122655
0.9416354942273064	20.958631876543944
0.37436020376426304	20.994180356556427
0.7593922310142507	20.973390385505336
0.9800917495996786	20.955110191390226
0.05685574039073337	21.000606303944892
0.7324168173854444	20.97533311469508
0.270307868736011	20.997371153123318
0.3480661169533773	20.99508356008426
0.6171355940112648	20.982717154444433
0.4241198311404902	20.992196469014115
0.682317914192164	20.978696624341907
0.4493484412439147	20.991137852751326
0.02245593916175051	21.00082753121962
0.6504833556955715	20.980703771346114
0.3578023976207808	20.99475556125465
0.9335593305160226	20.959350619821645
0.47136032237483133	20.990272116128498
0.9710345489018435	20.956000264159965
0.9649427462763356	20.956501810413922
0.1322545702713716	20.99992353784704
0.9260116762243255	20.960018997814675
0.17530471913167744	20.9993871981733
0.8923017722675003	20.962964343803034
0.22257666473687956	20.99839050452152
0.5262395447421624	20.98770349950402
0.8795151994562076	20.963894731368395
0.4977888591889654	20.989054719283207
0.23996211535218595	20.998145399273984
0.6982231206951224	20.97763535707751
0.9522751368569418	20.957669373782956
0.4636185344052995	20.990603662655122
0.508016598882689	20.988598106035862
0.6622543350836344	20.97999475527012
0.289244547664009	20.996777760090353
0.9140846354822545	20.96105774046587
0.04394934635362563	21.000759717578898
0.6033098448302265	20.98351973192092
0.8513078086884023	20.96634156140576
0.6931363420829988	20.9779756789787
0.8606421608269785	20.965581130636703
0.7489885089682166	20.97434287620397
0.744318428150844	20.97447135548938
0.4102272911236177	20.992893951539273
0.29452540509149827	20.9966291590989
0.9556443610417421	20.957378567673942
0.5175444343852718	20.98809756550444
0.20855045259749447	20.99866640585155
0.591982180855195	20.98416460855832
0.38756696094869936	20.993600859814677
0.6238869602173439	20.982212948294535
0.10667307333231406	21.000253780271787
0.7686191436785603	20.972718857609284
0.313691612656003	20.99616657989289
0.5525722650977145	20.986311289464563
0.9183595958867777	20.960702127010496
0.15629918020033184	20.999911747729985
0.11970115192744052	21.00024483732934
0.8892652562064345	20.963196365777016
0.1903961132965077	20.999052097318096
0.7100582401510859	20.976848036487745
0.5486610996367558	20.986517804627344
0.7100582401510859	20.976848036487745
0.15914745145185188	20.99963151984534
0.6728917748301174	20.97927538181471
0.2517588847454759	20.997836799493196
0.8461244957216659	20.96676227474956
0.7828802478831831	20.971671231893886
0.4102272911236177	20.992893951539273
0.259275863095314	20.99764945233403
0.4388370410109209	20.991680102447543
0.38756696094869936	20.993600859814677
0.48704509168644416	20.989594759420513
0.3292508348386254	20.99568999625473
0.652367777955313	20.980586673151706
0.7728745316107781	20.97240907879214
0.1971205851201652	20.9989269167693
0.6695107272722041	20.979506586778925
0.3167900013132622	20.996073848648663
0.4354791659974894	20.991822004074844
0.7790062783986706	20.971956992813816
0.8601172572115384	20.965607835248612
0.3292508348386254	20.99568999625473
0.48704509168644416	20.989594759420513
0.5996080831630939	20.983731126534593
0.5379908799562179	20.987070296198016
0.5379908799562179	20.987070296198016
