-19161.0 -18632.0 
-18231.0 -19433.0 
-19161.0 -18632.0 
-18231.0 -19433.0 
-18415.0 -19372.0 
-18291.0 -19390.0 
-19136.0 -18636.0 
-18653.0 -19226.0 
-18346.0 -19379.0 
-18419.0 -19321.0 
-19096.0 -18706.0 
-18958.0 -18885.0 
-18952.0 -18924.0 
-18291.0 -19390.0 
-18923.0 -18928.0 
-18908.0 -18964.0 
-18660.0 -19180.0 
-19131.0 -18683.0 
-18540.0 -19286.0 
-18346.0 -19379.0 
-18833.0 -19036.0 
-19084.0 -18747.0 
-18571.0 -19260.0 
-18826.0 -19068.0 
-18505.0 -19289.0 
-18571.0 -19260.0 
-18765.0 -19124.0 
-18491.0 -19307.0 
-18879.0 -18972.0 
-18778.0 -19087.0 
-18677.0 -19172.0 
-19031.0 -18796.0 
-18857.0 -19031.0 
-19008.0 -18820.0 
-19047.0 -18760.0 
-18623.0 -19232.0 
-19006.0 -18839.0 
-19040.0 -18770.0 
-18685.0 -19148.0 
-19096.0 -18706.0 
-18603.0 -19239.0 
-18457.0 -19314.0 
-18540.0 -19286.0 
-18694.0 -19143.0 
-18600.0 -19243.0 
-19017.0 -18800.0 
-18767.0 -19105.0 
-18966.0 -18870.0 
-19126.0 -18685.0 
-19016.0 -18812.0 
-18866.0 -18997.0 
-18737.0 -19136.0 
-18722.0 -19139.0 
-19066.0 -18757.0 
-19126.0 -18685.0 
-18864.0 -19016.0 
-18737.0 -19136.0 
-18876.0 -18988.0 
-18448.0 -19315.0 
-18623.0 -19232.0 
-18990.0 -18845.0 
-18802.0 -19082.0 
-18908.0 -18964.0 
-18983.0 -18854.0 
-18767.0 -19105.0 
-18431.0 -19316.0 
-18600.0 -19243.0 
-18966.0 -18870.0 
-18810.0 -19080.0 
-19084.0 -18747.0 
-18826.0 -19068.0 
-19040.0 -18770.0 
-18722.0 -19139.0 
-18981.0 -18858.0 
-18923.0 -18928.0 
-18864.0 -19016.0 
-18494.0 -19303.0 
-18810.0 -19080.0 
-18677.0 -19172.0 
-18457.0 -19314.0 
-18778.0 -19087.0 
-18660.0 -19180.0 
-18765.0 -19124.0 
-18981.0 -18858.0 
-18494.0 -19303.0 
-19071.0 -18755.0 
-18505.0 -19289.0 
-19071.0 -18755.0 
-18653.0 -19226.0 
-18990.0 -18845.0 
-18802.0 -19082.0 
-18685.0 -19148.0 
-19031.0 -18796.0 
-18694.0 -19143.0 
-18876.0 -18988.0 
-18431.0 -19316.0 
-18857.0 -19031.0 
-18833.0 -19036.0 
-18866.0 -18997.0 
-18879.0 -18972.0 
