-18607.0 -19712.0 
-19448.0 -18833.0 
-18777.0 -19660.0 
-18942.0 -19654.0 
-19382.0 -19053.0 
-19390.0 -18937.0 
-19279.0 -19210.0 
-18674.0 -19680.0 
-19336.0 -19153.0 
-19268.0 -19294.0 
-19035.0 -19586.0 
-19410.0 -18868.0 
-19248.0 -19300.0 
-19370.0 -19085.0 
-19229.0 -19352.0 
-18674.0 -19680.0 
-19415.0 -18854.0 
-18619.0 -19698.0 
-19370.0 -19085.0 
-19242.0 -19349.0 
-19138.0 -19499.0 
-18989.0 -19612.0 
-19184.0 -19401.0 
-19393.0 -18922.0 
-19204.0 -19387.0 
-19144.0 -19462.0 
-19306.0 -19169.0 
-19174.0 -19438.0 
-19052.0 -19582.0 
-19298.0 -19195.0 
-18989.0 -19612.0 
-19054.0 -19558.0 
-19204.0 -19387.0 
-19093.0 -19541.0 
-19160.0 -19443.0 
-19393.0 -18922.0 
-18942.0 -19654.0 
-18967.0 -19629.0 
-19074.0 -19544.0 
-19073.0 -19555.0 
-18619.0 -19698.0 
-19114.0 -19513.0 
-18967.0 -19629.0 
-19114.0 -19513.0 
-19331.0 -19155.0 
-19100.0 -19518.0 
-19144.0 -19462.0 
-18971.0 -19623.0 
-19184.0 -19401.0 
-19298.0 -19195.0 
-19306.0 -19169.0 
-19160.0 -19443.0 
-19138.0 -19499.0 
-19331.0 -19155.0 
-19268.0 -19294.0 
-19098.0 -19530.0 
-19174.0 -19438.0 
-18971.0 -19623.0 
-19098.0 -19530.0 
-19242.0 -19349.0 
-19100.0 -19518.0 
-19054.0 -19558.0 
-19073.0 -19555.0 
-19074.0 -19544.0 
-18989.0 -19612.0 
-19204.0 -19387.0 
-18942.0 -19654.0 
-19144.0 -19462.0 
-19184.0 -19401.0 
-19160.0 -19443.0 
-19138.0 -19499.0 
-18971.0 -19623.0 
-19098.0 -19530.0 
-19100.0 -19518.0 
-19054.0 -19558.0 
-19074.0 -19544.0 
-19100.0 -19518.0 
-19074.0 -19544.0 
-19074.0 -19544.0 
-19054.0 -19558.0 
-19100.0 -19518.0 
-18971.0 -19623.0 
-19074.0 -19544.0 
-19074.0 -19544.0 
-19074.0 -19544.0 
-19054.0 -19558.0 
-19098.0 -19530.0 
-19074.0 -19544.0 
-19204.0 -19387.0 
-19184.0 -19401.0 
-19100.0 -19518.0 
-19074.0 -19544.0 
-19074.0 -19544.0 
-19074.0 -19544.0 
-19074.0 -19544.0 
-19100.0 -19518.0 
-19184.0 -19401.0 
-19098.0 -19530.0 
-19098.0 -19530.0 
-19204.0 -19387.0 
