-19414.0 -18904.0 
-18691.0 -19679.0 
-18691.0 -19679.0 
-19414.0 -18904.0 
-18773.0 -19637.0 
-19400.0 -18957.0 
-19363.0 -19082.0 
-19344.0 -19163.0 
-19381.0 -19036.0 
-18898.0 -19616.0 
-19014.0 -19530.0 
-18976.0 -19558.0 
-19077.0 -19522.0 
-19081.0 -19494.0 
-19127.0 -19485.0 
-19172.0 -19443.0 
-19168.0 -19461.0 
-19313.0 -19195.0 
-18728.0 -19657.0 
-18763.0 -19653.0 
-19127.0 -19485.0 
-19184.0 -19406.0 
-19309.0 -19220.0 
-18921.0 -19576.0 
-18943.0 -19563.0 
-18898.0 -19616.0 
-19219.0 -19348.0 
-19238.0 -19335.0 
-19283.0 -19260.0 
-19276.0 -19291.0 
-19313.0 -19195.0 
-19198.0 -19403.0 
-19290.0 -19221.0 
-18920.0 -19587.0 
-19271.0 -19308.0 
-18705.0 -19676.0 
-19283.0 -19260.0 
-19216.0 -19371.0 
-18920.0 -19587.0 
-19255.0 -19311.0 
-18728.0 -19657.0 
-18943.0 -19563.0 
-19209.0 -19382.0 
-19168.0 -19461.0 
-18705.0 -19676.0 
-19289.0 -19236.0 
-19276.0 -19291.0 
-19209.0 -19382.0 
-19289.0 -19236.0 
-19219.0 -19348.0 
-19184.0 -19406.0 
-19198.0 -19403.0 
-18763.0 -19653.0 
-19216.0 -19371.0 
-19081.0 -19494.0 
-19250.0 -19323.0 
-19077.0 -19522.0 
-19242.0 -19331.0 
-19242.0 -19331.0 
-19249.0 -19325.0 
-19271.0 -19308.0 
-19255.0 -19311.0 
-19250.0 -19323.0 
-19249.0 -19325.0 
-19290.0 -19221.0 
-19184.0 -19406.0 
-19198.0 -19403.0 
-19242.0 -19331.0 
-19198.0 -19403.0 
-19184.0 -19406.0 
-19198.0 -19403.0 
-19242.0 -19331.0 
-19184.0 -19406.0 
-19198.0 -19403.0 
-19198.0 -19403.0 
-19198.0 -19403.0 
-19198.0 -19403.0 
-19198.0 -19403.0 
-19198.0 -19403.0 
-19198.0 -19403.0 
-19198.0 -19403.0 
-19198.0 -19403.0 
-19198.0 -19403.0 
-19198.0 -19403.0 
-19198.0 -19403.0 
-19198.0 -19403.0 
-19198.0 -19403.0 
-19184.0 -19406.0 
-19198.0 -19403.0 
-19184.0 -19406.0 
-19184.0 -19406.0 
-19198.0 -19403.0 
-19198.0 -19403.0 
-19184.0 -19406.0 
-19184.0 -19406.0 
-19198.0 -19403.0 
-19198.0 -19403.0 
-19198.0 -19403.0 
-19198.0 -19403.0 
-19198.0 -19403.0 
