-19139.0 -18553.0 
-19139.0 -18553.0 
-18619.0 -19269.0 
-18619.0 -19269.0 
-18661.0 -19248.0 
-19084.0 -18723.0 
-19105.0 -18658.0 
-19100.0 -18666.0 
-18694.0 -19228.0 
-19009.0 -18932.0 
-18756.0 -19210.0 
-18694.0 -19228.0 
-18735.0 -19213.0 
-19105.0 -18658.0 
-18767.0 -19178.0 
-18879.0 -19106.0 
-19044.0 -18816.0 
-19037.0 -18861.0 
-18735.0 -19213.0 
-18986.0 -18933.0 
-19013.0 -18909.0 
-18977.0 -18982.0 
-19077.0 -18786.0 
-19078.0 -18756.0 
-19078.0 -18756.0 
-19026.0 -18902.0 
-19074.0 -18789.0 
-18930.0 -19023.0 
-19036.0 -18874.0 
-19062.0 -18799.0 
-18864.0 -19108.0 
-18918.0 -19043.0 
-18979.0 -18958.0 
-18936.0 -19006.0 
-18905.0 -19055.0 
-18930.0 -19023.0 
-18804.0 -19156.0 
-18792.0 -19169.0 
-18891.0 -19056.0 
-18844.0 -19136.0 
-18829.0 -19150.0 
-19047.0 -18803.0 
-18882.0 -19085.0 
-19037.0 -18861.0 
-18815.0 -19153.0 
-18781.0 -19172.0 
-19032.0 -18886.0 
-18781.0 -19172.0 
-18767.0 -19178.0 
-18945.0 -18995.0 
-19062.0 -18799.0 
-19032.0 -18886.0 
-18851.0 -19117.0 
-18862.0 -19113.0 
-18884.0 -19080.0 
-18918.0 -19043.0 
-18792.0 -19169.0 
-18804.0 -19156.0 
-18835.0 -19143.0 
-18936.0 -19006.0 
-18952.0 -18990.0 
-18911.0 -19046.0 
-18756.0 -19210.0 
-18815.0 -19153.0 
-19044.0 -18816.0 
-18945.0 -18995.0 
-19046.0 -18808.0 
-18962.0 -18987.0 
-18849.0 -19122.0 
-18885.0 -19069.0 
-18983.0 -18951.0 
-19026.0 -18902.0 
-18835.0 -19143.0 
-18969.0 -18984.0 
-18844.0 -19136.0 
-18962.0 -18987.0 
-18952.0 -18990.0 
-19013.0 -18909.0 
-18849.0 -19122.0 
-18969.0 -18984.0 
-18985.0 -18941.0 
-18829.0 -19150.0 
-18911.0 -19046.0 
-18889.0 -19061.0 
-18985.0 -18941.0 
-18889.0 -19061.0 
-18983.0 -18951.0 
-18979.0 -18958.0 
-18885.0 -19069.0 
-18905.0 -19055.0 
-18882.0 -19085.0 
-18862.0 -19113.0 
-18851.0 -19117.0 
-19047.0 -18803.0 
-18767.0 -19178.0 
-18835.0 -19143.0 
-18829.0 -19150.0 
-18985.0 -18941.0 
-18882.0 -19085.0 
-18767.0 -19178.0 
