1.1365007176961005E-16 1.8560465245773339 
1.8560532981197722 3.173500080274653E-17 
1.852341639629886 0.11731414924837455 
0.9472573497417787 1.5961248122981444 
0.8949530257507676 1.6260315049131737 
0.6830691210675264 1.7257862586357582 
1.2087451457334808 1.4084938360233297 
1.250048756944887 1.371971266337962 
1.144007714901185 1.4615919732691884 
1.6121165971418685 0.9197982929297785 
1.6626679081666247 0.8249049357302108 
0.043771309772952 1.8555344295537037 
1.5381598521506596 1.038780278706391 
1.7684261340239478 0.5635681885065676 
1.855624963062986 0.0397383687495952 
1.6831206759178219 0.7823212711210642 
1.5151004429072463 1.0720994430749824 
1.3103301616606509 1.3145178738176946 
0.09434585734804403 1.8536529601345415 
1.8310298151784086 0.3037409555726051 
0.40083180616588354 1.81225391442113 
0.977498534441888 1.577792997816717 
1.8471818395201702 0.18124973639611977 
1.8032778664754359 0.43944658517479607 
0.1746604066968895 1.8478118832991386 
1.4315045787908363 1.181400145570007 
0.21944043875951047 1.8430352377493093 
1.7136234680226023 0.7130268436798337 
1.0778715474314386 1.5109939713961682 
1.7522241619502223 0.612065909985787 
0.6350779777758325 1.744019771129351 
1.458784045409976 1.147547347630614 
1.0404422946203633 1.5370104516095642 
1.7305304176776786 0.6709628979171185 
1.8147279599893453 0.38947738835824536 
1.2861586698986043 1.3381835441579688 
0.750038558228761 1.6977546949634912 
1.553511374094876 1.0156494455597003 
1.6343215426671556 0.8797229821947512 
1.1859695658320484 1.427730670644579 
1.5002244542245415 1.092825137916335 
1.4831705046604258 1.1158502030857471 
0.3423930624628365 1.824197456265824 
1.7947055470737667 0.4733154806151933 
1.3308569874681087 1.293729207737414 
0.8047031539289653 1.6725350879793481 
0.37386453544480525 1.81800340714711 
1.2703413862078297 1.3531995258602225 
1.648820093209697 0.8522463839492453 
1.346153382429649 1.2778065122550886 
1.3642299013240942 1.2584873518629054 
1.8374964418368835 0.26176373067554254 
0.8578423689675554 1.6459097247881829 
1.8247861907465557 0.33922807534328453 
1.5927284197972222 0.952961980398015 
1.5714827130413704 0.9876395379062008 
0.31037487956166293 1.8299194818146527 
1.8113379709259396 0.40494615043760057 
0.4862982142946483 1.791211317073266 
1.1103562309415729 1.487293550488383 
1.0306896296947472 1.5435707983998344 
1.1241139391026245 1.4769248948668408 
0.4443708628679576 1.8020719948012034 
0.7211527691841111 1.7102200240786734 
0.569443218514393 1.767322410499354 
0.8688165552388734 1.6401505468534003 
1.0895008284386398 1.502631712704084 
1.4677781511472472 1.1360303560302585 
1.7063228540297082 0.730365715970138 
0.28908305555115427 1.8334000519386402 
1.4000754467506114 1.2184877229559625 
0.44873684965555843 1.8009856267986826 
1.595545648057986 0.9482496582205987 
1.0042833156519688 1.560875028008961 
0.5948762485235595 1.758139861873591 
1.845689215889339 0.1958523504898666 
0.1429835485925948 1.8505548519164907 
0.5518510191351436 1.772110832925055 
0.4971080438420222 1.7882438060047943 
1.788190741636667 0.49736532268178196 
0.5226052501189751 1.7809561241233287 
1.5686873349816124 0.9920406944762793 
1.6970495516522162 0.7516246841637619 
1.4207148811085923 1.1943586602456968 
1.6922826885637847 0.7623000387720141 
1.0004989603196395 1.563308277285831 
1.378519764214517 1.2428218016516224 
1.8424542477261545 0.22427857247137112 
1.1864703713568998 1.4273127823954888 
1.639374104536881 0.870268371549101 
0.8266141073448569 1.661812232755942 
1.8252809400588024 0.3365756553945994 
0.7237392658570337 1.7091262181424867 
0.7780983311226656 1.6850778192745384 
1.7806959677341938 0.5235001923774154 
0.6232093770273333 1.7482959389571073 
0.24986768364632406 1.839158842852568 
1.7425790156045406 0.6390161226483844 
0.7780983311226656 1.6850778192745384 
0.2637506812266549 1.837216980473931 
