3.013597960494624	8.086847155345554	2.89355332272061
0.6885532461746275	4.1177392981492975	6.133720020223563
0.28775442127597334	0.2289931956564241	7.965063009848302
8.843016645779999	0.05061505840595333	6.234549892242437
3.458978529355067	2.0384811162973735	4.811743448378429
0.2831510692531762	3.2435040467691496	6.75726491936105
1.976984094749895	0.7184109137341852	5.812566757619696
0.35509709640138254	0.9520362373091205	11.428464417181946
3.2680909803648137	6.356021268068014	5.181866522495176
5.84005909870028	4.910282975840246	2.2354641326263773
3.8528834946260053	7.041564015775703	4.57700693975214
0.5102780283033049	1.5687388495638024	8.358057263880141
2.4453421486713864	3.9462795898455894	8.762845916639762
1.1462101823030908	3.221293965248862	10.851052428569016
1.0134756609251765	0.2406673536120082	8.665841716933823
0.9430120554060983	8.642414085450811	8.682582470659339
3.6121861073380734	0.6672509902890196	10.2830189202997
7.451981319886981	3.8300095580160063	5.153212905049535
1.556163734501866	1.2911058111970657	7.764551617234693
4.4373003250917735	2.5735153387456564	7.306943494949724
3.2882954130343767	1.8242482981828083	12.726217059745528
8.790946520942448	2.7190828925108246	2.6842647191105087
2.1420317684232315	4.042858933779103	6.774847936876266
2.488582545522073	2.178095211073942	10.931569725604302
3.1185734788339072	7.109052978618417	2.5303834485619454
1.265995958534935	0.9840407020410652	4.434111988469283
1.5291131082257519	5.798357736566003	6.006736677888515
1.4539992969083915	0.7877238334394057	7.866822399179486
6.227523168082068	6.239769484303635	1.4521955021312032
0.3634573734708559	2.576957519286827	10.256813059904104
2.9017062547274826	5.228098922795661	7.731597998479931
7.213530420485584	2.185411152054829	3.8139754602783653
3.8442193486524645	3.0974620322705984	7.095728736040743
1.3744627631658806	11.62602132902881	1.1454413871561595
2.0205964436998216	0.2411867969601055	10.167866261056668
3.6447938470866172	3.3836468038140617	5.71471112866347
5.468784038661106	2.3922994942801714	9.08908408134854
0.13602044928859733	0.6135380953843683	10.246960038464218
0.8080148421222277	1.4416699674757916	5.660208091012376
0.6491956011354332	0.991040552919866	10.833281486266785
3.6456105281217743	0.7333028897278152	2.234946936185215
0.8752538946149115	2.1216873149716013	10.421451028896136
7.0268692917708275	0.9874564895824137	5.468025092563309
1.8097401879381458	0.961279020680045	3.9553465756368387
1.6106067280026002	5.443245026244172	10.022392549695024
1.3512884324211922	1.236522761859317	8.56536348772507
8.785171245996843	2.0015449528704496	2.9131335789127806
1.2849761428820368	8.920581879502755	4.141509814027577
0.8093059758707197	0.660626487814553	10.626342106796121
4.4344508593351355	2.6183501166112273	5.728939233383668
0.29864193856541166	0.18605670689229897	8.365078766232262
5.890386267068669	5.858889698470903	0.14164504703452832
6.829364109668509	1.8115936534251724	7.128539516859652
4.688456939189995	5.382610939987922	1.766959145100705
7.3070640210939635	7.776362341174568	3.573829245071807
0.5595823402247805	0.27516518075316143	6.5256692783034564
3.947615176389524	8.87258065114007	4.769514211204737
2.7340063426723167	0.513882459443823	6.483699953441258
4.518358186713518	4.253871234425747	8.117972795997124
0.0448047526390343	0.03893645021990942	6.954355071785358
5.679599040849492	4.884303720569569	6.3927247489992745
3.5498294873600122	0.12615412483346672	9.981054432319649
1.7916855251146118	1.7955917693449743	9.008310808795805
2.395911213992811	1.5620855299146308	6.522606927970612
3.7620903202275997	1.877306064233359	10.19788775309025
0.6961308501678544	9.123264415578571	3.0595045249927715
1.7798644674469781	5.729716995218063	8.978168956676258
2.442122183749532	4.1797427664474	3.7589435519908116
0.8824828190352375	6.820402858044409	1.5145190840266902
1.3253271408987175	5.022464105829944	5.267974461049073
5.239551835598743	3.223232633771328	3.3263811204806566
6.817476986376286	4.263979528058875	6.1674633984034815
1.087566771898057	4.567383040967046	9.039039594397504
0.11131304000886963	0.4606016732321604	8.762792771355175
8.473410331444958	4.232904023724441	3.4080185697552796
2.6219883644776174	0.6327639829567497	7.272377621101949
0.8484572519755478	4.579482805542303	7.805499563858482
9.067489057174535	3.5949699487770514	1.7687331523589318
2.7034871388895225	3.2886859691843284	8.08815064989475
4.773606180047556	3.7875229492086566	3.8163238161285156
5.184361588037037	4.67496379140317	4.7081195602744526
0.5928983338844983	0.6359100511790898	7.900518870318655
2.5948921573829122	3.2011490227283668	7.9625571060581315
1.3281176039440425	0.5691761670602609	8.799148867654507
1.0229197825891019	7.430729659169533	1.5988850570723654
4.419570316659903	2.357814257231832	4.14897263029435
0.3117419767197509	0.11371541097529299	8.020731097247928
0.038293161060163367	0.12137845720840668	11.9339951556859
2.6705845963660066	10.291271661678206	3.762845914442181
2.98600654410224	5.632855324610316	4.381192203136911
6.665466034264697	3.0818132015167397	6.461974670050763
3.1454756974094265	2.242226860587459	9.947336130025565
0.7870092134418563	7.453729173483997	5.951005060321288
0.3499223532549064	1.2147253741742974	11.058634276335864
5.539077112166402	0.49613429613306426	3.940189581178215
4.972304821193951	0.9684612228871413	7.319332722105022
7.023640238653273	0.4889163610807202	3.5575079906143863
2.59611036271565	4.0567466561864745	9.437987231978488
7.300114743443684	3.2909425183846124	4.943963829333954
1.7955979774070476	4.842148815497498	4.170098330034508
