1	114.10459687273182
2	114.10459687273182
3	114.10459687273182
4	90.15528012994207
5	65.14356626389346
6	65.14356626389346
7	62.40908452215931
8	62.40908452215931
9	35.766541953586284
10	35.766541953586284
11	35.766541953586284
12	35.24371316961397
13	33.359002690979686
14	32.791836501022
15	32.791836501022
16	32.791836501022
17	32.18226841845424
18	22.309574364562554
19	22.309574364562554
20	22.309574364562554
21	16.730626943379306
22	16.730626943379306
23	15.167450934637571
24	15.167450934637571
25	14.098712475244922
26	13.680551538274976
27	9.003170089320097
28	8.400261453449753
29	8.400261453449753
30	8.400261453449753
31	8.400261453449753
32	8.400261453449753
33	7.675154748994349
34	6.342282997602983
35	6.342282997602983
36	6.342282997602983
37	6.268527364965625
38	5.817828726418097
39	5.727889224074801
40	5.685326877970757
41	4.212773229717058
42	4.212773229717058
43	4.212773229717058
44	3.84354382938299
45	3.84354382938299
46	3.60514237701821
47	3.3738185275103474
48	3.3738185275103474
49	3.3738185275103474
50	3.194433270659381
51	3.1534128776341492
52	3.112991297445947
53	2.981157547672229
54	2.981157547672229
55	2.941444744955815
56	2.941444744955815
57	2.941444744955815
58	2.795030969042856
59	2.7732489603150796
60	2.728941253606479
61	2.531860525207273
62	2.531860525207273
63	2.531860525207273
64	2.531860525207273
65	2.531860525207273
66	2.4751317190645263
67	2.4751317190645263
68	2.3926895800059444
69	2.3089770142147237
70	2.1995297435343852
71	1.9404283876367119
72	1.8228523949477253
73	1.8228523949477253
74	1.8228523949477253
75	1.6981294038419164
76	1.6981294038419164
77	1.6981294038419164
78	1.6305199249742193
79	1.6305199249742193
80	1.4667552039623188
81	1.3078148828201472
82	1.3078148828201472
83	1.3078148828201472
84	1.3059412757556093
85	1.2437877404209228
86	1.1347512037589915
87	1.1347512037589915
88	1.1347512037589915
89	1.1347512037589915
90	1.1132279913106689
91	1.1132279913106689
92	1.0868170102215664
93	1.077404399480596
94	1.077404399480596
95	1.052125040464496
96	1.0078355572883457
97	1.0078355572883457
98	0.9982434853590555
99	0.9982434853590555
100	0.9982434853590555
101	0.984073004359616
102	0.8921406830700713
103	0.8921406830700713
104	0.8921406830700713
105	0.8921406830700713
106	0.8921406830700713
107	0.8911894646647118
108	0.8911894646647118
109	0.8862641200872248
110	0.8645889671351834
111	0.8518795891868017
112	0.8495156718814825
113	0.8495156718814825
114	0.827966220294866
115	0.827966220294866
116	0.8002489261651964
117	0.7737495057554591
118	0.7524174657785774
119	0.7021181656802761
120	0.6385908650276554
121	0.6385908650276554
122	0.6385908650276554
123	0.6385908650276554
124	0.6385908650276554
125	0.6316155432320474
126	0.6295308951667856
127	0.6295308951667856
128	0.6163948044414688
129	0.6163948044414688
130	0.6163948044414688
131	0.602816378935738
132	0.602816378935738
133	0.602816378935738
134	0.5963064891314809
135	0.5963064891314809
136	0.5963064891314809
137	0.5927501060062407
138	0.5654803596986193
139	0.5654803596986193
140	0.5584891171350395
141	0.55831563996506
142	0.5337833168214037
143	0.5337833168214037
144	0.5316328659594941
145	0.5071162981875296
146	0.49899344000090234
147	0.49899344000090234
148	0.49899344000090234
149	0.49899344000090234
150	0.4795201022892516
151	0.4795201022892516
152	0.4795201022892516
153	0.478614486594798
154	0.478614486594798
155	0.478614486594798
156	0.478614486594798
157	0.4775375348395894
158	0.4770303949890137
159	0.47663235951729926
160	0.47578872368803
161	0.46668719770846395
162	0.46659470958186855
163	0.46659470958186855
164	0.46659470958186855
165	0.4605932099148452
166	0.44716623372599773
167	0.44713192453115463
168	0.44279172978959075
169	0.44178476481230644
170	0.44007086572962517
171	0.44007086572962517
172	0.44007086572962517
173	0.41641804653024045
174	0.412150704003693
175	0.4056652186130425
176	0.4056652186130425
177	0.4045669418104437
178	0.4045669418104437
179	0.4045669418104437
180	0.4045669418104437
181	0.39949076484726453
182	0.39949076484726453
183	0.39949076484726453
184	0.39949076484726453
185	0.39820299774252665
186	0.39263463757742945
187	0.39139807360134915
188	0.3905700217254388
189	0.3889856089219546
190	0.3889856089219546
191	0.38855453970027437
192	0.3874741769564834
193	0.3874741769564834
194	0.3855415325318729
195	0.3800393920659621
196	0.3800393920659621
197	0.3800393920659621
198	0.37774912267664346
199	0.37774912267664346
200	0.3777315036714635
201	0.3777315036714635
202	0.3768273707708775
203	0.3768273707708775
204	0.3744869093672027
205	0.3744869093672027
206	0.37282010691745143
207	0.37282010691745143
208	0.37123541839338586
209	0.3709362345016591
210	0.3689999912036503
211	0.36893786772925286
212	0.3667972733724015
213	0.36630645411457047
214	0.36624607828462735
215	0.3593668525893391
216	0.35929209351652874
217	0.35929202890610845
218	0.3592645820318249
219	0.35763398811551156
220	0.35763398811551156
221	0.35763398811551156
222	0.35640739669274357
223	0.35473019809866857
224	0.35220767512605294
225	0.35220767512605294
226	0.35043769363957883
227	0.3498913569200725
228	0.3498913569200725
229	0.3498913569200725
230	0.34977532384144794
231	0.3468537466123017
232	0.3468537466123017
233	0.3438553363482717
234	0.3438553363482717
235	0.3371117817209458
236	0.3371117817209458
237	0.3371117817209458
238	0.3371117817209458
239	0.3371117817209458
240	0.32796622608231113
241	0.32796622608231113
242	0.32796622608231113
243	0.32635930317248113
244	0.32207396780852054
245	0.32207396780852054
246	0.32207396780852054
247	0.32037772969224954
248	0.32037772969224954
249	0.32037772969224954
250	0.31175226842912623
251	0.31175226842912623
252	0.31175226842912623
253	0.3115915039494609
254	0.3115915039494609
255	0.3106993430287589
256	0.3106993430287589
257	0.3106993430287589
258	0.3106993430287589
259	0.31047027546778105
260	0.30951181005837936
261	0.3088718898546622
262	0.3088718898546622
263	0.30866405096069993
264	0.30791409283472626
265	0.30791409283472626
266	0.30780909170301873
267	0.3077620772261642
268	0.3077620772261642
269	0.3039431102814998
270	0.3039431102814998
271	0.3039431102814998
272	0.3028591601929529
273	0.3025370628248899
274	0.30242455818279435
275	0.30242455818279435
276	0.29912099430513667
277	0.29912099430513667
278	0.294648034202087
279	0.29320032046731387
280	0.2930201316359296
281	0.2928889784853964
282	0.2928889784853964
283	0.29250680258912604
284	0.29147344217316706
285	0.29147344217316706
286	0.2911383717596761
287	0.2856369595847854
288	0.2837691569567323
289	0.2837691569567323
290	0.28062695740435134
291	0.28062695740435134
292	0.2797134689123672
293	0.2773919569976078
294	0.2744358492625381
295	0.2744358492625381
296	0.27412619708557373
297	0.27412619708557373
298	0.272960116414471
299	0.272960116414471
300	0.26862644815325265
301	0.26862644815325265
302	0.26862644815325265
303	0.26008038352412133
304	0.26008038352412133
305	0.26008038352412133
306	0.26008038352412133
307	0.25646586668849636
308	0.25646586668849636
309	0.25646586668849636
310	0.2559201175733363
311	0.25572815993728065
312	0.25572815993728065
313	0.25565168908024993
314	0.25562536225063487
315	0.25463814459076406
316	0.2537823840085084
317	0.24920690088227274
318	0.24877492569723045
319	0.24877492569723045
320	0.24877492569723045
321	0.24877492569723045
322	0.24595869987235988
323	0.24595869987235988
324	0.24470229957864587
325	0.24425263720927082
326	0.24425263720927082
327	0.243536775470022
328	0.243536775470022
329	0.24352382933709468
330	0.2434091735155125
331	0.2426551417995016
332	0.24256936039850774
333	0.24236791485494374
334	0.24185290348679983
335	0.24115254992439647
336	0.240583374622449
337	0.24044215300585972
338	0.24044215300585972
339	0.2400666023187876
340	0.2398567185753516
341	0.23787073469881018
342	0.23787073469881018
343	0.2354800903780727
344	0.23288360082309517
345	0.23129155116108907
346	0.23129155116108907
347	0.23129155116108907
348	0.23030848453688835
349	0.2289007152401805
350	0.22759163634639493
351	0.22759163634639493
352	0.22759163634639493
353	0.22759163634639493
354	0.22598176641879814
355	0.22598176641879814
356	0.2248627465387913
357	0.2248286196125192
358	0.2241915839874898
359	0.22310618745263577
360	0.22279381298119658
361	0.22147619959172368
362	0.22147619959172368
363	0.22106371815253603
364	0.22106371815253603
365	0.220926491209233
366	0.2201027404996909
367	0.2194465730856222
368	0.2194465730856222
369	0.21858141682241483
370	0.2182088582454429
371	0.2182088582454429
372	0.2182088582454429
373	0.2182088582454429
374	0.21744229780160915
375	0.21744229780160915
376	0.21670522905112286
377	0.21587891376685925
378	0.21583897799578775
379	0.21405355888326677
380	0.21377336314314443
381	0.21181348318052298
382	0.21137854489472288
383	0.2104966023512337
384	0.2104966023512337
385	0.2104966023512337
386	0.21017597298233895
387	0.21017597298233895
388	0.20970132158076454
389	0.20693524565313065
390	0.20691109100422536
391	0.20691109100422536
392	0.20666044940734457
393	0.2065187494499527
394	0.20568141829583522
395	0.2048774532953147
396	0.20460127132494843
397	0.2044508400666274
398	0.2044508400666274
399	0.2040342204126717
400	0.20370761025967918
401	0.20316394949766356
402	0.20316394949766356
403	0.20206412535986165
404	0.20206412535986165
405	0.20206412535986165
406	0.2018061834548133
407	0.20142576059024228
408	0.20101552561735744
409	0.19876741027257205
410	0.19876741027257205
411	0.19876741027257205
412	0.19870546401783074
413	0.19856513913319948
414	0.19854084708958064
415	0.19850284081340977
416	0.1973693588316415
417	0.1973691137293752
418	0.19682640031310666
419	0.19682640031310666
420	0.196691232397994
421	0.19668987280958755
422	0.1964825166308867
423	0.19634651126146146
424	0.1955565423273211
425	0.19282744819262596
426	0.19282744819262596
427	0.19282744819262596
428	0.19282744819262596
429	0.19275339951896764
430	0.19275339951896764
431	0.1922797058801414
432	0.1912818837220316
433	0.1907795406773443
434	0.19057928274222516
435	0.1868025718012038
436	0.1868025718012038
437	0.18623056817065833
438	0.18623056817065833
439	0.18623056817065833
440	0.1843380610745455
441	0.1843380610745455
442	0.18384003611453553
443	0.18384003611453553
444	0.18275518278344066
445	0.18275518278344066
446	0.18275518278344066
447	0.18220184751311724
448	0.18149186215568938
449	0.18149186215568938
450	0.17965010541246496
451	0.17965010541246496
452	0.17850173339386005
453	0.17850173339386005
454	0.17831731465163966
455	0.17831731465163966
456	0.1774473028461316
457	0.1774473028461316
458	0.17679488093180337
459	0.17679488093180337
460	0.17665740663910523
461	0.1766132169654599
462	0.17541877346434062
463	0.17541877346434062
464	0.17441290400366788
465	0.17441290400366788
466	0.17423879063233141
467	0.1737859150869859
468	0.1737859150869859
469	0.17378547345249007
470	0.17206349662346176
471	0.17206349662346176
472	0.17206349662346176
473	0.17180569218481637
474	0.17179315168419987
475	0.17176315262249883
476	0.1716027239306619
477	0.1716027239306619
478	0.171056974766277
479	0.171056974766277
480	0.171056974766277
481	0.1689827069311801
482	0.16850518967320055
483	0.16850518967320055
484	0.1668016482505656
485	0.16243330356401714
486	0.16243330356401714
487	0.16237497843388696
488	0.16237497843388696
489	0.16159976416187866
490	0.16159976416187866
491	0.16159976416187866
492	0.16159976416187866
493	0.16159976416187866
494	0.16159976416187866
495	0.16133178701495224
496	0.16133178701495224
497	0.1606635230376734
498	0.1606635230376734
499	0.1606635230376734
500	0.1602920122658414
501	0.1602920122658414
502	0.15990790997771687
503	0.15965538631513682
504	0.15965538631513682
505	0.15928923758430905
506	0.15921380877977864
507	0.15921380877977864
508	0.15905489484847027
509	0.15905489484847027
510	0.15905489484847027
511	0.15835464447036562
512	0.15823505395387835
513	0.15823505395387835
514	0.15823194375685937
515	0.15819154365521293
516	0.15817258064155898
517	0.15800218200046992
518	0.15767406096947967
519	0.15766730424882286
520	0.1573177120008167
521	0.15716095802447327
522	0.1571081270143578
523	0.15710145063185202
524	0.15669069314494039
525	0.15515660887625043
526	0.15515660887625043
527	0.15489693837584945
528	0.15489693837584945
529	0.15489693837584945
530	0.15487164002403556
531	0.15487164002403556
532	0.15487020206734992
533	0.1548512255963511
534	0.1547600133109823
535	0.1546076991968372
536	0.1546076991968372
537	0.154565296242975
538	0.15339881385771176
539	0.15339881385771176
540	0.15269624922052552
541	0.152464676390356
542	0.152464676390356
543	0.152464676390356
544	0.15180884637298214
545	0.15180884637298214
546	0.15180884637298214
547	0.15180884637298214
548	0.15148277648329697
549	0.15128547000515832
550	0.15128547000515832
551	0.15123205092453385
552	0.15121199341150074
553	0.15006532281332094
554	0.15006532281332094
555	0.14493090659118582
556	0.14493090659118582
557	0.14493090659118582
558	0.14493090659118582
559	0.14493090659118582
560	0.14493090659118582
561	0.14477994095081656
562	0.14461696883936295
563	0.14455677650284343
564	0.14432149455526136
565	0.14432149455526136
566	0.14236568250303955
567	0.14236568250303955
568	0.14236568250303955
569	0.14236568250303955
570	0.1420872071247132
571	0.1420872071247132
572	0.13792153254656422
573	0.13792153254656422
574	0.13792153254656422
575	0.13763878073997166
576	0.13763878073997166
577	0.13744602806503706
578	0.1374186897122183
579	0.13708694456528037
580	0.13708694456528037
581	0.13593059849357916
582	0.13565953793829336
583	0.13565953793829336
584	0.13565953793829336
585	0.13565953793829336
586	0.1356539816305882
587	0.13534982528321074
588	0.13488253831160196
589	0.13300548670085552
590	0.13300548670085552
591	0.13300548670085552
592	0.13300548670085552
593	0.13300548670085552
594	0.13195651296852437
595	0.13195651296852437
596	0.13195651296852437
597	0.1293877869481063
598	0.12938708000587462
599	0.12938708000587462
600	0.1274861594515988
601	0.12595642046104172
602	0.12595642046104172
603	0.12595642046104172
604	0.12595642046104172
605	0.12575351554928316
606	0.12575351554928316
607	0.12575351554928316
608	0.125481194383506
609	0.12547281600603655
610	0.12544758509193157
611	0.12372508938803665
612	0.12372508938803665
613	0.12362100377131259
614	0.12359139455507077
615	0.12358233305716287
616	0.12341113564753345
617	0.12341113564753345
618	0.1225584480245338
619	0.1225584480245338
620	0.12180491469901333
621	0.12180491469901333
622	0.12180491469901333
623	0.12176226183431887
624	0.12173271304409528
625	0.12160892046899548
626	0.12154213085948808
627	0.12154213085948808
628	0.12154213085948808
629	0.12154213085948808
630	0.12144671137017773
631	0.12093335730659718
632	0.11907542654122548
633	0.11907542654122548
634	0.11907542654122548
635	0.11894568729975172
636	0.11894568729975172
637	0.11894568729975172
638	0.11869387909017201
639	0.11867799087688378
640	0.11867799087688378
641	0.11867799087688378
642	0.11865339055653631
643	0.11855934126827507
644	0.11855934126827507
645	0.11854783035320157
646	0.11853947553889534
647	0.11853947553889534
648	0.1184795407379619
649	0.1184763136438278
650	0.11847326877192138
651	0.1176521608986527
652	0.1176521608986527
653	0.1176521608986527
654	0.1176521608986527
655	0.1176521608986527
656	0.11763741071362654
657	0.11761098640949132
658	0.11763741071362654
659	0.1173813847285267
660	0.11714088866943238
661	0.11714088866943238
662	0.11714088866943238
663	0.11659729019091081
664	0.11659729019091081
665	0.11659729019091081
666	0.11659729019091081
667	0.1164864834829188
668	0.11623427104336533
669	0.11516346079682926
670	0.11510404584915934
671	0.11496584704410535
672	0.11496578827170993
673	0.11474011558592469
674	0.11472251340792711
675	0.11472251340792711
676	0.11466645400143413
677	0.11453027039777235
678	0.11358274563130875
679	0.11358274563130875
680	0.11354993559050988
681	0.11345585587145313
682	0.11324239527319829
683	0.11324239527319829
684	0.11267583340338495
685	0.11254868583816784
686	0.11254868583816784
687	0.1122307745734995
688	0.1122307745734995
689	0.1122307745734995
690	0.11183045915908835
691	0.11182443833935164
692	0.11180782364499542
693	0.1118078136824219
694	0.1118042493232771
695	0.1116875791474057
696	0.11172719207529795
697	0.11172719207529795
698	0.11085385766808573
699	0.11072551693087812
700	0.1101828141605099
701	0.1101828141605099
702	0.10988590680379318
703	0.10982202472330559
704	0.10971744466785993
705	0.10971744466785993
706	0.10965202206001602
707	0.10964837610231627
708	0.10964837610231627
709	0.10960363150872109
710	0.10960056269514562
711	0.10944348139222836
712	0.10919381941827971
713	0.10916274158024039
714	0.10916274158024039
715	0.10914549820847612
716	0.10914549820847612
717	0.10901797754431156
718	0.10901797754431156
719	0.10883960782981678
720	0.10883690131591067
721	0.10883023442178906
722	0.10876332588001508
723	0.10880807084411621
724	0.10879718993005312
725	0.10869625979662613
726	0.10867696448924592
727	0.10862633593893452
728	0.10829779041897188
729	0.10829779041897188
730	0.10829779041897188
731	0.10821662402419377
732	0.1082140484921281
733	0.10814977232865891
734	0.1080914302761591
735	0.10703387838177747
736	0.10702200282377475
737	0.10702200282377475
738	0.10622746028067982
739	0.10621051590751437
740	0.10621051590751437
741	0.10621051590751437
742	0.10621051590751437
743	0.10621051590751437
744	0.10609869834224091
745	0.10602887099709085
746	0.10583128268967654
747	0.10555761765868926
748	0.10528482690035178
749	0.10528482690035178
750	0.10527054414054522
751	0.10481146897927347
752	0.10481146897927347
753	0.10468245726640785
754	0.10423176486851049
755	0.10422394999055636
756	0.10422394999055636
757	0.10422394999055636
758	0.10315067540084326
759	0.10315067540084326
760	0.10309102645933285
761	0.10309102645933285
762	0.10306025657874401
763	0.10273215309380439
764	0.10273215309380439
765	0.10253340277505268
766	0.10253340277505268
767	0.10242843402419712
768	0.10242843402419712
769	0.10242843402419712
770	0.10235855363818337
771	0.10186332637963066
772	0.10175080581531881
773	0.10103249863342537
774	0.10089101399476347
775	0.10089101399476347
776	0.10089101399476347
777	0.1005771562207051
778	0.10018955487448486
779	0.10006750858922102
780	0.09986213677448876
781	0.09986156051756181
782	0.09983251143594964
783	0.09983251143594964
784	0.09943970316627618
785	0.09943970316627618
786	0.09927285944270925
787	0.09927172822655395
788	0.09927138454075392
789	0.09912816632373975
790	0.09909021790950964
791	0.09908751052536302
792	0.0983276615584606
793	0.097964950380275
794	0.097964950380275
795	0.0974290683483566
796	0.0974290683483566
797	0.0974290683483566
798	0.09674817068342141
799	0.09674083321247488
800	0.09674083321247488
801	0.09660153704146823
802	0.09647931805661496
803	0.09647931805661496
804	0.09647931805661496
805	0.09644430672022622
806	0.0963248545493878
807	0.09609707880913895
808	0.09616097825652513
809	0.0961546459955485
810	0.09578133276281484
811	0.09578133276281484
812	0.09578133276281484
813	0.09575039401388025
814	0.09547647773100569
815	0.09547647773100569
816	0.0950956345491606
817	0.0950956345491606
818	0.0950956345491606
819	0.0950956345491606
820	0.0950956345491606
821	0.09439203921076512
822	0.09439203921076512
823	0.09439203921076512
824	0.09439203921076512
825	0.09362997133850326
826	0.09357375873777714
827	0.09357375873777714
828	0.09333715055587825
829	0.09329809503532596
830	0.09329809503532596
831	0.09329809503532596
832	0.09295044702470419
833	0.0926897731688007
834	0.09266176207337881
835	0.09261255495943091
836	0.09244023275410625
837	0.09225488431529605
838	0.09225488431529605
839	0.09223154722038228
840	0.09191886873635084
841	0.09182760027394607
842	0.09173991391227629
843	0.09148429942471105
844	0.09148429942471105
845	0.09146435711269064
846	0.09075019531532824
847	0.09073411715842032
848	0.09072750280213612
849	0.09072394053461978
850	0.09067108490313994
851	0.09053425945328579
852	0.09041084218904898
853	0.08958282787908493
854	0.08958282787908493
855	0.08957836518205053
856	0.08951534625216347
857	0.08905585552105062
858	0.08904146678897755
859	0.08901502457598526
860	0.08899804230311081
861	0.08870139348017674
862	0.08869359134283239
863	0.08869359134283239
864	0.0886247969073986
865	0.0886247969073986
866	0.08762593224101974
867	0.08762593224101974
868	0.08762593224101974
869	0.08745636648460114
870	0.08745636648460114
871	0.08706922000573253
872	0.08682032616709738
873	0.08682032616709738
874	0.08682032616709738
875	0.08665441616549155
876	0.08659781457261231
877	0.08659655419170065
878	0.08621213850459075
879	0.08621213850459075
880	0.08621213850459075
881	0.08621213850459075
882	0.08621213850459075
883	0.08617123068601576
884	0.08604081861745866
885	0.08604081861745866
886	0.08568477418471948
887	0.08568477418471948
888	0.0840985360718285
889	0.0840985360718285
890	0.08373955896219307
891	0.08360501993209525
892	0.08360501993209525
893	0.08360501993209525
894	0.08358163263836753
895	0.08348004744758993
896	0.08348004744758993
897	0.08292494671526614
898	0.08292494671526614
899	0.08292494671526614
900	0.08241914128555898
901	0.08241914128555898
902	0.08241914128555898
903	0.08241914128555898
904	0.08241914128555898
905	0.08218844678768376
906	0.08154818730887142
907	0.08154818730887142
908	0.08131538426265364
909	0.08120346078697582
910	0.08050397616313683
911	0.08050397616313683
912	0.08017563406969032
913	0.08017563406969032
914	0.07955962539144011
915	0.07926219998893218
916	0.07879263885819193
917	0.0786586910580541
918	0.07826473136283904
919	0.07826473136283904
920	0.07826473136283904
921	0.07824489736894846
922	0.07824489736894846
923	0.07791128506008654
924	0.07791128506008654
925	0.07773303796369112
926	0.07761953271943452
927	0.07744032426409864
928	0.07740759889007044
929	0.07743899155441403
930	0.07732074564042883
931	0.07731174642417249
932	0.07727800687546485
933	0.07717526194569647
934	0.0770946632682618
935	0.07699414379317047
936	0.07603993694049503
937	0.07574809563539275
938	0.07574809563539275
939	0.07574809563539275
940	0.07515369163126055
941	0.07444739957443378
942	0.07444739957443378
943	0.07439203926629369
944	0.07439203926629369
945	0.07436831256763332
946	0.07373878866000287
947	0.07373878866000287
948	0.07373143554633897
949	0.07373143554633897
950	0.07373143554633897
951	0.07373143554633897
952	0.0737306057799154
953	0.0737302845074893
954	0.07372941698995457
955	0.07359175569965248
956	0.07359175569965248
957	0.07356171414367262
958	0.07352978891955293
959	0.07340146477663789
960	0.0733565927620431
961	0.0733565927620431
962	0.07346913712517063
963	0.0734336281899608
964	0.0734336281899608
965	0.0734336281899608
966	0.0734336281899608
967	0.07331032226240228
968	0.07331032226240228
969	0.07331032226240228
970	0.07324393033615575
971	0.07280857938868873
972	0.07223118873608647
973	0.07223118873608647
974	0.07188026166846984
975	0.07131881073776193
976	0.07131881073776193
977	0.07131881073776193
978	0.07131881073776193
979	0.07131881073776193
980	0.0709197250502272
981	0.0709197250502272
982	0.0709197250502272
983	0.0709197250502272
984	0.07038092523648018
985	0.07030402303937112
986	0.0697305886141608
987	0.0697305886141608
988	0.0697305886141608
989	0.069729145712233
990	0.06970029728573401
991	0.06948118093312006
992	0.06934092045305762
993	0.0692764451859838
994	0.0691724558066188
995	0.0691724558066188
996	0.06915562038336205
997	0.0691724558066188
998	0.0691062166866058
999	0.06877537942885942
1000	0.06877537942885942