0.4323936996538673 117773.0185623943 
0.4132971305743729 114143.13726889747 
0.04193806722324811 107637.22453681657 
0.1529022349266037 81842.43298745541 
0.8870718262112625 114763.76850455218 
0.6591171720991292 101875.77821877132 
0.05841359919144051 100565.27024129672 
0.6550209490620144 108849.7540640128 
0.6022958350537204 95680.54674426258 
0.49249997098780196 115854.93165457036 
0.17763002339491452 109813.49137172494 
0.4148105088219749 102474.80996320311 
0.012051235515535885 99955.45907983974 
0.6525409078531825 122278.3117494962 
0.930756631557963 115049.53192203685 
0.3740993017161096 106695.27870536248 
0.4057983768947443 105031.95592153246 
0.004152402295707014 89222.16137475509 
0.591008887441534 96529.6668169425 
0.8590083624183792 94694.73823799146 
0.02933234783139671 117169.85625381628 
0.5949750319197565 117262.46632278411 
0.7322220031911104 85693.57953755879 
0.916543871062997 112266.80628581035 
0.9115234270228918 81414.92830856016 
0.4315806855404236 95991.3365922174 
0.39206040294140887 105802.01450766184 
0.33560216588388936 82960.72984113383 
0.5963271174698835 70420.44701020271 
0.45096247741308804 86583.13731950926 
0.1856988037343873 114971.81571402654 
0.6551272720667086 82643.12588921183 
0.7548644978006471 108564.61415444291 
0.32637820206189594 101990.08935413537 
0.4319736305627472 119678.14856660458 
0.7726400347614047 107953.34927495233 
0.4056408942647235 101445.8319959258 
0.124095912036423 96560.52434712993 
0.14948646684370792 115193.21291469123 
0.70622681384931 105960.75945777015 
0.05978795776968393 113082.10542168512 
0.7927688756489748 111314.38736659674 
0.742075489890161 114836.73245205567 
0.6907299899584404 95374.8953542906 
0.7687709876522347 96477.95435437275 
0.8390977306125073 104604.95294793039 
0.5236509562668533 96602.28333284917 
0.7329433503230189 100917.60930737786 
0.48205068943943574 109807.0701824517 
0.07490027495963458 101145.50270359709 
0.3090864660731373 108229.87683435692 
0.0537238010510539 108072.98068899638 
0.8729807600805835 120106.14050086788 
0.7765878054149866 91173.77965424002 
0.25837717844505215 112309.54631074556 
0.5774674212053205 102594.81785374145 
0.9870354055402584 90823.25868160841 
0.6882542243115098 104012.58849714673 
0.702209461437044 81873.99102492834 
0.4893011923696998 126584.55732691019 
0.37895200872839363 100438.05013532593 
0.4017857384415229 136354.16550805015 
0.3065116518383644 89709.28064641995 
0.6403874622065588 124994.94380341296 
0.9679141333650314 108107.95532577526 
0.8494867497827596 92663.06019958823 
0.5027187996219128 93344.01206292448 
0.9047113073917691 90885.3407730329 
0.09762086717217944 102488.27218637225 
0.14115068683104537 101154.81911272899 
0.1009397783933289 129005.33571391842 
0.9072438176979407 87059.25917415792 
0.629788710047837 107136.12840550957 
0.8478755081437158 116374.56859486649 
0.06520168326439735 114078.85898577399 
0.2826729802817698 107350.15207158656 
0.4362914096954438 88468.56999301178 
0.2512536779406507 106561.53897295479 
0.33260709205386496 111320.49618964123 
0.9092731718411862 110842.664699811 
0.32239427098384266 98303.53155356005 
0.9618826927150864 91674.8154244291 
0.4396912912365991 93476.37378463286 
0.46811964431136777 114393.99309406846 
0.2695042284829703 114599.23093494665 
0.10598581138087737 105413.41690039332 
0.18213326576528743 93016.16813873895 
0.7008466472499754 107991.0999650739 
0.6238386633507166 118072.91405839661 
0.13378917521900313 112446.60151947004 
0.5409721499302963 102652.9313570778 
0.7116934955768736 98455.98317817938 
0.6549028283257828 109578.83913905178 
0.9717598350053277 86832.48778278106 
0.4740066114655276 105110.29605792872 
0.04246583089443923 103809.12847152856 
0.43015686522190766 112262.61295009131 
0.42473847825088595 99956.81685883879 
0.025986593520668677 102673.83002588144 
0.14025185329901546 83790.42323480929 
