-18532.0 -19233.0 
-19042.0 -18730.0 
-19042.0 -18730.0 
-18552.0 -19206.0 
-18662.0 -19192.0 
-18982.0 -18861.0 
-18681.0 -19176.0 
-18924.0 -18975.0 
-18898.0 -18984.0 
-18947.0 -18929.0 
-18976.0 -18907.0 
-18890.0 -19021.0 
-19002.0 -18842.0 
-19011.0 -18836.0 
-18788.0 -19103.0 
-19015.0 -18796.0 
-18750.0 -19108.0 
-18801.0 -19058.0 
-18947.0 -18929.0 
-19020.0 -18751.0 
-18696.0 -19152.0 
-19035.0 -18749.0 
-18552.0 -19206.0 
-18662.0 -19192.0 
-18845.0 -19031.0 
-18924.0 -18975.0 
-19015.0 -18796.0 
-18962.0 -18915.0 
-18870.0 -19023.0 
-18795.0 -19081.0 
-18734.0 -19128.0 
-18870.0 -19023.0 
-19019.0 -18772.0 
-19019.0 -18772.0 
-18742.0 -19112.0 
-18833.0 -19039.0 
-18830.0 -19050.0 
-18962.0 -18915.0 
-18818.0 -19055.0 
-18708.0 -19136.0 
-18707.0 -19146.0 
-18696.0 -19152.0 
-18845.0 -19031.0 
-18795.0 -19081.0 
-18898.0 -18984.0 
-18723.0 -19130.0 
-18719.0 -19135.0 
-18791.0 -19092.0 
-18818.0 -19055.0 
-18791.0 -19092.0 
-18976.0 -18907.0 
-18750.0 -19108.0 
-18742.0 -19112.0 
-18833.0 -19039.0 
-19011.0 -18836.0 
-18890.0 -19021.0 
-18734.0 -19128.0 
-18801.0 -19058.0 
-19035.0 -18749.0 
-18788.0 -19103.0 
-18830.0 -19050.0 
-18707.0 -19146.0 
-18723.0 -19130.0 
-18719.0 -19135.0 
-19020.0 -18751.0 
-18708.0 -19136.0 
-18662.0 -19192.0 
-18924.0 -18975.0 
-19015.0 -18796.0 
-19019.0 -18772.0 
-18750.0 -19108.0 
-18742.0 -19112.0 
-18734.0 -19128.0 
-18890.0 -19021.0 
-19035.0 -18749.0 
-18830.0 -19050.0 
-18788.0 -19103.0 
-18707.0 -19146.0 
-18723.0 -19130.0 
-19020.0 -18751.0 
-18708.0 -19136.0 
-19019.0 -18772.0 
-18924.0 -18975.0 
-18788.0 -19103.0 
-18707.0 -19146.0 
-18707.0 -19146.0 
-19020.0 -18751.0 
-18707.0 -19146.0 
-18707.0 -19146.0 
-18707.0 -19146.0 
-18788.0 -19103.0 
-19020.0 -18751.0 
-19019.0 -18772.0 
-18750.0 -19108.0 
-18750.0 -19108.0 
-18707.0 -19146.0 
-18742.0 -19112.0 
-19020.0 -18751.0 
-19019.0 -18772.0 
-18707.0 -19146.0 
