-18046.0 -19640.0 
-18046.0 -19640.0 
-19106.0 -18686.0 
-19106.0 -18686.0 
-18278.0 -19555.0 
-19071.0 -18807.0 
-19086.0 -18696.0 
-18483.0 -19412.0 
-18645.0 -19286.0 
-18922.0 -19007.0 
-18321.0 -19519.0 
-19047.0 -18840.0 
-18524.0 -19400.0 
-18992.0 -18925.0 
-18231.0 -19586.0 
-18736.0 -19225.0 
-18421.0 -19467.0 
-18871.0 -19082.0 
-18613.0 -19308.0 
-18464.0 -19441.0 
-18097.0 -19628.0 
-18999.0 -18876.0 
-18737.0 -19188.0 
-18138.0 -19592.0 
-18561.0 -19366.0 
-18372.0 -19513.0 
-18696.0 -19235.0 
-18979.0 -18935.0 
-18933.0 -18964.0 
-18421.0 -19467.0 
-18182.0 -19587.0 
-18130.0 -19611.0 
-18661.0 -19262.0 
-18459.0 -19455.0 
-18379.0 -19503.0 
-19071.0 -18807.0 
-18874.0 -19043.0 
-18763.0 -19184.0 
-18321.0 -19519.0 
-18231.0 -19586.0 
-18953.0 -18943.0 
-18379.0 -19503.0 
-18839.0 -19095.0 
-18097.0 -19628.0 
-19024.0 -18843.0 
-18182.0 -19587.0 
-18534.0 -19373.0 
-18666.0 -19245.0 
-19014.0 -18864.0 
-18798.0 -19129.0 
-18792.0 -19144.0 
-18588.0 -19328.0 
-18773.0 -19146.0 
-18768.0 -19152.0 
-18689.0 -19242.0 
-18943.0 -18962.0 
-18800.0 -19118.0 
-18827.0 -19108.0 
-18588.0 -19328.0 
-18130.0 -19611.0 
-18839.0 -19095.0 
-19086.0 -18696.0 
-18882.0 -19035.0 
-18569.0 -19348.0 
-18604.0 -19316.0 
-18662.0 -19253.0 
-19014.0 -18864.0 
-18533.0 -19380.0 
-18574.0 -19344.0 
-18604.0 -19316.0 
-18813.0 -19116.0 
-18902.0 -19023.0 
-18827.0 -19108.0 
-18765.0 -19168.0 
-18902.0 -19023.0 
-18999.0 -18876.0 
-18882.0 -19035.0 
-18765.0 -19168.0 
-18953.0 -18943.0 
-18574.0 -19344.0 
-18459.0 -19455.0 
-18899.0 -19024.0 
-18871.0 -19082.0 
-18533.0 -19380.0 
-18813.0 -19116.0 
-18899.0 -19024.0 
-18690.0 -19238.0 
-18372.0 -19513.0 
-18138.0 -19592.0 
-19024.0 -18843.0 
-18933.0 -18964.0 
-18569.0 -19348.0 
-18943.0 -18962.0 
-18736.0 -19225.0 
-18874.0 -19043.0 
-18792.0 -19144.0 
-18737.0 -19188.0 
-18902.0 -19023.0 
-18130.0 -19611.0 
-18046.0 -19640.0 
