-18490.0 -19465.0 
-18490.0 -19465.0 
-19241.0 -18720.0 
-19241.0 -18720.0 
-18559.0 -19418.0 
-19215.0 -18768.0 
-18559.0 -19418.0 
-19124.0 -18951.0 
-18881.0 -19221.0 
-18614.0 -19382.0 
-18885.0 -19193.0 
-18926.0 -19187.0 
-19196.0 -18830.0 
-18956.0 -19141.0 
-18572.0 -19416.0 
-18776.0 -19286.0 
-19048.0 -19042.0 
-18762.0 -19304.0 
-18736.0 -19314.0 
-18572.0 -19416.0 
-19199.0 -18789.0 
-19077.0 -19025.0 
-19156.0 -18848.0 
-18839.0 -19237.0 
-18702.0 -19324.0 
-18805.0 -19274.0 
-19089.0 -18989.0 
-19152.0 -18874.0 
-18973.0 -19134.0 
-18689.0 -19346.0 
-18614.0 -19382.0 
-19134.0 -18917.0 
-19142.0 -18914.0 
-19215.0 -18768.0 
-18736.0 -19314.0 
-18616.0 -19369.0 
-18948.0 -19175.0 
-18856.0 -19229.0 
-18883.0 -19198.0 
-19089.0 -18989.0 
-18672.0 -19349.0 
-19098.0 -18959.0 
-19091.0 -18969.0 
-18839.0 -19237.0 
-18954.0 -19164.0 
-18647.0 -19364.0 
-19039.0 -19062.0 
-18926.0 -19187.0 
-18647.0 -19364.0 
-18672.0 -19349.0 
-19145.0 -18888.0 
-18988.0 -19112.0 
-18817.0 -19260.0 
-18776.0 -19286.0 
-19200.0 -18778.0 
-18817.0 -19260.0 
-18984.0 -19113.0 
-18856.0 -19229.0 
-18692.0 -19332.0 
-19178.0 -18833.0 
-18762.0 -19304.0 
-19019.0 -19088.0 
-19001.0 -19103.0 
-19054.0 -19033.0 
-19146.0 -18876.0 
-18805.0 -19274.0 
-19031.0 -19072.0 
-19008.0 -19093.0 
-19190.0 -18831.0 
-19164.0 -18845.0 
-19029.0 -19073.0 
-18633.0 -19367.0 
-19039.0 -19062.0 
-18948.0 -19175.0 
-19124.0 -18951.0 
-18697.0 -19330.0 
-18973.0 -19134.0 
-19094.0 -18964.0 
-19063.0 -19027.0 
-19164.0 -18845.0 
-19001.0 -19103.0 
-18633.0 -19367.0 
-19071.0 -19026.0 
-19178.0 -18833.0 
-19145.0 -18888.0 
-18702.0 -19324.0 
-19060.0 -19032.0 
-19199.0 -18789.0 
-18954.0 -19164.0 
-18814.0 -19264.0 
-19022.0 -19083.0 
-18814.0 -19264.0 
-19077.0 -19025.0 
-19098.0 -18959.0 
-19022.0 -19083.0 
-19008.0 -19093.0 
-19134.0 -18917.0 
-18984.0 -19113.0 
-19200.0 -18778.0 
-19136.0 -18915.0 
