2.397486773841508E-12 0.0 0.47548062064374264 0.5271651259874919 0.43438967414068985 0.5313499472664899 0.4871033894710492 0.5235600164469715 0.5290796288480603 0.5686246749236844 0.5069797149603024 0.5652489532067623 0.5203417992251954 0.43365447510538674 0.5231837232385005 0.4709706651205118 0.42844866965521883 0.5173556981157887 0.5050057858390925 0.558084138154782 
1.1023936429376073E-13 0.0 0.47548062064374264 0.5271632064602446 0.4343896741397356 0.5313096492242538 0.4870996485322104 0.5235600164469715 0.5290773447070325 0.5686246749236844 0.5069796712181606 0.5652488593266227 0.520341795593034 0.43365447282834874 0.5231837232385005 0.4709023962995081 0.4284486697020519 0.5173552567369152 0.505007214785892 0.558084138154782 
8.248018853411434E-5 0.0 0.4755373529679248 0.5271634919708521 0.4343898480953169 0.5314049862332125 0.48738053188018615 0.5235602700208635 0.5290451808167551 0.5686222329189652 0.5069797159474096 0.565256077865503 0.5203418050090021 0.43365394831727855 0.5231837230364543 0.47230819233930044 0.42844924560530756 0.517355688964189 0.5050056750047454 0.5580864511089476 
6.395837262841576E-15 0.0 0.4721327329174027 0.5271628104683855 0.4343896742328296 0.53443707366841 0.4871615580685108 0.5235602604004406 0.5290446138008745 0.5686247672942822 0.5069796729117576 0.5652493868017016 0.5203418955866848 0.4336537463541716 0.5231837232452341 0.47087319393259364 0.4284486731463764 0.5173551063368929 0.5050067487003015 0.5580807421344274 
0.0 0.0 0.472133013470919 0.5271930484769214 0.43438967796751404 0.5344370973917083 0.48713417646895285 0.5235602698788798 0.5290791298442677 0.5686264317536087 0.5069775084071428 0.5652504663419782 0.5203394387412706 0.4336529289814579 0.5231837228903554 0.47100106340422 0.4284492377560855 0.517355921707812 0.5050056739490616 0.5580841254852555 
7.922085626123314E-11 0.0 0.47548062064374264 0.5271931663449039 0.43438967414068985 0.5313499472664899 0.48738165988962956 0.5235602685064594 0.5290435461686376 0.5686264297554542 0.5069797149603024 0.5652367174689878 0.5203392870162394 0.43366054177521635 0.5231837232385005 0.47097890867838793 0.42844925253446764 0.5173556981157887 0.5050056758415319 0.558084138154782 
1.2653448502140381E-12 0.0 0.4755373529679248 0.527164207008009 0.43438967420584307 0.5314049862332125 0.4873747845148197 0.523560240080002 0.529045118722927 0.5686222329189652 0.5069773682960018 0.5652566685543705 0.5203417992251954 0.43365394831727855 0.5231837230314437 0.4698459648225407 0.4284492533943103 0.5173556982864511 0.5050056750047454 0.558084138154782 
1.2081478341307316E-13 0.0 0.4721327485649765 0.5271608629608179 0.4343896730035227 0.534437131125653 0.48737224578333654 0.5235600263084518 0.5290460963976851 0.5686247560508787 0.5069774715625004 0.5650042991047801 0.5203395222538623 0.433653446218146 0.5231837229093669 0.47086677258667137 0.4284486731463764 0.5173552525600317 0.5049845745094207 0.5580853514918226 
1.2653448502140381E-12 0.0 0.4755373529679248 0.527164207008009 0.43438967420584307 0.5314049862332125 0.4873747845148197 0.523560240080002 0.529045118722927 0.5686222329189652 0.5069773682960018 0.5652566685543705 0.5203417992251954 0.43365394831727855 0.5231837230314437 0.4698459648225407 0.4284492533943103 0.5173556982864511 0.5050056750047454 0.558084138154782 
4.097950182464564E-12 0.0 0.4755373529679248 0.5271641998279464 0.434389674776566 0.5314049862332125 0.4873687929560652 0.5235602398351886 0.5290775489218492 0.5686264508183954 0.5069798025480758 0.5652537251235925 0.520341830723405 0.43365394831727855 0.5231837230314437 0.4708468470888394 0.4284492533943103 0.5173556982864511 0.5050056750047454 0.558084138154782 
8.496415719564056E-14 0.0 0.47213301939161634 0.5271614338725418 0.43438968550959084 0.5344370959399245 0.48737397824780077 0.5235611054083781 0.5290428721459834 0.5686259070856802 0.5069774007536152 0.5652466793282545 0.5203419021181575 0.4336544987802068 0.5231837232484986 0.4708684953730949 0.4284487296529267 0.5173554430450698 0.5054613359576252 0.55812897855795 
0.0 0.0 0.47213301347130704 0.5271897627239067 0.4343898502425864 0.5344370975024484 0.4873788733816872 0.5235611077227055 0.5290445657612207 0.568625535945067 0.5069797250108835 0.5653335428342364 0.5203416512297936 0.43365442857821046 0.5231837232287363 0.47086789087881536 0.42844864842204433 0.5173423292317009 0.5054338835474502 0.5581195781999324 
1.4539048159579986E-10 0.0 0.47548062064374264 0.5271931663449039 0.43438967414068985 0.5313499472664899 0.48738165988962956 0.5235602685064594 0.5290796288480603 0.5686264297554542 0.5069797149603024 0.5652515680183956 0.5203417992251954 0.43365447510538674 0.5231837232385005 0.4709706651205118 0.42844925253446764 0.5173556981157887 0.5050056758415319 0.558084138154782 
1.2081478341307316E-13 0.0 0.4721327514607511 0.5271608629608179 0.4343896730035227 0.5344376194772237 0.4873722834804423 0.5235600252859764 0.5290462260745189 0.5686247560508787 0.5069796729117576 0.565248858378998 0.5203395222538623 0.43365344215298196 0.5231837232451965 0.4708980591397106 0.4284486731463764 0.5173552525600317 0.5054613661226521 0.5580877764363802 
3.3468668086273565E-13 0.0 0.4721330165963726 0.52716527592963 0.4343898407901062 0.5344370471602607 0.48738354302952097 0.5235602394438061 0.5290439592272497 0.568625518899186 0.5069796729320579 0.565252436328268 0.520341901993651 0.43365354225081665 0.5231837232608544 0.4708894003370071 0.42844866861994013 0.5173554430403264 0.5054578702829439 0.5581290915856579 
1.2577421681930171E-12 0.0 0.47213301334690466 0.5271645503064478 0.4343896741884118 0.5344373060483966 0.48738922539409507 0.523560259080605 0.529045895690811 0.5686221652350987 0.5069773373707003 0.565223708579555 0.5203394964833495 0.4336544882610864 0.5231837228603918 0.4722371209137224 0.42844927820351864 0.5173546557226992 0.505470994558974 0.5581611078844405 
1.8246777079908722E-12 0.0 0.47213273869061984 0.5271371825189525 0.43438967690979147 0.5344371323388483 0.4873911943160443 0.5236714637373641 0.5290438717043684 0.5686255187348653 0.5069796708190747 0.5652514603576472 0.5203394968739798 0.43365359756808347 0.523183722898392 0.4721408605521003 0.4284486738265018 0.5173552455769697 0.5054612981991049 0.5580865421034458 
3.464073003640059E-12 0.0 0.47213274321030324 0.5271650956141088 0.43438985021647586 0.5344376287275935 0.487381549378504 0.5235602093017636 0.5290438886880892 0.5686259005367499 0.5069797238253224 0.5652340210537677 0.5203395335414087 0.43365441475057875 0.5231837228976055 0.4707978839383427 0.4284486601709532 0.5173540470095166 0.5050451347479719 0.5581245255301519 
3.752397923135212E-12 0.0 0.47213273778568804 0.5271958690024388 0.4343898522725945 0.534437634907363 0.4871313657704825 0.5235602045146656 0.5290451145993719 0.5686259051762778 0.5069797229647578 0.5652305327783691 0.5203419119295776 0.4336544987802068 0.5231837228993881 0.47092413943702277 0.4284486601819108 0.5173554430450698 0.5050147627890725 0.5581236538946858 
5.78190224219743E-12 0.0 0.47213301222622794 0.5271634143213629 0.4343896769303793 0.534437097895603 0.4873777282804943 0.5235602260049466 0.5290783226436095 0.5686263835417206 0.506977370528579 0.5649775295216142 0.5203394981431891 0.4336536676214957 0.5231837228987364 0.47217985627189374 0.4284492533943103 0.5173547557113656 0.5049778656158448 0.5580853554624581 
5.78190224219743E-12 0.0 0.47213301222622794 0.5271634143213629 0.4343896769303793 0.534437097895603 0.4873777282804943 0.5235602260049466 0.5290783226436095 0.5686263835417206 0.506977370528579 0.5649775295216142 0.5203394981431891 0.4336536676214957 0.5231837228987364 0.47217985627189374 0.4284492533943103 0.5173547557113656 0.5049778656158448 0.5580853554624581 
0.0 0.0 0.47213301347130704 0.5271894013120768 0.4343898502260705 0.5344370975024484 0.4873788400328027 0.5235611077227055 0.5290764639856165 0.5686264947080943 0.5069797369252087 0.5653335428342364 0.5203420407947946 0.43365442897278844 0.5231837232276209 0.4709508261681648 0.4284492533943103 0.5173423292317009 0.5054331301612871 0.5581240715297453 
8.496415719564056E-14 0.0 0.4721330232038654 0.5271627846424212 0.43438986048489636 0.5344370959399245 0.48737539760156146 0.5235611143261539 0.5290428721459834 0.5686259070856802 0.5069773995206378 0.5652466793282545 0.5203419021181575 0.4336545375048453 0.5231837232429767 0.4708512506671605 0.4284487296529267 0.5173554430450698 0.5054613359576252 0.55812897855795 
8.456350909426968E-5 0.0 0.472133013470919 0.5271529376466161 0.4343898472643234 0.5344371179521257 0.48738041266328125 0.5235602695565249 0.5290438732245707 0.568625900564029 0.5069797231301371 0.5652366586041634 0.5203394966227318 0.4344848768648058 0.5231837228941089 0.4722708820914611 0.42844871954312136 0.5173554150775026 0.5054612988978814 0.5580865421034458 
1.4539048159579986E-10 0.0 0.47548062064374264 0.5271550489186554 0.43438967414068985 0.5313499472664899 0.48738165988962956 0.5235602685121409 0.5290433638577229 0.5686264297270343 0.5069797149603024 0.5651981414512679 0.5203417992251954 0.43365447510538674 0.5231837232385005 0.4698012131061925 0.42844875558240497 0.5173426573502443 0.504999978127253 0.5580777606156637 
1.1834986657536507E-12 0.0 0.47213274445586667 0.5271958690024388 0.4343896714153979 0.5344370952629716 0.487381549378504 0.5235611260091041 0.5290438886827308 0.5686255233471142 0.5069773134216862 0.5652230260703923 0.5203395224403828 0.4336544987802068 0.5231837232451901 0.4708684953730949 0.4284486774671882 0.5173554373642696 0.5054613372146717 0.5581235266598722 
3.709091840620134E-12 0.0 0.4721327391234374 0.5271364856194021 0.43438967690979147 0.5344368153551902 0.4873806393194592 0.5235602979194495 0.5290429181947347 0.5686255046488845 0.5069796696151916 0.5652496314636487 0.5203394486185162 0.4336535872563348 0.5231837229129989 0.4721408605521003 0.4284486738265018 0.5173552455769697 0.505461298167559 0.558086758943335 
3.911231606275298E-12 0.0 0.4721330230945388 0.5271627770472062 0.4343898503312123 0.5344370992186399 0.48712447454297453 0.5235602393603245 0.5290773494116362 0.5686259159155101 0.5069797220088182 0.5652337268088683 0.5203394621455858 0.43365448253586303 0.5231837228921388 0.4708643980105471 0.42844865980770236 0.5173554409131088 0.5049976792226055 0.5581665010586402 
4.052982214649608E-12 0.0 0.4721330126367349 0.5271634143213629 0.4343896769303793 0.534437097895603 0.4873777282804943 0.5235602267945851 0.5290783226436095 0.5686258977843217 0.506977370528579 0.5649763354085348 0.5203394746110807 0.43365366101461 0.5231837228977146 0.47086714409667696 0.4284492533943103 0.5173547374433958 0.5049778656158448 0.5580853554624581 
3.752397923135212E-12 0.0 0.47213427379561823 0.5271637319194871 0.4343896635061608 0.534437634907363 0.487381549378504 0.523560252599828 0.5290438886827308 0.5686259051762778 0.5069797697245949 0.5653408929577214 0.5203419021181575 0.4336539489509213 0.5231837230380317 0.4708684953730949 0.42844871683684566 0.5173554476916205 0.5050249270198598 0.5581235266598722 
0.0 0.0 0.4721330133448501 0.5271898266215086 0.4343898502260705 0.5344370975024484 0.4873788400328027 0.5235611131817612 0.5290764639856165 0.5686264940838645 0.5069797369252087 0.5653335428342364 0.5203420392701253 0.43365442897278844 0.5231837232444042 0.4709466791591122 0.4284492533943103 0.5173423292317009 0.5054331301612871 0.558124178625761 
8.456350909426968E-5 0.0 0.472133013470919 0.5271529376466161 0.4343898472643234 0.5344371179521257 0.48738041266328125 0.5235602695565249 0.5290799559039934 0.568625900564029 0.5069797231301371 0.5652515091535713 0.5203420088316878 0.4344788101949762 0.5231837228941089 0.4722626385335849 0.42844871954312136 0.5173554150775026 0.5054612988978814 0.5580865421034458 
1.4539048159579986E-10 0.0 0.4755373529679248 0.5271641065745983 0.43438967414068985 0.5313499472664899 0.4873747845148197 0.5235602685064594 0.5290796288480603 0.568626431728841 0.5069773682960018 0.5652515680183956 0.5203417992251954 0.43365394831727855 0.5231837230271883 0.4698464378601516 0.4284492487602947 0.5173556982864511 0.5050056758415319 0.558084138154782 
3.72456813300484E-12 0.0 0.47213299865495856 0.5271635673047461 0.43438985141209846 0.5344376307999049 0.48716386595215677 0.5235611260091041 0.5290429589189511 0.5686255233471142 0.506979724891997 0.5652535603272876 0.5203393732775294 0.4336544485633974 0.5231837228510999 0.4708413032145884 0.4284486755126924 0.5173546856550011 0.5054613475927513 0.558119449478138 
4.162698325245477E-12 0.0 0.4721330230945388 0.5271651769565376 0.4343898503312123 0.5344370991691887 0.48712501456309526 0.5235602393603245 0.5290773494116362 0.5686259159155101 0.5069797222966029 0.5652337268088683 0.5203394621455858 0.43365441705541796 0.5231837228998688 0.47085850913835287 0.42844865980770236 0.5173554408115574 0.5050032448146511 0.5581664338839422 
4.0903474390264224E-12 0.0 0.47213301334690466 0.5271635953375097 0.4343896747591347 0.5344370975024484 0.4871650528225488 0.5235602260049466 0.5290783258897332 0.568626383134529 0.5069797716227743 0.5652206943829736 0.5203394981431891 0.4336544882610864 0.5231837228603918 0.47084089822641645 0.42844927431475294 0.5173546557226992 0.504997630617081 0.5581611078844405 
3.752397923135212E-12 0.0 0.4721327444560875 0.5271958690024388 0.43438985021647586 0.5344376287275935 0.48738147462509923 0.5235610931138447 0.5290442236758813 0.5686254995081433 0.5069796737487764 0.5652523697222838 0.5181329909671912 0.4336544439687859 0.5231837232451901 0.4708684953730949 0.4284486731463764 0.5173554373642696 0.5054613369733758 0.5581232301084086 
0.0 0.0 0.4721330133448501 0.52719083195369 0.43438986053992995 0.5344370975202115 0.4873789539802529 0.5235611131817612 0.5290761788246874 0.5686264945666647 0.5069797369252087 0.5653335428342364 0.5203420370871529 0.43365442897278844 0.5231837232444408 0.4709466791591122 0.4284492533943103 0.5173556406723215 0.5054612135484784 0.558124178625761 
4.606784202702004E-16 0.0071199103035370324 0.4755373529679248 0.5271541249963846 0.43438967412106566 0.5314149401868529 0.48710689537815427 0.5235614264984685 0.5290783246850241 0.5686255952498335 0.5069797231243709 0.565301111776005 0.5203393861067337 0.4336530200370324 0.5231837228939452 0.4698464378670016 0.4284486715736465 0.5173422904318611 0.5050012151622979 0.5580877410653878 
4.606784202702004E-16 0.007116993745494186 0.47555243672502506 0.5271541249963846 0.4343896753834684 0.5314149401868529 0.48710689537815427 0.5235614264984685 0.5290782883087782 0.568625917233424 0.506979726125743 0.5653116413437764 0.5203394742457701 0.4336530200370324 0.5231837228976555 0.4698464378670016 0.4284486702364068 0.5173424930321395 0.50500070431654 0.5580877410653878 
1.4539048159579986E-10 0.0 0.4755373529679248 0.5271640887482425 0.43438967414068985 0.5313499472664899 0.4873747845148197 0.523560240080002 0.5290802990919943 0.568626431728841 0.5069773682960018 0.5652515680183956 0.5203417992251954 0.43365394831727855 0.5231837230314437 0.4698464378601516 0.4284492533943103 0.5173556982864511 0.5050056758415319 0.558084138154782 
4.162698325245477E-12 0.0 0.47213274063222005 0.5271651769565376 0.4343898503312123 0.5344370991691887 0.48712326833392716 0.5235602393603245 0.5290773200546723 0.5686255346312512 0.5069797222966029 0.5652333397756294 0.5203394621455858 0.43365441482386596 0.5231837229006967 0.47085850913835287 0.4284486599126898 0.5173554374756022 0.5050039943636728 0.5581196815147652 
3.752397923135212E-12 0.0 0.47213274445586667 0.5271938099319486 0.43438985021647586 0.5344376287275935 0.487381549378504 0.5235610633096356 0.5290438886880892 0.5686258982593686 0.5069797238253224 0.5652525560742382 0.520341876351854 0.4336544987802068 0.5231837232451901 0.4722019057815885 0.42844872016145585 0.5173540505449837 0.5054613371511596 0.5581232337613117 
3.906206087486394E-12 0.0 0.4721327391234374 0.5271371825189525 0.43438967690979147 0.5344367609120035 0.4873806988061005 0.5235602901572508 0.5290429181947347 0.5686255189420061 0.5069796696151916 0.5652496314636487 0.5203394092315732 0.4336536031285756 0.523183722898392 0.4721408605521003 0.4284486738265018 0.5173552455769697 0.5054612981991049 0.558086758943335 
0.0 0.0 0.4755373529679248 0.5271629236649008 0.4343896741920464 0.5313660908587567 0.4871218447698234 0.5235602693032388 0.52907833180742 0.568625217809929 0.5069797231183305 0.5663744607114911 0.5203394896658717 0.43365292454974175 0.5231837228917668 0.4698464378921724 0.4284487050485534 0.5173428181196619 0.5050009483690285 0.5580808482024571 
6.395837262841576E-15 0.0 0.4721327329174027 0.5271650979086944 0.4343896742299951 0.5344209442553247 0.4873727293127891 0.5235600254363593 0.5290796975087899 0.5686247541859191 0.5069796729117576 0.565248952738171 0.5203418955866848 0.43364825052394534 0.5231837232452341 0.4708980591397106 0.4284486731463764 0.5173552486451815 0.5054558448042278 0.5580879420227709 
1.0141608342483163E-16 0.017515341237874793 0.47213270378158784 0.5272007667319625 0.43438967575338194 0.5344373961156892 0.4871201985130034 0.5236689162006235 0.5290803569919359 0.5686222215377607 0.5069736374126367 0.5652386834527656 0.5203395538412846 0.43365431148145955 0.5231837228432791 0.4708434024420078 0.428449294602858 0.517355212071603 0.5050210602470531 0.558124802418305 
6.104425837224065E-14 0.003875144708233344 0.472132736042326 0.5271633725832982 0.4343896742328296 0.5344371004435545 0.48709365774803526 0.5235600016375653 0.5290441793373993 0.5686247603409064 0.5069796729117576 0.565248858378998 0.5203395373792353 0.43365441485126593 0.5231837228732381 0.4708980591397106 0.42844866057265574 0.5173424564061458 0.5050100073458317 0.5580874203295986 
5.655946343669825E-12 0.0 0.472132721887386 0.5271383453991173 0.43438967690979147 0.5344367923284348 0.48738090540628076 0.5235602901572508 0.5290440052923108 0.5686221297732579 0.5069734180332399 0.5652514603576472 0.5203394092315732 0.43365360551288223 0.5231837228429183 0.4721408605521003 0.4284486736334848 0.5173552455769697 0.5050266570467475 0.5580864614702007 
4.162698325245477E-12 0.0 0.4721330088524708 0.527165300576682 0.43438985023637877 0.5344370991691887 0.48712326833392716 0.5235602698950159 0.5290773200546723 0.568626560166915 0.5069797231654087 0.5652333397756294 0.5203394621455858 0.43365441482386596 0.5231837229006918 0.472300022497911 0.4284486599126898 0.5173554374756022 0.5050039943636728 0.5581214126779918 
3.752397923135212E-12 0.0 0.4721330099734332 0.5271958690024388 0.43438985021647586 0.5344376287275935 0.487381549378504 0.5235611222363761 0.5290438885964888 0.5686259041703621 0.5069797206363187 0.5652521960725961 0.5203419118105229 0.4336544987802068 0.5231837232451901 0.4709235045908595 0.4284487160598364 0.5173554335283405 0.5054613372146717 0.5581236546837626 
3.920438887836946E-12 0.0 0.47213274416519996 0.5271938099319486 0.43438985021647586 0.5344376287275935 0.487381549378504 0.5235610285673687 0.5290438886880892 0.5686258982593686 0.5069797244926876 0.5652525560742382 0.5203418949285836 0.4336544987802068 0.5231837232452345 0.4722019057815885 0.42844872016145585 0.5173540505449837 0.5054613371511596 0.5581232337613117 
0.0 0.0 0.4755373529679248 0.5271629236649008 0.4343896741741734 0.5313660908587567 0.4871218447698234 0.5235602693034889 0.52907833180742 0.5686252282555393 0.5069797231183305 0.5663744607114911 0.5203394896238825 0.43365292454974175 0.5231837228917668 0.4698464378921724 0.4284487050485534 0.5173428194706138 0.5050033295141549 0.55808794380874 
0.0 0.0 0.4755373529679248 0.5271629236649008 0.4343896741741734 0.5313660908587567 0.4871218447698234 0.5235602693034889 0.52907833180742 0.5686252282555393 0.5069797231183305 0.5663744607114911 0.5203394896238825 0.43365292454974175 0.5231837228917668 0.4698464378921724 0.4284487050485534 0.5173428194706138 0.5050033295141549 0.55808794380874 
0.0 0.0 0.4755373529679248 0.5271629236649008 0.4343896741741734 0.5313660908587567 0.4871218447698234 0.5235602693034889 0.52907833180742 0.5686252282555393 0.5069797231183305 0.5663744607114911 0.5203394896238825 0.43365292454974175 0.5231837228917668 0.4698464378921724 0.4284487050485534 0.5173428194706138 0.5050033295141549 0.55808794380874 
6.948195335939184E-14 0.0 0.47213274445586667 0.5271632311402545 0.4343896742328296 0.5344376194995186 0.4873722834804423 0.5235600252859764 0.5290773494116362 0.5686247560508787 0.5069796729117576 0.565248858378998 0.5203418955866848 0.43365449812802387 0.5231837232469652 0.4708980591397106 0.4284486731463764 0.5173552525600317 0.5054649677042777 0.5580877853253664 
6.395837262841576E-15 0.0 0.4721327329174027 0.5271632311402545 0.4343896742328296 0.53443762220063 0.48737230718262875 0.5235602601860709 0.5290773494116362 0.5686247577167183 0.5069796729117576 0.565248880157466 0.5203418955866848 0.4336537463541716 0.5231837232452341 0.4708982138996668 0.4284486731463764 0.5173552486451815 0.5054649677042777 0.5580877850598784 
3.745816437848292E-12 0.0 0.47213302698809306 0.5271958690024388 0.4343898502131349 0.534437622343944 0.4873832209104847 0.5235610931138447 0.5290773475540151 0.5686258810550355 0.5069797248766675 0.5652527567555227 0.5203418521842842 0.4336544485358051 0.5231837232443622 0.4708643458465411 0.42844867304138895 0.5173554407002248 0.505460598256841 0.5581667002039451 
0.00467134083593283 0.0 0.4721330045649759 0.5271631961837822 0.43438967407610024 0.5344380717006527 0.48712162129149433 0.5235602693192946 0.5290783370836014 0.5686264317251889 0.5069797551457932 0.5649775295216142 0.5203394387972257 0.43365348010712224 0.5231837232407311 0.470788223028135 0.4284492533943103 0.5173428809422675 0.5050010997092387 0.5580808081944286 
0.004634547029092172 0.0 0.47213274472038863 0.5271971722332783 0.43438985541633307 0.5344307928308412 0.4871181981204057 0.5235611188220924 0.52907833940661 0.5686247117531674 0.5069797245327516 0.5652523958414059 0.5203395359385108 0.43365347788232406 0.5231837232366974 0.4708160116493313 0.4284492533943103 0.5173552511214667 0.5049949203839068 0.558123569537426 
6.104425837224065E-14 0.003875144708233344 0.4721327362568069 0.527163364015845 0.4343896742328296 0.5344371004435545 0.48709365774803526 0.5235600016375653 0.5290773823299022 0.5686247603409064 0.5069796729117576 0.565248858378998 0.5203418955866848 0.43365449812802387 0.5231837232469652 0.4708980591397106 0.4284486728629804 0.5173432956683767 0.5050100073458317 0.5580874203295986 
8.456350909426968E-5 0.0 0.472133013470919 0.5272004242178855 0.43438984035001715 0.5344370786421888 0.4871710183267918 0.5235602688939066 0.5290438770253221 0.568625900564029 0.5069797230763704 0.5653251986168327 0.5203394939905299 0.433654360201294 0.5231837228872593 0.47224275590695647 0.4284492535810238 0.5173586357757619 0.5049782599544089 0.5580804072688492 
5.731591195142798E-7 0.0 0.47213271715340793 0.5271712061476441 0.43438984035001715 0.5344370785275666 0.48712688542447125 0.5235602688939066 0.5290437737074849 0.568625900564029 0.5069797230763704 0.5653251986168327 0.5203394920601437 0.4336488451038379 0.5231837228872593 0.47224275590695647 0.42844871654411965 0.5173586357757619 0.5049782599544089 0.5580804072688492 
8.440260279986726E-5 0.0 0.4721330074394483 0.5272016013062281 0.434389848586621 0.5344370786421888 0.4871702612571169 0.523560266819954 0.5290439475733758 0.5686259222165964 0.5069796988119328 0.5653258217626846 0.5203418864704168 0.433654345462234 0.5231837230313482 0.47224275590695647 0.42844924433361914 0.5173584935283662 0.5050026267419415 0.5580804101379112 
3.752397923135212E-12 0.0 0.47213303344332885 0.5271954778027731 0.43438985021647586 0.5344376290117061 0.487381545599516 0.5235611436390334 0.5290438824255043 0.5686255213477179 0.5069797231862767 0.5652532663391094 0.5203396252281047 0.43365344785005905 0.5231837232451965 0.4708996619886565 0.42844867559597816 0.5173554373642696 0.5054613380274244 0.5580884362029708 
5.655946343669825E-12 0.0 0.4721327385312638 0.5271371825189525 0.43438967690979147 0.5344367757697663 0.48738090540628076 0.5235602901572508 0.5290438732645684 0.5686255187348653 0.5069796708190747 0.5652514603576472 0.5203394092315732 0.43365360551288223 0.523183722898392 0.4721408605521003 0.4284486738265018 0.5173552455769697 0.5054612981991049 0.5580865421034458 
0.0 0.0 0.4755373529679248 0.527167093425064 0.43438967414068985 0.5313499472664899 0.4871218447698234 0.5235602693034889 0.5290783318033683 0.5686252282555393 0.5069797231301371 0.5663744607114911 0.5203394896238825 0.43365292454974175 0.5231837228939452 0.4698464378670016 0.42844866364000544 0.5173428194706138 0.5050033295141549 0.55808794380874 
0.0 0.0 0.4755373529679248 0.527167093425064 0.43438967414068985 0.5313499472664899 0.4871218447698234 0.5235602693034889 0.5290783318033683 0.5686252282555393 0.5069797231301371 0.5663744607114911 0.5203394896238825 0.43365292454974175 0.5231837228939452 0.4698464378670016 0.42844866364000544 0.5173428194706138 0.5050033295141549 0.55808794380874 
6.395837262841576E-15 0.0 0.4721327329174027 0.5271632311402545 0.4343896742328296 0.5344376194995186 0.4873727293127891 0.5235600252859764 0.5290773494116362 0.5686247577167183 0.5069796729117576 0.565248880157466 0.5203418955866848 0.43364825052394534 0.5231837232452341 0.4708980591397106 0.4284486731463764 0.5173552486451815 0.5054649677042777 0.5580877853253664 
3.97172692714055E-14 0.0 0.47213274427964874 0.527171234986525 0.4343898536539811 0.5344376287275935 0.48712711744465487 0.5235611264205905 0.5290438887705107 0.5686259019896791 0.5069796823031899 0.5653817325665543 0.5203394180723317 0.4336544987802068 0.5231837232485027 0.4708684953730949 0.4284487168838458 0.5173554429933778 0.5054613376974875 0.5580832083282418 
1.0141608342483163E-16 0.017515341237874793 0.47213270378158784 0.5271702079131304 0.43438967575338194 0.5344309046714367 0.4871201985130034 0.5235611221688308 0.5290792965512235 0.5686222215377607 0.5069736374126367 0.5652386834527656 0.5203395515744617 0.4336534519507861 0.5231837228432805 0.4708434024420078 0.4284492391978333 0.5173552843622926 0.5050010188894833 0.558124802418305 
6.104425837224065E-14 0.003875144708233344 0.4721327362568069 0.5271367196134816 0.4343896742736195 0.5344367436333758 0.4871059751526745 0.5235600071256069 0.5290773823299022 0.5686247799842534 0.5069796696125781 0.5652488399053843 0.5203418955866848 0.43365362682670977 0.5231837232469652 0.4708980591397106 0.42844867285846183 0.5173432956683767 0.5050085726825307 0.5580874203295986 
8.456350909426968E-5 0.0 0.4721330074394483 0.5272016013062281 0.4343898504189205 0.5344370786421888 0.4871702612571169 0.523560266819954 0.5290439475733758 0.5686259208102914 0.5069797191663515 0.5653251986168327 0.5203394939905299 0.4336543460148932 0.5231837229000311 0.47224275590695647 0.42844924433361914 0.5173586357757619 0.5050026267419415 0.5580804101379112 
6.77009762699147E-7 0.0 0.4721330673722507 0.5271529461633199 0.43438984040027045 0.5344376121890613 0.4871717787537102 0.5235602689552064 0.5290431504252073 0.5686255276961573 0.5069797230647837 0.56509651218602 0.5203418522092256 0.43365360765403976 0.5231837228920068 0.47221037370455665 0.4284487193250761 0.5173554373642696 0.5054649716658851 0.5580877757931046 
3.752397923135212E-12 0.0 0.4721330195054658 0.5271958690024388 0.4343898522725945 0.534437634907363 0.487381549378504 0.5235611221717013 0.5290438886852026 0.5686259051762778 0.5069797697245949 0.565338527847461 0.5203419119295776 0.4336544987802068 0.5231837232484986 0.47092413943702277 0.4284487168870104 0.5173554430450698 0.5054613372143143 0.5581236538946858 
9.332849270259142E-8 0.0 0.47213273893461344 0.5271514610571251 0.4343896797797827 0.5344367654691804 0.48738041266328125 0.5235602819661209 0.5290438726446456 0.5686255330472878 0.5069796711408606 0.5652373060342187 0.5203394735662052 0.4336535758916012 0.5231837228992582 0.4709665411805169 0.42844867327246833 0.5173552543187186 0.505461298188478 0.5580865397596652 
0.0 0.0 0.47564814380682996 0.5271632311402545 0.4343896742328296 0.534331642881223 0.4873727293127891 0.5235602687012125 0.5290783317820797 0.5686252176969078 0.5069796729117576 0.565248880157466 0.5203418955866848 0.4336531144514844 0.5231837232452341 0.4708980591397106 0.4284486731463764 0.5173552486451815 0.5054649677042777 0.5580879430872693 
1.1458058650720397E-14 0.0 0.4755373529679248 0.5271625508815272 0.434389673753619 0.5313660908587567 0.4871218447698234 0.5235602428476175 0.52907833180742 0.568625217809929 0.5069797231183305 0.5663744607114911 0.5203395666981853 0.43365292454974175 0.5231837229046506 0.4698464378921724 0.4284487050485534 0.5173428181196619 0.5050009483690285 0.5580758182217977 
1.0089055792825162E-13 0.0 0.47213274427964874 0.527171234986525 0.4343898536539811 0.5344376287275935 0.48712711744465487 0.5235611264205905 0.5290438887705107 0.5686259019896791 0.5069796823031899 0.5653817325665543 0.5203394180723317 0.4336544987802068 0.5231837232485027 0.4708684953730949 0.4284487168838458 0.5173554429933778 0.5054613376974875 0.5580832083282418 
0.05398730760396991 0.0 0.4721330236491141 0.5271631961837822 0.43438967407610024 0.5344380628919221 0.48712162129149433 0.5235602693192946 0.5290783353736473 0.568626406955584 0.5069797551457932 0.5652286521436737 0.5203394620637587 0.43365441235982066 0.5231837232341651 0.4708557632029328 0.4284492934314127 0.5173428809422675 0.505003223589973 0.5581662113233629 
1.4535414413127554E-10 0.003875144708233344 0.4721327362568069 0.5271914043732571 0.4343896742328296 0.5344371004435545 0.4873719281666156 0.5235602536970533 0.5290773823299022 0.568626515172676 0.5069796729117576 0.5652514731906312 0.5203418955866848 0.43365449812802387 0.5231837232469652 0.4708980591397106 0.4284492557422292 0.5173432956683767 0.5050098973482712 0.5580874203295986 
6.77009762699147E-7 0.0 0.4721330673722507 0.5271529461633199 0.43438984040027045 0.5344376111535267 0.4871717787537102 0.5235602607027746 0.5290431504252073 0.5686255276961573 0.5069797213177749 0.56509651218602 0.5203418522092256 0.43365360765403976 0.5231837228920068 0.47221037370455665 0.4284487193250761 0.5173554373642696 0.5054649716658851 0.5580877757931046 
3.752397923135212E-12 0.0 0.47213299865495856 0.527195870969694 0.43438985141209846 0.5344376307999049 0.48738154423871605 0.5235611260091041 0.5290438824255043 0.5686255233471142 0.506979724891997 0.5652535603272876 0.5203416421022666 0.4336544485633974 0.5231837232451901 0.47087049482426196 0.4284486755126924 0.5173554373642696 0.5054613475927513 0.558119449478138 
0.0 0.0 0.472132723315842 0.5271528013210303 0.4343896773294629 0.534437118916241 0.4871218382755743 0.5236745165546453 0.5290437459184362 0.5686222411644869 0.5069736396678918 0.5653199373419753 0.5203394980983569 0.4336487805335553 0.5231837228428038 0.4698320347625047 0.4284487176593186 0.5173426720561348 0.5050214266501235 0.5580806828294125 
3.97172692714055E-14 0.0 0.4755082080692016 0.527171234986525 0.4343898536539811 0.5344376287275935 0.48712636356150496 0.5235611264205905 0.529078253282065 0.5686259171694967 0.5069796823031899 0.5653808616715353 0.5203394180723317 0.4336544987802068 0.523183723237921 0.4708684953730949 0.4284487168838458 0.5173554429933778 0.5054661398908202 0.558087832211823 
3.745816437848292E-12 0.0 0.4721327445257743 0.5271958690024388 0.4343898502131349 0.534437622343944 0.4873814746813166 0.5235610931138447 0.5290773181970514 0.5686254997707767 0.5069797248766675 0.5652523697222838 0.5203418521842842 0.4336544463042531 0.5231837232451901 0.4708643458465411 0.4284486731463764 0.5173554373642696 0.5054613478058626 0.5581199478347681 
3.708184725081564E-12 0.0 0.4721327445257743 0.5272015808085463 0.4343898514612232 0.5344375746704152 0.48738144776086406 0.5235610950093398 0.5290804237622353 0.568625519499776 0.5069797250387481 0.5652523327095351 0.5203417794225575 0.4336544462561389 0.5231837232540457 0.4708184582594371 0.4284492523193383 0.5173554373642696 0.5054613435862818 0.5581215687576596 
1.0089055792825162E-13 0.0 0.47213274427964874 0.5271885274828874 0.4343896743577829 0.5344376287275935 0.48712711744465487 0.5235611260091041 0.5290796273648833 0.5686264178033986 0.5069796823031899 0.5652297270581015 0.5203394180723317 0.4336544987802068 0.5231837232451901 0.4708684953730949 0.42844923902561927 0.5173554373642696 0.5054841266173677 0.5580832083282418 
3.708184725081564E-12 0.0 0.4721327445257743 0.5272015808085463 0.4343898514612232 0.5344375746704152 0.48738144776086406 0.5235610950093398 0.5290804237622353 0.568625519499776 0.5069797250387481 0.5652523327095351 0.5203417794225575 0.4336544462561389 0.5231837232540457 0.4708184582594371 0.4284492523193383 0.5173554373642696 0.5054613435862818 0.5581215687576596 
3.708184725081564E-12 0.0 0.4721327445257743 0.5272015808085463 0.4343898514612232 0.5344375746704152 0.48738144776086406 0.5235610950093398 0.5290804237622353 0.568625519499776 0.5069797250387481 0.5652523327095351 0.5203417794225575 0.4336544462561389 0.5231837232540457 0.4708184582594371 0.4284492523193383 0.5173554373642696 0.5054613435862818 0.5581215687576596 
2.2313728202985923E-6 0.0 0.4721327454945333 0.5271518882992088 0.4343898472950815 0.5344371252444051 0.487381549378504 0.5235611260091041 0.5290443523800636 0.5686255276961573 0.5069796738375922 0.5652368233693132 0.5203394898805905 0.43365449812802387 0.5231837228945377 0.4708980591397106 0.42844867403260956 0.5173554141556929 0.5054609085667277 0.5580838092860577 
6.77009762699147E-7 0.0 0.4721330673722507 0.5271523813969208 0.43438984040027045 0.5344376232032884 0.4871605684381235 0.5235602689070352 0.5290431504252073 0.5686255276961573 0.5069797230343491 0.56509651218602 0.5203418522092256 0.43365360765403976 0.5231837228920068 0.4708643980105471 0.4284486731463764 0.5173554373642696 0.5054649716658851 0.5580877757931046 
2.5495493130804838E-6 0.0 0.47213275042569874 0.5271371825189525 0.43438984439433215 0.534437128252057 0.48738090540628076 0.5235602901572508 0.5290438732645684 0.5686255187348653 0.5069796820975306 0.5652515586417087 0.5203394092315732 0.4336536073653298 0.523183722898392 0.4720965916529925 0.4284486738265018 0.5173553941952044 0.5054612989085084 0.5580867268314665 
3.752397923135212E-12 0.0 0.47213301162084703 0.5271958738415907 0.43438985021647586 0.5344376287275935 0.4873815492137135 0.5235611260091041 0.5290438886827308 0.5686255233471142 0.5069796729117576 0.5652535953561948 0.520341876351854 0.4336545014639983 0.5231837232451901 0.4708684953730949 0.4284486754981019 0.5173554373642696 0.5054613372146717 0.5581235266598722 
0.0 0.0 0.4721330108791998 0.5272007727156899 0.43438984443177103 0.5344375654632836 0.4871697097583472 0.5236748366205394 0.5290438736373123 0.5686259031824624 0.5069796013116487 0.5653199373419753 0.5203394980983569 0.43365432254673714 0.5231837228428038 0.4698320347625047 0.42844929673536536 0.5173426720561348 0.5050214266501235 0.5580864376535464 
3.322692672333988E-13 0.0 0.4721327504873374 0.5271640070797888 0.4343898401475726 0.5344370471602607 0.48712580489220586 0.5235602296705028 0.5290438753920556 0.5686254969971617 0.5069796768217764 0.5652525560742382 0.520341876351854 0.4336528423058131 0.5231837228871463 0.46987903219703264 0.4284486778673448 0.5173554373642696 0.5049788513159063 0.5580799123942771 
3.322692672333988E-13 0.0 0.4721327504873374 0.5271640070797888 0.4343898401475726 0.5344370471602607 0.48712580489220586 0.5235602296705028 0.5290438753920556 0.5686254969971617 0.5069796768217764 0.5652525560742382 0.520341876351854 0.4336528423058131 0.5231837228871463 0.46987903219703264 0.4284486778673448 0.5173554373642696 0.5049788513159063 0.5580799123942771 
3.708184725081564E-12 0.0 0.4721327445257743 0.5271958690024388 0.4343898514612232 0.5344375186128825 0.4873814746813166 0.5235610954339948 0.5290804237622353 0.5686255041508264 0.5069797248766675 0.5652523327095351 0.5203417794225575 0.4336544462561389 0.5231837232451901 0.4708184582594371 0.42844925778172754 0.5173554373642696 0.5054613478058626 0.5581222254003448 
3.708184725081564E-12 0.0 0.4721327445257743 0.5271958690024388 0.4343898514612232 0.5344375186128825 0.4873814746813166 0.5235610954339948 0.5290804237622353 0.5686255041508264 0.5069797248766675 0.5652523327095351 0.5203417794225575 0.4336544462561389 0.5231837232451901 0.4708184582594371 0.42844925778172754 0.5173554373642696 0.5054613478058626 0.5581222254003448 
0.007041925637966949 0.0 0.47213275642726216 0.5271529376466161 0.43438984035001715 0.5344373045014162 0.4873815216736908 0.5235602561635866 0.5290469272398326 0.5686258393240836 0.5069797208145648 0.5652185732077628 0.5203394966219922 0.43365355772872466 0.5231837239977912 0.47223219257585275 0.4284491831801891 0.5173586292816896 0.5054612988978814 0.5581665021569329 
