-19898.0 -19491.0 
-19345.0 -20254.0 
-19345.0 -20254.0 
-19869.0 -19643.0 
-19895.0 -19567.0 
-19351.0 -20245.0 
-19472.0 -20241.0 
-19698.0 -20120.0 
-19848.0 -19772.0 
-19830.0 -19824.0 
-19633.0 -20130.0 
-19826.0 -19860.0 
-19534.0 -20202.0 
-19479.0 -20211.0 
-19786.0 -19935.0 
-19848.0 -19772.0 
-19784.0 -19987.0 
-19767.0 -20023.0 
-19703.0 -20050.0 
-19810.0 -19898.0 
-19611.0 -20150.0 
-19810.0 -19898.0 
-19576.0 -20163.0 
-19730.0 -20034.0 
-19706.0 -20035.0 
-19534.0 -20202.0 
-19739.0 -20030.0 
-19559.0 -20178.0 
-19786.0 -19935.0 
-19784.0 -19987.0 
-19611.0 -20150.0 
-19576.0 -20163.0 
-19767.0 -20023.0 
-19559.0 -20178.0 
-19478.0 -20232.0 
-19627.0 -20134.0 
-19627.0 -20134.0 
-19563.0 -20172.0 
-19703.0 -20050.0 
-19739.0 -20030.0 
-19563.0 -20172.0 
-19478.0 -20232.0 
-19479.0 -20211.0 
-19706.0 -20035.0 
-19534.0 -20202.0 
-19576.0 -20163.0 
-19559.0 -20178.0 
-19478.0 -20232.0 
-19559.0 -20178.0 
-19559.0 -20178.0 
-19559.0 -20178.0 
-19559.0 -20178.0 
-19559.0 -20178.0 
-19559.0 -20178.0 
-19478.0 -20232.0 
-19559.0 -20178.0 
-19559.0 -20178.0 
-19559.0 -20178.0 
-19559.0 -20178.0 
-19559.0 -20178.0 
-19559.0 -20178.0 
-19478.0 -20232.0 
-19559.0 -20178.0 
-19559.0 -20178.0 
-19559.0 -20178.0 
-19559.0 -20178.0 
-19559.0 -20178.0 
-19559.0 -20178.0 
-19559.0 -20178.0 
-19559.0 -20178.0 
-19559.0 -20178.0 
-19559.0 -20178.0 
-19559.0 -20178.0 
-19559.0 -20178.0 
-19559.0 -20178.0 
-19559.0 -20178.0 
-19559.0 -20178.0 
-19559.0 -20178.0 
-19559.0 -20178.0 
-19559.0 -20178.0 
-19478.0 -20232.0 
-19559.0 -20178.0 
-19559.0 -20178.0 
-19534.0 -20202.0 
-19559.0 -20178.0 
-19559.0 -20178.0 
-19559.0 -20178.0 
-19559.0 -20178.0 
-19559.0 -20178.0 
-19559.0 -20178.0 
-19559.0 -20178.0 
-19559.0 -20178.0 
-19559.0 -20178.0 
-19559.0 -20178.0 
-19559.0 -20178.0 
-19559.0 -20178.0 
-19559.0 -20178.0 
-19559.0 -20178.0 
-19559.0 -20178.0 
-19559.0 -20178.0 
