-19396.0 -20182.0 
-19875.0 -19546.0 
-19396.0 -20182.0 
-19820.0 -19780.0 
-19781.0 -19825.0 
-19822.0 -19588.0 
-19633.0 -20064.0 
-19548.0 -20109.0 
-19733.0 -19876.0 
-19843.0 -19550.0 
-19673.0 -20022.0 
-19823.0 -19551.0 
-19605.0 -20088.0 
-19655.0 -20026.0 
-19733.0 -19876.0 
-19576.0 -20092.0 
-19691.0 -19957.0 
-19725.0 -19887.0 
-19689.0 -19980.0 
-19689.0 -19980.0 
-19716.0 -19901.0 
-19712.0 -19945.0 
-19477.0 -20121.0 
-19605.0 -20088.0 
-19576.0 -20092.0 
-19822.0 -19588.0 
-19525.0 -20116.0 
-19439.0 -20157.0 
-19502.0 -20117.0 
-19502.0 -20117.0 
-19655.0 -20026.0 
-19525.0 -20116.0 
-19713.0 -19931.0 
-19417.0 -20164.0 
-19408.0 -20165.0 
-19464.0 -20129.0 
-19452.0 -20149.0 
-19673.0 -20022.0 
-19439.0 -20157.0 
-19477.0 -20121.0 
-19459.0 -20139.0 
-19417.0 -20164.0 
-19713.0 -19931.0 
-19716.0 -19901.0 
-19452.0 -20149.0 
-19408.0 -20165.0 
-19459.0 -20139.0 
-19691.0 -19957.0 
-19464.0 -20129.0 
-19712.0 -19945.0 
-19823.0 -19551.0 
-19477.0 -20121.0 
-19417.0 -20164.0 
-19408.0 -20165.0 
-19459.0 -20139.0 
-19477.0 -20121.0 
-19477.0 -20121.0 
-19477.0 -20121.0 
-19477.0 -20121.0 
-19459.0 -20139.0 
-19459.0 -20139.0 
-19477.0 -20121.0 
-19477.0 -20121.0 
-19459.0 -20139.0 
-19477.0 -20121.0 
-19459.0 -20139.0 
-19477.0 -20121.0 
-19477.0 -20121.0 
-19477.0 -20121.0 
-19459.0 -20139.0 
-19477.0 -20121.0 
-19477.0 -20121.0 
-19459.0 -20139.0 
-19477.0 -20121.0 
-19477.0 -20121.0 
-19477.0 -20121.0 
-19477.0 -20121.0 
-19477.0 -20121.0 
-19477.0 -20121.0 
-19477.0 -20121.0 
-19477.0 -20121.0 
-19477.0 -20121.0 
-19477.0 -20121.0 
-19417.0 -20164.0 
-19477.0 -20121.0 
-19477.0 -20121.0 
-19477.0 -20121.0 
-19477.0 -20121.0 
-19477.0 -20121.0 
-19477.0 -20121.0 
-19477.0 -20121.0 
-19477.0 -20121.0 
-19477.0 -20121.0 
-19477.0 -20121.0 
-19477.0 -20121.0 
-19477.0 -20121.0 
-19477.0 -20121.0 
-19477.0 -20121.0 
-19477.0 -20121.0 
-19477.0 -20121.0 
