-19841.0 -19821.0 
-19389.0 -20247.0 
-19389.0 -20247.0 
-19600.0 -20129.0 
-19671.0 -20120.0 
-19468.0 -20156.0 
-19545.0 -20154.0 
-19460.0 -20201.0 
-19681.0 -20066.0 
-19550.0 -20131.0 
-19713.0 -20065.0 
-19821.0 -19842.0 
-19809.0 -19909.0 
-19725.0 -20034.0 
-19810.0 -19863.0 
-19402.0 -20211.0 
-19416.0 -20204.0 
-19753.0 -19993.0 
-19758.0 -19966.0 
-19769.0 -19938.0 
-19787.0 -19930.0 
-19786.0 -19937.0 
-19809.0 -19909.0 
-19787.0 -19930.0 
-19810.0 -19863.0 
-19743.0 -19995.0 
-19728.0 -20017.0 
-19732.0 -20007.0 
-19758.0 -19966.0 
-19764.0 -19951.0 
-19402.0 -20211.0 
-19764.0 -19951.0 
-19671.0 -20120.0 
-19416.0 -20204.0 
-19732.0 -20007.0 
-19728.0 -20017.0 
-19743.0 -19995.0 
-19460.0 -20201.0 
-19681.0 -20066.0 
-19468.0 -20156.0 
-19545.0 -20154.0 
-19753.0 -19993.0 
-19769.0 -19938.0 
-19671.0 -20120.0 
-19681.0 -20066.0 
-19681.0 -20066.0 
-19681.0 -20066.0 
-19681.0 -20066.0 
-19681.0 -20066.0 
-19681.0 -20066.0 
-19681.0 -20066.0 
-19681.0 -20066.0 
-19681.0 -20066.0 
-19681.0 -20066.0 
-19681.0 -20066.0 
-19681.0 -20066.0 
-19681.0 -20066.0 
-19681.0 -20066.0 
-19681.0 -20066.0 
-19681.0 -20066.0 
-19681.0 -20066.0 
-19681.0 -20066.0 
-19681.0 -20066.0 
-19681.0 -20066.0 
-19681.0 -20066.0 
-19671.0 -20120.0 
-19681.0 -20066.0 
-19681.0 -20066.0 
-19681.0 -20066.0 
-19681.0 -20066.0 
-19681.0 -20066.0 
-19681.0 -20066.0 
-19681.0 -20066.0 
-19681.0 -20066.0 
-19681.0 -20066.0 
-19681.0 -20066.0 
-19681.0 -20066.0 
-19671.0 -20120.0 
-19681.0 -20066.0 
-19681.0 -20066.0 
-19681.0 -20066.0 
-19681.0 -20066.0 
-19681.0 -20066.0 
-19681.0 -20066.0 
-19681.0 -20066.0 
-19681.0 -20066.0 
-19681.0 -20066.0 
-19681.0 -20066.0 
-19681.0 -20066.0 
-19681.0 -20066.0 
-19681.0 -20066.0 
-19681.0 -20066.0 
-19681.0 -20066.0 
-19681.0 -20066.0 
-19681.0 -20066.0 
-19681.0 -20066.0 
-19681.0 -20066.0 
-19681.0 -20066.0 
-19681.0 -20066.0 
-19681.0 -20066.0 
