-18188.0 -19366.0 
-19154.0 -18600.0 
-19154.0 -18600.0 
-18503.0 -19295.0 
-18220.0 -19330.0 
-19144.0 -18713.0 
-18435.0 -19320.0 
-18338.0 -19324.0 
-18550.0 -19269.0 
-18338.0 -19324.0 
-18792.0 -19161.0 
-19125.0 -18732.0 
-18645.0 -19227.0 
-19121.0 -18783.0 
-18435.0 -19320.0 
-18818.0 -19132.0 
-18586.0 -19243.0 
-18738.0 -19178.0 
-18848.0 -19115.0 
-19064.0 -18862.0 
-18873.0 -19093.0 
-18710.0 -19202.0 
-18976.0 -18980.0 
-19103.0 -18827.0 
-19034.0 -18895.0 
-18645.0 -19227.0 
-19064.0 -18862.0 
-18896.0 -19082.0 
-18774.0 -19172.0 
-18678.0 -19213.0 
-19029.0 -18921.0 
-19055.0 -18883.0 
-18818.0 -19132.0 
-18678.0 -19213.0 
-19104.0 -18812.0 
-18561.0 -19251.0 
-19103.0 -18827.0 
-18710.0 -19202.0 
-19014.0 -18925.0 
-18220.0 -19330.0 
-18997.0 -18960.0 
-19007.0 -18936.0 
-18586.0 -19243.0 
-18738.0 -19178.0 
-18944.0 -19028.0 
-18570.0 -19249.0 
-18948.0 -19004.0 
-19140.0 -18726.0 
-18904.0 -19059.0 
-19111.0 -18797.0 
-18932.0 -19039.0 
-19144.0 -18713.0 
-18774.0 -19172.0 
-18861.0 -19106.0 
-19111.0 -18797.0 
-18910.0 -19045.0 
-19055.0 -18883.0 
-19007.0 -18936.0 
-18904.0 -19059.0 
-18896.0 -19082.0 
-19121.0 -18783.0 
-18951.0 -18993.0 
-18958.0 -18991.0 
-18958.0 -18991.0 
-18905.0 -19047.0 
-19034.0 -18895.0 
-18852.0 -19107.0 
-18948.0 -19004.0 
-18997.0 -18960.0 
-18988.0 -18968.0 
-18988.0 -18968.0 
-18932.0 -19039.0 
-18939.0 -19034.0 
-18861.0 -19106.0 
-18910.0 -19045.0 
-18989.0 -18965.0 
-18944.0 -19028.0 
-19140.0 -18726.0 
-19125.0 -18732.0 
-18939.0 -19034.0 
-19029.0 -18921.0 
-18989.0 -18965.0 
-18951.0 -18993.0 
-18852.0 -19107.0 
-18905.0 -19047.0 
-18338.0 -19324.0 
-18678.0 -19213.0 
-19103.0 -18827.0 
-18904.0 -19059.0 
-19121.0 -18783.0 
-18948.0 -19004.0 
-18988.0 -18968.0 
-18910.0 -19045.0 
-19125.0 -18732.0 
-18944.0 -19028.0 
-19029.0 -18921.0 
-18905.0 -19047.0 
-18948.0 -19004.0 
-18338.0 -19324.0 
-18948.0 -19004.0 
