-18469.0 -19775.0 
-19465.0 -18834.0 
-19465.0 -18834.0 
-18469.0 -19775.0 
-18570.0 -19739.0 
-18550.0 -19760.0 
-19407.0 -18879.0 
-18644.0 -19732.0 
-19339.0 -19077.0 
-18740.0 -19667.0 
-18655.0 -19706.0 
-18477.0 -19774.0 
-19281.0 -19141.0 
-19404.0 -18939.0 
-19342.0 -19042.0 
-18689.0 -19696.0 
-18850.0 -19575.0 
-18698.0 -19679.0 
-18771.0 -19636.0 
-19041.0 -19423.0 
-19012.0 -19479.0 
-18798.0 -19635.0 
-18846.0 -19601.0 
-19255.0 -19183.0 
-19087.0 -19405.0 
-19308.0 -19108.0 
-19073.0 -19422.0 
-19099.0 -19367.0 
-19238.0 -19210.0 
-18890.0 -19559.0 
-19133.0 -19347.0 
-19243.0 -19195.0 
-19020.0 -19443.0 
-19217.0 -19216.0 
-19039.0 -19442.0 
-19323.0 -19102.0 
-19357.0 -19026.0 
-19395.0 -18957.0 
-19156.0 -19319.0 
-19421.0 -18866.0 
-18897.0 -19549.0 
-19373.0 -18977.0 
-18990.0 -19490.0 
-19439.0 -18852.0 
-18647.0 -19727.0 
-18930.0 -19534.0 
-18824.0 -19611.0 
-18751.0 -19643.0 
-18746.0 -19647.0 
-18967.0 -19506.0 
-19211.0 -19225.0 
-18550.0 -19760.0 
-18948.0 -19515.0 
-18990.0 -19490.0 
-19156.0 -19319.0 
-19308.0 -19108.0 
-19193.0 -19237.0 
-19164.0 -19284.0 
-19432.0 -18864.0 
-18829.0 -19605.0 
-18967.0 -19506.0 
-18934.0 -19527.0 
-19268.0 -19155.0 
-19197.0 -19231.0 
-18869.0 -19566.0 
-19371.0 -18994.0 
-19133.0 -19347.0 
-19395.0 -18957.0 
-18809.0 -19621.0 
-19117.0 -19354.0 
-19188.0 -19254.0 
-19365.0 -19009.0 
-19280.0 -19151.0 
-18911.0 -19541.0 
-18570.0 -19739.0 
-19098.0 -19382.0 
-18947.0 -19520.0 
-18869.0 -19566.0 
-19262.0 -19164.0 
-19178.0 -19266.0 
-19439.0 -18852.0 
-19362.0 -19022.0 
-19117.0 -19354.0 
-19098.0 -19382.0 
-19016.0 -19463.0 
-19076.0 -19410.0 
-19178.0 -19266.0 
-19373.0 -18977.0 
-19164.0 -19284.0 
-19160.0 -19302.0 
-18477.0 -19774.0 
-19185.0 -19257.0 
-19323.0 -19102.0 
-19404.0 -18939.0 
-19160.0 -19302.0 
-19370.0 -19003.0 
-18698.0 -19679.0 
-18809.0 -19621.0 
-18911.0 -19541.0 
-19016.0 -19463.0 
