1.1521555815579527	12.839834295861074
3.7738098644013744	11.460776734312404
6.808825209388611	11.285495382056478
5.887676641035094	9.408388393054084
4.425273687846713	10.447349552358526
7.753030620723651	10.012738070301454
5.6154683685074644	7.566481027995241
8.98790173381247	6.996828488334606
11.074587141953938	10.422638606347762
3.182741445778249	12.252384866187397
7.904102980939385	11.548207526505946
7.704367995528115	8.534294201333747
11.472295905003138	7.515650162026358
11.732673305231739	2.888707849718732
10.881159525853771	7.441993816129739
9.70511529393636	6.704318959577683
8.841762202190434	7.04908563994188
6.842845947481669	11.922303754086654
8.941716051554774	8.828783410312633
7.847466402058623	12.031605879659795
11.194918686050897	2.087368195895528
4.653684025376693	11.434764890674376
8.256759789375502	10.285961794441151
13.209305433601907	2.4094468303505066
2.3161242187300006	11.659201632100048
9.485131896637132	9.106745314950626
13.462858855236599	0.6566435846311179
5.773562406124708	10.545114035459962
8.437734836182658	8.595925449541065
3.411423216820021	9.808087329329915
11.269992792984086	9.143718183052654
9.681671156843786	8.977323428148404
9.513224911090933	11.540251401529177
12.341860962796524	1.21015009573393
11.972458098511872	5.547319852577245
13.303134003003034	4.014494429005872
6.219039809411091	10.960431390678933
10.476143056894506	8.377487840192407
16.697283121971846	1.6128656659890603
9.362372982284082	10.212443395431643
4.437451002678813	12.021525412564236
4.413354862460857	8.72517986092848
12.884175694852031	1.0976931799754654
1.5041841545184047	12.993657238025833
11.13282446356494	0.5665394226723048
3.513843924525665	9.834110127688632
11.597489291800326	0.403895152971536
10.246116203423426	8.609096713914301
11.25526961133156	6.511581833670526
5.6288545877375995	9.288013529995892
12.409344491651048	2.6564314599145464
10.805347197918556	6.8239316597502055
10.41054587483189	7.992564698460595
11.190815490090857	5.5766639641046085
8.777650622328343	7.941014836675801
1.998340788020232	12.593810049049566
9.243780901309961	2.6507215636757553
12.178568954100738	1.0726266249657803
5.375583560642319	9.529158134813498
1.089595061604345	12.526256746209025
12.476021629947741	2.6972263271297554
11.738369595251664	6.584798603101336
8.091950833884404	11.048836853557523
9.11812240490166	8.279086050766894
9.987138909331689	6.358889505123571
11.694248862263226	0.05190297559801076
3.1695844790327605	10.660397793555564
3.6564377382263373	14.083700593886025
6.307366423223333	7.990225865672531
10.671979398330464	2.9553311208509863
6.065597496349983	6.949550694420532
6.705260601591106	7.95476337812082
1.1277780546331326	9.214051350990381
9.666900262704038	5.595047454529229
1.081321234405113	11.259900167086101
6.143667564679251	10.229378279960972
7.885045247532035	9.811495781246956
12.561308556739066	1.159013901595658
7.1409669760332894	11.840422593568213
6.068051828916059	10.681413016306506
10.197389708138816	6.387426196307423
8.433539065128125	9.713664469105378
6.965334518477532	9.411556680021583
2.0394890461958997	13.397727369672076
5.848717324417797	10.46811424117883
9.518911603128675	4.159379009452238
2.5815832403791066	11.482965454319842
12.824175271885188	1.9336039945263723
12.749263924921804	2.186933090759022
7.1058247078447785	10.720671555280223
8.503139869633554	12.856633289165996
9.758193298499425	5.994309137227892
8.310829072073673	1.2067838550308951
0.3415014810312596	12.294412095249289
5.787569071135189	9.894096571142825
6.34174836000952	8.915075872115647
5.521641369708792	13.286653388609382
4.120097283428407	11.89594081339599
11.032588390145714	4.535045210343886
10.685179934667858	6.110623063308077
