2.4303628665279574E9	4.607505219769776E10
2.50551197729206E10	4.132544172904007E10
4.091694649683898E10	4.782267395756668E9
9.883113283231104E9	5.3733454473635796E10
1.4227490384035275E10	4.834780782101912E10
4.253054933831598E10	1.723922203491858E10
3.258663906796036E10	1.9236900791519043E10
1.7216329803583763E10	2.523838745653142E10
2.996251676214512E10	3.597269407344633E10
1.7091045342121334E10	2.1065533786262093E10
3.6570333315358826E10	9.302146026815378E9
2.65224624532914E10	6.896720499848074E9
8.728600902835604E9	3.351104872045039E10
2.1670448683048306E9	4.215380883246049E10
3.3077767791678043E10	2.271074208480079E10
7.870552723851264E9	3.6498248353880066E10
2.4602719807033817E10	2.717691475086633E10
4.3670130261375854E10	1.3646588636962772E10
2.206277611548414E10	1.625190632812179E10
3.293621192684514E10	2.7951354139196846E10
2.970953991873107E10	2.259889212834937E9
2.8712360239322895E10	2.322302013789356E10
3.782690300044894E10	1.1633389065751785E10
1.5265125397928589E10	2.8018450699112217E10
2.832852416653151E10	1.7345367425306202E10
4.00577905309617E10	2.758124616115512E10
1.2097934622074303E10	2.4044175577675648E10
2.3705218950778076E10	9.451666262591179E9
4.8715672352827255E10	2.1192648572252962E8
1.6941140670964708E10	2.0189131449630684E10
7.997859197656335E9	3.8377750730710144E10
1.4310171665605421E10	4.3917358901959854E10
3.952560030106255E10	1.828237137015137E10
4.865934003325224E10	1.129220420907601E10
1.9035271935693844E10	2.4174421422794674E10
3.337453580216098E10	2.175354638867344E10
3.3535509827429756E10	1.9878258925233654E10
1.9020367863510036E10	3.7788648304805725E10
2.694083830906808E10	2.7818537828749924E10
1.5023430309751259E10	4.602620171686774E10
3.3420678553236324E10	2.1663847418915936E10
1.766737006144012E10	4.2260576825786194E10
4.6758284447227806E10	2.0095805986576843E10
3.436714337899319E10	1.760724195134662E10
1.382457793431115E9	5.3701890165550354E10
2.6886423995952255E10	1.7694788304624172E10
3.794890911067407E10	1.2536795017734973E9
2.5398365132477024E10	5.823719583171608E9
3.438339348884789E10	1.471175952466101E10
3.1702002103143898E10	7.710655387239763E9
2.905047485238077E10	2.6361984293900444E10
4.936027758962741E9	3.3556136490205875E10
4.5082411304538864E10	1.4360774844177322E9
2.5203747004502644E10	4.114421356007732E10
5.335696080283881E9	3.3361710883314842E10
1.3719452134114748E10	2.7898250473239643E10
2.8871461061274944E10	2.154480511613528E10
1.9130222026486454E10	4.469901463836089E10
4.1014623272858284E10	2.6081774913815247E10
1.6624305626902428E10	2.511331611981618E10
1.195097140662063E10	3.780676968179635E10
4.344982846405852E10	1.9494748767925964E10
3.07526280396652E10	1.8833761727497213E9
2.577878909060527E10	7.095370688232742E9
3.552818065463345E10	3.742935988365163E9
1.6936989795747862E10	2.4558898458829014E10
2.382198070743277E10	1.2575833931715822E10
2.508717652557617E10	3.3318205307922573E10
3.620989680613951E10	8.156177850041198E9
8.384503386356278E9	3.195924497154614E10
1.5857478042111082E10	4.119610403189582E10
1.3710015162573761E10	2.3209638519613575E10
3.398784153930794E10	9.247249347185038E9
3.730428051725909E10	1.1225794593978672E10
2.76043156945251E10	2.7667041491724648E10
2.5745847375041847E10	3.2233970295648727E10
3.6448244376084435E10	2.1145115225218197E10
2.037557165461797E10	4.954833118111774E10
5.676894638109146E9	4.273531988882493E10
2.1955033264421543E10	1.8590002309011772E10
4.555551715280637E9	4.503760858021826E10
1.4633173130126236E10	4.185880524516499E10
1.4580573682340815E10	3.0646573363509747E10
2.6563159307513687E10	2.81791315307426E10
5.399591734316392E9	3.1092748804532406E10
3.3415727381351185E9	3.0692651040986794E10
2.7005460281346558E10	1.8183175342629986E10
1.0411166209906124E10	4.256858911820837E10
3.2527837273677605E10	8.740204731339554E9
1.2041700035373592E10	2.7821306326710266E10
3.49254055866241E10	6.923784383503084E9
4.052448177597266E10	1.3746202883521389E10
2.9546068247131214E10	7.92892782111808E9
8.630917723439417E9	5.069970428398692E10
1.090628089772641E9	4.262825386212599E10
2.698653540604449E10	2.3043045410800983E10
2.9231171460819668E10	7.806334554551628E9
3.0298996927953346E10	2.2029621187928684E10
2.789395508544822E10	3.876139625726759E10
2.006312408223598E10	3.3382679500638336E10
