3.0818426810139515E-9 1.0021351386722002 
1.0020504111627382 6.883641621528094E-8 
0.8609460973139408 0.5124463693765421 
0.8122912284791768 0.5872906964214725 
0.9503225320041077 0.31812633689125247 
0.7727167303269172 0.6379309501877246 
0.6012366011846664 0.8018873411815429 
0.9392930047941083 0.3498515726299567 
0.8830968526803764 0.4738894771539086 
0.8758385282785768 0.4868356599716872 
1.001235040182571 0.03749987977388489 
0.34233006261644167 0.9419429812050782 
0.7645640064602599 0.6477422063187709 
0.3120573937884993 0.9524015526290488 
0.06413112066869808 0.9997493254658508 
0.5354202886654552 0.8471786722500275 
0.46881650752881465 0.8859340713009595 
0.9855338652873038 0.18048858135344986 
0.4413438375609205 0.8997655949148355 
0.19214136348374888 0.9837846069243681 
0.21560361290727303 0.9784494051077617 
0.4217864031886865 0.9092362402312631 
0.27616272159996347 0.9633516817131824 
0.40780475470631544 0.9156825520368975 
0.970207316187442 0.24957313023641534 
0.9987784440807599 0.08228268988248576 
0.3010645968355954 0.9555436195039955 
0.7337685590481507 0.6821250195203518 
0.9609180564202264 0.2842908634220174 
0.8507037586154856 0.529912978396577 
0.793037629308003 0.6125175069206112 
0.5218737242735717 0.8551242005787325 
0.10109628331126065 0.996741547297344 
0.5542559081105141 0.8346661960934665 
0.793037629308003 0.6125175069206112 
0.9560064665251815 0.30043912354604013 
0.388365552167765 0.9235161053457024 
0.6253415342788914 0.7827852618031911 
0.9661600546675264 0.2649830854477633 
0.9106869666601576 0.41847157940474616 
0.8210621697840585 0.5742887527935719 
0.7161428916957672 0.7005641298205568 
0.23269884857330728 0.9744146303333031 
0.747400406175633 0.6679446995417754 
0.9039144744981076 0.43303618334950783 
0.02827387454460397 1.0015388367629772 
0.4567076420320533 0.8931045670370745 
0.5901539938665318 0.8100860651882219 
0.6353363227919081 0.7748456983190283 
0.07958018890010898 0.9988678756969219 
0.6943312553621966 0.7225091268083852 
0.9941011607566341 0.12765129765405805 
0.8300922614217743 0.5614751257458059 
0.48977190719855374 0.8743775806299319 
0.3764194087567706 0.9286786309781832 
0.7226863229722004 0.6938280498918828 
0.9891885556909376 0.15957185074103308 
0.12655123205505392 0.9943302830341695 
0.8969976970384377 0.4465926881226443 
0.9173956650290062 0.40257418731705186 
0.9971063666671376 0.1026107598148563 
0.26408144818100054 0.9669599334336693 
0.9814887288056311 0.20305207377296053 
0.36259085444611083 0.9339000350948938 
0.681127864635951 0.7349634101516669 
0.9761167453585733 0.22769242627952305 
0.8438140415342567 0.5409224147371596 
0.7014105671758344 0.7155320870560852 
0.9339327076217022 0.36384375066574437 
0.1508473947170035 0.9907614146387869 
0.9260424976578289 0.3832021656454588 
0.35409306574776034 0.9377067510405268 
0.507367780413442 0.8643202236312136 
0.9209256195615599 0.3945384506883382 
0.12060483729528212 0.9948387259767613 
0.7451131620971551 0.670516488811474 
0.0243629073258266 1.0015440075154387 
0.9954199958681175 0.11279011859565594 
0.8969976970384377 0.4465926881226443 
0.9803369307867322 0.2068363307063896 
0.15182193166438002 0.9906077338854375 
0.9891885556909376 0.15957185074103308 
0.5622880985420429 0.8292462804624744 
0.6619310197455006 0.7520362561611694 
0.1737431385264946 0.986960460021098 
0.9766625157184369 0.22524565560505658 
9.53035143368542E-4 1.001887503720564 
0.6540563996138861 0.7594729457620072 
1.0001971878136064 0.058623214587571484 
0.6484322153155777 0.7645257217212286 
0.5770502854342584 0.8187919001893239 
0.5043217268732726 0.8657604354028522 
0.4925305745032086 0.8729663468268718 
0.2505266223629374 0.9706475109091774 
1.0001971878136064 0.058623214587571484 
0.1737431385264946 0.986960460021098 
0.8359538841931935 0.552271949168669 
0.8387494619077126 0.5486063961980184 
0.5695558611803423 0.8243244882013695 
0.6259488638670979 0.782298665673413 
