1.0020008402993492 4.8379635507332356E-8 
7.112297508652358E-10 1.0022427817750037 
0.5737027555569728 0.8216234450312783 
0.4414648016018317 0.899562706318877 
0.7721822337093341 0.6386116080687476 
0.9792126287141305 0.21368948746258273 
0.8585078583994792 0.5173862495732826 
0.4113716240387618 0.9138020913340583 
0.28112187472121863 0.9619181661265478 
1.0010294187961393 0.04319103638578975 
0.8460451658527474 0.5374247327234256 
0.07688971625794255 0.9991517603019001 
0.6003113735236989 0.8024768885307607 
0.17008413433224548 0.9873801583117268 
0.506392054841635 0.8648962732930773 
0.8685826163050221 0.500360493897085 
0.9958744984719364 0.11035110023099484 
0.9031427257261135 0.43454245774298883 
0.9835486156985896 0.1911284244105921 
0.3552835487430914 0.936997959213353 
0.8770919392927143 0.4846788291827703 
0.7008690836020043 0.716996525920848 
0.22372464605134026 0.9770997921766799 
0.03832171354292153 1.0013845463372448 
0.8937005245907123 0.4533789651195651 
0.7899983862582549 0.6169101932629938 
0.6894993408103791 0.7274908442783519 
0.6670221232752108 0.7480318889053572 
0.528931889087837 0.8513927580245483 
1.0018964988152217 0.00905715079154783 
0.3778924237224907 0.9281184941837584 
0.18786118009376992 0.9844592133249463 
0.6772974910868061 0.7387181355729877 
0.6538128950497617 0.7599701685327398 
0.4962579768988122 0.870429890011833 
0.998188098851863 0.08648038933511505 
0.8254526440514666 0.5680375955110726 
0.9730860278214043 0.2404034795311409 
0.10204364231360516 0.9968740946839034 
0.051644218323475516 1.000703876484227 
0.2522575496072065 0.9696623419725714 
0.7613725856084184 0.6514935397513588 
0.14279703429313376 0.991972790465066 
0.0067149287558235255 1.0019550005188962 
0.11399785538311989 0.9953656033434357 
0.24956184662061107 0.9703606721830687 
0.9503655278063815 0.33756234712958083 
0.40096167532469146 0.9184518022855029 
0.7540997334533441 0.6600809368422871 
0.6373371718210002 0.7736343935122558 
0.7384530470110889 0.6777208947090999 
0.4794933588588566 0.8796435349875459 
0.9715300671251857 0.2469210535808948 
0.9558012923388168 0.30143189884221827 
0.33136458287262993 0.9458427213275904 
0.7449415712939965 0.6704111176418713 
0.3867928033494103 0.9247443919460493 
0.8368195848445775 0.5516942359758344 
0.45548397652555056 0.8926850192218563 
0.6046437256242618 0.7994327115806305 
0.13664999112740422 0.9932357389284912 
0.6258278325273455 0.7845950809169424 
0.7130703995742351 0.7041068692252351 
0.7161348226209608 0.7010627182168985 
0.8854858545178765 0.46942262450396255 
0.9935888600576662 0.13218348261797166 
0.6442763244694312 0.7678116183489199 
0.941249782502069 0.3434008681195929 
0.918156229257527 0.40210327530136913 
0.8141362007437003 0.5842289176094932 
0.20673235652959224 0.9803960445365959 
0.558862088489855 0.8316908690170841 
0.965870461327845 0.2672910756947822 
0.8330225611701446 0.5570399246743418 
0.9316397477992264 0.3689413570081964 
0.8162895405645542 0.5813709395536117 
0.2970367893166952 0.9571210754282765 
0.9095952436825264 0.41984083239094366 
0.9251456339550456 0.38491762808506336 
0.9510894073895007 0.3176970012612529 
0.6187409112674745 0.7886621162489547 
0.9114556158232247 0.4157602367864387 
0.7957088161658169 0.6091676335416442 
0.9868603977824342 0.17312422748254563 
0.5606441127376001 0.8306839365528804 
0.9993985519369094 0.07262689401905065 
0.887835402072234 0.46476750829745467 
0.9208730227893731 0.3953278097334178 
0.5340148986041422 0.8482565408039345 
0.9609492072504898 0.284580039997827 
0.9927447576738522 0.13737396278829136 
0.7282109141656842 0.6885498062595781 
0.7282109141656842 0.6885498062595781 
0.3022775860448063 0.9557651687967058 
0.9287306618020764 0.3762050628538652 
0.803690882685857 0.5985676161996453 
0.9652993605813247 0.2690922909948987 
0.5433744757428812 0.8421798090133611 
0.803690882685857 0.5985676161996453 
0.9999314813670047 0.0636759388191652 
