-20282.0 -19952.0 
-19329.0 -20874.0 
-20282.0 -19952.0 
-19329.0 -20874.0 
-20231.0 -20092.0 
-20136.0 -20220.0 
-20197.0 -20103.0 
-20273.0 -20003.0 
-19972.0 -20436.0 
-20086.0 -20283.0 
-19504.0 -20784.0 
-20235.0 -20042.0 
-19367.0 -20828.0 
-20242.0 -20016.0 
-20107.0 -20281.0 
-19808.0 -20553.0 
-19737.0 -20620.0 
-19341.0 -20842.0 
-19768.0 -20604.0 
-19839.0 -20550.0 
-19464.0 -20790.0 
-19858.0 -20528.0 
-19413.0 -20805.0 
-20114.0 -20256.0 
-19611.0 -20688.0 
-19367.0 -20828.0 
-19918.0 -20463.0 
-19536.0 -20765.0 
-20052.0 -20331.0 
-20073.0 -20306.0 
-20261.0 -20013.0 
-20114.0 -20256.0 
-19569.0 -20744.0 
-20189.0 -20138.0 
-19795.0 -20561.0 
-19854.0 -20530.0 
-19464.0 -20790.0 
-19345.0 -20838.0 
-19892.0 -20485.0 
-20156.0 -20201.0 
-19413.0 -20805.0 
-20149.0 -20210.0 
-19686.0 -20655.0 
-19429.0 -20801.0 
-20073.0 -20306.0 
-19718.0 -20642.0 
-19579.0 -20723.0 
-19504.0 -20784.0 
-19985.0 -20381.0 
-20045.0 -20354.0 
-19957.0 -20449.0 
-19989.0 -20374.0 
-19982.0 -20404.0 
-19737.0 -20620.0 
-20010.0 -20370.0 
-20010.0 -20370.0 
-19655.0 -20660.0 
-20183.0 -20150.0 
-19941.0 -20460.0 
-20166.0 -20178.0 
-20161.0 -20183.0 
-19982.0 -20404.0 
-19768.0 -20604.0 
-19876.0 -20492.0 
-19548.0 -20750.0 
-19638.0 -20685.0 
-20041.0 -20356.0 
-20052.0 -20331.0 
-19792.0 -20578.0 
-19913.0 -20477.0 
-19874.0 -20500.0 
-20235.0 -20042.0 
-19596.0 -20710.0 
-20183.0 -20150.0 
-19907.0 -20483.0 
-19785.0 -20583.0 
-19959.0 -20442.0 
-19536.0 -20765.0 
-19544.0 -20752.0 
-19429.0 -20801.0 
-19702.0 -20647.0 
-19874.0 -20500.0 
-19718.0 -20642.0 
-19579.0 -20723.0 
-19640.0 -20684.0 
-20166.0 -20178.0 
-19785.0 -20583.0 
-19654.0 -20664.0 
-19596.0 -20710.0 
-19686.0 -20655.0 
-19702.0 -20647.0 
-20189.0 -20138.0 
-19604.0 -20698.0 
-20197.0 -20103.0 
-20273.0 -20003.0 
-19941.0 -20460.0 
-20041.0 -20356.0 
-19604.0 -20698.0 
-19654.0 -20664.0 
-19839.0 -20550.0 
