-18425.0 -19346.0 
-19157.0 -18569.0 
-19157.0 -18569.0 
-18425.0 -19346.0 
-18647.0 -19184.0 
-18730.0 -19182.0 
-19092.0 -18703.0 
-18643.0 -19238.0 
-19114.0 -18617.0 
-18609.0 -19251.0 
-18452.0 -19310.0 
-19039.0 -18794.0 
-18544.0 -19255.0 
-19050.0 -18727.0 
-18493.0 -19303.0 
-18501.0 -19277.0 
-18860.0 -19024.0 
-19118.0 -18584.0 
-18731.0 -19148.0 
-18953.0 -18938.0 
-19064.0 -18707.0 
-18812.0 -19073.0 
-18979.0 -18877.0 
-18959.0 -18918.0 
-19114.0 -18617.0 
-18791.0 -19075.0 
-18924.0 -18942.0 
-18781.0 -19099.0 
-18959.0 -18918.0 
-18979.0 -18877.0 
-18609.0 -19251.0 
-18747.0 -19146.0 
-18529.0 -19273.0 
-19116.0 -18594.0 
-18994.0 -18820.0 
-18452.0 -19310.0 
-19031.0 -18805.0 
-18815.0 -19047.0 
-18832.0 -19032.0 
-18763.0 -19124.0 
-18897.0 -18975.0 
-18992.0 -18842.0 
-18763.0 -19124.0 
-18861.0 -19000.0 
-19008.0 -18818.0 
-19050.0 -18727.0 
-18985.0 -18857.0 
-19092.0 -18703.0 
-18917.0 -18957.0 
-19054.0 -18711.0 
-19008.0 -18818.0 
-18882.0 -18982.0 
-18906.0 -18961.0 
-19039.0 -18794.0 
-19031.0 -18805.0 
-18985.0 -18857.0 
-18822.0 -19033.0 
-18875.0 -18992.0 
-18771.0 -19112.0 
-18747.0 -19146.0 
-18832.0 -19032.0 
-18643.0 -19238.0 
-18992.0 -18842.0 
-19118.0 -18584.0 
-18897.0 -18975.0 
-18821.0 -19043.0 
-18493.0 -19303.0 
-18865.0 -18996.0 
-18771.0 -19112.0 
-18882.0 -18982.0 
-18778.0 -19106.0 
-18533.0 -19264.0 
-18906.0 -18961.0 
-18791.0 -19075.0 
-18501.0 -19277.0 
-18917.0 -18957.0 
-18875.0 -18992.0 
-18924.0 -18942.0 
-18953.0 -18938.0 
-18538.0 -19260.0 
-18544.0 -19255.0 
-18538.0 -19260.0 
-18778.0 -19106.0 
-18860.0 -19024.0 
-18529.0 -19273.0 
-18865.0 -18996.0 
-18533.0 -19264.0 
-19054.0 -18711.0 
-18815.0 -19047.0 
-18647.0 -19184.0 
-18812.0 -19073.0 
-18821.0 -19043.0 
-18861.0 -19000.0 
-18994.0 -18820.0 
-18731.0 -19148.0 
-18822.0 -19033.0 
-18425.0 -19346.0 
-19157.0 -18569.0 
-19114.0 -18617.0 
-18959.0 -18918.0 
