-19285.0 -18608.0 
-18582.0 -19346.0 
-18582.0 -19346.0 
-19220.0 -18769.0 
-18720.0 -19289.0 
-19221.0 -18690.0 
-18998.0 -19061.0 
-18972.0 -19087.0 
-18753.0 -19280.0 
-19143.0 -18876.0 
-18798.0 -19239.0 
-19008.0 -19031.0 
-19077.0 -18966.0 
-18640.0 -19332.0 
-18686.0 -19296.0 
-18778.0 -19253.0 
-19244.0 -18636.0 
-19147.0 -18838.0 
-19244.0 -18636.0 
-18830.0 -19231.0 
-19052.0 -18991.0 
-19112.0 -18926.0 
-19005.0 -19058.0 
-18778.0 -19253.0 
-19032.0 -19022.0 
-19227.0 -18637.0 
-19052.0 -18991.0 
-19121.0 -18886.0 
-18665.0 -19309.0 
-19225.0 -18655.0 
-19221.0 -18690.0 
-19086.0 -18930.0 
-18848.0 -19189.0 
-18876.0 -19182.0 
-18753.0 -19280.0 
-18655.0 -19325.0 
-19168.0 -18832.0 
-19198.0 -18792.0 
-19077.0 -18966.0 
-18835.0 -19209.0 
-18686.0 -19296.0 
-18952.0 -19094.0 
-19039.0 -19007.0 
-19083.0 -18941.0 
-19118.0 -18901.0 
-18617.0 -19335.0 
-19153.0 -18834.0 
-18603.0 -19339.0 
-18810.0 -19234.0 
-18944.0 -19112.0 
-18882.0 -19176.0 
-19198.0 -18792.0 
-19220.0 -18769.0 
-18910.0 -19133.0 
-18665.0 -19309.0 
-18898.0 -19153.0 
-19039.0 -19007.0 
-19181.0 -18803.0 
-19225.0 -18655.0 
-18929.0 -19125.0 
-18603.0 -19339.0 
-19176.0 -18816.0 
-19118.0 -18901.0 
-19176.0 -18816.0 
-19104.0 -18927.0 
-18923.0 -19131.0 
-18944.0 -19112.0 
-18929.0 -19125.0 
-18835.0 -19209.0 
-18843.0 -19195.0 
-18888.0 -19158.0 
-19190.0 -18793.0 
-18617.0 -19335.0 
-18655.0 -19325.0 
-19083.0 -18941.0 
-18908.0 -19139.0 
-19032.0 -19022.0 
-18908.0 -19139.0 
-18965.0 -19089.0 
-18810.0 -19234.0 
-18889.0 -19156.0 
-19181.0 -18803.0 
-18843.0 -19195.0 
-18950.0 -19102.0 
-19143.0 -18876.0 
-18898.0 -19153.0 
-18876.0 -19182.0 
-19121.0 -18886.0 
-18965.0 -19089.0 
-18882.0 -19176.0 
-18848.0 -19189.0 
-19008.0 -19031.0 
-18950.0 -19102.0 
-19104.0 -18927.0 
-19190.0 -18793.0 
-19168.0 -18832.0 
-18923.0 -19131.0 
-18888.0 -19158.0 
-18830.0 -19231.0 
-19147.0 -18838.0 
