-19437.0 -18242.0 
-18605.0 -19345.0 
-18605.0 -19345.0 
-19437.0 -18242.0 
-19094.0 -19006.0 
-18917.0 -19154.0 
-18742.0 -19291.0 
-18675.0 -19293.0 
-19422.0 -18326.0 
-19169.0 -18900.0 
-18879.0 -19172.0 
-19040.0 -19016.0 
-18743.0 -19264.0 
-18651.0 -19320.0 
-19299.0 -18695.0 
-19195.0 -18840.0 
-19096.0 -18949.0 
-18792.0 -19241.0 
-19330.0 -18619.0 
-19179.0 -18848.0 
-19384.0 -18490.0 
-19401.0 -18340.0 
-19127.0 -18913.0 
-19389.0 -18435.0 
-19338.0 -18583.0 
-19202.0 -18799.0 
-18792.0 -19241.0 
-18651.0 -19320.0 
-19306.0 -18649.0 
-19366.0 -18568.0 
-18944.0 -19134.0 
-18819.0 -19230.0 
-18974.0 -19103.0 
-19273.0 -18703.0 
-19028.0 -19058.0 
-18861.0 -19178.0 
-19371.0 -18525.0 
-18824.0 -19212.0 
-18979.0 -19087.0 
-19003.0 -19085.0 
-18944.0 -19134.0 
-18841.0 -19211.0 
-19394.0 -18377.0 
-19004.0 -19075.0 
-18844.0 -19195.0 
-18856.0 -19190.0 
-19393.0 -18411.0 
-19039.0 -19040.0 
-19394.0 -18377.0 
-18962.0 -19115.0 
-19248.0 -18742.0 
-18962.0 -19115.0 
-19422.0 -18326.0 
-19356.0 -18578.0 
-18675.0 -19293.0 
-19111.0 -18924.0 
-19241.0 -18744.0 
-19384.0 -18490.0 
-19028.0 -19058.0 
-19219.0 -18781.0 
-19389.0 -18435.0 
-19375.0 -18515.0 
-19180.0 -18847.0 
-19255.0 -18727.0 
-19324.0 -18634.0 
-19237.0 -18760.0 
-19096.0 -18949.0 
-19169.0 -18900.0 
-19127.0 -18913.0 
-19216.0 -18788.0 
-19393.0 -18411.0 
-19228.0 -18773.0 
-19270.0 -18707.0 
-18743.0 -19264.0 
-19401.0 -18340.0 
-19265.0 -18717.0 
-19111.0 -18924.0 
-19375.0 -18515.0 
-19314.0 -18644.0 
-19202.0 -18799.0 
-19228.0 -18773.0 
-19039.0 -19040.0 
-19255.0 -18727.0 
-19004.0 -19075.0 
-19237.0 -18760.0 
-19356.0 -18578.0 
-19314.0 -18644.0 
-19324.0 -18634.0 
-18819.0 -19230.0 
-19299.0 -18695.0 
-19366.0 -18568.0 
-19265.0 -18717.0 
-19371.0 -18525.0 
-19117.0 -18921.0 
-19117.0 -18921.0 
-19338.0 -18583.0 
-19216.0 -18788.0 
-19306.0 -18649.0 
-19040.0 -19016.0 
-18979.0 -19087.0 
