-18532.0 -19422.0 
-19349.0 -18328.0 
-18532.0 -19422.0 
-19349.0 -18328.0 
-18667.0 -19363.0 
-19281.0 -18633.0 
-18591.0 -19386.0 
-18685.0 -19331.0 
-19198.0 -18774.0 
-18933.0 -19140.0 
-19134.0 -18889.0 
-19329.0 -18516.0 
-18781.0 -19291.0 
-19294.0 -18542.0 
-19334.0 -18435.0 
-18734.0 -19306.0 
-19204.0 -18717.0 
-19079.0 -18941.0 
-19052.0 -18996.0 
-19230.0 -18716.0 
-18582.0 -19404.0 
-19338.0 -18388.0 
-19258.0 -18640.0 
-19348.0 -18374.0 
-19170.0 -18825.0 
-19065.0 -18957.0 
-19100.0 -18899.0 
-19135.0 -18838.0 
-19164.0 -18835.0 
-19334.0 -18435.0 
-19032.0 -19002.0 
-19296.0 -18523.0 
-18885.0 -19184.0 
-18821.0 -19229.0 
-18718.0 -19314.0 
-18565.0 -19412.0 
-19246.0 -18687.0 
-18766.0 -19296.0 
-19170.0 -18825.0 
-18667.0 -19363.0 
-19030.0 -19020.0 
-19006.0 -19047.0 
-19009.0 -19032.0 
-18991.0 -19068.0 
-19246.0 -18687.0 
-19202.0 -18754.0 
-19138.0 -18837.0 
-18805.0 -19254.0 
-18992.0 -19055.0 
-18805.0 -19254.0 
-18844.0 -19223.0 
-18912.0 -19160.0 
-18859.0 -19186.0 
-18718.0 -19314.0 
-18976.0 -19076.0 
-19294.0 -18542.0 
-18849.0 -19190.0 
-18912.0 -19160.0 
-18952.0 -19086.0 
-18591.0 -19386.0 
-19318.0 -18521.0 
-18947.0 -19110.0 
-18816.0 -19238.0 
-19065.0 -18957.0 
-18565.0 -19412.0 
-18947.0 -19110.0 
-19256.0 -18659.0 
-18887.0 -19171.0 
-19092.0 -18911.0 
-18808.0 -19245.0 
-19256.0 -18659.0 
-18766.0 -19296.0 
-18848.0 -19213.0 
-19281.0 -18633.0 
-19091.0 -18918.0 
-18968.0 -19084.0 
-19052.0 -18996.0 
-18897.0 -19168.0 
-19091.0 -18918.0 
-19202.0 -18754.0 
-19230.0 -18716.0 
-18897.0 -19168.0 
-19100.0 -18899.0 
-19338.0 -18388.0 
-18973.0 -19082.0 
-19318.0 -18521.0 
-18950.0 -19096.0 
-19009.0 -19032.0 
-18859.0 -19186.0 
-19348.0 -18374.0 
-19030.0 -19020.0 
-18950.0 -19096.0 
-19329.0 -18516.0 
-18844.0 -19223.0 
-19134.0 -18889.0 
-18848.0 -19213.0 
-18968.0 -19084.0 
-18849.0 -19190.0 
-19281.0 -18633.0 
-19091.0 -18918.0 
