-18528.0 -19416.0 
-19417.0 -18257.0 
-19417.0 -18257.0 
-18528.0 -19416.0 
-19415.0 -18357.0 
-19414.0 -18462.0 
-18898.0 -19164.0 
-18671.0 -19343.0 
-19314.0 -18669.0 
-18936.0 -19138.0 
-18614.0 -19376.0 
-19350.0 -18646.0 
-19073.0 -19002.0 
-18614.0 -19376.0 
-19203.0 -18842.0 
-18750.0 -19292.0 
-19150.0 -18931.0 
-18839.0 -19203.0 
-18671.0 -19343.0 
-19407.0 -18523.0 
-18782.0 -19249.0 
-18864.0 -19202.0 
-19151.0 -18904.0 
-18832.0 -19228.0 
-18716.0 -19296.0 
-19223.0 -18841.0 
-19194.0 -18874.0 
-19174.0 -18901.0 
-18697.0 -19312.0 
-19265.0 -18755.0 
-19098.0 -18966.0 
-18991.0 -19099.0 
-19095.0 -18989.0 
-19355.0 -18601.0 
-19258.0 -18780.0 
-18867.0 -19178.0 
-19014.0 -19067.0 
-18697.0 -19312.0 
-18578.0 -19396.0 
-18578.0 -19396.0 
-18556.0 -19397.0 
-19014.0 -19067.0 
-19409.0 -18507.0 
-18753.0 -19275.0 
-18943.0 -19127.0 
-19061.0 -19035.0 
-19277.0 -18749.0 
-18761.0 -19260.0 
-19312.0 -18699.0 
-18876.0 -19167.0 
-19362.0 -18574.0 
-18991.0 -19099.0 
-19224.0 -18811.0 
-19194.0 -18874.0 
-18813.0 -19230.0 
-18556.0 -19397.0 
-19290.0 -18720.0 
-19360.0 -18590.0 
-18952.0 -19113.0 
-19122.0 -18946.0 
-18806.0 -19232.0 
-18958.0 -19112.0 
-19114.0 -18958.0 
-19128.0 -18942.0 
-19380.0 -18552.0 
-19281.0 -18732.0 
-19388.0 -18545.0 
-19388.0 -18545.0 
-19303.0 -18713.0 
-18797.0 -19243.0 
-19380.0 -18552.0 
-19238.0 -18794.0 
-18974.0 -19108.0 
-19350.0 -18646.0 
-19052.0 -19037.0 
-19174.0 -18901.0 
-18716.0 -19296.0 
-19031.0 -19046.0 
-19229.0 -18798.0 
-19026.0 -19047.0 
-18974.0 -19108.0 
-19238.0 -18794.0 
-19362.0 -18574.0 
-19285.0 -18727.0 
-19258.0 -18780.0 
-19409.0 -18507.0 
-18761.0 -19260.0 
-19052.0 -19037.0 
-19226.0 -18806.0 
-19128.0 -18942.0 
-19303.0 -18713.0 
-19114.0 -18958.0 
-18797.0 -19243.0 
-19061.0 -19035.0 
-19355.0 -18601.0 
-19095.0 -18989.0 
-19026.0 -19047.0 
-19312.0 -18699.0 
-19031.0 -19046.0 
-18876.0 -19167.0 
