-19378.0 -18322.0 
-18750.0 -19259.0 
-19378.0 -18322.0 
-18750.0 -19259.0 
-19370.0 -18446.0 
-19344.0 -18464.0 
-19377.0 -18330.0 
-19333.0 -18551.0 
-19171.0 -18882.0 
-18935.0 -19133.0 
-19292.0 -18625.0 
-19283.0 -18688.0 
-19004.0 -19096.0 
-18967.0 -19108.0 
-18960.0 -19120.0 
-19193.0 -18791.0 
-19221.0 -18762.0 
-18874.0 -19193.0 
-19174.0 -18829.0 
-19184.0 -18814.0 
-19134.0 -18898.0 
-19053.0 -19027.0 
-18839.0 -19197.0 
-19314.0 -18570.0 
-19021.0 -19028.0 
-18910.0 -19151.0 
-19256.0 -18700.0 
-19301.0 -18611.0 
-19011.0 -19073.0 
-19210.0 -18781.0 
-19118.0 -18908.0 
-19241.0 -18707.0 
-19362.0 -18462.0 
-19096.0 -18961.0 
-19017.0 -19038.0 
-19110.0 -18934.0 
-19134.0 -18898.0 
-18796.0 -19224.0 
-18883.0 -19177.0 
-18898.0 -19167.0 
-19311.0 -18578.0 
-19070.0 -18966.0 
-18910.0 -19151.0 
-19333.0 -18551.0 
-19110.0 -18934.0 
-19256.0 -18700.0 
-18765.0 -19245.0 
-19011.0 -19073.0 
-19226.0 -18735.0 
-18794.0 -19234.0 
-19056.0 -19016.0 
-18836.0 -19208.0 
-18763.0 -19255.0 
-19301.0 -18611.0 
-18898.0 -19167.0 
-18780.0 -19238.0 
-19086.0 -18965.0 
-19065.0 -18990.0 
-19210.0 -18781.0 
-18780.0 -19238.0 
-19283.0 -18688.0 
-19096.0 -18961.0 
-19115.0 -18914.0 
-19056.0 -19016.0 
-18883.0 -19177.0 
-18823.0 -19214.0 
-19311.0 -18578.0 
-18823.0 -19214.0 
-18810.0 -19219.0 
-19171.0 -18882.0 
-19174.0 -18829.0 
-19017.0 -19038.0 
-19377.0 -18330.0 
-18874.0 -19193.0 
-18812.0 -19218.0 
-19065.0 -18990.0 
-19235.0 -18713.0 
-19086.0 -18965.0 
-19069.0 -18976.0 
-19229.0 -18730.0 
-19234.0 -18720.0 
-19362.0 -18462.0 
-19115.0 -18914.0 
-19069.0 -18976.0 
-19066.0 -18987.0 
-19229.0 -18730.0 
-19226.0 -18735.0 
-19234.0 -18720.0 
-18836.0 -19208.0 
-18765.0 -19245.0 
-18839.0 -19197.0 
-18810.0 -19219.0 
-19235.0 -18713.0 
-19066.0 -18987.0 
-18794.0 -19234.0 
-18763.0 -19255.0 
-18812.0 -19218.0 
-19021.0 -19028.0 
-19283.0 -18688.0 
-19056.0 -19016.0 
