-18545.0 -19396.0 
-18545.0 -19396.0 
-19410.0 -18266.0 
-19298.0 -18671.0 
-19371.0 -18449.0 
-19332.0 -18583.0 
-19332.0 -18583.0 
-19260.0 -18692.0 
-19371.0 -18449.0 
-18666.0 -19330.0 
-19392.0 -18370.0 
-19173.0 -18851.0 
-19397.0 -18339.0 
-19280.0 -18686.0 
-19335.0 -18531.0 
-19355.0 -18510.0 
-19144.0 -18860.0 
-19002.0 -19084.0 
-19244.0 -18730.0 
-18588.0 -19376.0 
-18733.0 -19273.0 
-19182.0 -18796.0 
-19298.0 -18671.0 
-19392.0 -18370.0 
-19122.0 -18924.0 
-18781.0 -19266.0 
-18935.0 -19112.0 
-18851.0 -19212.0 
-18612.0 -19356.0 
-18928.0 -19137.0 
-18690.0 -19326.0 
-18638.0 -19344.0 
-19397.0 -18339.0 
-18638.0 -19344.0 
-18909.0 -19152.0 
-18817.0 -19226.0 
-19211.0 -18761.0 
-19129.0 -18880.0 
-18793.0 -19256.0 
-18880.0 -19166.0 
-19024.0 -19047.0 
-18876.0 -19190.0 
-18709.0 -19310.0 
-19226.0 -18745.0 
-19066.0 -18988.0 
-19077.0 -18975.0 
-19087.0 -18952.0 
-18762.0 -19270.0 
-19024.0 -19047.0 
-18802.0 -19229.0 
-19027.0 -19031.0 
-18694.0 -19317.0 
-19002.0 -19084.0 
-19196.0 -18783.0 
-19135.0 -18870.0 
-18860.0 -19205.0 
-19046.0 -19014.0 
-18798.0 -19242.0 
-19181.0 -18823.0 
-19109.0 -18937.0 
-18612.0 -19356.0 
-19095.0 -18940.0 
-19078.0 -18960.0 
-19244.0 -18730.0 
-18865.0 -19191.0 
-19048.0 -19000.0 
-19223.0 -18747.0 
-19055.0 -18990.0 
-18817.0 -19226.0 
-18954.0 -19109.0 
-19209.0 -18776.0 
-18982.0 -19096.0 
-19127.0 -18906.0 
-18982.0 -19096.0 
-18907.0 -19157.0 
-19181.0 -18823.0 
-18966.0 -19101.0 
-18593.0 -19372.0 
-18709.0 -19310.0 
-18762.0 -19270.0 
-18948.0 -19111.0 
-18725.0 -19285.0 
-18892.0 -19160.0 
-18588.0 -19376.0 
-19349.0 -18513.0 
-18851.0 -19212.0 
-18928.0 -19137.0 
-19201.0 -18781.0 
-19355.0 -18510.0 
-18593.0 -19372.0 
-18727.0 -19284.0 
-19335.0 -18531.0 
-18725.0 -19285.0 
-18889.0 -19161.0 
-19105.0 -18939.0 
-19349.0 -18513.0 
-19027.0 -19031.0 
-18966.0 -19101.0 
-19127.0 -18906.0 
-19046.0 -19014.0 
