1.549656943936238207e+00
1.549757451969325572e+00
1.545581836103953055e+00
1.513183518224133550e+00
1.584685063659068804e+00
1.558572682366060613e+00
1.561362008833417470e+00
1.574310625966451882e+00
1.572721030511307294e+00
1.543172223667632847e+00
1.525124619149118343e+00
1.564685839495015829e+00
1.538571562544817528e+00
1.570306135029810868e+00
1.537888345560061598e+00
1.544481187621118634e+00
1.565804852478938303e+00
1.510068595359536525e+00
1.536301718177150333e+00
1.553891453505591214e+00
1.551862139367574001e+00
1.535080649222974269e+00
1.527097609750443841e+00
1.541438397626341494e+00
1.521687339141892359e+00
1.533687331722875635e+00
1.553726559235161897e+00
1.561801850937013070e+00
1.541010356815761817e+00
1.540026145056696771e+00
1.595194426795927711e+00
