13.462531198595102	6.318990471836282
10.915587643362757	0.3779647275609554
3.1749241392573158	11.480512359359698
8.721260514739535	8.554801730691736
11.53994221910875	0.016099004802001833
5.751951294745895	11.796218058181454
11.942936438917341	6.0881671463776295
3.0796401218319525	12.356418647793495
2.875133799490952	11.91762156250918
4.744298641490518	8.889406198561202
7.049697558496959	7.902229232366201
0.8251734934806529	13.961397973619029
10.442718566270171	7.358148738468617
7.414818320984146	9.918133618070962
10.57996002134954	4.253005893903967
13.253731959736852	2.2111004898060465
6.4486482482685945	9.12720192641982
9.858620573103988	8.764736298620784
11.005102389224074	6.614036245965883
10.359887894908498	7.593634991149454
8.469327415158098	10.275475266493906
4.2813167299044155	10.542330097892274
7.915856477461609	7.119093109510955
12.198130318778652	3.2939530186228705
10.111580498993415	0.04393006062516009
9.838840993313132	3.6956144863067033
10.091954532567982	4.446688612413047
8.04325398538164	7.259760957079505
12.60845165331643	2.773952892735642
12.867958753438606	1.1932951038623922
3.786497771569838	10.131807613395749
3.0822366407678383	11.913677358181888
11.408725627310732	8.442252607888536
10.756379806535218	2.7289604409304182
10.72962858891818	6.674398046047164
10.329119551800945	7.558894174800299
3.7646832254601152	10.232334500792003
12.428611770660687	2.615051370538685
10.63105648915578	3.384477781027023
6.1071633494606665	9.37173903240051
7.786072608499491	8.816911624545266
1.2156838423033893	12.091531965537074
5.7642259153519335	10.91561819057374
1.4083276380979701	12.301094243332086
8.282507476729053	7.104696595433254
13.259289908805757	4.036178120108559
11.456521747270468	4.725671642628341
8.712426801308267	6.8403198868712245
4.751718577918993	14.595919077923446
1.8304927605010646	11.346174102010659
0.1912838590189193	11.5808288881985
10.481963747447038	4.370221243344834
7.757374146216986	6.900217000173103
11.628636857417636	4.733709591871117
11.363020110340017	5.448263014113299
6.02209307371964	13.952818581116622
6.425185571729186	11.704801284328669
14.754139158395285	0.9782164633931657
2.6758440576425175	12.317942668285095
1.8172947822502905	12.399580911308998
8.853677255201188	10.958362697176918
5.082278268290061	9.63489275898759
4.026639778970865	11.269616775979213
9.925558058093575	3.18341102907673
8.55015584916703	10.146391552353284
6.704062913571748	9.43387138194659
2.613783739922231	11.258722341481421
11.305699252874492	0.10381673677707491
12.3530596248752	1.5001318758689384
4.1528797489139935	11.882429196220802
13.448198066367851	4.216747219380721
4.371687640611626	9.261742438644088
4.6701650631820195	12.059559516693692
11.71639972134185	1.9197441893499063
5.956855337650604	10.08856922262932
9.006684120691059	8.080740107299665
5.014504343806149	10.75230549181278
13.39934180718214	2.217748286401752
7.669961017447088	9.519318621232005
8.858368378725945	2.254301627996816
10.480987292592152	1.7097990908381446
9.16140153287656	6.42384286435806
11.776101749002967	7.865468993748116
11.75754849346716	3.512972329476403
11.64068437135438	2.990234787139148
11.631203882033518	3.991054179203487
5.665984950702323	11.434646990894135
12.781287316352413	1.3314824699831447
8.780451409070924	6.827558085578924
11.094212222373256	0.6013860188628901
3.1824479502174134	13.449246373627403
6.56391447024367	11.104799523506768
10.824044081579634	1.8739240479356931
4.478732195752401	9.763837530170642
4.397778035449077	10.08879269775592
5.9066803680329025	9.654450189187719
9.02179041835772	9.278714559236535
5.752106133447155	10.220925391507874
0.8554448997778429	12.282053538219317
8.696867244433848	9.734242305809083
