8.164369379268860338e-04
7.696831729954727204e-04
8.144673202809898059e-04
8.318180659364287450e-04
9.150496487100993372e-04
7.383400607414512384e-04
7.545615814096592964e-04
8.038536398313596504e-04
7.971906864574068979e-04
8.057736274784139258e-04
8.100142164107967946e-04
8.616223791482628463e-04
7.454799309324230093e-04
8.250243354699819199e-04
7.968020572860473171e-04
6.917767463953624664e-04
7.590544630595500147e-04
7.566523364597521140e-04
7.873266807752371576e-04
8.111351278713461533e-04
7.838188220933538231e-04
7.833370594002882345e-04
7.995772032732755908e-04
8.143819639857574101e-04
7.208598114007339465e-04
7.951967285981814291e-04
7.394601637631129315e-04
8.149406396630601507e-04
7.973295486356881453e-04
7.392311101644880164e-04
8.193429859320075070e-04
