-18538.0 -19344.0 
-19228.0 -18560.0 
-19228.0 -18560.0 
-18538.0 -19344.0 
-19206.0 -18621.0 
-18672.0 -19264.0 
-18612.0 -19272.0 
-19175.0 -18635.0 
-18600.0 -19290.0 
-19045.0 -18903.0 
-18571.0 -19309.0 
-19174.0 -18697.0 
-18712.0 -19214.0 
-18759.0 -19194.0 
-18876.0 -19073.0 
-18918.0 -19069.0 
-19107.0 -18806.0 
-19152.0 -18727.0 
-19067.0 -18896.0 
-18868.0 -19094.0 
-18675.0 -19239.0 
-19025.0 -18926.0 
-19121.0 -18765.0 
-18702.0 -19234.0 
-19152.0 -18727.0 
-19069.0 -18861.0 
-18562.0 -19323.0 
-18781.0 -19156.0 
-18843.0 -19095.0 
-19121.0 -18765.0 
-19163.0 -18702.0 
-18940.0 -19032.0 
-19086.0 -18829.0 
-18944.0 -19003.0 
-18933.0 -19043.0 
-18950.0 -18985.0 
-18837.0 -19106.0 
-19120.0 -18784.0 
-18759.0 -19194.0 
-19080.0 -18849.0 
-18923.0 -19048.0 
-18818.0 -19132.0 
-19100.0 -18822.0 
-18712.0 -19214.0 
-18562.0 -19323.0 
-19195.0 -18628.0 
-19022.0 -18932.0 
-18965.0 -18980.0 
-18821.0 -19109.0 
-19007.0 -18934.0 
-19120.0 -18784.0 
-18944.0 -19003.0 
-18975.0 -18970.0 
-18612.0 -19272.0 
-18770.0 -19175.0 
-18824.0 -19108.0 
-19007.0 -18934.0 
-19195.0 -18628.0 
-18991.0 -18943.0 
-19080.0 -18849.0 
-18981.0 -18959.0 
-19163.0 -18702.0 
-18772.0 -19171.0 
-18991.0 -18943.0 
-18975.0 -18970.0 
-18770.0 -19175.0 
-18702.0 -19234.0 
-18965.0 -18980.0 
-18940.0 -19032.0 
-18810.0 -19136.0 
-19100.0 -18822.0 
-18791.0 -19153.0 
-19069.0 -18861.0 
-18982.0 -18947.0 
-18772.0 -19171.0 
-18984.0 -18944.0 
-19086.0 -18829.0 
-18876.0 -19073.0 
-18981.0 -18959.0 
-18950.0 -18985.0 
-18923.0 -19048.0 
-18805.0 -19142.0 
-18918.0 -19069.0 
-18810.0 -19136.0 
-19067.0 -18896.0 
-18675.0 -19239.0 
-19175.0 -18635.0 
-18843.0 -19095.0 
-18805.0 -19142.0 
-18801.0 -19144.0 
-18797.0 -19147.0 
-18818.0 -19132.0 
-18801.0 -19144.0 
-18791.0 -19153.0 
-18797.0 -19147.0 
-18794.0 -19150.0 
-18794.0 -19150.0 
-19174.0 -18697.0 
-18821.0 -19109.0 
-18982.0 -18947.0 
