-18299.0 -19499.0 
-18299.0 -19499.0 
-19048.0 -18701.0 
-19048.0 -18701.0 
-19035.0 -18760.0 
-18410.0 -19442.0 
-18493.0 -19412.0 
-18964.0 -18903.0 
-18765.0 -19185.0 
-18354.0 -19456.0 
-18803.0 -19148.0 
-18769.0 -19155.0 
-18998.0 -18847.0 
-18674.0 -19265.0 
-18846.0 -19104.0 
-18366.0 -19447.0 
-18354.0 -19456.0 
-18805.0 -19117.0 
-18874.0 -19067.0 
-18438.0 -19436.0 
-18634.0 -19289.0 
-18702.0 -19215.0 
-18733.0 -19187.0 
-18943.0 -18945.0 
-19011.0 -18803.0 
-18456.0 -19422.0 
-18499.0 -19370.0 
-19036.0 -18729.0 
-18943.0 -18945.0 
-18874.0 -19067.0 
-18674.0 -19265.0 
-18980.0 -18872.0 
-18634.0 -19289.0 
-18980.0 -18872.0 
-18998.0 -18847.0 
-18573.0 -19344.0 
-19012.0 -18796.0 
-18904.0 -18979.0 
-18519.0 -19351.0 
-18544.0 -19348.0 
-18846.0 -19104.0 
-19012.0 -18796.0 
-18695.0 -19241.0 
-18939.0 -18968.0 
-18544.0 -19348.0 
-18828.0 -19107.0 
-19036.0 -18729.0 
-18619.0 -19298.0 
-18828.0 -19107.0 
-18940.0 -18965.0 
-18965.0 -18892.0 
-18723.0 -19199.0 
-18501.0 -19363.0 
-18690.0 -19246.0 
-18879.0 -19044.0 
-18920.0 -18975.0 
-18879.0 -19044.0 
-18920.0 -18975.0 
-18898.0 -19010.0 
-18723.0 -19199.0 
-18702.0 -19215.0 
-18730.0 -19195.0 
-18690.0 -19246.0 
-18587.0 -19329.0 
-18456.0 -19422.0 
-18965.0 -18892.0 
-18899.0 -18999.0 
-19011.0 -18803.0 
-18585.0 -19337.0 
-18445.0 -19427.0 
-18880.0 -19025.0 
-18512.0 -19359.0 
-18366.0 -19447.0 
-18613.0 -19311.0 
-18609.0 -19322.0 
-18613.0 -19311.0 
-18573.0 -19344.0 
-18493.0 -19412.0 
-18899.0 -18999.0 
-18619.0 -19298.0 
-18881.0 -19018.0 
-18886.0 -19017.0 
-18499.0 -19370.0 
-18695.0 -19241.0 
-18445.0 -19427.0 
-18886.0 -19017.0 
-18805.0 -19117.0 
-18596.0 -19327.0 
-18512.0 -19359.0 
-18769.0 -19155.0 
-18519.0 -19351.0 
-18603.0 -19325.0 
-18596.0 -19327.0 
-18904.0 -18979.0 
-18803.0 -19148.0 
-18585.0 -19337.0 
-18603.0 -19325.0 
-18898.0 -19010.0 
-18880.0 -19025.0 
-18609.0 -19322.0 
