-18176.0 -19491.0 
-19135.0 -18546.0 
-18176.0 -19491.0 
-19135.0 -18546.0 
-18417.0 -19431.0 
-19041.0 -18863.0 
-18298.0 -19455.0 
-19129.0 -18646.0 
-18549.0 -19369.0 
-18465.0 -19370.0 
-18224.0 -19460.0 
-18357.0 -19453.0 
-18784.0 -19187.0 
-19071.0 -18812.0 
-18462.0 -19399.0 
-19081.0 -18767.0 
-19086.0 -18704.0 
-18887.0 -19081.0 
-18936.0 -19031.0 
-18989.0 -18923.0 
-18642.0 -19257.0 
-18357.0 -19453.0 
-19071.0 -18812.0 
-19010.0 -18893.0 
-18803.0 -19144.0 
-18945.0 -18989.0 
-18890.0 -19040.0 
-18682.0 -19252.0 
-18948.0 -18939.0 
-19095.0 -18690.0 
-18224.0 -19460.0 
-19010.0 -18893.0 
-19081.0 -18767.0 
-19129.0 -18646.0 
-19095.0 -18690.0 
-18839.0 -19098.0 
-18945.0 -18989.0 
-18751.0 -19189.0 
-18952.0 -18932.0 
-18559.0 -19337.0 
-18820.0 -19141.0 
-18715.0 -19223.0 
-18710.0 -19236.0 
-18570.0 -19327.0 
-18908.0 -19032.0 
-18462.0 -19399.0 
-18857.0 -19093.0 
-18601.0 -19307.0 
-18622.0 -19279.0 
-18682.0 -19252.0 
-18601.0 -19307.0 
-18570.0 -19327.0 
-18857.0 -19093.0 
-18989.0 -18923.0 
-18824.0 -19122.0 
-18725.0 -19209.0 
-18833.0 -19116.0 
-18622.0 -19279.0 
-18739.0 -19200.0 
-18642.0 -19257.0 
-18613.0 -19304.0 
-18803.0 -19144.0 
-18710.0 -19236.0 
-18739.0 -19200.0 
-18784.0 -19187.0 
-18559.0 -19337.0 
-19086.0 -18704.0 
-18725.0 -19209.0 
-18908.0 -19032.0 
-18618.0 -19292.0 
-18618.0 -19292.0 
-18887.0 -19081.0 
-18751.0 -19189.0 
-18952.0 -18932.0 
-18833.0 -19116.0 
-18890.0 -19040.0 
-18549.0 -19369.0 
-18948.0 -18939.0 
-18824.0 -19122.0 
-18936.0 -19031.0 
-18613.0 -19304.0 
-18465.0 -19370.0 
-19071.0 -18812.0 
-19010.0 -18893.0 
-19129.0 -18646.0 
-18945.0 -18989.0 
-18682.0 -19252.0 
-18857.0 -19093.0 
-18989.0 -18923.0 
-18784.0 -19187.0 
-18559.0 -19337.0 
-18887.0 -19081.0 
-18613.0 -19304.0 
-18465.0 -19370.0 
-18613.0 -19304.0 
-18887.0 -19081.0 
-18682.0 -19252.0 
-18559.0 -19337.0 
-19071.0 -18812.0 
-19071.0 -18812.0 
