-19120.0 -18677.0 
-18308.0 -19466.0 
-19120.0 -18677.0 
-18308.0 -19466.0 
-18408.0 -19417.0 
-18449.0 -19398.0 
-19111.0 -18754.0 
-19023.0 -18911.0 
-18615.0 -19313.0 
-18755.0 -19206.0 
-19045.0 -18847.0 
-19078.0 -18769.0 
-18657.0 -19300.0 
-18786.0 -19187.0 
-18374.0 -19422.0 
-18966.0 -18984.0 
-18934.0 -19034.0 
-19064.0 -18809.0 
-18938.0 -19010.0 
-19045.0 -18847.0 
-18573.0 -19334.0 
-19099.0 -18764.0 
-18523.0 -19361.0 
-19023.0 -18911.0 
-18478.0 -19394.0 
-18966.0 -18984.0 
-18892.0 -19075.0 
-18488.0 -19376.0 
-18999.0 -18936.0 
-18786.0 -19187.0 
-18986.0 -18956.0 
-18809.0 -19159.0 
-18986.0 -18956.0 
-18591.0 -19319.0 
-18516.0 -19372.0 
-18560.0 -19336.0 
-18560.0 -19336.0 
-18999.0 -18936.0 
-18333.0 -19450.0 
-18903.0 -19043.0 
-18809.0 -19159.0 
-18344.0 -19438.0 
-18865.0 -19089.0 
-18657.0 -19300.0 
-18523.0 -19361.0 
-18366.0 -19432.0 
-18677.0 -19281.0 
-18938.0 -19010.0 
-18708.0 -19237.0 
-18727.0 -19211.0 
-19049.0 -18820.0 
-18697.0 -19239.0 
-18894.0 -19056.0 
-18333.0 -19450.0 
-18819.0 -19129.0 
-19050.0 -18811.0 
-18688.0 -19256.0 
-18844.0 -19099.0 
-18834.0 -19126.0 
-18591.0 -19319.0 
-18688.0 -19256.0 
-18677.0 -19281.0 
-18723.0 -19218.0 
-18815.0 -19141.0 
-18865.0 -19089.0 
-18857.0 -19096.0 
-18723.0 -19218.0 
-18843.0 -19111.0 
-18680.0 -19270.0 
-19111.0 -18754.0 
-19078.0 -18769.0 
-18815.0 -19141.0 
-18680.0 -19270.0 
-18344.0 -19438.0 
-18708.0 -19237.0 
-18892.0 -19075.0 
-19064.0 -18809.0 
-18835.0 -19117.0 
-18366.0 -19432.0 
-18478.0 -19394.0 
-18488.0 -19376.0 
-18934.0 -19034.0 
-19049.0 -18820.0 
-18902.0 -19048.0 
-18516.0 -19372.0 
-18836.0 -19113.0 
-18857.0 -19096.0 
-18697.0 -19239.0 
-18903.0 -19043.0 
-18894.0 -19056.0 
-18902.0 -19048.0 
-18819.0 -19129.0 
-18727.0 -19211.0 
-18726.0 -19213.0 
-18726.0 -19213.0 
-18834.0 -19126.0 
-18844.0 -19099.0 
-18843.0 -19111.0 
-18836.0 -19113.0 
-18786.0 -19187.0 
