-19356.0 -18701.0 
-18594.0 -19481.0 
-19356.0 -18701.0 
-18644.0 -19451.0 
-18898.0 -19345.0 
-19308.0 -18792.0 
-18787.0 -19400.0 
-19117.0 -19061.0 
-19333.0 -18765.0 
-18834.0 -19359.0 
-18739.0 -19401.0 
-18698.0 -19435.0 
-19098.0 -19109.0 
-18969.0 -19235.0 
-19282.0 -18808.0 
-19126.0 -19048.0 
-18924.0 -19313.0 
-19188.0 -18970.0 
-19333.0 -18765.0 
-18956.0 -19274.0 
-19196.0 -18925.0 
-19182.0 -18996.0 
-18810.0 -19366.0 
-19005.0 -19222.0 
-19258.0 -18843.0 
-18945.0 -19297.0 
-19258.0 -18843.0 
-19249.0 -18864.0 
-18698.0 -19435.0 
-18924.0 -19313.0 
-19282.0 -18808.0 
-19151.0 -19001.0 
-18834.0 -19359.0 
-19062.0 -19120.0 
-19052.0 -19167.0 
-18956.0 -19274.0 
-18808.0 -19379.0 
-19210.0 -18906.0 
-19188.0 -18970.0 
-19010.0 -19202.0 
-18736.0 -19422.0 
-19078.0 -19112.0 
-19133.0 -19021.0 
-18724.0 -19423.0 
-18980.0 -19226.0 
-19159.0 -18997.0 
-18945.0 -19297.0 
-18724.0 -19423.0 
-19212.0 -18891.0 
-19060.0 -19142.0 
-19227.0 -18873.0 
-19036.0 -19181.0 
-19136.0 -19013.0 
-19023.0 -19198.0 
-18808.0 -19379.0 
-19036.0 -19181.0 
-19058.0 -19147.0 
-19098.0 -19109.0 
-18972.0 -19228.0 
-19201.0 -18914.0 
-19052.0 -19167.0 
-19221.0 -18884.0 
-19196.0 -18925.0 
-19249.0 -18864.0 
-19028.0 -19188.0 
-19083.0 -19110.0 
-19224.0 -18874.0 
-19133.0 -19021.0 
-19136.0 -19013.0 
-19201.0 -18914.0 
-18980.0 -19226.0 
-19028.0 -19188.0 
-19227.0 -18873.0 
-19058.0 -19147.0 
-19221.0 -18884.0 
-19062.0 -19120.0 
-19159.0 -18997.0 
-19005.0 -19222.0 
-19023.0 -19198.0 
-19010.0 -19202.0 
-19212.0 -18891.0 
-19182.0 -18996.0 
-19060.0 -19142.0 
-19083.0 -19110.0 
-18736.0 -19422.0 
-18739.0 -19401.0 
-19258.0 -18843.0 
-18834.0 -19359.0 
-18808.0 -19379.0 
-19221.0 -18884.0 
-19182.0 -18996.0 
-18834.0 -19359.0 
-18834.0 -19359.0 
-19182.0 -18996.0 
-18834.0 -19359.0 
-18834.0 -19359.0 
-18834.0 -19359.0 
-19258.0 -18843.0 
-19182.0 -18996.0 
-18808.0 -19379.0 
