-18507.0 -19606.0 
-19123.0 -18773.0 
-19123.0 -18773.0 
-19068.0 -19058.0 
-19094.0 -18878.0 
-19042.0 -19156.0 
-19094.0 -18878.0 
-18648.0 -19533.0 
-18517.0 -19574.0 
-18996.0 -19165.0 
-18619.0 -19542.0 
-18561.0 -19561.0 
-18975.0 -19170.0 
-18592.0 -19546.0 
-18973.0 -19226.0 
-18690.0 -19505.0 
-18741.0 -19477.0 
-18704.0 -19487.0 
-18562.0 -19549.0 
-18862.0 -19358.0 
-18902.0 -19307.0 
-18851.0 -19361.0 
-18942.0 -19255.0 
-18947.0 -19233.0 
-19042.0 -19156.0 
-18882.0 -19348.0 
-18924.0 -19302.0 
-18957.0 -19231.0 
-18690.0 -19505.0 
-18824.0 -19403.0 
-18804.0 -19413.0 
-18757.0 -19460.0 
-18839.0 -19375.0 
-18839.0 -19375.0 
-18741.0 -19477.0 
-18825.0 -19392.0 
-18782.0 -19432.0 
-18930.0 -19288.0 
-18798.0 -19427.0 
-18938.0 -19268.0 
-18930.0 -19288.0 
-18757.0 -19460.0 
-18938.0 -19268.0 
-18770.0 -19457.0 
-18776.0 -19440.0 
-18775.0 -19453.0 
-18699.0 -19494.0 
-18897.0 -19315.0 
-18888.0 -19331.0 
-18825.0 -19392.0 
-18882.0 -19348.0 
-18889.0 -19324.0 
-18699.0 -19494.0 
-18704.0 -19487.0 
-18897.0 -19315.0 
-18888.0 -19331.0 
-18802.0 -19422.0 
-18924.0 -19302.0 
-18782.0 -19432.0 
-18804.0 -19413.0 
-18824.0 -19403.0 
-18798.0 -19427.0 
-18889.0 -19324.0 
-18770.0 -19457.0 
-18776.0 -19440.0 
-18973.0 -19226.0 
-18802.0 -19422.0 
-18975.0 -19170.0 
-18775.0 -19453.0 
-18690.0 -19505.0 
-18839.0 -19375.0 
-18757.0 -19460.0 
-18825.0 -19392.0 
-18882.0 -19348.0 
-18782.0 -19432.0 
-18924.0 -19302.0 
-18804.0 -19413.0 
-18824.0 -19403.0 
-18770.0 -19457.0 
-18776.0 -19440.0 
-18973.0 -19226.0 
-18802.0 -19422.0 
-18770.0 -19457.0 
-18770.0 -19457.0 
-18802.0 -19422.0 
-18824.0 -19403.0 
-18770.0 -19457.0 
-18776.0 -19440.0 
-18782.0 -19432.0 
-18776.0 -19440.0 
-18802.0 -19422.0 
-18770.0 -19457.0 
-18839.0 -19375.0 
-18802.0 -19422.0 
-18802.0 -19422.0 
-18802.0 -19422.0 
-18839.0 -19375.0 
-18782.0 -19432.0 
-18802.0 -19422.0 
-18824.0 -19403.0 
