-19507.0 -20453.0 
-20065.0 -19878.0 
-19507.0 -20453.0 
-20065.0 -19878.0 
-20004.0 -20027.0 
-19595.0 -20426.0 
-19690.0 -20414.0 
-19598.0 -20418.0 
-20004.0 -20027.0 
-19897.0 -20287.0 
-19956.0 -20087.0 
-19951.0 -20158.0 
-19704.0 -20382.0 
-19761.0 -20380.0 
-19980.0 -20066.0 
-19912.0 -20237.0 
-19849.0 -20292.0 
-19800.0 -20363.0 
-19980.0 -20066.0 
-19923.0 -20218.0 
-19813.0 -20341.0 
-19935.0 -20171.0 
-19928.0 -20188.0 
-19782.0 -20375.0 
-19912.0 -20237.0 
-19698.0 -20391.0 
-19956.0 -20087.0 
-19828.0 -20328.0 
-19923.0 -20218.0 
-19761.0 -20380.0 
-19928.0 -20188.0 
-19785.0 -20369.0 
-19838.0 -20304.0 
-19897.0 -20287.0 
-19811.0 -20349.0 
-19945.0 -20167.0 
-19832.0 -20318.0 
-19698.0 -20391.0 
-19828.0 -20328.0 
-19832.0 -20318.0 
-19838.0 -20304.0 
-19811.0 -20349.0 
-19951.0 -20158.0 
-19845.0 -20294.0 
-19690.0 -20414.0 
-19945.0 -20167.0 
-19845.0 -20294.0 
-19849.0 -20292.0 
-19785.0 -20369.0 
-19704.0 -20382.0 
-19598.0 -20418.0 
-19928.0 -20188.0 
-19838.0 -20304.0 
-19838.0 -20304.0 
-19838.0 -20304.0 
-19838.0 -20304.0 
-19838.0 -20304.0 
-19838.0 -20304.0 
-19838.0 -20304.0 
-19838.0 -20304.0 
-19838.0 -20304.0 
-19838.0 -20304.0 
-19838.0 -20304.0 
-19838.0 -20304.0 
-19838.0 -20304.0 
-19838.0 -20304.0 
-19838.0 -20304.0 
-19838.0 -20304.0 
-19838.0 -20304.0 
-19838.0 -20304.0 
-19838.0 -20304.0 
-19838.0 -20304.0 
-19838.0 -20304.0 
-19838.0 -20304.0 
-19838.0 -20304.0 
-19838.0 -20304.0 
-19838.0 -20304.0 
-19838.0 -20304.0 
-19838.0 -20304.0 
-19838.0 -20304.0 
-19838.0 -20304.0 
-19838.0 -20304.0 
-19838.0 -20304.0 
-19838.0 -20304.0 
-19838.0 -20304.0 
-19838.0 -20304.0 
-19838.0 -20304.0 
-19838.0 -20304.0 
-19838.0 -20304.0 
-19838.0 -20304.0 
-19838.0 -20304.0 
-19838.0 -20304.0 
-19838.0 -20304.0 
-19838.0 -20304.0 
-19838.0 -20304.0 
-19838.0 -20304.0 
-19838.0 -20304.0 
-19838.0 -20304.0 
-19838.0 -20304.0 
-19838.0 -20304.0 
