-19201.0 -20527.0 
-19913.0 -20006.0 
-19869.0 -20145.0 
-19329.0 -20486.0 
-19641.0 -20388.0 
-19538.0 -20390.0 
-19404.0 -20457.0 
-19334.0 -20468.0 
-19791.0 -20206.0 
-19653.0 -20344.0 
-19536.0 -20411.0 
-19757.0 -20278.0 
-19796.0 -20173.0 
-19812.0 -20148.0 
-19456.0 -20433.0 
-19774.0 -20240.0 
-19498.0 -20422.0 
-19424.0 -20444.0 
-19462.0 -20423.0 
-19869.0 -20145.0 
-19729.0 -20287.0 
-19777.0 -20236.0 
-19661.0 -20330.0 
-19498.0 -20422.0 
-19728.0 -20299.0 
-19424.0 -20444.0 
-19673.0 -20327.0 
-19757.0 -20278.0 
-19695.0 -20316.0 
-19708.0 -20300.0 
-19700.0 -20304.0 
-19774.0 -20240.0 
-19802.0 -20160.0 
-19777.0 -20236.0 
-19806.0 -20156.0 
-19641.0 -20388.0 
-19683.0 -20319.0 
-19729.0 -20287.0 
-19806.0 -20156.0 
-19802.0 -20160.0 
-19680.0 -20321.0 
-19700.0 -20304.0 
-19812.0 -20148.0 
-19680.0 -20321.0 
-19708.0 -20300.0 
-19695.0 -20316.0 
-19462.0 -20423.0 
-19683.0 -20319.0 
-19538.0 -20390.0 
-19728.0 -20299.0 
-19700.0 -20304.0 
-19700.0 -20304.0 
-19700.0 -20304.0 
-19700.0 -20304.0 
-19700.0 -20304.0 
-19700.0 -20304.0 
-19700.0 -20304.0 
-19700.0 -20304.0 
-19700.0 -20304.0 
-19700.0 -20304.0 
-19700.0 -20304.0 
-19700.0 -20304.0 
-19700.0 -20304.0 
-19700.0 -20304.0 
-19700.0 -20304.0 
-19700.0 -20304.0 
-19700.0 -20304.0 
-19700.0 -20304.0 
-19700.0 -20304.0 
-19700.0 -20304.0 
-19700.0 -20304.0 
-19700.0 -20304.0 
-19700.0 -20304.0 
-19700.0 -20304.0 
-19700.0 -20304.0 
-19700.0 -20304.0 
-19700.0 -20304.0 
-19700.0 -20304.0 
-19700.0 -20304.0 
-19700.0 -20304.0 
-19700.0 -20304.0 
-19700.0 -20304.0 
-19700.0 -20304.0 
-19700.0 -20304.0 
-19700.0 -20304.0 
-19700.0 -20304.0 
-19700.0 -20304.0 
-19700.0 -20304.0 
-19700.0 -20304.0 
-19700.0 -20304.0 
-19700.0 -20304.0 
-19700.0 -20304.0 
-19700.0 -20304.0 
-19700.0 -20304.0 
-19700.0 -20304.0 
-19700.0 -20304.0 
-19700.0 -20304.0 
-19700.0 -20304.0 
-19700.0 -20304.0 
-19700.0 -20304.0 
