-19566.0 -20413.0 
-19925.0 -19994.0 
-19905.0 -20101.0 
-19912.0 -20068.0 
-19669.0 -20389.0 
-19805.0 -20284.0 
-19611.0 -20396.0 
-19843.0 -20238.0 
-19860.0 -20140.0 
-19749.0 -20305.0 
-19820.0 -20249.0 
-19683.0 -20341.0 
-19736.0 -20330.0 
-19784.0 -20304.0 
-19722.0 -20333.0 
-19787.0 -20288.0 
-19860.0 -20140.0 
-19850.0 -20198.0 
-19591.0 -20398.0 
-19677.0 -20342.0 
-19854.0 -20159.0 
-19852.0 -20193.0 
-19672.0 -20373.0 
-19591.0 -20398.0 
-19611.0 -20396.0 
-19820.0 -20249.0 
-19722.0 -20333.0 
-19672.0 -20373.0 
-19843.0 -20238.0 
-19856.0 -20154.0 
-19749.0 -20305.0 
-19850.0 -20198.0 
-19669.0 -20389.0 
-19856.0 -20154.0 
-19852.0 -20193.0 
-19854.0 -20159.0 
-19677.0 -20342.0 
-19784.0 -20304.0 
-19749.0 -20305.0 
-19749.0 -20305.0 
-19749.0 -20305.0 
-19749.0 -20305.0 
-19749.0 -20305.0 
-19749.0 -20305.0 
-19749.0 -20305.0 
-19749.0 -20305.0 
-19749.0 -20305.0 
-19749.0 -20305.0 
-19749.0 -20305.0 
-19749.0 -20305.0 
-19749.0 -20305.0 
-19749.0 -20305.0 
-19749.0 -20305.0 
-19749.0 -20305.0 
-19749.0 -20305.0 
-19749.0 -20305.0 
-19749.0 -20305.0 
-19749.0 -20305.0 
-19749.0 -20305.0 
-19749.0 -20305.0 
-19749.0 -20305.0 
-19749.0 -20305.0 
-19749.0 -20305.0 
-19749.0 -20305.0 
-19749.0 -20305.0 
-19749.0 -20305.0 
-19749.0 -20305.0 
-19749.0 -20305.0 
-19749.0 -20305.0 
-19749.0 -20305.0 
-19749.0 -20305.0 
-19749.0 -20305.0 
-19749.0 -20305.0 
-19749.0 -20305.0 
-19749.0 -20305.0 
-19749.0 -20305.0 
-19749.0 -20305.0 
-19749.0 -20305.0 
-19749.0 -20305.0 
-19749.0 -20305.0 
-19749.0 -20305.0 
-19749.0 -20305.0 
-19749.0 -20305.0 
-19749.0 -20305.0 
-19749.0 -20305.0 
-19749.0 -20305.0 
-19749.0 -20305.0 
-19749.0 -20305.0 
-19749.0 -20305.0 
-19749.0 -20305.0 
-19749.0 -20305.0 
-19749.0 -20305.0 
-19749.0 -20305.0 
-19749.0 -20305.0 
-19749.0 -20305.0 
-19749.0 -20305.0 
-19749.0 -20305.0 
-19749.0 -20305.0 
-19749.0 -20305.0 
-19749.0 -20305.0 
