4.460599896483703666e-04
8.890337687793830462e-04
6.630754599917049403e-04
4.058013321100867863e-04
8.138543909941707739e-04
8.234872801362758555e-04
7.899579805326252405e-04
4.765799109183209491e-04
3.263625392508560626e-04
4.972570970370103439e-04
4.037034479936697697e-04
9.057672091080747447e-04
5.460342915878511243e-04
4.131890867942328294e-04
7.176387133430682519e-04
3.902003993690268333e-04
5.958570360996593785e-04
2.987767454446473079e-04
7.046913020074813258e-04
4.767176611013260634e-04
4.279933310415225296e-04
5.785394179458854588e-04
5.180732522978698500e-04
3.188629360859948484e-04
6.573796395367602829e-04
4.978670461921364150e-04
4.376458523170720242e-04
5.331084601243078151e-04
6.754091509303181270e-04
3.093060717202837607e-04
3.554735974880570532e-04
