232.9840884177034	1.532935477909362E-14
1.4096344159753067E-14	230.210770477945
224.91539727475518	32.35812835210469
29.267771690899515	228.5275070951941
229.2998552274526	9.361937360137146
2.98417897148734	228.8633053640348
224.1291384882605	52.79704254104099
136.9954891461223	183.21754084437234
214.5570014107444	84.54454194841388
49.45005945276398	225.06132941966635
57.39505842195471	223.03398256869528
143.7171998240392	178.8421771567518
215.52292525857766	74.52221497025853
39.391829171511716	226.84782509032175
204.82509070945565	104.40011106349796
217.5757856616278	64.8486808078716
122.82589716760828	193.46455921620398
103.31306289234522	206.36053610852574
207.67631420916973	99.53463010092472
131.6109424303475	185.1734379683753
217.01521218914385	72.98527385743834
70.81733291148059	218.49206910075105
196.80649937759455	114.02675228803393
74.1219993232865	217.62861183689503
203.4627836565189	108.12726309630271
43.68714768999459	226.24222137521028
85.70588400242403	214.57310350201448
221.63014808667086	59.84334298489549
96.31418292384477	207.78147909500643
153.21821248898297	172.77148944636383
211.15375294208624	93.23142786514475
66.47096056564642	220.51621038804734
186.99621719453086	129.44047301451002
154.97223467255085	170.36370160701424
168.40277449885198	157.12218115925864
230.14536059393396	2.915427934161494
220.1984063868312	63.41505965420767
173.0211373627211	150.23860494522106
157.22923772048733	167.53210490595023
128.07209654476955	190.99297836621227
202.3122062595274	112.18365798263783
190.6660556809259	129.03963076564807
89.83285164265192	211.91182872230786
179.76629823763778	143.49605742693385
196.46217672443578	120.24524134597893
144.23087289218464	175.9241104866897
61.46922447384393	221.46142829736837
131.13697224189121	189.1985169476903
120.45452987258172	195.64276941576196
192.46240091155684	126.32617960395247
109.19961226576132	203.01149151447356
181.75693547907255	141.16166089141106
223.13358254532287	56.71482192009517
79.0772666290187	216.35062712206673
118.2103347623019	197.03098338845865
178.13915498896083	146.08104292383507
200.39102659536877	113.7483708625423
161.84892822115293	163.77163452672295
182.08860562275262	137.83220873226767
173.0111128930273	153.5110892371228
115.04526989664028	199.4425698555554
150.013588199645	174.95444148180346
91.51976335579073	210.03028405562466
212.51779625387752	88.64121127643298
184.85909112632842	137.1205847143909
86.4407411697149	213.5079131607835
164.5128691567622	158.84266325005336
148.54234162284567	175.17213057055034
79.0772666290187	216.35062712206673
186.94396183982414	134.62770462728005
176.40613137336288	148.00204091864939
212.32707856616665	89.31757732906638
63.757571491868724	220.95558087130584
111.76662656944232	201.58754152965992
230.4396133369959	1.464244580180938
105.60290376994084	204.83904557401976
209.4588475670133	95.95503954064708
116.0715195393252	198.81531596391818
208.99320352639407	96.67755431860483
193.88764087300646	124.1715963412123
223.68081420176688	53.95601792412118
40.75392404554395	226.73505343330544
128.97608137386666	190.8006443131066
195.38789825033908	121.1097840569659
163.92543059254606	162.38246558373498
159.60945295641844	166.12677026279673
170.5480243274383	154.8744544739478
160.10231211780237	165.72232441812577
186.20352120061034	135.05795817318008
194.58100531607255	123.19918340540505
170.01075173088023	155.12157099671248
94.70780101676063	209.71628799457324
164.17650850190327	159.64412834088836
105.41511962312175	204.87967020131686
176.51123142007052	147.6515797715291
110.90412725273434	202.07019476272862
95.17042438504846	207.88633146213942
95.03138095966285	209.18242254459477
163.92543059254606	162.38246558373498
111.37892470750103	201.67096115827846
