213.2140299817311	1.8192616071069044E-13
1.3294908018606614E-14	217.122325030581
211.7920857375	3.460237791141454
210.66476513093082	24.675893912165577
48.99017170326189	206.80573911993815
194.6450827043829	83.77117902902485
199.47599551796273	72.50621145050248
59.52859658733006	203.9518591434554
148.75255538611435	151.11702730323498
142.6173649521136	156.85877314451074
22.50398664780429	211.09138014525385
31.71093560677782	210.01241263582548
205.68347092093703	52.50093555850224
203.60719424734842	58.597044516455824
12.45695939141057	211.55538107507115
182.99759570282157	107.76768208349544
99.41122619554471	187.69933065096032
10.836129969062535	211.669064538794
172.59479413416884	123.12234753885699
37.727836705040716	208.35003702490715
79.22155440635852	196.83663372693835
1.328723879017254	211.76399351281162
73.0463529424526	199.08585980378314
25.422404605856087	210.1855364699054
159.77890199049148	139.74069047121483
156.87688613089747	143.10714475502508
87.31721351196614	193.26286985414475
177.2711640206016	116.52669899506041
170.24729636988343	126.35069954434073
161.89256515713544	137.8666155447072
41.65011813459122	207.60132656323063
103.32712721364038	184.996711082151
95.70780817976579	189.22420414772188
138.48669498516952	160.4038882968497
83.5392222182534	194.9517983476887
207.6124900834626	43.02251553916873
90.43607319258948	191.72978734352526
206.47508349810428	47.652558489310515
151.12956382068796	148.5666739308485
163.93853915889704	134.48163850973103
121.06664554239612	174.20858091830507
67.31181443057248	200.94562943882366
134.21031593978842	163.88636468898008
180.88327316096974	110.72512714020398
116.48026103492509	177.03293565714102
62.434324693359514	202.65794261277188
175.82357806535825	120.58667584348042
191.40592868087398	90.81726518143958
189.23597812215576	96.01655266209819
185.25468808307375	102.93652685084547
93.25533507967025	190.58884213859392
210.09821217782576	29.670722846129983
136.20664598220478	162.46572860598945
140.95510588911503	158.2020780828875
202.659181812703	62.41783806096141
201.1544471154136	67.47400129324564
71.46027850166989	199.88798725621888
154.7251239834814	144.86944751581083
123.34704176807044	172.4870095364583
131.62272022958786	165.98469210226096
113.8252423604215	179.24002497297218
190.17676264884912	93.59365040116921
152.88773054522807	146.7440392909665
130.09713522734555	167.37743646125287
193.151930582015	88.62474854033263
167.08713316687636	131.08423094605334
200.34267847516915	70.71693877902014
0.3044127525157396	212.0374399218189
65.47663932248501	201.98897150380037
125.54736508487069	171.0886229903237
165.1560040166218	132.80640282913777
208.54383195024653	38.01919634234037
202.187779896639	64.88182701448282
187.6359704089626	98.9900801937786
193.63114194049845	86.08358962049246
80.89751845016876	195.8113389302063
207.03903749549985	45.23374961522085
186.66918037100504	99.95479123127976
210.2776452528403	26.56637532001099
175.87116269651068	118.44485000541346
128.07326409087943	169.39102740082402
208.74057120933853	37.570742482732534
179.7579285382905	112.61726201640748
109.11132611808789	181.7995537093809
112.4447349526549	180.59268564381875
211.84121119044838	0.12040734734370334
168.27004906775372	128.3822096664106
107.2924593455652	182.6091984966929
40.82207415223161	207.869814795391
209.44030771941877	33.566749143659955
209.44030771941877	33.566749143659955
110.5448276579777	180.87980140208322
179.7579285382905	112.61726201640748
185.47670589940282	102.41143534812784
105.3631756771742	184.42198006374682
126.99611283411213	169.59460986316572
118.28160293728337	175.69517893102176
168.25026731854982	129.1493665455078
106.02201472661294	183.42191837388532
118.28160293728337	175.69517893102176
