-18298.0 -19469.0 
-19141.0 -18759.0 
-19141.0 -18759.0 
-18298.0 -19469.0 
-19090.0 -18820.0 
-18376.0 -19442.0 
-18975.0 -18995.0 
-18446.0 -19409.0 
-18784.0 -19200.0 
-19111.0 -18774.0 
-18877.0 -19070.0 
-19042.0 -18911.0 
-19045.0 -18855.0 
-18987.0 -18943.0 
-18870.0 -19108.0 
-18916.0 -19023.0 
-18663.0 -19257.0 
-18900.0 -19063.0 
-18608.0 -19319.0 
-18376.0 -19442.0 
-18730.0 -19223.0 
-18709.0 -19224.0 
-18638.0 -19286.0 
-18810.0 -19170.0 
-19058.0 -18839.0 
-18527.0 -19345.0 
-18730.0 -19223.0 
-18400.0 -19416.0 
-18930.0 -19004.0 
-18570.0 -19334.0 
-18474.0 -19386.0 
-18852.0 -19112.0 
-18608.0 -19319.0 
-18911.0 -19049.0 
-18811.0 -19145.0 
-18696.0 -19251.0 
-18474.0 -19386.0 
-19111.0 -18774.0 
-18785.0 -19174.0 
-19058.0 -18839.0 
-18657.0 -19281.0 
-18590.0 -19331.0 
-18997.0 -18927.0 
-18570.0 -19334.0 
-18638.0 -19286.0 
-18417.0 -19414.0 
-18987.0 -18943.0 
-18688.0 -19256.0 
-18493.0 -19376.0 
-18921.0 -19006.0 
-18784.0 -19200.0 
-19027.0 -18922.0 
-18516.0 -19351.0 
-18830.0 -19132.0 
-18400.0 -19416.0 
-18508.0 -19365.0 
-18527.0 -19345.0 
-18788.0 -19173.0 
-18417.0 -19414.0 
-18975.0 -18995.0 
-19045.0 -18855.0 
-18911.0 -19049.0 
-18590.0 -19331.0 
-18839.0 -19120.0 
-19027.0 -18922.0 
-19012.0 -18926.0 
-18930.0 -19004.0 
-18696.0 -19251.0 
-18493.0 -19376.0 
-18500.0 -19367.0 
-18823.0 -19137.0 
-18651.0 -19284.0 
-18823.0 -19137.0 
-19012.0 -18926.0 
-19042.0 -18911.0 
-18516.0 -19351.0 
-18709.0 -19224.0 
-18837.0 -19126.0 
-18870.0 -19108.0 
-18839.0 -19120.0 
-18997.0 -18927.0 
-18811.0 -19145.0 
-18508.0 -19365.0 
-18657.0 -19281.0 
-18500.0 -19367.0 
-18688.0 -19256.0 
-18837.0 -19126.0 
-18651.0 -19284.0 
-18921.0 -19006.0 
-18788.0 -19173.0 
-18810.0 -19170.0 
-18638.0 -19286.0 
-18987.0 -18943.0 
-18527.0 -19345.0 
-19027.0 -18922.0 
-18696.0 -19251.0 
-18493.0 -19376.0 
-18997.0 -18927.0 
-18657.0 -19281.0 
-18657.0 -19281.0 
