-18340.0 -19429.0 
-19246.0 -18392.0 
-18340.0 -19429.0 
-19246.0 -18392.0 
-19191.0 -18615.0 
-19227.0 -18508.0 
-18649.0 -19242.0 
-18881.0 -19042.0 
-18564.0 -19288.0 
-18936.0 -18998.0 
-18356.0 -19370.0 
-19133.0 -18718.0 
-19226.0 -18550.0 
-19151.0 -18625.0 
-18910.0 -19015.0 
-19061.0 -18822.0 
-18574.0 -19258.0 
-19209.0 -18565.0 
-18991.0 -18918.0 
-18512.0 -19298.0 
-18953.0 -18937.0 
-19029.0 -18857.0 
-19227.0 -18508.0 
-18983.0 -18935.0 
-18795.0 -19104.0 
-19138.0 -18671.0 
-19003.0 -18863.0 
-18657.0 -19217.0 
-18944.0 -18957.0 
-19104.0 -18738.0 
-18472.0 -19324.0 
-18607.0 -19255.0 
-18437.0 -19336.0 
-18700.0 -19186.0 
-18911.0 -19004.0 
-19063.0 -18788.0 
-18680.0 -19208.0 
-18431.0 -19344.0 
-18398.0 -19361.0 
-19029.0 -18857.0 
-18819.0 -19098.0 
-18842.0 -19071.0 
-18862.0 -19067.0 
-18994.0 -18880.0 
-18485.0 -19310.0 
-18597.0 -19256.0 
-18398.0 -19361.0 
-19090.0 -18760.0 
-18714.0 -19173.0 
-19101.0 -18755.0 
-18766.0 -19132.0 
-19061.0 -18822.0 
-18736.0 -19167.0 
-18686.0 -19188.0 
-19209.0 -18565.0 
-18747.0 -19155.0 
-19145.0 -18652.0 
-18839.0 -19083.0 
-18747.0 -19155.0 
-18378.0 -19368.0 
-18769.0 -19116.0 
-18865.0 -19055.0 
-18944.0 -18957.0 
-18819.0 -19098.0 
-18474.0 -19314.0 
-18503.0 -19306.0 
-18766.0 -19132.0 
-19145.0 -18652.0 
-19133.0 -18718.0 
-18783.0 -19113.0 
-18378.0 -19368.0 
-19138.0 -18671.0 
-18607.0 -19255.0 
-19083.0 -18774.0 
-18431.0 -19344.0 
-19104.0 -18738.0 
-18714.0 -19173.0 
-18564.0 -19288.0 
-18356.0 -19370.0 
-18512.0 -19298.0 
-19074.0 -18781.0 
-18437.0 -19336.0 
-18736.0 -19167.0 
-18839.0 -19083.0 
-18657.0 -19217.0 
-19074.0 -18781.0 
-19151.0 -18625.0 
-18783.0 -19113.0 
-18865.0 -19055.0 
-18680.0 -19208.0 
-19083.0 -18774.0 
-18503.0 -19306.0 
-18472.0 -19324.0 
-18997.0 -18873.0 
-18997.0 -18873.0 
-18994.0 -18880.0 
-19063.0 -18788.0 
-18686.0 -19188.0 
-18769.0 -19116.0 
-18839.0 -19083.0 
