-18518.0 -19343.0 
-19121.0 -18711.0 
-19121.0 -18711.0 
-18960.0 -19039.0 
-18601.0 -19342.0 
-19104.0 -18790.0 
-19085.0 -18848.0 
-18689.0 -19300.0 
-19117.0 -18765.0 
-18742.0 -19244.0 
-18827.0 -19185.0 
-18643.0 -19302.0 
-18962.0 -18999.0 
-18985.0 -18944.0 
-19056.0 -18856.0 
-18850.0 -19150.0 
-18926.0 -19059.0 
-19046.0 -18894.0 
-18628.0 -19336.0 
-18872.0 -19115.0 
-18783.0 -19210.0 
-19104.0 -18790.0 
-18831.0 -19161.0 
-18791.0 -19187.0 
-18690.0 -19279.0 
-18757.0 -19214.0 
-18976.0 -18980.0 
-18872.0 -19115.0 
-18709.0 -19278.0 
-18850.0 -19150.0 
-18721.0 -19257.0 
-18926.0 -19059.0 
-19004.0 -18940.0 
-18601.0 -19342.0 
-19117.0 -18765.0 
-19035.0 -18911.0 
-19007.0 -18929.0 
-18890.0 -19086.0 
-19046.0 -18894.0 
-18884.0 -19100.0 
-18914.0 -19074.0 
-18640.0 -19315.0 
-18753.0 -19227.0 
-18785.0 -19192.0 
-18640.0 -19315.0 
-18903.0 -19083.0 
-18914.0 -19074.0 
-18884.0 -19100.0 
-18753.0 -19227.0 
-19085.0 -18848.0 
-19023.0 -18918.0 
-18976.0 -18980.0 
-18721.0 -19257.0 
-19073.0 -18849.0 
-19073.0 -18849.0 
-18628.0 -19336.0 
-19056.0 -18856.0 
-18714.0 -19269.0 
-18714.0 -19269.0 
-19024.0 -18914.0 
-18831.0 -19161.0 
-19035.0 -18911.0 
-18903.0 -19083.0 
-19007.0 -18929.0 
-18972.0 -18994.0 
-18985.0 -18944.0 
-18974.0 -18991.0 
-19023.0 -18918.0 
-18890.0 -19086.0 
-18791.0 -19187.0 
-18757.0 -19214.0 
-19004.0 -18940.0 
-18972.0 -18994.0 
-18785.0 -19192.0 
-18827.0 -19185.0 
-18783.0 -19210.0 
-18643.0 -19302.0 
-18974.0 -18991.0 
-19024.0 -18914.0 
-18689.0 -19300.0 
-18690.0 -19279.0 
-18850.0 -19150.0 
-18926.0 -19059.0 
-18601.0 -19342.0 
-18753.0 -19227.0 
-18721.0 -19257.0 
-19035.0 -18911.0 
-19023.0 -18918.0 
-18757.0 -19214.0 
-19004.0 -18940.0 
-18827.0 -19185.0 
-19024.0 -18914.0 
-18827.0 -19185.0 
-18757.0 -19214.0 
-18757.0 -19214.0 
-19035.0 -18911.0 
-18601.0 -19342.0 
-19035.0 -18911.0 
-18753.0 -19227.0 
-19024.0 -18914.0 
