-19110.0 -18677.0 
-18212.0 -19604.0 
-19110.0 -18677.0 
-18212.0 -19604.0 
-18463.0 -19455.0 
-18252.0 -19539.0 
-18672.0 -19288.0 
-18337.0 -19524.0 
-18749.0 -19227.0 
-18470.0 -19409.0 
-18414.0 -19488.0 
-18495.0 -19399.0 
-19095.0 -18725.0 
-18710.0 -19228.0 
-18350.0 -19499.0 
-18536.0 -19392.0 
-18688.0 -19242.0 
-18566.0 -19378.0 
-18414.0 -19488.0 
-19083.0 -18730.0 
-18236.0 -19576.0 
-18297.0 -19530.0 
-18786.0 -19182.0 
-19077.0 -18761.0 
-18297.0 -19530.0 
-18850.0 -19102.0 
-18758.0 -19207.0 
-18937.0 -18970.0 
-18795.0 -19141.0 
-18969.0 -18937.0 
-18997.0 -18887.0 
-18895.0 -19021.0 
-18957.0 -18960.0 
-18641.0 -19292.0 
-19044.0 -18834.0 
-18386.0 -19492.0 
-18922.0 -19004.0 
-18862.0 -19079.0 
-18838.0 -19104.0 
-18463.0 -19455.0 
-19051.0 -18813.0 
-19056.0 -18782.0 
-18536.0 -19392.0 
-19032.0 -18848.0 
-18698.0 -19232.0 
-18386.0 -19492.0 
-18604.0 -19330.0 
-18634.0 -19307.0 
-18890.0 -19037.0 
-18621.0 -19314.0 
-19017.0 -18877.0 
-18985.0 -18897.0 
-18758.0 -19207.0 
-18611.0 -19318.0 
-18866.0 -19078.0 
-18935.0 -18986.0 
-18236.0 -19576.0 
-18786.0 -19182.0 
-18818.0 -19132.0 
-18925.0 -18991.0 
-18874.0 -19058.0 
-18576.0 -19354.0 
-18977.0 -18933.0 
-18982.0 -18921.0 
-18221.0 -19592.0 
-18688.0 -19242.0 
-19038.0 -18841.0 
-19077.0 -18761.0 
-19051.0 -18813.0 
-18252.0 -19539.0 
-18221.0 -19592.0 
-18793.0 -19159.0 
-18793.0 -19159.0 
-18482.0 -19406.0 
-18566.0 -19378.0 
-19023.0 -18863.0 
-18838.0 -19104.0 
-18991.0 -18896.0 
-18957.0 -18960.0 
-18638.0 -19296.0 
-18895.0 -19021.0 
-19057.0 -18781.0 
-18818.0 -19132.0 
-19023.0 -18863.0 
-19057.0 -18781.0 
-18814.0 -19133.0 
-18672.0 -19288.0 
-19095.0 -18725.0 
-18486.0 -19401.0 
-18885.0 -19046.0 
-18347.0 -19509.0 
-18594.0 -19336.0 
-18874.0 -19058.0 
-18922.0 -19004.0 
-18583.0 -19346.0 
-18576.0 -19354.0 
-18347.0 -19509.0 
-18594.0 -19336.0 
-18583.0 -19346.0 
-18885.0 -19046.0 
