1.1044748317692085E-9	1.0055458862622735
0.9998271635712495	0.0026719467277451564
0.7086376684638579	0.16459593512252688
0.29025679505116087	0.46475601717927545
0.062234843880806745	0.7568283764126431
0.0734971899692208	0.7335286798908105
0.45545948141378517	0.32853822860548426
0.19552811652556024	0.5617666392949245
0.6796207359885145	0.17869615040758982
0.43693214187529267	0.34256692703375674
0.544691831248429	0.26621160150727463
0.26783387279479554	0.48813060665101965
0.0010943490458991678	0.9722385158530524
0.5167340909227593	0.29133627331289796
0.004897335143124848	0.9351405135030898
0.8651710465103495	0.07270127960580912
0.05107922261904617	0.7785377596283407
0.47515295376532174	0.3142860973356855
0.2331385271033946	0.5211321639994211
0.08524788848834913	0.7125286992367861
0.5320208831010522	0.27745462239270363
0.6050461822921057	0.22532770969238355
0.03709840435131109	0.812198527012002
0.17279083565196834	0.5882603482256692
0.1828736344318564	0.5763724212764363
0.5654695159710472	0.2514539808614666
0.88980705758993	0.05946017732447961
0.9368061283278135	0.04444309398188587
0.044695801489655476	0.79302365077656
0.022885553181104412	0.8587199591391786
0.7226523585524038	0.1529107825422712
0.16033580280396248	0.6036658065960322
0.10928149712116786	0.6738267628524279
0.6226494363103457	0.21404636390774376
0.9451028487637049	0.030592461644695458
0.49671382414132326	0.29861327644115965
0.8425458971640087	0.08496559405884288
0.42124896965995656	0.35459098588118537
0.015783012226305126	0.879167558850994
0.13900498222497348	0.6315096216326725
0.21214790805166808	0.5433121505672148
0.7859314678227343	0.11928536155653319
0.3894366100686634	0.37938656738469295
0.0995892544536992	0.6888832230806331
0.3804452497752796	0.3867517199338365
0.11782847235878414	0.6611544755105121
0.030829496995141425	0.8290965594228267
0.40437313540269343	0.3679519456172475
0.30183826110479184	0.45439557985629453
0.7660018039164339	0.12765749579420635
0.5735770096873561	0.24588993760953598
0.09281654568905612	0.6996701397100601
0.36634303395849865	0.39844323624767375
0.02634455569181271	0.8425502193784478
0.6569044069210124	0.19265755990685063
0.48650946787503446	0.30604039343206435
0.33414749045649644	0.4258675602975625
0.6687890998779041	0.18534779147424482
0.25020134999637034	0.5036099883915399
0.7589662484786907	0.1317583588476812
0.7428162658088548	0.14104116257590021
0.7933290529739474	0.11216393874988423
0.22390828149538988	0.53056693733608
0.9600893577792159	0.022731451610605344
0.8561043438818805	0.0806561000257496
3.23858244124689E-4	0.9872534617136588
0.9134389839534313	0.04701942085617359
0.988028816396213	0.008660440406794725
0.8251124250586536	0.09442307221648583
0.34999209227419015	0.4196928686090282
0.32597296138447196	0.4328205645703717
0.7358211509467667	0.14511552308597772
0.15216416857863047	0.61422611699087
0.26190444843373334	0.49395685566124836
0.5889729157483007	0.23576388894287975
0.14645238342175432	0.6215469523435997
0.41211077793177553	0.3617864896061701
0.12798928220820183	0.6466235667448348
0.007955829797109015	0.9160587148887136
0.980858863483574	0.017283011784414902
0.6326021138278705	0.2078186679668207
0.3110677569785094	0.44605530373958185
0.8210135755195344	0.09669169440512797
0.011764981258891527	0.8963759790710208
0.3167709115302289	0.44079498993469735
0.8966434584634684	0.05597801336436382
0.35997692878855936	0.4038499519826538
0.5922967399670535	0.23369911466971052
0.6457269061626753	0.19957774267413422
0.9682041386165555	0.018704570648309042
0.35154242667502905	0.4108388295240552
0.9081099771506187	0.049834499645073735
0.1263117868678056	0.6488997207713313
0.2161080621238622	0.5391240495520329
0.007568427967227866	0.9222718035708987
0.8069934481037551	0.10468437776322198
0.8069934481037551	0.10468437776322198
0.6406005479305855	0.20274120241237834
0.25122091061034124	0.5025907062092532
0.012620087611173614	0.892413118316819
