1.0141337552713181E-10	1.0039704469789503
0.9999948162242959	0.001963784189735646
0.6836189437989102	0.17558796789559036
0.9505766818804403	0.02713322009923918
0.21215160900230404	0.542775250796008
0.23851767883103336	0.5146942980213259
0.10996202502010353	0.6716860634810695
0.4121120316670649	0.36079257406856863
0.9205808205640659	0.042578763672266845
0.8309717940262286	0.09059091166629832
0.862175343861477	0.07356083595177608
0.8826061746422837	0.06274041921384324
0.9096876464919894	0.04838258717124715
0.47768736734973444	0.3115037394891677
0.30575951303114396	0.44993311782792683
0.5182681883456761	0.2832013043532074
0.02444670031677254	0.8473988190517766
0.7076960997660674	0.16101741873265468
0.5898733469320153	0.23454063481259635
0.3963133351192909	0.3731416031406727
0.32053675756095246	0.43674080744593186
0.657736410446044	0.19140664539063287
0.382337852565093	0.3850837418487072
0.07596555042235609	0.7279396755084447
0.5705977300444522	0.24715550318368731
0.29058516466460177	0.46403347861652244
7.059178686091017E-4	0.9772882817581978
0.06691374279033047	0.7447956389255737
0.19194023636836066	0.5649195719146959
0.0953856970977224	0.6946066633537097
0.007398706044383974	0.9178068550644449
0.43289977081976116	0.3472598438116544
0.2706318105443188	0.48289049977330817
0.36809046324926364	0.396499113006166
0.6524094123383377	0.19744167327984083
0.0021644232711554856	0.9574325174122325
0.6042669530413491	0.2251961482420036
0.5496507289616761	0.26115580472071315
0.9738280434489495	0.023595321737658784
0.0046858520684823195	0.9355753155212141
0.03125524687478293	0.8269784416481701
0.1536292763044383	0.6111965494540097
0.6294185748819424	0.20914909569844287
0.12105482771752288	0.6554589026819674
0.05945330429340652	0.759715931630345
0.3354006626888506	0.4258573977472539
0.49827731496044747	0.2968650727227981
0.017966716481118472	0.8697941185864004
0.12766161021827438	0.6459791613474766
0.28046892148845737	0.4734109353454194
0.04509491597467696	0.7980624270397303
0.1423427556798994	0.6259317238595792
0.7384722335501619	0.14294073893174267
0.9803419323970562	0.011867940896317182
0.8095537472921512	0.10249546877539106
0.7600984964543517	0.13029496693984502
0.4521635068102885	0.3391645370874686
0.053329446983743756	0.7726177918762523
0.2491264502944988	0.5126351966049939
0.4946022398171859	0.29926742468862855
0.5604038068698307	0.25390248132678483
0.8025625320205927	0.1128209861668417
0.1372671129437719	0.6327783031709223
0.7511192878079171	0.13560210264277894
0.04846081776435179	0.7850707325015325
0.16976261553260236	0.5911236453626761
0.8225369897034303	0.095698553255026
0.6173183491354073	0.2168334996198886
0.7745449506270415	0.12216770029591636
0.7273202120876556	0.1495098551646748
0.46135886280180516	0.32353729825740646
0.8710295831186088	0.06990614323676785
0.35638744760614016	0.4057686197145167
0.7186092199493703	0.15458644506626124
0.34282995560148455	0.41839326245043523
0.5335544000835326	0.27218677703422167
0.01573790503197407	0.87827496826915
0.9930057773991962	0.00544414403169406
0.011760173877166435	0.8954877993116214
0.09165489033907853	0.7006724457624629
0.7872795000379568	0.11500071749149422
0.2566861243543128	0.49629884355507226
0.43858538712324885	0.34034306176275647
0.20233575656765906	0.5532177771529814
0.5328776759599588	0.2745211985573889
0.35253228056226654	0.4121089573936117
0.03690323497632353	0.8115469511007386
0.16151561526934077	0.6013383949252918
0.4595792590624559	0.32476620540975476
0.17998551273536056	0.5790293345686475
0.08442720308109322	0.7128918268618738
0.17998551273536056	0.5790293345686475
0.25655109647811597	0.49653849034154013
0.012130496452574774	0.8937610776914563
0.03585157563731542	0.8144391063610013
0.20446933243183626	0.5508910065979893
0.7827816337777257	0.12089853514556634
0.6239993213310413	0.21263676352830468
0.08469648090789128	0.7124012606285138
0.16668955590057621	0.5992862751368736
