2.395059620707141318e-02
5.514472410634788796e-02
4.021203293123303685e-02
6.717712871509190498e-02
1.707089940305243220e-02
6.236420082337698623e-02
9.543075392822233938e-02
6.433484291221004681e-02
2.323744574049747477e-02
1.294869087362476578e-01
8.216346157685387730e-02
4.293148069796458993e-02
5.867458734656857966e-02
1.067175011290850961e-01
7.207496515198330567e-02
1.012579407931537556e-01
5.464118631270688253e-02
9.970419204325828288e-02
1.489343997132549224e-01
6.248262736393250805e-02
7.355370395280527718e-02
4.808854705964826087e-02
2.035196769520556878e-02
9.678344638078702211e-02
5.287746993104531362e-02
4.672992734605053294e-02
5.522115957233884181e-02
6.757725554993750106e-02
1.081428316741667867e-01
7.597340712342576241e-02
9.073697907691821718e-02
