1.1991583460190366E-6	21.206951477736812
21.28814665746979	9.624796344414773E-6
6.513203290769176	20.054544802588545
1.2684167304469796	21.090108956536724
0.21454451475201328	21.13734359108441
20.704162504822907	4.003711745821279
20.219886140602124	6.211683573181803
20.98447952854638	2.2078533291123934
7.116434678279647	19.8915108128062
7.557477482758704	19.791108259596434
20.371972703605202	5.647991712551502
18.958123735895384	9.260923318068304
20.063710879038243	6.681984451865658
8.058364038633954	19.569517659044145
18.397309693232952	10.434885783405292
21.116735767721952	0.7969833782848126
6.060508239595084	20.288741402857926
18.76767547455957	10.007376483429413
18.103506061411824	10.914873630230431
14.858643865747203	14.985728700935221
20.507997474205936	5.271303926315788
20.87534432262426	3.081846998446551
20.784809596383823	3.441538057222538
17.358155555234195	12.039150019354938
19.19596617420572	8.853467381497628
21.041172704404296	1.293939823884103
19.88122850236342	7.073683674646622
19.56668706966916	7.877269336590864
17.82205646053862	11.40379932145732
14.588206570876128	15.389413274716366
13.896832766787549	15.866440272256023
1.5464947629643984	21.068028968809312
20.94484978786756	2.50386506988216
16.424231627238775	13.284564140553128
21.119552150321542	0.10851895986653545
9.474265054204558	18.928627582849384
8.40295202786894	19.443508515403114
18.814461741006987	9.676104631771077
19.425335579330724	8.401893162175933
8.679267685310172	19.249511872673875
15.871919855696122	13.986418838788556
15.310348452553942	14.58567251959279
4.513471559349595	20.678926304492453
16.19958316544625	13.777417219435256
17.106226529182138	12.485939325364084
20.614736917809683	4.637407981702573
17.54631754834156	11.834178274258889
15.105854732065408	14.788737107240564
2.1789417217677443	21.00634215895372
11.613000689631608	17.67229281094977
14.42494271945339	15.849927109588737
15.519907358922014	14.298536437114182
11.877922628050246	17.519103870873348
18.22494382288885	10.650712180272638
12.796671052272847	16.797099632318574
10.399370347547258	18.545456545206086
16.703303642637437	12.954475176138073
3.929940330289038	20.765131834307407
19.784667227683613	7.448393663389507
4.646050436460435	20.58890979031369
20.5461151189722	4.709713602933082
13.811709124552154	16.237566198638856
9.677799184736953	18.8647978910026
13.001289490445757	16.59247402360879
17.07075046313693	12.63353820206554
5.107000198151317	20.527108929468884
16.248006778624344	13.479885195004169
17.711773968836606	11.537410564947601
12.232858438959855	17.5123841767336
2.7513462672828584	20.923634561278128
12.260454052889989	17.199137613417545
16.771566588086912	12.876844452411575
19.304228237182272	8.524290947048323
11.409672230415078	17.884266948440285
15.673914376802996	14.160327484552374
2.294036920894274	20.979853868633793
19.693638743276917	7.631890058372088
3.3958788483292857	20.83674304551385
11.320684561445466	18.05334709297888
5.6055835243281145	20.325135667746174
14.505907974398141	15.642371656067771
3.911796849476332	20.83303980254266
3.3958788483292857	20.83674304551385
13.589202309110545	16.29909347552663
10.985753547042712	18.10317781606526
12.685320710946527	17.04456524555203
10.652662511525577	18.28233970921658
12.5086668475393	17.09103896844053
21.072749384127047	1.2374832295633584
10.032333260345698	18.697698710399134
13.298855206498855	16.57192372365271
13.339588926472405	16.36619359932347
9.015700576194764	19.145608443469236
9.015700576194764	19.145608443469236
5.266469950847667	20.48761632290268
2.7513462672828584	20.923634561278128
9.982969268549446	18.700428545425307
10.576400232760088	18.473139822375572
10.929548803776903	18.245752206024516
5.596074315348522	20.464127192776765
