-19207.0 -18473.0 
-19207.0 -18473.0 
-18204.0 -19399.0 
-18204.0 -19399.0 
-18954.0 -18914.0 
-19175.0 -18532.0 
-18482.0 -19309.0 
-18397.0 -19357.0 
-18572.0 -19288.0 
-18726.0 -19185.0 
-18335.0 -19372.0 
-18236.0 -19388.0 
-18938.0 -18962.0 
-19112.0 -18703.0 
-19105.0 -18746.0 
-18790.0 -19104.0 
-19202.0 -18529.0 
-18320.0 -19375.0 
-18845.0 -19015.0 
-19151.0 -18609.0 
-18660.0 -19213.0 
-18660.0 -19213.0 
-18843.0 -19060.0 
-18743.0 -19155.0 
-19146.0 -18655.0 
-18598.0 -19237.0 
-18404.0 -19336.0 
-19053.0 -18825.0 
-18976.0 -18885.0 
-18446.0 -19328.0 
-18523.0 -19298.0 
-18779.0 -19127.0 
-18610.0 -19224.0 
-18874.0 -19009.0 
-19079.0 -18756.0 
-18816.0 -19080.0 
-18523.0 -19298.0 
-18895.0 -18977.0 
-19124.0 -18668.0 
-18816.0 -19080.0 
-18726.0 -19185.0 
-18743.0 -19155.0 
-19149.0 -18614.0 
-18236.0 -19388.0 
-18446.0 -19328.0 
-18779.0 -19127.0 
-19018.0 -18830.0 
-18884.0 -18985.0 
-18572.0 -19288.0 
-19063.0 -18782.0 
-18938.0 -18962.0 
-18598.0 -19237.0 
-19061.0 -18798.0 
-19063.0 -18782.0 
-19151.0 -18609.0 
-18320.0 -19375.0 
-19175.0 -18532.0 
-18895.0 -18977.0 
-19123.0 -18679.0 
-18985.0 -18851.0 
-18982.0 -18874.0 
-19079.0 -18756.0 
-19061.0 -18798.0 
-19018.0 -18830.0 
-18843.0 -19060.0 
-18999.0 -18833.0 
-19123.0 -18679.0 
-18884.0 -18985.0 
-18608.0 -19232.0 
-19146.0 -18655.0 
-18874.0 -19009.0 
-18987.0 -18839.0 
-18985.0 -18851.0 
-18404.0 -19336.0 
-18610.0 -19224.0 
-19053.0 -18825.0 
-18999.0 -18833.0 
-18990.0 -18837.0 
-18980.0 -18880.0 
-18982.0 -18874.0 
-19149.0 -18614.0 
-19202.0 -18529.0 
-18608.0 -19232.0 
-18980.0 -18880.0 
-18990.0 -18837.0 
-18987.0 -18839.0 
-18204.0 -19399.0 
-18816.0 -19080.0 
-18726.0 -19185.0 
-18446.0 -19328.0 
-18572.0 -19288.0 
-18985.0 -18851.0 
-19053.0 -18825.0 
-19149.0 -18614.0 
-19202.0 -18529.0 
-18608.0 -19232.0 
-18608.0 -19232.0 
-18816.0 -19080.0 
-18726.0 -19185.0 
-18446.0 -19328.0 
