-19282.0 -18308.0 
-18140.0 -19480.0 
-19282.0 -18308.0 
-18140.0 -19480.0 
-18923.0 -19008.0 
-18488.0 -19331.0 
-18349.0 -19403.0 
-19111.0 -18714.0 
-18703.0 -19214.0 
-19159.0 -18608.0 
-18862.0 -19013.0 
-18288.0 -19407.0 
-19177.0 -18537.0 
-19126.0 -18639.0 
-19259.0 -18327.0 
-18931.0 -18944.0 
-18424.0 -19353.0 
-18377.0 -19380.0 
-18972.0 -18878.0 
-19233.0 -18405.0 
-18816.0 -19065.0 
-19245.0 -18367.0 
-19018.0 -18843.0 
-18794.0 -19099.0 
-19219.0 -18445.0 
-19199.0 -18475.0 
-19046.0 -18797.0 
-18755.0 -19135.0 
-18548.0 -19277.0 
-18822.0 -19042.0 
-19250.0 -18351.0 
-18217.0 -19459.0 
-18653.0 -19224.0 
-18950.0 -18904.0 
-18260.0 -19440.0 
-19242.0 -18404.0 
-18768.0 -19112.0 
-18151.0 -19472.0 
-18845.0 -19040.0 
-18964.0 -18895.0 
-19186.0 -18514.0 
-19134.0 -18620.0 
-19062.0 -18768.0 
-18404.0 -19362.0 
-18603.0 -19233.0 
-19036.0 -18824.0 
-18848.0 -19020.0 
-19219.0 -18445.0 
-18653.0 -19224.0 
-19199.0 -18475.0 
-18728.0 -19147.0 
-18998.0 -18846.0 
-18510.0 -19315.0 
-18424.0 -19353.0 
-18711.0 -19181.0 
-18178.0 -19470.0 
-19177.0 -18537.0 
-18620.0 -19226.0 
-19068.0 -18753.0 
-18746.0 -19145.0 
-18235.0 -19445.0 
-18529.0 -19295.0 
-18562.0 -19274.0 
-18178.0 -19470.0 
-19074.0 -18734.0 
-18529.0 -19295.0 
-18597.0 -19254.0 
-19186.0 -18514.0 
-18278.0 -19414.0 
-18510.0 -19315.0 
-18562.0 -19274.0 
-18992.0 -18859.0 
-18799.0 -19083.0 
-18942.0 -18925.0 
-19159.0 -18608.0 
-18389.0 -19364.0 
-18217.0 -19459.0 
-19094.0 -18722.0 
-19036.0 -18824.0 
-19094.0 -18722.0 
-19126.0 -18639.0 
-18387.0 -19375.0 
-18720.0 -19161.0 
-18711.0 -19181.0 
-18942.0 -18925.0 
-18931.0 -18944.0 
-19130.0 -18626.0 
-18602.0 -19253.0 
-18768.0 -19112.0 
-18278.0 -19414.0 
-18992.0 -18859.0 
-19070.0 -18736.0 
-18597.0 -19254.0 
-18260.0 -19440.0 
-18235.0 -19445.0 
-19052.0 -18784.0 
-18720.0 -19161.0 
-18799.0 -19083.0 
-19052.0 -18784.0 
-18620.0 -19226.0 
