-18085.0 -19503.0 
-19232.0 -18501.0 
-19232.0 -18501.0 
-18085.0 -19503.0 
-19197.0 -18596.0 
-19029.0 -18875.0 
-18153.0 -19493.0 
-19032.0 -18813.0 
-18374.0 -19412.0 
-19197.0 -18596.0 
-18305.0 -19432.0 
-19155.0 -18660.0 
-18455.0 -19383.0 
-19108.0 -18736.0 
-18626.0 -19268.0 
-18389.0 -19386.0 
-18265.0 -19438.0 
-19145.0 -18694.0 
-18795.0 -19114.0 
-18206.0 -19473.0 
-18718.0 -19208.0 
-18305.0 -19432.0 
-19157.0 -18641.0 
-18705.0 -19221.0 
-18886.0 -18998.0 
-18471.0 -19358.0 
-18929.0 -18981.0 
-19094.0 -18758.0 
-18633.0 -19234.0 
-18834.0 -19088.0 
-18530.0 -19332.0 
-19157.0 -18641.0 
-19109.0 -18710.0 
-18216.0 -19464.0 
-18719.0 -19178.0 
-18975.0 -18904.0 
-19046.0 -18803.0 
-18125.0 -19502.0 
-18967.0 -18929.0 
-18813.0 -19100.0 
-18544.0 -19309.0 
-18593.0 -19275.0 
-18660.0 -19231.0 
-18251.0 -19444.0 
-19084.0 -18765.0 
-18502.0 -19343.0 
-18411.0 -19385.0 
-18502.0 -19343.0 
-18991.0 -18889.0 
-18783.0 -19145.0 
-19075.0 -18781.0 
-18856.0 -19056.0 
-19061.0 -18793.0 
-18853.0 -19074.0 
-18938.0 -18969.0 
-19118.0 -18698.0 
-18374.0 -19412.0 
-18946.0 -18938.0 
-18240.0 -19456.0 
-18902.0 -18989.0 
-18942.0 -18959.0 
-18550.0 -19308.0 
-18816.0 -19090.0 
-18566.0 -19276.0 
-18765.0 -19151.0 
-18879.0 -19021.0 
-18978.0 -18893.0 
-18471.0 -19358.0 
-18206.0 -19473.0 
-18872.0 -19032.0 
-19130.0 -18695.0 
-18862.0 -19046.0 
-18660.0 -19231.0 
-18641.0 -19232.0 
-18125.0 -19502.0 
-18991.0 -18889.0 
-18762.0 -19156.0 
-18944.0 -18942.0 
-18788.0 -19134.0 
-19062.0 -18782.0 
-18558.0 -19290.0 
-18530.0 -19332.0 
-18748.0 -19161.0 
-18865.0 -19037.0 
-18729.0 -19172.0 
-18902.0 -18989.0 
-18748.0 -19161.0 
-18705.0 -19221.0 
-18411.0 -19385.0 
-18565.0 -19280.0 
-18729.0 -19172.0 
-18609.0 -19273.0 
-18240.0 -19456.0 
-18879.0 -19021.0 
-18788.0 -19134.0 
-18558.0 -19290.0 
-18609.0 -19273.0 
-18853.0 -19074.0 
-18967.0 -18929.0 
-18455.0 -19383.0 
