-20213.0 -20096.0 
-19767.0 -20600.0 
-19767.0 -20600.0 
-20213.0 -20096.0 
-20206.0 -20163.0 
-20052.0 -20327.0 
-20035.0 -20361.0 
-20132.0 -20259.0 
-20160.0 -20164.0 
-20027.0 -20387.0 
-19826.0 -20579.0 
-19950.0 -20473.0 
-19882.0 -20533.0 
-19963.0 -20434.0 
-19890.0 -20515.0 
-20151.0 -20166.0 
-19996.0 -20396.0 
-19852.0 -20535.0 
-20145.0 -20202.0 
-20135.0 -20217.0 
-19917.0 -20498.0 
-19796.0 -20586.0 
-19993.0 -20423.0 
-20099.0 -20278.0 
-20099.0 -20278.0 
-19933.0 -20475.0 
-20084.0 -20279.0 
-19898.0 -20503.0 
-19923.0 -20477.0 
-20069.0 -20308.0 
-19786.0 -20592.0 
-19829.0 -20553.0 
-20069.0 -20308.0 
-20076.0 -20296.0 
-19973.0 -20432.0 
-20132.0 -20259.0 
-20076.0 -20296.0 
-19973.0 -20432.0 
-19837.0 -20547.0 
-19837.0 -20547.0 
-19786.0 -20592.0 
-19852.0 -20535.0 
-19796.0 -20586.0 
-20027.0 -20387.0 
-19995.0 -20407.0 
-19950.0 -20473.0 
-19963.0 -20434.0 
-20145.0 -20202.0 
-20137.0 -20211.0 
-19898.0 -20503.0 
-19995.0 -20407.0 
-19917.0 -20498.0 
-19993.0 -20423.0 
-20137.0 -20211.0 
-19882.0 -20533.0 
-19830.0 -20550.0 
-19826.0 -20579.0 
-19996.0 -20396.0 
-20084.0 -20279.0 
-20135.0 -20217.0 
-19923.0 -20477.0 
-20151.0 -20166.0 
-19829.0 -20553.0 
-19830.0 -20550.0 
-20099.0 -20278.0 
-20069.0 -20308.0 
-20076.0 -20296.0 
-19973.0 -20432.0 
-19852.0 -20535.0 
-19796.0 -20586.0 
-19950.0 -20473.0 
-19963.0 -20434.0 
-19995.0 -20407.0 
-19917.0 -20498.0 
-20137.0 -20211.0 
-19993.0 -20423.0 
-19996.0 -20396.0 
-20084.0 -20279.0 
-20151.0 -20166.0 
-19830.0 -20550.0 
-20099.0 -20278.0 
-19830.0 -20550.0 
-20151.0 -20166.0 
-20137.0 -20211.0 
-19996.0 -20396.0 
-19995.0 -20407.0 
-19917.0 -20498.0 
-20099.0 -20278.0 
-19917.0 -20498.0 
-20099.0 -20278.0 
-20099.0 -20278.0 
-19996.0 -20396.0 
-19917.0 -20498.0 
-19996.0 -20396.0 
-20099.0 -20278.0 
-20099.0 -20278.0 
-19796.0 -20586.0 
-19830.0 -20550.0 
-20137.0 -20211.0 
-19796.0 -20586.0 
