-19519.0 -20661.0 
-19519.0 -20661.0 
-20194.0 -20132.0 
-19691.0 -20623.0 
-20143.0 -20265.0 
-19632.0 -20631.0 
-19779.0 -20564.0 
-20147.0 -20205.0 
-19714.0 -20591.0 
-20030.0 -20390.0 
-19532.0 -20655.0 
-20094.0 -20279.0 
-19980.0 -20437.0 
-20173.0 -20173.0 
-19941.0 -20471.0 
-19985.0 -20404.0 
-19814.0 -20548.0 
-20085.0 -20329.0 
-19840.0 -20519.0 
-19906.0 -20476.0 
-20125.0 -20275.0 
-19756.0 -20578.0 
-20038.0 -20358.0 
-19580.0 -20637.0 
-19956.0 -20440.0 
-19615.0 -20636.0 
-19565.0 -20643.0 
-19714.0 -20591.0 
-20087.0 -20308.0 
-19814.0 -20548.0 
-19832.0 -20534.0 
-20001.0 -20392.0 
-20087.0 -20308.0 
-19691.0 -20623.0 
-19888.0 -20490.0 
-20158.0 -20204.0 
-19841.0 -20506.0 
-19864.0 -20497.0 
-19565.0 -20643.0 
-19953.0 -20454.0 
-20057.0 -20348.0 
-20074.0 -20336.0 
-19888.0 -20490.0 
-19905.0 -20483.0 
-20074.0 -20336.0 
-19832.0 -20534.0 
-20160.0 -20187.0 
-20173.0 -20173.0 
-19953.0 -20454.0 
-19756.0 -20578.0 
-19763.0 -20577.0 
-20057.0 -20348.0 
-20125.0 -20275.0 
-20164.0 -20176.0 
-19857.0 -20502.0 
-19941.0 -20471.0 
-19615.0 -20636.0 
-19763.0 -20577.0 
-20143.0 -20265.0 
-19580.0 -20637.0 
-20160.0 -20187.0 
-19864.0 -20497.0 
-20045.0 -20353.0 
-19857.0 -20502.0 
-20094.0 -20279.0 
-19994.0 -20401.0 
-20045.0 -20353.0 
-20030.0 -20390.0 
-20038.0 -20358.0 
-19905.0 -20483.0 
-19995.0 -20398.0 
-19980.0 -20437.0 
-19995.0 -20398.0 
-20001.0 -20392.0 
-20164.0 -20176.0 
-20040.0 -20356.0 
-19990.0 -20403.0 
-19906.0 -20476.0 
-19956.0 -20440.0 
-19841.0 -20506.0 
-20040.0 -20356.0 
-19990.0 -20403.0 
-20147.0 -20205.0 
-20158.0 -20204.0 
-20087.0 -20308.0 
-20074.0 -20336.0 
-20173.0 -20173.0 
-20057.0 -20348.0 
-19941.0 -20471.0 
-20038.0 -20358.0 
-19980.0 -20437.0 
-19995.0 -20398.0 
-19906.0 -20476.0 
-20040.0 -20356.0 
-19990.0 -20403.0 
-20147.0 -20205.0 
-19995.0 -20398.0 
-19941.0 -20471.0 
-20057.0 -20348.0 
-20173.0 -20173.0 
