-19709.0 -20628.0 
-20240.0 -20034.0 
-20240.0 -20034.0 
-19709.0 -20628.0 
-19735.0 -20595.0 
-20225.0 -20065.0 
-19889.0 -20524.0 
-20020.0 -20397.0 
-19980.0 -20416.0 
-19970.0 -20442.0 
-19856.0 -20535.0 
-20083.0 -20310.0 
-19759.0 -20593.0 
-19813.0 -20560.0 
-19785.0 -20561.0 
-20026.0 -20364.0 
-20172.0 -20156.0 
-20188.0 -20093.0 
-20033.0 -20360.0 
-19765.0 -20575.0 
-20044.0 -20346.0 
-20001.0 -20409.0 
-20065.0 -20325.0 
-20158.0 -20164.0 
-20065.0 -20325.0 
-20186.0 -20124.0 
-20208.0 -20068.0 
-20090.0 -20285.0 
-20142.0 -20198.0 
-19782.0 -20571.0 
-20174.0 -20142.0 
-20001.0 -20409.0 
-20184.0 -20141.0 
-19856.0 -20535.0 
-19924.0 -20481.0 
-19827.0 -20548.0 
-19841.0 -20547.0 
-19904.0 -20492.0 
-19949.0 -20446.0 
-19891.0 -20516.0 
-20104.0 -20257.0 
-20048.0 -20340.0 
-19944.0 -20449.0 
-20083.0 -20310.0 
-19891.0 -20516.0 
-19904.0 -20492.0 
-19909.0 -20482.0 
-20201.0 -20081.0 
-20135.0 -20223.0 
-20135.0 -20223.0 
-20154.0 -20183.0 
-20194.0 -20085.0 
-20048.0 -20340.0 
-20186.0 -20124.0 
-20107.0 -20248.0 
-19930.0 -20470.0 
-20020.0 -20397.0 
-20098.0 -20263.0 
-20122.0 -20239.0 
-20122.0 -20239.0 
-19980.0 -20416.0 
-20140.0 -20215.0 
-19841.0 -20547.0 
-19941.0 -20462.0 
-20090.0 -20285.0 
-20094.0 -20276.0 
-19813.0 -20560.0 
-19827.0 -20548.0 
-20153.0 -20187.0 
-19907.0 -20484.0 
-19970.0 -20442.0 
-20192.0 -20091.0 
-20096.0 -20275.0 
-20139.0 -20217.0 
-20142.0 -20198.0 
-19937.0 -20467.0 
-20120.0 -20243.0 
-20158.0 -20164.0 
-20153.0 -20187.0 
-20116.0 -20245.0 
-20201.0 -20081.0 
-20208.0 -20068.0 
-20026.0 -20364.0 
-19765.0 -20575.0 
-19930.0 -20470.0 
-19949.0 -20446.0 
-19759.0 -20593.0 
-20154.0 -20183.0 
-19941.0 -20462.0 
-20098.0 -20263.0 
-19924.0 -20481.0 
-19937.0 -20467.0 
-20116.0 -20245.0 
-19782.0 -20571.0 
-20107.0 -20248.0 
-19785.0 -20561.0 
-20140.0 -20215.0 
-20184.0 -20141.0 
-20096.0 -20275.0 
-20098.0 -20263.0 
