-19650.0 -20596.0 
-20164.0 -19990.0 
-19650.0 -20596.0 
-20164.0 -19990.0 
-20131.0 -20096.0 
-19666.0 -20564.0 
-20088.0 -20185.0 
-20009.0 -20328.0 
-20056.0 -20247.0 
-20104.0 -20132.0 
-20058.0 -20208.0 
-20139.0 -20040.0 
-19953.0 -20374.0 
-20137.0 -20054.0 
-20139.0 -20040.0 
-19927.0 -20412.0 
-19988.0 -20341.0 
-19853.0 -20457.0 
-19840.0 -20475.0 
-20015.0 -20293.0 
-20029.0 -20258.0 
-19888.0 -20440.0 
-20072.0 -20191.0 
-19756.0 -20516.0 
-19988.0 -20341.0 
-19820.0 -20479.0 
-20107.0 -20126.0 
-20107.0 -20126.0 
-19851.0 -20460.0 
-19965.0 -20351.0 
-19684.0 -20553.0 
-19872.0 -20445.0 
-19907.0 -20415.0 
-20039.0 -20249.0 
-19929.0 -20395.0 
-19906.0 -20422.0 
-19872.0 -20445.0 
-19939.0 -20385.0 
-20018.0 -20275.0 
-19888.0 -20440.0 
-19684.0 -20553.0 
-19701.0 -20548.0 
-20015.0 -20293.0 
-20088.0 -20185.0 
-20104.0 -20132.0 
-19796.0 -20497.0 
-19735.0 -20527.0 
-19939.0 -20385.0 
-19750.0 -20521.0 
-19806.0 -20490.0 
-20072.0 -20191.0 
-19771.0 -20510.0 
-20137.0 -20054.0 
-19958.0 -20359.0 
-19772.0 -20506.0 
-19786.0 -20501.0 
-19820.0 -20479.0 
-20025.0 -20270.0 
-20009.0 -20328.0 
-20058.0 -20208.0 
-19906.0 -20422.0 
-19840.0 -20475.0 
-19786.0 -20501.0 
-19705.0 -20542.0 
-19806.0 -20490.0 
-20039.0 -20249.0 
-19750.0 -20521.0 
-19802.0 -20496.0 
-19929.0 -20395.0 
-19965.0 -20351.0 
-19735.0 -20527.0 
-19958.0 -20359.0 
-19963.0 -20355.0 
-19701.0 -20548.0 
-20025.0 -20270.0 
-19705.0 -20542.0 
-20018.0 -20275.0 
-19771.0 -20510.0 
-19963.0 -20355.0 
-19772.0 -20506.0 
-19802.0 -20496.0 
-19927.0 -20412.0 
-20056.0 -20247.0 
-19907.0 -20415.0 
-19684.0 -20553.0 
-19820.0 -20479.0 
-20009.0 -20328.0 
-19965.0 -20351.0 
-19929.0 -20395.0 
-20018.0 -20275.0 
-19963.0 -20355.0 
-19772.0 -20506.0 
-19907.0 -20415.0 
-19820.0 -20479.0 
-19927.0 -20412.0 
-19705.0 -20542.0 
-19733.0 -20540.0 
-19906.0 -20422.0 
-20093.0 -19972.0 
-19651.0 -20543.0 
