1.2786748722636492 11.891165240085808 
4.3922075592363035 8.246396374656447 
8.797821688860292 7.383289906023809 
3.308822560083653 9.424708868721446 
11.845160659657248 1.2017858639469388 
1.1431807980759425 14.145961479186166 
11.332899671250123 4.049472280986055 
2.1888324568363133 12.142333635950665 
13.431067668770211 1.5925037525372658 
8.735366584723597 8.686346974962557 
11.119543414908165 4.956200433758728 
4.35436883213774 11.939200859068775 
10.678318330616081 4.323358900992598 
5.098963007480894 11.948965247955933 
9.581626614281427 4.3519610362335746 
1.8857022307390385 13.359638161955473 
7.526151304271807 7.971761239285369 
7.498806621763767 8.0647197459522 
10.52379375018728 10.1041846984341 
8.872374713338552 7.008001872408735 
2.949315986880289 12.61599269844814 
5.823240699289747 13.10908133448693 
0.0951360361162513 11.887418928488575 
11.600422655129327 1.477877461116962 
6.1945734365447676 12.267909571569907 
12.224573046701552 3.17369870154252 
12.332543450425629 5.8276102436785315 
11.182597624263519 0.9941175735707182 
4.250725087892236 10.143722659161375 
13.536152719912897 1.812795229072964 
6.313890539997731 10.856125282293386 
11.842227539943963 0.1859219610743703 
3.6023676209268687 12.512775149022529 
11.45938384883198 4.491255749000398 
6.554637739931762 8.78552997298799 
0.26269554328504807 12.707041567694894 
0.22801474118822718 12.388470090722777 
12.729565299597361 0.8010888196414884 
2.0434269109236682 10.87050856671864 
5.871978265394156 9.955517456842456 
8.447093905576875 4.294389456991183 
10.03981982402284 9.144472699444993 
3.7653180120276946 10.760962745979342 
1.576724251945224 10.891157255697818 
9.596959411053803 10.292796721699748 
10.202253046193688 8.073161714022755 
3.2598335875906947 11.53051103693524 
1.818319103043472 10.561259291027937 
12.571437993026494 0.8785690879621085 
11.553585498962612 0.9200387481248465 
4.534904882554949 13.949574431422528 
6.917101090197036 11.03103916001166 
10.68120245250477 3.610597322550692 
0.36362910663774856 11.5665049407476 
9.316179579306967 7.641485764947767 
12.335614538546842 1.1449854701367541 
4.917707915763079 11.124932341174928 
7.2117039037444215 11.744053755570663 
10.60095424273016 8.357641959384502 
9.341594998158051 8.149404900309827 
8.822543721917473 7.488779089971849 
11.779454396639562 6.60398734639204 
9.798823469896524 8.70519549716181 
8.048985505617189 12.40989732104642 
13.911346804906504 3.3203361044071227 
9.784659813315242 6.786714183385162 
10.864970278440333 2.5092079369629725 
1.5685268635837806 12.764197662644193 
8.723515161051706 9.560823500143933 
7.204679737090247 8.454294652474749 
9.135315559327728 9.69603591097851 
11.635739191882308 6.126235156897068 
10.608098154110069 8.087548294485513 
9.940986903093334 7.688056216703075 
11.82370707171531 4.652331657409551 
12.776740975835656 3.396568737104925 
2.812977727021382 12.97737259847722 
11.058530231297498 6.884080836067742 
6.71047054752894 7.91187069182435 
4.860775793051419 10.529604357453408 
1.8315077116197462 13.387713119747076 
12.776740536003434 2.4971116516779626 
3.0361545186725847 10.611266155577596 
10.661373894564628 4.095530104229841 
4.903869693268076 11.492495822643676 
6.006317578621498 10.912441307852667 
0.0020456236641370404 11.268757225395815 
6.966522045535584 9.802999311056892 
1.5396515441487357 13.359149854362695 
13.095394206157502 3.113600986472891 
11.142644086190845 1.8088606152867057 
8.163782684369583 9.43740284963288 
12.214502549565953 2.0975491583190844 
1.4841712575286248 14.461926454624448 
1.6916296777318829 12.785367579650861 
8.470133529574051 7.055430237348558 
11.683144672627327 5.885968682853949 
4.125541433093524 11.723216472338576 
11.400637791460907 6.557476305713628 
2.70605293772823 10.776305508560762 
