2.520400148849528954e-02
1.383135114199977520e-02
1.714199549555480567e-02
2.184219696541261132e-03
4.418809366171392444e-02
1.694350085587770227e-02
3.812550350905270780e-02
1.035053288301850290e-02
1.150412484673444570e-03
6.116125421000406792e-02
1.258481445562947831e-02
9.245385592184993812e-03
7.597446496521701245e-03
6.587269298091806558e-02
4.739975581007675742e-02
6.177790257714845835e-03
1.859427054150159311e-02
6.511159382356860453e-03
6.896931724450815551e-04
7.326804193321599656e-02
9.656104414261696550e-03
4.021609540158498086e-02
2.526200543089922659e-02
7.408339878960242160e-03
7.929052043698144731e-03
1.165146121181904158e-02
2.011054292075756603e-02
1.024328387251829779e-02
2.837911961794505056e-02
6.066318629866978901e-04
2.294178628991069141e-02
