-19021.0 -18752.0 
-19021.0 -18752.0 
-18135.0 -19491.0 
-18135.0 -19491.0 
-18369.0 -19416.0 
-18255.0 -19457.0 
-18466.0 -19374.0 
-18751.0 -19189.0 
-18858.0 -19057.0 
-18304.0 -19451.0 
-18868.0 -19002.0 
-18193.0 -19475.0 
-18193.0 -19475.0 
-18955.0 -18890.0 
-18416.0 -19379.0 
-18304.0 -19451.0 
-18699.0 -19199.0 
-18829.0 -19063.0 
-18405.0 -19401.0 
-18541.0 -19312.0 
-18765.0 -19157.0 
-18823.0 -19093.0 
-18491.0 -19339.0 
-18677.0 -19219.0 
-18508.0 -19316.0 
-18892.0 -18993.0 
-18632.0 -19227.0 
-18902.0 -18957.0 
-18974.0 -18821.0 
-18768.0 -19119.0 
-18918.0 -18898.0 
-18693.0 -19210.0 
-18916.0 -18930.0 
-18506.0 -19335.0 
-18989.0 -18794.0 
-18965.0 -18859.0 
-18584.0 -19279.0 
-18546.0 -19288.0 
-18765.0 -19157.0 
-18971.0 -18850.0 
-18807.0 -19110.0 
-18974.0 -18821.0 
-18611.0 -19244.0 
-18808.0 -19095.0 
-18896.0 -18980.0 
-18925.0 -18892.0 
-18989.0 -18794.0 
-18491.0 -19339.0 
-18405.0 -19401.0 
-18587.0 -19258.0 
-19001.0 -18781.0 
-18677.0 -19219.0 
-19006.0 -18769.0 
-18787.0 -19117.0 
-19006.0 -18769.0 
-19017.0 -18753.0 
-18631.0 -19232.0 
-18896.0 -18980.0 
-18903.0 -18944.0 
-18787.0 -19117.0 
-18597.0 -19250.0 
-18868.0 -19002.0 
-18965.0 -18859.0 
-19001.0 -18781.0 
-18589.0 -19256.0 
-18567.0 -19281.0 
-18614.0 -19233.0 
-18699.0 -19199.0 
-18909.0 -18940.0 
-18771.0 -19118.0 
-18858.0 -19057.0 
-18416.0 -19379.0 
-18613.0 -19235.0 
-18559.0 -19283.0 
-18597.0 -19250.0 
-18559.0 -19283.0 
-18916.0 -18930.0 
-18971.0 -18850.0 
-18829.0 -19063.0 
-19017.0 -18753.0 
-18919.0 -18893.0 
-18909.0 -18940.0 
-18546.0 -19288.0 
-18632.0 -19227.0 
-18567.0 -19281.0 
-18541.0 -19312.0 
-18807.0 -19110.0 
-18925.0 -18892.0 
-18508.0 -19316.0 
-18903.0 -18944.0 
-18584.0 -19279.0 
-18587.0 -19258.0 
-18771.0 -19118.0 
-18768.0 -19119.0 
-18808.0 -19095.0 
-18631.0 -19232.0 
-18614.0 -19233.0 
-18919.0 -18893.0 
-19006.0 -18769.0 
-19006.0 -18769.0 
