-18255.0 -19453.0 
-19095.0 -18691.0 
-19095.0 -18691.0 
-19072.0 -18824.0 
-19083.0 -18722.0 
-18365.0 -19422.0 
-18290.0 -19440.0 
-18802.0 -19135.0 
-18480.0 -19368.0 
-19023.0 -18838.0 
-18605.0 -19292.0 
-18290.0 -19440.0 
-18443.0 -19381.0 
-18754.0 -19190.0 
-19005.0 -18863.0 
-18832.0 -19114.0 
-18985.0 -18908.0 
-18394.0 -19392.0 
-18784.0 -19146.0 
-19003.0 -18905.0 
-18501.0 -19345.0 
-19083.0 -18722.0 
-18460.0 -19370.0 
-18886.0 -19050.0 
-18614.0 -19270.0 
-18857.0 -19064.0 
-18973.0 -18949.0 
-18653.0 -19257.0 
-18540.0 -19330.0 
-18581.0 -19301.0 
-18980.0 -18934.0 
-18369.0 -19401.0 
-18832.0 -19114.0 
-18632.0 -19258.0 
-18766.0 -19149.0 
-18675.0 -19238.0 
-18584.0 -19293.0 
-18556.0 -19302.0 
-18756.0 -19165.0 
-18546.0 -19310.0 
-18844.0 -19093.0 
-18501.0 -19345.0 
-18895.0 -19023.0 
-18524.0 -19336.0 
-18733.0 -19193.0 
-18873.0 -19062.0 
-18446.0 -19376.0 
-18896.0 -19015.0 
-18394.0 -19392.0 
-19012.0 -18848.0 
-18655.0 -19243.0 
-18378.0 -19395.0 
-18942.0 -18981.0 
-18957.0 -18950.0 
-19072.0 -18824.0 
-19023.0 -18838.0 
-18844.0 -19093.0 
-18524.0 -19336.0 
-18852.0 -19080.0 
-18917.0 -18989.0 
-18660.0 -19239.0 
-18700.0 -19207.0 
-18365.0 -19422.0 
-18953.0 -18955.0 
-18912.0 -18998.0 
-18690.0 -19218.0 
-18628.0 -19266.0 
-18713.0 -19201.0 
-18933.0 -18987.0 
-18886.0 -19050.0 
-18684.0 -19230.0 
-18980.0 -18934.0 
-19002.0 -18906.0 
-18713.0 -19201.0 
-18950.0 -18965.0 
-18906.0 -19007.0 
-18852.0 -19080.0 
-18950.0 -18965.0 
-19005.0 -18863.0 
-18621.0 -19269.0 
-18690.0 -19218.0 
-19012.0 -18848.0 
-18895.0 -19023.0 
-18729.0 -19194.0 
-18700.0 -19207.0 
-18376.0 -19400.0 
-18873.0 -19062.0 
-18443.0 -19381.0 
-18913.0 -18992.0 
-18684.0 -19230.0 
-18906.0 -19007.0 
-18546.0 -19310.0 
-18759.0 -19164.0 
-18942.0 -18981.0 
-18540.0 -19330.0 
-18762.0 -19157.0 
-18729.0 -19194.0 
-18762.0 -19157.0 
-18933.0 -18987.0 
-18556.0 -19302.0 
