4.409156877197045E-12	1.008881163199721
1.0191180846546293	1.9272016272826912E-11
1.0191180846546293	1.9272016272826912E-11
4.409156877197045E-12	1.008881163199721
0.9323797084328456	0.3858892558605115
0.7221633551589179	0.7046017564597139
0.33821164568602985	0.9614779526398299
0.8350063619625006	0.5842695477835483
0.9072920123038748	0.441324519716194
0.9481679722779978	0.3458395256484725
0.5600909955961589	0.8406160872425508
0.9964709632271821	0.1588249404788935
0.2988476686289505	0.9637508268472152
0.993485773107368	0.1771102198083813
0.7051926967843393	0.7258366020069873
0.49385370867836287	0.8801476629260957
0.9431522769229951	0.3589563226616522
1.0070152166523592	0.07417884227757093
1.0010153080745752	0.12634241704715227
0.8121854252316763	0.5992624576773988
0.6482395151885042	0.7733634583619141
0.58363607054105	0.8356334723877509
0.9589690796380572	0.31405156369853016
0.9173490798488989	0.42021706626983374
0.9693485050560949	0.2881334982606777
0.589797023637592	0.8186462698215121
0.6118718704473665	0.8149893001617031
0.09389331932495291	1.0047944534930255
0.9796880413831177	0.24115335503147917
0.7839044918035188	0.6370124327371431
0.6828328563244053	0.7429878769533633
0.8736529017534411	0.509122680752031
0.1713189507910272	0.9942538354716719
0.9875996832713605	0.20651868952079036
0.7693891150800121	0.6554138242786565
1.0093247515454684	4.7818251180953313E-4
0.37172040243675686	0.9380696860531277
0.03956423065590192	1.0080939720349615
0.9041231779899783	0.47065683987593726
0.5166877749630443	0.8666247772068605
1.0028679253333335	0.11125049590195529
0.8691263200131664	0.5325344061565354
0.4834829930417578	0.8971028665867277
0.9857155747105286	0.21539832657945204
0.24986872804731086	0.9776331570587438
0.9724393309835506	0.269031911797501
1.0052823545398946	0.08665365219005837
0.4341295038294375	0.9108477953053753
0.4078941479437065	0.9230648074076442
0.6178118051586097	0.7979063614206306
0.021052888130051472	1.0087946128183225
1.0083262319164081	0.035240446122693024
0.8451962235361242	0.5696278078193248
0.6938628993303319	0.7325806370656883
0.6662853827698692	0.7578826680199967
0.2665409136792881	0.9747813381442668
0.879653680886594	0.49646687135908385
0.8859409327948091	0.48264608329935077
0.4325964393945491	0.9228229393348161
0.11021414001043638	1.0031441782834916
0.20425060212936663	0.9914138092541063
0.637740269080464	0.7820757900547566
0.12810392650420432	1.000843138395828
0.8050851579701394	0.6085393525928471
0.8510872966658121	0.5608328132762921
0.23431784856208093	0.984593611295473
0.2208074794811381	0.9854580327913856
0.9611025638500628	0.3076786222855975
1.0083262319164081	0.035240446122693024
0.3975817177002938	0.9284186345135786
0.5483896018206534	0.8591059777032914
0.6276027679088003	0.7904252192941583
0.1895890400116569	0.9922980400838342
0.7389549956718733	0.6869477601523936
0.3824812972728244	0.9337105644038761
0.45269237156666037	0.901773052683113
0.797386245140666	0.6216351099339683
0.9768731085334463	0.2538792977269258
0.7389549956718733	0.6869477601523936
0.3492214286942949	0.9466644250565508
0.5217215097259625	0.8638122894363265
0.1490045429323328	0.9982009534111188
0.6693654851088616	0.755126356764209
0.5450577034741853	0.8613250942140392
0.9171213154741684	0.4212618729428492
0.855221580550787	0.5425696715936165
0.8946865557394644	0.47299813734145313
0.0654838346140784	1.0070143231752917
0.7904647588186431	0.629278731975408
0.0654838346140784	1.0070143231752917
0.4526550028226616	0.9018370625475468
0.4884714684377644	0.8945614856219575
0.2810032831713485	0.9694073749188672
0.7625283060756053	0.6617768353615722
0.34676138452868027	0.9475268631152396
0.7561266332354853	0.668182075471415
0.8632741033823966	0.5418727229234279
0.7561266332354853	0.668182075471415
0.1433749340370131	0.9988965091893454
0.2859420432922203	0.9679379598866041
