1.902015437908446E-17 1.0914140901252078 
0.999630370154899 0.039695163181371396 
0.999630370154899 0.039695163181371396 
0.006388495654470777 0.9958740224953445 
0.1614897605444579 0.6623695055239956 
0.0017528104471744854 1.0368356050620857 
0.13238763991921967 0.7015021367592609 
0.7702917890872191 0.16781584924623824 
0.4003470091890573 0.4219438913843073 
0.2723457517697029 0.5371606777003527 
0.8521141971103068 0.1303166192365932 
0.5969425874899462 0.2762189127708183 
0.7581001339265439 0.17478257182613188 
0.35101284230445234 0.46350085879479064 
0.5610479876840205 0.3003937027898466 
0.7343154529480628 0.18936510059617434 
0.92610351671793 0.07883760724553274 
0.3715212662230825 0.44636998748159956 
0.8681064065858037 0.11075501757081094 
0.4951081063750872 0.34830181527038706 
0.11678850479092234 0.7240273040949186 
0.911697182227708 0.086933047281249 
0.09816092440040097 0.7533179760714156 
0.2591542133309472 0.5501187108101981 
0.8307408289475811 0.13176976573473784 
0.044200944771731074 0.8622799909908905 
0.6604492199789622 0.2344025346464967 
0.30975728583486634 0.5002128659512599 
0.24731855336922548 0.5629654295947611 
0.28877880807339096 0.5200887493957115 
0.9476370814150348 0.06812255247655834 
0.0641399003820941 0.8159376426298344 
0.8145457883429016 0.14149407015966692 
0.1427872433859621 0.6864913823432457 
0.17147505576929312 0.6484134227797497 
0.43575915233181206 0.3930051206258697 
0.506879832703312 0.33864297090283674 
0.02349772607917716 0.9202164176730049 
0.8933783715595647 0.09711702553501321 
0.2210212647463674 0.5898195092912221 
0.34069047232497407 0.4732596179114333 
0.011653370166662846 0.9669531113495786 
0.6944264132571845 0.21373008254902373 
0.053499528801138396 0.8389807420013924 
0.5412441818095792 0.31556058351547905 
0.2963067552135551 0.5145309034493106 
0.9803404729425395 0.050855203730927306 
0.03677822893702043 0.8797351029723232 
0.956415172120045 0.06294645981526682 
0.6172595009871916 0.2626183942758206 
0.6812355563941545 0.22129939339487906 
0.020447089726316425 0.9309617230460131 
0.4217645877890668 0.40435831052172466 
0.7238174741481749 0.1953670755485633 
0.32917141297884517 0.4833499259422846 
0.5822779248351124 0.28568480138280533 
0.1997254231384526 0.6147716908318149 
0.03032212986662225 0.8976232430583843 
0.32058316749608107 0.4911184008391788 
0.9730177377751996 0.053507793595243026 
0.08884845711143191 0.7695224134089186 
0.575137472189192 0.291996410072033 
0.014977824951872803 0.9519531001514532 
0.19262578412833012 0.6230902028543703 
0.6400773616079238 0.2474473058206031 
0.4771876503944498 0.3613233230156414 
0.10809016541323624 0.7373775978926975 
0.6514818869197138 0.24027287423357255 
0.3889468621052691 0.431679611664908 
0.44860980056321026 0.383325131939376 
0.05078623315885533 0.8441030519883678 
0.630737016128591 0.2547208833901262 
0.5372972546372027 0.3175604624942195 
0.234035677958817 0.5771448004072396 
0.8019218152995242 0.14855072190624036 
0.20986703021867986 0.6026163607861836 
0.7956987402094685 0.1524232042025047 
0.06835442630431199 0.8073111882081003 
0.07370154625433309 0.7957535629034479 
0.5219375451554209 0.32795610568475875 
4.509933449154367E-4 1.0568490199449478 
0.23607897721690363 0.5742597626149331 
1.3046362941526767E-4 1.066795679565785 
0.18088264946979993 0.6368619909426575 
0.08464328245720182 0.7762034933422405 
0.5201310243301389 0.32936077879942716 
0.18321603775489365 0.6336760602741028 
0.14175722725846654 0.687597168042152 
0.423791240762053 0.40263371471802906 
0.7105052332176902 0.2038776001279304 
0.21339747217364963 0.5985106177449484 
0.8792424312753835 0.10434548743591505 
0.7105052332176902 0.2038776001279304 
0.11110987530504207 0.732246925976913 
0.6209649588017309 0.26022922047277236 
0.7956987402094685 0.1524232042025047 
0.6852591053191779 0.21968860559814452 
0.3800989192147677 0.43832662340172374 
0.45959768486778435 0.37537555005002726 
0.4539855093721973 0.37883857250533814 
