0.9991454433566196 0.04141872386410002 
1.97201996154676E-17 1.0779023907426915 
0.03994468213928637 0.8767069307425209 
0.3939336149646109 0.4325823726252788 
0.05912193381951794 0.834109556052152 
0.028889685691293326 0.9045862426052103 
0.4403401421716214 0.3949046563703782 
0.6838328548618233 0.22344044291073284 
0.0029869936310176204 1.0316919153439434 
0.3647455815623649 0.45620665715549363 
0.7201695861620072 0.19717087160932179 
0.7452872045170913 0.1858173705018915 
0.09142698824964296 0.7695190352937997 
0.4130227791248578 0.4165623945074292 
0.005440777327991364 1.0061459765539822 
0.26913286045974466 0.5441521036319091 
0.2517128600611855 0.5569263715501411 
0.17666916159594043 0.647530667824186 
0.19369442681059246 0.6296441193403943 
0.02184804352049735 0.9345573819481193 
0.0663047659638678 0.8153156586438707 
0.6091060009615235 0.2705706658524595 
0.4244186452442892 0.40816838110084724 
0.5061120903490839 0.341004174996039 
0.8639875043825117 0.11944926336554436 
0.11563782805712569 0.7286829083612504 
0.6582161126474526 0.23723073586751445 
0.12593814585515328 0.7136121641645823 
0.2052942578423108 0.6225156514809385 
0.07852633528411546 0.791305989307457 
0.7788205956638464 0.16301347363710242 
0.10671009958869038 0.7427034548699829 
0.5777621720592423 0.2915944017993788 
4.1442077897184404E-4 1.063654176657391 
0.6410215741763127 0.24759217109412607 
0.2236876064750781 0.5885569888370947 
0.09936952377029157 0.7568102525227798 
0.015397800495833835 0.9592122428078055 
0.9450709173637621 0.07096497529087896 
0.3072731589680623 0.5075187519603415 
0.9002633541782429 0.09407232651640526 
0.48884726418167396 0.3561393310495798 
0.6702609885661713 0.22968762146573224 
0.9742116394489602 0.05492049640453991 
0.3072731589680623 0.5075187519603415 
0.7978109606647756 0.1519001749054267 
0.7602438774410578 0.182286332130354 
0.16115805645519776 0.6772136394645423 
0.7682081887853025 0.1707883442033959 
0.7106534853467316 0.20783192974091763 
0.8426836919760999 0.12757757663971744 
0.28143243796703943 0.5327798197131894 
0.28143243796703943 0.5327798197131894 
0.13343796822073944 0.6996389610171015 
0.6215477550873942 0.2666797767112056 
0.9309273101652924 0.0769415939674756 
0.5525529062297159 0.31431573611723485 
0.32299721824019056 0.4952031813168295 
0.07230519023933377 0.7966186187374772 
0.590594336971897 0.28487496064421786 
0.8194681284832512 0.13961775153726527 
0.24096501607149717 0.5698348960078801 
0.8368067547634153 0.12973233204298606 
0.542018468789976 0.32083224168376917 
0.14443308644626657 0.6861847034382945 
0.3332288327140242 0.48365656457593015 
0.1680151082906221 0.6578479261848134 
0.517315168963507 0.33569928196639043 
0.9175879573768634 0.08861896011938156 
0.34808848044507607 0.46729798069071155 
0.8893607350346333 0.10024891462388255 
0.341091447360373 0.4721623950855512 
0.460500282871932 0.38024127659513457 
0.017147161525059296 0.9457643539328633 
0.2138486696420334 0.6030694452595559 
0.872504981970254 0.10930177588401616 
0.795264026222517 0.1534451316195414 
0.009592187701742583 0.9828831610211048 
0.010283074457808766 0.9810337671186646 
0.5631458439988479 0.30282696644526413 
0.460500282871932 0.38024127659513457 
0.3610791998224497 0.4606835949378068 
0.8206196158811396 0.1394022892295432 
0.8801508909758513 0.1053847617017594 
0.1615497277703979 0.6653882912841589 
0.9206970933744946 0.08285495084946168 
0.7106534853467316 0.20783192974091763 
0.9620162231397164 0.06346130707547759 
0.9589988927495533 0.06445894086869457 
0.214792879894573 0.6012003225141516 
0.5285932615178568 0.3241291009209371 
0.23575680975512675 0.579980736132985 
0.5258855331094648 0.32871824450561127 
0.3258593881730142 0.49007645550845097 
0.9938531377240538 0.0440949918151288 
0.47477724403893584 0.3695703567078197 
0.6301983121111208 0.25499139644477203 
0.588358712825849 0.2854733911766968 
0.633338376473696 0.25454808268905327 
0.14136633396155623 0.6919412088164465 
