1.0389746478318832E-18 1.0823661245724345 
0.9998457145266464 0.040514606625948406 
0.5015089695718749 0.34043785606409643 
0.5487602291762297 0.311819507357547 
0.11915001421984339 0.717356181707072 
0.36009577748742183 0.45454858682431265 
0.006626665329321976 0.9928554966111013 
0.16196701345903802 0.6598213298922997 
0.33589349494858994 0.48016982242001155 
0.019189792103076364 0.934641117295571 
0.22229930115883068 0.5878612687907457 
0.027912793787943813 0.9076560143335459 
0.31383852577820076 0.4961804855036248 
0.07653701828202795 0.7937550665922838 
0.981733164823816 0.04993767649624472 
0.5676619916760914 0.2972090423111116 
0.7844511188177121 0.15434524725234686 
0.13214668701089952 0.7004283777093725 
0.050121128275743276 0.8444479347846284 
0.3404697473284214 0.46706094227236905 
0.17746215967692378 0.641660722632171 
0.7498673274139335 0.17837252217124477 
0.8003738189174183 0.1503860298103703 
0.3982489303374198 0.42161178820621736 
0.01426731045961549 0.9494003490829994 
0.5255223395225715 0.32590879030237657 
0.48455958865832316 0.3514142708339937 
0.0021622371716458477 1.0303999008389157 
0.039310692566314476 0.8734152497963995 
0.4767706894675027 0.3627410098443855 
0.03197073905279155 0.8928025354844001 
0.8759402992409087 0.10404349414343057 
0.37443488494402066 0.4425421505176652 
0.4624142488497981 0.37459405237634497 
0.6554716830387366 0.23812675395079938 
0.6279099272995752 0.2510120727980706 
0.8927179133406244 0.09382627607150307 
0.08801820309049238 0.7696455428442408 
0.6832185771189208 0.22015337113078973 
0.6343884612704959 0.24951914590232652 
0.41887820447866886 0.4052901844617346 
0.4488751448306224 0.37818120067459954 
0.29384003420540744 0.5138962590674094 
0.7182418978245599 0.20016841967184534 
0.06093332943565044 0.8247006303345115 
0.6083814904538445 0.26661051440448463 
0.28421261819689925 0.5216956576086308 
0.9060806883738316 0.0916895943603081 
0.7369960403126492 0.18588427782158085 
0.04538232089412725 0.8602195833474963 
0.18172379792383314 0.6314209262473839 
0.30406530299381396 0.5012536134804706 
0.5294388504938317 0.3214062791064922 
0.41139998740932615 0.4080780692700195 
0.9599405457731809 0.06302273727734546 
0.06924318686877594 0.8039831998634226 
0.23649425887511089 0.5718671332851948 
0.25002832123389296 0.5620079607464102 
1.7314159559252314E-4 1.0593196051128493 
0.010006662261618615 0.9734156785673749 
0.09651882232064206 0.7543418022414344 
0.696762870717568 0.2073625694184382 
0.5792091275402551 0.29043234185821326 
0.4341273117238662 0.39037218055525347 
0.8447039247683072 0.1260575107385103 
0.2593081871055338 0.5437426715405322 
0.9199024707976232 0.08147859273862329 
0.15001915562622672 0.6703122752973208 
0.14015567731818243 0.6868257127545129 
0.10176417999121962 0.7421033519120662 
0.8507256518021639 0.11770323708132151 
0.19279790816390113 0.6176814991757871 
0.766158897823406 0.16756425254897003 
0.766158897823406 0.16756425254897003 
0.20363680450030774 0.6086924210314147 
0.06188601987057675 0.8156803488048658 
0.588529123497902 0.2841598432715236 
0.9912157819413938 0.04200619921549892 
0.2582383472706054 0.5521056919733194 
0.38671810048712074 0.4308898566926683 
0.43594390664205807 0.3883630485829877 
0.8182025092968424 0.14085610567258094 
0.2120143774822721 0.6021587971206376 
0.8325589392776307 0.13260356635019627 
0.66138992269684 0.23320134421508892 
0.0012358132360389962 1.0474069398632202 
0.2716192878822177 0.5327848948087154 
0.3827310800225797 0.4332242774002402 
0.5965245117314624 0.27933498570133347 
0.27212514042492664 0.5320368364212721 
0.09034199235587395 0.7655432298162427 
0.2382310115895407 0.5676068839217825 
0.8657836243600576 0.11130320761202557 
0.8269156592233907 0.13297111179465637 
0.007621168241622234 0.9783299665220172 
0.7272406341207227 0.1952431456144875 
0.8638169388926444 0.11531533936109617 
0.10657271432798623 0.7341528804793528 
0.6738691220810122 0.22533044328658297 
0.696762870717568 0.2073625694184382 
