-18682.0 -19186.0 
-19499.0 -18056.0 
-19499.0 -18056.0 
-18682.0 -19186.0 
-19478.0 -18212.0 
-19482.0 -18088.0 
-19469.0 -18315.0 
-18700.0 -19155.0 
-19174.0 -18785.0 
-18859.0 -19104.0 
-19208.0 -18738.0 
-18762.0 -19145.0 
-19430.0 -18318.0 
-18813.0 -19111.0 
-19251.0 -18631.0 
-19420.0 -18393.0 
-19472.0 -18256.0 
-19099.0 -18869.0 
-19421.0 -18351.0 
-19002.0 -18983.0 
-19247.0 -18669.0 
-19138.0 -18798.0 
-19406.0 -18401.0 
-19354.0 -18490.0 
-19326.0 -18556.0 
-19027.0 -18925.0 
-18909.0 -19065.0 
-19078.0 -18871.0 
-19180.0 -18739.0 
-19077.0 -18890.0 
-18949.0 -19015.0 
-19376.0 -18436.0 
-19405.0 -18431.0 
-18788.0 -19142.0 
-19472.0 -18256.0 
-18885.0 -19076.0 
-18928.0 -19033.0 
-18946.0 -19028.0 
-19231.0 -18683.0 
-18762.0 -19145.0 
-19395.0 -18435.0 
-18863.0 -19090.0 
-19220.0 -18705.0 
-19291.0 -18600.0 
-19177.0 -18756.0 
-19014.0 -18946.0 
-18982.0 -18992.0 
-19358.0 -18465.0 
-18805.0 -19129.0 
-18885.0 -19076.0 
-19341.0 -18499.0 
-19134.0 -18807.0 
-19111.0 -18834.0 
-19044.0 -18920.0 
-19272.0 -18629.0 
-19310.0 -18559.0 
-19022.0 -18943.0 
-19482.0 -18088.0 
-18966.0 -19006.0 
-19228.0 -18689.0 
-19124.0 -18820.0 
-18925.0 -19046.0 
-18700.0 -19155.0 
-19010.0 -18969.0 
-19333.0 -18536.0 
-18909.0 -19065.0 
-19273.0 -18621.0 
-19220.0 -18705.0 
-19063.0 -18900.0 
-19122.0 -18826.0 
-18966.0 -19006.0 
-18982.0 -18992.0 
-19063.0 -18900.0 
-19370.0 -18450.0 
-19333.0 -18536.0 
-19294.0 -18581.0 
-19048.0 -18913.0 
-19423.0 -18334.0 
-18788.0 -19142.0 
-19108.0 -18848.0 
-19295.0 -18576.0 
-19340.0 -18512.0 
-19291.0 -18600.0 
-19108.0 -18848.0 
-18805.0 -19129.0 
-19310.0 -18559.0 
-19370.0 -18450.0 
-18925.0 -19046.0 
-19340.0 -18512.0 
-19273.0 -18621.0 
-19178.0 -18747.0 
-19358.0 -18465.0 
-19247.0 -18669.0 
-19010.0 -18969.0 
-18863.0 -19090.0 
-19423.0 -18334.0 
-19048.0 -18913.0 
-19138.0 -18798.0 
-19295.0 -18576.0 
-18813.0 -19111.0 
