-19491.0 -18333.0 
-18234.0 -19740.0 
-19491.0 -18333.0 
-18234.0 -19740.0 
-19276.0 -18919.0 
-19288.0 -18865.0 
-18563.0 -19598.0 
-19128.0 -19075.0 
-19164.0 -19068.0 
-18986.0 -19232.0 
-19443.0 -18569.0 
-19228.0 -18934.0 
-18378.0 -19665.0 
-18354.0 -19696.0 
-19036.0 -19229.0 
-19169.0 -19025.0 
-19385.0 -18680.0 
-19298.0 -18821.0 
-18303.0 -19706.0 
-18430.0 -19653.0 
-18430.0 -19653.0 
-18519.0 -19607.0 
-18579.0 -19559.0 
-19412.0 -18618.0 
-19194.0 -18960.0 
-18490.0 -19635.0 
-19317.0 -18817.0 
-18592.0 -19556.0 
-18961.0 -19268.0 
-18272.0 -19729.0 
-18893.0 -19336.0 
-19117.0 -19116.0 
-18764.0 -19450.0 
-19412.0 -18618.0 
-18919.0 -19312.0 
-18497.0 -19633.0 
-18811.0 -19412.0 
-18737.0 -19457.0 
-18844.0 -19369.0 
-18640.0 -19529.0 
-18934.0 -19276.0 
-19478.0 -18376.0 
-19385.0 -18680.0 
-19192.0 -18997.0 
-18684.0 -19498.0 
-19423.0 -18586.0 
-18672.0 -19514.0 
-18614.0 -19532.0 
-18901.0 -19321.0 
-18770.0 -19430.0 
-18709.0 -19473.0 
-18926.0 -19287.0 
-19348.0 -18751.0 
-19329.0 -18789.0 
-19478.0 -18376.0 
-18659.0 -19524.0 
-18867.0 -19348.0 
-19329.0 -18789.0 
-19348.0 -18751.0 
-19452.0 -18525.0 
-19467.0 -18441.0 
-19471.0 -18419.0 
-18721.0 -19461.0 
-19046.0 -19167.0 
-19456.0 -18496.0 
-19458.0 -18485.0 
-18272.0 -19729.0 
-18844.0 -19369.0 
-18822.0 -19402.0 
-18303.0 -19706.0 
-19081.0 -19132.0 
-19071.0 -19153.0 
-19210.0 -18946.0 
-19050.0 -19162.0 
-19364.0 -18707.0 
-19452.0 -18525.0 
-18378.0 -19665.0 
-18867.0 -19348.0 
-19040.0 -19198.0 
-18354.0 -19696.0 
-19040.0 -19198.0 
-19096.0 -19117.0 
-18822.0 -19402.0 
-18789.0 -19425.0 
-18519.0 -19607.0 
-18972.0 -19253.0 
-19077.0 -19150.0 
-19212.0 -18938.0 
-19467.0 -18441.0 
-19094.0 -19125.0 
-19361.0 -18723.0 
-18972.0 -19253.0 
-19361.0 -18723.0 
-19364.0 -18707.0 
-19184.0 -19004.0 
-19471.0 -18419.0 
-18789.0 -19425.0 
-19423.0 -18586.0 
-18697.0 -19487.0 
-18614.0 -19532.0 
