8.587363753362115E-16	14.024229286911087	0.0
8.23516972698495E-16	2.487582103598429E-16	14.049240904685362
8.589262677676671E-16	5.8581356208893286E-30	14.02733046566055
2.4320371897884973E-31	8.585369313405104E-16	14.020972119279733
14.063760881890255	1.1817213138407966E-13	0.0
0.6484582114310224	7.466238524626815	11.853796856513371
1.5378366369249492	4.8893265344776795	13.040536819291058
10.855471962258914	6.728293136079582	5.8709308330021726
11.607554299071628	4.6865876446127	6.303983468196675
3.936360091027259	12.436968591826716	5.12382666645253
13.664939734236556	2.10673813729086	2.4860349638102552
1.7310016136978912	13.664210420080346	2.7586336042203747
8.427055745482877	3.119157687727752	10.764058782070093
4.4017656968671535	10.264003597444402	8.46029143502039
8.960296755153777	10.536394892069394	2.9626295984729816
6.7836592170992605	8.636049455182315	8.730108490789135
7.234059195651751	6.697871259413066	9.954268137120065
4.696742778487204	13.168999889271275	0.9396934189443253
2.617292183086427	7.620468485342078	11.680180032237944
5.146404176574852	12.972198641157744	1.3736132938082923
4.6103951335728155	0.13313550965754445	13.282406956920962
5.761428207515295	0.9630520582191636	12.72591411359317
1.3847864722727412	1.5063916790906717	13.86648652355268
8.14872762355377	8.11974463724489	8.162042550315773
7.403269113860969	4.550298581704461	11.022338615191904
11.123081873461315	2.337645593700742	8.260149011765165
10.984157057788051	3.4895035809365735	7.972496970234253
10.445733138638877	6.21703078239618	6.949483091174199
9.809292386756635	9.944136816999997	1.191349548866714
13.56909711812684	1.7116000527375363	3.043087825464949
12.26980618709407	1.1632708112661525	6.712723068164977
2.44754727149304	6.169369583125585	12.355544985628274
12.611356867974724	5.1513335087080865	3.4077093621788355
6.288597162949456	11.693402589812285	4.489915570216679
0.7031509379574737	6.979035673574585	12.140849462275343
11.860498266504004	5.770955826335685	4.799374095861162
10.333349911793373	3.282751815234412	8.882304390152521
3.5870072701875557	7.1463140175187725	11.506929132345016
12.397241145812188	3.9344923705213635	5.228797723163376
6.59204829243836	2.2814766051028323	12.180770134303977
0.9606293439033836	12.139439784101691	7.706930716528002
9.333048783379954	10.219164048381781	2.2485103242329547
7.546654840815323	8.324739589589324	8.53318574381714
8.203024131699832	8.562876710463467	7.461994937279873
9.648340512275187	9.036852056174059	4.638191253029869
6.106858275721004	5.719820387298837	11.229628955109504
0.8802019792800732	9.361351205626699	10.394244482221282
8.055035987539389	11.172231302008141	2.663593480624039
9.154451420409423	10.76470097156329	0.6691607098480379
12.499326505795002	2.642539384373234	5.787606860363109
0.07569280068580889	0.0010205702555952838	14.017375073230886
2.7956120114275373	8.803280634060652	10.559306339298523
3.8845936138976227	12.273411895975045	5.544727898003252
3.2130945442497865	1.951216892002297	13.510665361502806
9.26053416557951	2.7886524409761946	10.12946170609366
1.9817022066464414	9.0582788830885	10.526885608117766
5.00313914950766	12.611080018196548	3.5776758940106186
1.1296808933184534	12.014673724421566	7.131892242716495
4.850800505815966	11.565562554154248	6.314818038560171
8.613721347948248	8.251703389560529	7.368415598024216
7.89112868918435	0.460409430960551	11.583717591237898
9.984548385533252	2.920010970271945	9.41268999114207
13.215239216568856	4.158218278611898	2.1468355354752124
12.905571672607397	6.381389670697271	0.28974866206791344
5.405823582775593	12.265233976865398	4.130395201420061
10.110898752111918	9.68966545565259	0.7736954825337355
2.9494845860066077	9.377454602870673	9.98405960646932
6.000539627424384	12.664275711870564	0.663621147263986
3.5555068564164083	0.5894831609303012	13.569169426090111
13.393729512147766	3.7464312913041797	1.6370908802963484
3.3943338071396543	10.056712551244269	9.159489569500682
12.809908868842125	5.643729697194587	0.6086074818122093
2.3251080015436307	5.363620825699057	12.735799516823416
4.9634314204069705	11.819085020237695	5.656148168137297
12.00700105483638	5.798955429947496	4.377287478245804
12.043670575775266	5.941736262381215	4.001317149771106
5.18510543087934	9.758249465972638	8.619221615623271
12.15228450975687	1.8410307741636884	6.814781317798675
13.354235700268688	4.242442369641671	0.28682345993359826
12.841002362439983	6.534884014769267	0.05247579052968298
5.46470898217771	5.535316554687888	11.664841507103468
1.0567056212891615	13.678487102539169	2.8919705306779524
13.420660199282336	3.597355033815289	1.9490911112912006
4.510790323505556	9.136795631841132	9.63082737428436
13.294281690683874	4.037529815304121	1.7466552157067028
0.06060297897381554	13.984253766471731	0.980181743075219
10.28051128268271	1.3076332102243569	9.4720880189911
13.364886813854248	1.463037515757189	3.935868325381775
3.412357123181183	1.030764245562178	13.594838436110255
7.861699117111712	11.30641070155456	2.663164348401368
3.078114538945008	9.692967077389898	9.651803328430171
5.7245083900601115	12.52804035829062	2.6195926248215873
10.186065681133199	2.9789453047185557	9.153328034379038
2.5025200980656535	5.2816257310518315	12.736469484659757
3.6637669603651113	11.577487015010725	7.117368398480747
7.400536565637105	11.441045257840548	3.4084703831464
11.374989292080517	3.61006195314441	7.37302834918431
9.114071945350554	8.939045291921941	5.868440245484553
12.996649707810025	5.204450268887577	0.6086909594448968
11.40610815308878	3.606773881894376	7.302805593678755
