0.9538432033967407 98738.83970866566 
0.4054025596513512 23987.742415088407 
0.48639482106585774 85336.05169122685 
0.8667769946978366 131938.03640476975 
0.01773971124136664 141357.27845810482 
0.5387903037828772 121725.32747145351 
0.8994939096241755 55663.118911022924 
0.21183064702593146 92958.87208760623 
0.3745731792976932 102739.72786784537 
0.7246489812208472 165657.61551283838 
0.03830459961223043 123438.80052302484 
0.6107117013374767 81034.28375721116 
0.10756153024127468 154130.4625888087 
0.7628140996060615 249782.34273274682 
0.0505721707841611 203453.48930472988 
0.900355027395003 114892.93386152927 
0.5767465459659893 58412.3194396543 
0.273518125969309 58309.80518814857 
0.6665227807297822 115372.15409526485 
0.6242321359452281 63104.875065492124 
0.19019307955883347 148644.53705750278 
0.3619547149164165 95769.48161269553 
0.20889433037545269 43383.1918534526 
0.966206566992731 136313.68198053818 
0.8847897161401564 113364.85095784238 
0.06852469821207907 125183.39892079541 
0.8167723082979547 88881.9041259838 
0.6124938763082693 17417.00796085421 
0.38961024414732526 68777.93938100924 
0.2655198876339039 48131.414897271556 
0.3954468090636033 116227.45761200775 
0.6274316977426421 118756.00035328166 
0.05407541075403777 62784.24741969537 
0.6989657114240648 187487.2281030149 
0.722508687707393 7854.979035671289 
0.6228376046017821 139666.79160061755 
0.9513572143671333 106238.64821905048 
0.7382420326419994 49804.84231163147 
0.5037625507218698 65345.297239006024 
0.9878080580511224 107971.19809562538 
0.1869360041398921 158314.26867347816 
0.30051509743372584 153259.92819290998 
0.027439830975671597 95712.99984341035 
0.11091029038013989 128575.35378568151 
0.7128233390753033 132686.28995412402 
0.5402044671017339 184612.81417069733 
0.6136619084515332 78340.16872727303 
0.27664046046626156 89623.5784169497 
0.6008808882938027 115933.47831473623 
0.34450833109859946 80299.1975912297 
0.5108199095878306 43408.45981147163 
0.7348144080730097 69259.8263656981 
0.9994032853621077 77748.76574880611 
0.8724760245137279 91384.28968057845 
0.6867237230528631 13027.72585712761 
0.8189272346997576 31111.748739051483 
0.9347856813391672 84065.00288331139 
0.8707931603956014 151615.41724013965 
0.8535257562921087 84349.45593322448 
0.09447686708618419 135518.3160310984 
0.6044915369541092 53785.44237946856 
0.3090203140790322 116476.96410366861 
0.010484508390865677 52080.426222028495 
0.6837959375430765 59387.402167444765 
0.9677904610123441 126750.34172750163 
0.07674193795520667 143488.06284709493 
0.7239763714355731 233853.53184104562 
0.4041954230322725 85153.10206063592 
0.05714628376443864 149574.98930293848 
0.4683383669029886 132582.24208530854 
0.25531138197521186 83785.66638773575 
0.7856368897626034 58009.051814594306 
0.953223958781497 53027.98561115884 
0.775050558031339 89286.56287900094 
0.11596052766248666 86689.42200254445 
0.9841061228729643 42251.25319764923 
0.31901818868017795 85737.20346538145 
0.8148271887234457 35525.16054876817 
0.5819384688922531 115755.32060988406 
0.40464270068207664 194586.78964220523 
0.1524307054726517 219428.99562843223 
0.5619792137976387 151092.97152139107 
0.1801810064209486 143516.1781773903 
0.41752954608656656 154663.92984229882 
0.09323565826442703 76810.04819340304 
0.08435839252767185 25025.63475372903 
0.07261706338950003 165819.84953146902 
0.26986713060297296 98580.636773941 
0.09816868513705812 163651.08167004125 
0.7402401377371838 54823.40851121602 
0.43254012315715695 131007.07605088824 
0.1910745434776413 112551.81675868396 
0.6007749749260018 76598.6097856107 
0.4364842267246647 154386.9889916085 
0.6850461529426056 210660.1796616177 
0.06348764690591668 135595.00648147074 
0.3895020479180975 124030.81659695537 
0.33429728611533915 73900.98848692598 
0.8609634525394207 119045.26334457503 
0.22545582045529078 67146.52538395119 
