-18390.0 -19366.0 
-18390.0 -19366.0 
-19193.0 -18566.0 
-19193.0 -18566.0 
-19187.0 -18609.0 
-18488.0 -19333.0 
-18423.0 -19352.0 
-18526.0 -19318.0 
-18661.0 -19247.0 
-19147.0 -18644.0 
-18488.0 -19333.0 
-19147.0 -18644.0 
-18611.0 -19249.0 
-18423.0 -19352.0 
-19022.0 -18834.0 
-18677.0 -19215.0 
-18690.0 -19214.0 
-19019.0 -18861.0 
-18994.0 -18906.0 
-19187.0 -18609.0 
-18819.0 -19097.0 
-18919.0 -19009.0 
-18788.0 -19131.0 
-18997.0 -18882.0 
-19079.0 -18777.0 
-18970.0 -18929.0 
-18779.0 -19146.0 
-18932.0 -18984.0 
-18548.0 -19290.0 
-18526.0 -19318.0 
-18904.0 -19013.0 
-18754.0 -19155.0 
-18866.0 -19068.0 
-18585.0 -19268.0 
-19104.0 -18724.0 
-19053.0 -18799.0 
-18867.0 -19046.0 
-19128.0 -18666.0 
-19065.0 -18780.0 
-18897.0 -19024.0 
-19112.0 -18696.0 
-19116.0 -18676.0 
-18800.0 -19127.0 
-19050.0 -18815.0 
-18557.0 -19287.0 
-18699.0 -19190.0 
-19097.0 -18739.0 
-19086.0 -18762.0 
-18808.0 -19119.0 
-18730.0 -19170.0 
-18948.0 -18979.0 
-18838.0 -19094.0 
-18970.0 -18929.0 
-18852.0 -19083.0 
-19128.0 -18666.0 
-18705.0 -19186.0 
-19112.0 -18696.0 
-18585.0 -19268.0 
-18557.0 -19287.0 
-18594.0 -19260.0 
-18957.0 -18954.0 
-18598.0 -19253.0 
-18957.0 -18954.0 
-18875.0 -19043.0 
-18983.0 -18913.0 
-18730.0 -19170.0 
-18665.0 -19237.0 
-18897.0 -19024.0 
-19086.0 -18762.0 
-19097.0 -18739.0 
-18955.0 -18969.0 
-18852.0 -19083.0 
-19035.0 -18827.0 
-18875.0 -19043.0 
-18548.0 -19290.0 
-19104.0 -18724.0 
-18747.0 -19165.0 
-19012.0 -18869.0 
-18705.0 -19186.0 
-18925.0 -18994.0 
-18665.0 -19237.0 
-19041.0 -18818.0 
-18744.0 -19168.0 
-19012.0 -18869.0 
-18983.0 -18913.0 
-18808.0 -19119.0 
-18769.0 -19150.0 
-18949.0 -18971.0 
-19058.0 -18789.0 
-18838.0 -19094.0 
-18866.0 -19068.0 
-18997.0 -18882.0 
-18925.0 -18994.0 
-19037.0 -18824.0 
-18769.0 -19150.0 
-18611.0 -19249.0 
-19116.0 -18676.0 
-19058.0 -18789.0 
-18819.0 -19097.0 
-18699.0 -19190.0 
