-19161.0 -18632.0 
-18274.0 -19462.0 
-19161.0 -18632.0 
-18274.0 -19462.0 
-19084.0 -18788.0 
-18298.0 -19438.0 
-19108.0 -18638.0 
-18379.0 -19421.0 
-18456.0 -19394.0 
-19034.0 -18795.0 
-18431.0 -19413.0 
-18953.0 -18944.0 
-18933.0 -19001.0 
-18907.0 -19047.0 
-19089.0 -18734.0 
-18768.0 -19209.0 
-18384.0 -19416.0 
-18921.0 -19044.0 
-18951.0 -18983.0 
-18860.0 -19114.0 
-18870.0 -19078.0 
-18488.0 -19373.0 
-18485.0 -19389.0 
-18698.0 -19255.0 
-18711.0 -19227.0 
-18891.0 -19074.0 
-18843.0 -19128.0 
-19014.0 -18870.0 
-19029.0 -18812.0 
-19102.0 -18662.0 
-19027.0 -18842.0 
-18674.0 -19257.0 
-18614.0 -19313.0 
-19096.0 -18699.0 
-18298.0 -19438.0 
-18518.0 -19365.0 
-18582.0 -19327.0 
-18731.0 -19224.0 
-18980.0 -18902.0 
-18785.0 -19155.0 
-18995.0 -18883.0 
-18731.0 -19224.0 
-18989.0 -18900.0 
-18582.0 -19327.0 
-19089.0 -18734.0 
-18850.0 -19115.0 
-19027.0 -18842.0 
-19093.0 -18707.0 
-18977.0 -18926.0 
-19102.0 -18662.0 
-18806.0 -19142.0 
-18817.0 -19130.0 
-18933.0 -19001.0 
-18774.0 -19186.0 
-18626.0 -19303.0 
-18431.0 -19413.0 
-18779.0 -19176.0 
-18655.0 -19271.0 
-18614.0 -19313.0 
-19014.0 -18870.0 
-18805.0 -19151.0 
-18526.0 -19354.0 
-18976.0 -18928.0 
-18632.0 -19287.0 
-18793.0 -19154.0 
-18379.0 -19421.0 
-19032.0 -18803.0 
-18768.0 -19209.0 
-18666.0 -19267.0 
-18645.0 -19273.0 
-18558.0 -19338.0 
-18951.0 -18983.0 
-18563.0 -19336.0 
-18891.0 -19074.0 
-18995.0 -18883.0 
-18547.0 -19341.0 
-18953.0 -18944.0 
-18976.0 -18928.0 
-18626.0 -19303.0 
-18779.0 -19176.0 
-18632.0 -19287.0 
-18774.0 -19186.0 
-18518.0 -19365.0 
-18535.0 -19349.0 
-18711.0 -19227.0 
-18640.0 -19277.0 
-18921.0 -19044.0 
-18547.0 -19341.0 
-18698.0 -19255.0 
-18563.0 -19336.0 
-19096.0 -18699.0 
-18531.0 -19353.0 
-18870.0 -19078.0 
-19093.0 -18707.0 
-18535.0 -19349.0 
-19084.0 -18788.0 
-18666.0 -19267.0 
-18640.0 -19277.0 
-18816.0 -19132.0 
-18816.0 -19132.0 
