-19138.0 -18635.0 
-18433.0 -19365.0 
-19138.0 -18635.0 
-18433.0 -19365.0 
-18611.0 -19276.0 
-19082.0 -18797.0 
-18726.0 -19200.0 
-19087.0 -18729.0 
-18680.0 -19248.0 
-19061.0 -18817.0 
-18527.0 -19301.0 
-18580.0 -19298.0 
-19101.0 -18695.0 
-18650.0 -19262.0 
-18988.0 -18904.0 
-18584.0 -19293.0 
-18739.0 -19194.0 
-19010.0 -18901.0 
-18650.0 -19262.0 
-19125.0 -18639.0 
-18468.0 -19346.0 
-18854.0 -19093.0 
-18749.0 -19173.0 
-19121.0 -18685.0 
-18861.0 -19053.0 
-18883.0 -19038.0 
-19087.0 -18729.0 
-19019.0 -18873.0 
-18696.0 -19232.0 
-18916.0 -18992.0 
-18782.0 -19156.0 
-18696.0 -19232.0 
-18829.0 -19107.0 
-18960.0 -18943.0 
-18956.0 -18959.0 
-19019.0 -18873.0 
-18769.0 -19167.0 
-18936.0 -18990.0 
-19044.0 -18828.0 
-18889.0 -19022.0 
-18486.0 -19316.0 
-18474.0 -19338.0 
-18940.0 -18974.0 
-19123.0 -18664.0 
-19044.0 -18828.0 
-18976.0 -18931.0 
-18782.0 -19156.0 
-18468.0 -19346.0 
-19082.0 -18797.0 
-18857.0 -19075.0 
-18510.0 -19307.0 
-19029.0 -18841.0 
-19101.0 -18695.0 
-19028.0 -18850.0 
-19123.0 -18664.0 
-18492.0 -19312.0 
-18510.0 -19307.0 
-18829.0 -19107.0 
-18857.0 -19075.0 
-18796.0 -19135.0 
-18809.0 -19120.0 
-18527.0 -19301.0 
-18875.0 -19052.0 
-18796.0 -19135.0 
-18474.0 -19338.0 
-18939.0 -18985.0 
-18978.0 -18922.0 
-18769.0 -19167.0 
-18821.0 -19114.0 
-18978.0 -18922.0 
-18956.0 -18959.0 
-18797.0 -19129.0 
-18809.0 -19120.0 
-19028.0 -18850.0 
-18692.0 -19235.0 
-18854.0 -19093.0 
-18486.0 -19316.0 
-18749.0 -19173.0 
-18960.0 -18943.0 
-18940.0 -18974.0 
-18692.0 -19235.0 
-18889.0 -19022.0 
-18821.0 -19114.0 
-18976.0 -18931.0 
-19029.0 -18841.0 
-18901.0 -19013.0 
-19010.0 -18901.0 
-19121.0 -18685.0 
-18876.0 -19048.0 
-18492.0 -19312.0 
-18876.0 -19048.0 
-18909.0 -19002.0 
-18902.0 -19012.0 
-18909.0 -19002.0 
-18901.0 -19013.0 
-18797.0 -19129.0 
-18910.0 -18999.0 
-18902.0 -19012.0 
-18910.0 -18999.0 
-18580.0 -19298.0 
