3.061724181720178878e-03
3.939320059317095134e-03
3.025845829357455639e-03
2.878800350674458591e-03
3.003078711896704518e-03
2.901868053975487430e-03
3.203076723842305119e-03
2.276028386176554529e-03
3.350064915715988967e-03
2.696811770235369322e-03
2.562562666674616553e-03
1.880961088627637785e-03
2.594703366914370268e-03
2.648592556455637605e-03
2.496880263789039156e-03
2.795977894823900578e-03
2.789320469534392784e-03
2.657045392605081931e-03
2.396865478979589258e-03
2.306351873610063084e-03
1.953870808710873788e-03
2.651138417684053509e-03
2.359054252119763620e-03
2.273494879879209892e-03
2.901752528900703246e-03
2.404178110446850321e-03
2.238133893102271180e-03
1.758915052474128342e-03
2.621960603276126105e-03
2.784357806775587200e-03
2.566235989462279082e-03
