-17572.0 -18533.0 
-17817.0 -18456.0 
-18018.0 -18289.0 
-18018.0 -18289.0 
-18017.0 -18373.0 
-18017.0 -18373.0 
-17696.0 -18384.0 
-17476.0 -18400.0 
-17724.0 -18379.0 
-17743.0 -18377.0 
-17869.0 -18359.0 
-17869.0 -18359.0 
-17869.0 -18359.0 
-17926.0 -18330.0 
-17997.0 -18213.0 
-17960.0 -18295.0 
-17670.0 -18380.0 
-17579.0 -18381.0 
-17838.0 -18351.0 
-17809.0 -18358.0 
-17875.0 -18300.0 
-17865.0 -18316.0 
-17991.0 -18203.0 
-17898.0 -18272.0 
-17898.0 -18272.0 
-17939.0 -18247.0 
-17589.0 -18370.0 
-17622.0 -18364.0 
-17734.0 -18355.0 
-17788.0 -18354.0 
-17825.0 -18314.0 
-17948.0 -17998.0 
-17948.0 -17998.0 
-17911.0 -18238.0 
-17932.0 -18167.0 
-17911.0 -18238.0 
-17760.0 -18337.0 
-17674.0 -18349.0 
-17724.0 -18348.0 
-17778.0 -18336.0 
-17813.0 -18305.0 
-17813.0 -18305.0 
-17813.0 -18305.0 
-17813.0 -18305.0 
-17919.0 -18064.0 
-17835.0 -18231.0 
-17826.0 -18232.0 
-17909.0 -18177.0 
-17909.0 -18177.0 
-17902.0 -18226.0 
-17909.0 -18177.0 
-17564.0 -18345.0 
-17515.0 -18346.0 
-17757.0 -18322.0 
-17603.0 -18324.0 
-17757.0 -18322.0 
-17757.0 -18322.0 
-17807.0 -18296.0 
-17807.0 -18296.0 
-17807.0 -18296.0 
-17807.0 -18296.0 
-17901.0 -18209.0 
-17868.0 -18223.0 
-17571.0 -18315.0 
-17469.0 -18318.0 
-17752.0 -18310.0 
-17776.0 -18265.0 
-17787.0 -18250.0 
-17787.0 -18250.0 
-17774.0 -18284.0 
-17794.0 -18247.0 
-17901.0 -18106.0 
-17897.0 -18141.0 
-17892.0 -18174.0 
-17855.0 -18203.0 
-17829.0 -18205.0 
-17812.0 -18218.0 
-17812.0 -18218.0 
-17806.0 -18221.0 
-17806.0 -18221.0 
-17866.0 -18184.0 
-17740.0 -18307.0 
-17637.0 -18309.0 
-17686.0 -18308.0 
-17686.0 -18308.0 
-17774.0 -18282.0 
-17781.0 -18224.0 
-17876.0 -18173.0 
-17891.0 -18158.0 
-17808.0 -18197.0 
-17859.0 -18181.0 
-17859.0 -18181.0 
-17719.0 -18298.0 
-17425.0 -18307.0 
-17730.0 -18254.0 
-17882.0 -18155.0 
-17790.0 -18196.0 
-17790.0 -18196.0 
-17848.0 -18180.0 
-17882.0 -18093.0 
