-17246.0 -17609.0 
-16710.0 -17792.0 
-17137.0 -17702.0 
-16871.0 -17721.0 
-16682.0 -17941.0 
-17513.0 -17579.0 
-16867.0 -17737.0 
-16871.0 -17721.0 
-16682.0 -17941.0 
-16749.0 -17759.0 
-17077.0 -17596.0 
-16963.0 -17689.0 
-17056.0 -17677.0 
-16963.0 -17689.0 
-17378.0 -17189.0 
-17220.0 -17572.0 
-17311.0 -17542.0 
-16410.0 -17833.0 
-16410.0 -17833.0 
-16645.0 -17811.0 
-16703.0 -17757.0 
-16748.0 -17733.0 
-17007.0 -17661.0 
-17027.0 -17658.0 
-16988.0 -17664.0 
-16757.0 -17684.0 
-16845.0 -17678.0 
-16924.0 -17672.0 
-17183.0 -17549.0 
-17258.0 -17365.0 
-17275.0 -17128.0 
-17211.0 -17381.0 
-17207.0 -17386.0 
-17207.0 -17386.0 
-16423.0 -17808.0 
-16606.0 -17767.0 
-16610.0 -17752.0 
-16721.0 -17701.0 
-16740.0 -17695.0 
-16615.0 -17702.0 
-17021.0 -17611.0 
-16974.0 -17630.0 
-16957.0 -17649.0 
-16957.0 -17649.0 
-16957.0 -17649.0 
-16946.0 -17653.0 
-16876.0 -17670.0 
-16892.0 -17667.0 
-17180.0 -17392.0 
-17130.0 -17517.0 
-17121.0 -17540.0 
-17057.0 -17543.0 
-17253.0 -17327.0 
-16390.0 -17718.0 
-16578.0 -17711.0 
-16546.0 -17715.0 
-16906.0 -17642.0 
-16940.0 -17639.0 
-16944.0 -17624.0 
-16944.0 -17624.0 
-16697.0 -17668.0 
-16862.0 -17657.0 
-16875.0 -17648.0 
-17088.0 -17458.0 
-17114.0 -17395.0 
-16997.0 -17524.0 
-17198.0 -17298.0 
-16510.0 -17694.0 
-16510.0 -17694.0 
-16936.0 -17579.0 
-16635.0 -17668.0 
-16676.0 -17667.0 
-16676.0 -17667.0 
-16727.0 -17643.0 
-16841.0 -17633.0 
-16840.0 -17634.0 
-16770.0 -17638.0 
-17075.0 -17425.0 
-16982.0 -17434.0 
-16951.0 -17452.0 
-17143.0 -17292.0 
-16500.0 -17679.0 
-16500.0 -17679.0 
-16932.0 -17558.0 
-16928.0 -17573.0 
-16634.0 -17653.0 
-16815.0 -17581.0 
-16794.0 -17624.0 
-17047.0 -17382.0 
-17072.0 -17378.0 
-17017.0 -17402.0 
-16941.0 -17417.0 
-17136.0 -17186.0 
-16272.0 -17679.0 
-16465.0 -17502.0 
-16672.0 -17278.0 
-17130.0 -17011.0 
-17130.0 -17011.0 
-17107.0 -17063.0 
-17113.0 -17061.0 
