1.0 0.9999999999971647 0.5250130283606543 0.5246913661153512 0.5234437658110553 0.5205787759959075 0.515832355773781 0.5092320584908261 0.5031814016427902 0.5008578617789132 0.5006983913391881 0.5001545092920432 0.5048542145299493 0.5137122957585093 0.5192377711663199 0.5249242898430642 0.5301213219724076 0.5372972102899642 0.556258620728527 0.627099543385364 
0.0 0.9999999999981157 0.5249627033495875 0.524769885306099 0.5234447033202261 0.5205730240935634 0.5158321657500488 0.509247066946755 0.503723634853553 0.5008621720269386 0.5006809420279557 0.5011842498898532 0.5056149548012808 0.5144047162611192 0.5192869766458132 0.5248873909130324 0.5301142017279004 0.5374338258072429 0.5562751757865104 0.6267127805865611 
1.0 0.0 0.525371056330504 0.5247217973858194 0.5234445308818125 0.5206205348058385 0.5158322383078258 0.5097239366134435 0.5054717928330639 0.5008724143356538 0.5010410443247175 0.5010853148495288 0.5061244566293764 0.5146737228410764 0.5208826683912169 0.5255586002685181 0.5286650131801105 0.5374515313221331 0.5562767875800073 0.6266579498035759 
0.0 0.0 0.524962691408115 0.5246938397339718 0.5234439003727979 0.5205740087745608 0.5158303887649365 0.5092548122347196 0.5037240521900428 0.5008621164149974 0.5006820211154852 0.50027526256073 0.5055602614209702 0.5144969868081304 0.5192283688043854 0.5248881685358496 0.5301036451865525 0.5374357572937684 0.5562743777154366 0.6267126980382374 
0.1331102560623896 0.5086984399227071 0.5249634718161392 0.5247221614727188 0.5234443625945738 0.5206346654563303 0.5158344998489046 0.5091169554293306 0.5032974200330774 0.5008569369476286 0.5004117261372042 0.5011083392232857 0.5047533728071089 0.5134768869875918 0.5208034987472527 0.5249150595359763 0.5301014700543852 0.5372988291493351 0.5562780140169139 0.6273001814601555 
0.6556614961276858 0.7853695597152184 0.5252266381531651 0.5247231097057251 0.5234446298492836 0.520602739575518 0.5158345399435235 0.5092600938496545 0.5037145859718947 0.5008662383684395 0.5007358669969915 0.5011162801646251 0.5048341503505687 0.5137078446695467 0.5207268081935824 0.5249321329708954 0.5300981988770317 0.5374363967048881 0.5562898962853989 0.6267072728659032 
0.752426180188646 0.5651991469924627 0.5249839030612361 0.5247246787014527 0.5234446545716311 0.5206338124461605 0.5158351383759404 0.5097517340845359 0.5037168724510064 0.5008633631762237 0.5006654361677526 0.5011739378186978 0.5049399841645035 0.514397666742542 0.5208949837410907 0.524933861131991 0.5301277189311882 0.537434610853848 0.5563532064719529 0.6268203856020006 
0.9118202554768504 0.22632960546191883 0.5252584495756331 0.5247032554184943 0.5234443467286406 0.520604015871284 0.5158558992886616 0.5092495056715796 0.5036437594318148 0.5008362069484522 0.5007009319112614 0.5011869570850007 0.5075853657795288 0.5137156186771625 0.5207385124768478 0.5248968314136907 0.5301150847927432 0.5374267175025301 0.5562814358761293 0.626858979694264 
0.1097647643780557 0.9548754657995475 0.5253567826542291 0.5247030080687964 0.5234446016017905 0.5205774820206454 0.5158330738217931 0.5092271872074596 0.5032999221062144 0.5008311748361122 0.500693286576494 0.5002357753050949 0.5054495750453989 0.5137199630232162 0.5208667651361742 0.5249103257049563 0.5301104229996163 0.5374275139781278 0.5562795304019177 0.6268552207133065 
0.5972245975300752 0.39451181692136056 0.525010327225546 0.5247231161228475 0.5234437642168286 0.5205922324374197 0.5158329904516543 0.5092754040499606 0.5036866967174748 0.5008544609659599 0.5006954465404553 0.5010647962473177 0.504760317347139 0.5137083867726139 0.5208247437286083 0.524917701448978 0.5301104086218043 0.537283302416938 0.5563620950688455 0.6273150942818031 
0.5715336586192942 0.8543226348265593 0.5249628873609034 0.5247701582051204 0.523444513633613 0.5206267288921502 0.5158330095418504 0.509247289199795 0.5037784559594577 0.5008565004312141 0.5007062052090805 0.5011894003875341 0.5056495008838507 0.5143111792802044 0.5209605545941667 0.5249348874258816 0.5301270123605212 0.5374635598984355 0.556339669624422 0.6268422760781929 
0.6752695696116805 0.7853695597152184 0.5248682491846506 0.5247244476254261 0.523444415509876 0.5205978982334399 0.5158327469638807 0.5092491923642819 0.5037164296089359 0.5008419062987068 0.500451549393395 0.5010658401914245 0.5044602165165072 0.5137128774632226 0.520729049279734 0.5248892267578095 0.5300972144111554 0.5374575234020339 0.5563402679853858 0.6267135993882538 
0.15548166820765044 0.6254858060259744 0.5249621183649809 0.5247007983878043 0.5234436791041124 0.5206032516714708 0.5158328165385744 0.5091721776144978 0.5029977861997478 0.5008338959223986 0.5004597940238229 0.5002720427741689 0.5046460334919238 0.5136187852149975 0.5208432227979609 0.5249081279543099 0.5301141850260743 0.537448311931334 0.5562772662726874 0.6261777755110188 
0.016585858851984214 0.7175000345272818 0.5249664370629379 0.5247217190366382 0.523443733473458 0.5206040914439769 0.5158333513944162 0.5092585361200199 0.5033079249526955 0.5008483074539903 0.5006825910423904 0.5011652107426483 0.5050116785987413 0.5136682513724611 0.5193024221465737 0.5249094003562956 0.5301155984477433 0.5374332305804774 0.5562804200089209 0.6268744077954326 
0.3909429271893179 0.777284767786949 0.5253625606900176 0.5247204604631788 0.5234446396683202 0.5205799772047861 0.5158345182613526 0.5097504526422116 0.503303351912889 0.5008633631762237 0.5006667177409772 0.5011738722773154 0.5049671967324432 0.5137207079325218 0.5208447549512709 0.524904122384043 0.5301212601658475 0.5372764137567265 0.5563505319875749 0.6272125738149694 
0.4124714460011957 0.9872777727090085 0.5249436752470295 0.5247221614727188 0.5234445003927477 0.520635437084045 0.5158345624377918 0.5091169554293306 0.5033384276495263 0.5008409761561354 0.5004117261372042 0.5011571058367595 0.5047533728071089 0.5134768869875918 0.5208038061767745 0.5249149829619935 0.5301014700543852 0.5374539337001023 0.5562780140169139 0.6273001814601555 
0.5081404789401632 0.1809323789097843 0.5253535218196339 0.5246982158950728 0.5234447404540603 0.5205980673419085 0.5158445590673305 0.509255551136501 0.5036854869891423 0.5019728554621283 0.5007001261341104 0.5011690198865734 0.5054555061019521 0.5137099445477558 0.5208234505498432 0.5248993291252236 0.5301204686420017 0.5374588804881898 0.5563582147105179 0.6271849577781659 
0.4502075347749998 0.931926281051268 0.5267191663170392 0.5247698074201965 0.5234437598694676 0.5206027496928671 0.5158563715022003 0.5092757595331494 0.5036958693350946 0.5020421823423917 0.5005470252900275 0.5011510528512642 0.5066255714019738 0.5144653378881465 0.5207812550911016 0.5249147820470409 0.5301198730997649 0.5374659959869323 0.5562881077961347 0.6272126101232335 
0.29915147869274716 0.4881009453840451 0.5249476377266247 0.5246895018764205 0.5234443025882911 0.5205959977445218 0.5158328076336264 0.5092769614888928 0.5033120478454299 0.5008691198727063 0.500697831688671 0.5011650654263886 0.504830298470584 0.5136705837466343 0.5207881842321017 0.5249091438251015 0.53012674979455 0.5374339858043211 0.5562890173936843 0.6268316386682025 
0.35181621332016577 0.14637835318213827 0.5249380168959091 0.524702442418777 0.5234443630732596 0.5205805804337527 0.5158367124510406 0.5092257498910241 0.5032954603662926 0.500839781110408 0.5005199640582687 0.5011739397522993 0.5049776229016826 0.5135625430431279 0.5209005269529173 0.524899892084602 0.5301147154420748 0.5374345045549629 0.556274979388714 0.6266211242626945 
0.3753658364250233 0.2355799287006789 0.5250166707443014 0.5247030676567572 0.5234439003727979 0.5207320198914555 0.5158438763785802 0.509324141265016 0.5037240521900428 0.5008478676664296 0.5007186654363813 0.5012091986728059 0.5075649647035306 0.5145078234209383 0.520885967801603 0.5249208858501422 0.530132980401753 0.5374232442709346 0.5562743777154366 0.6267187466840377 
0.7156265041561816 0.9450946887502185 0.5249605818259704 0.524769881151915 0.5234445392463319 0.5205740919311466 0.5158322408137678 0.5092479825153674 0.5037378063262441 0.5008623704842585 0.5006818073771774 0.5011861222218278 0.5055706282507668 0.5137167973161262 0.5208289206349226 0.5249102171386563 0.5301151024341614 0.5374386969113596 0.5562767458226608 0.626852324810186 
0.8220375961309694 0.20758585711665234 0.524971343342508 0.5247014292056391 0.5234437563539668 0.5205984989562485 0.5158334545166717 0.5091654712811612 0.5036693122128885 0.5008435756741411 0.5004242358447709 0.5006330750867048 0.5065453160918457 0.5137178162237264 0.5208283966874268 0.52490737570596 0.530114290451644 0.5374496742459117 0.5562956144258285 0.6268271206420301 
0.4150109249059497 0.9973565953623844 0.5253535961860999 0.5247006994938513 0.5234444988810774 0.520574056151366 0.5158321365227599 0.5092148682390815 0.5033384878023972 0.5008354866162522 0.5007067275186633 0.5011565308142854 0.5054484680493205 0.5104179909192853 0.520773630633955 0.5249070258857481 0.5301091922114599 0.537448516999158 0.5562781381409367 0.6268452465403924 
0.30514578649769586 0.232420457023948 0.5249372047513762 0.5247203889069787 0.5234446308901924 0.5205995234192089 0.5158350439090063 0.5092258139238958 0.5032967161904812 0.5008637262652978 0.5007186693819529 0.5002707613514784 0.5050595381123472 0.5135607681794222 0.5192047490972054 0.5249059263236817 0.5301140724935761 0.5374344387803377 0.5562808428453869 0.6265898052259233 
0.11765862944934624 0.17953630366393214 0.5249438755313648 0.5247036155401301 0.5234443266376181 0.5206043964437239 0.515833991340195 0.5091170152080781 0.5037254781941836 0.5008364096295489 0.5004118479751968 0.5006170215461642 0.5047556391781014 0.513658951816025 0.5208376382466681 0.5248965801354375 0.5301146312559439 0.5374266944130947 0.5563549253709485 0.6268732140739754 
0.09446378716279542 0.393308610342641 0.5250047088596685 0.5246961739831654 0.5234437415346714 0.5205754980394566 0.5158327741688891 0.5092451761228632 0.5036804750407824 0.5008251622858587 0.5004456220181922 0.5006283230292594 0.5048228036030593 0.5135188129179546 0.520824704419625 0.5249066177983156 0.5301149555416044 0.5374400942463302 0.5562830955909929 0.626842811469468 
0.2634599724750691 0.4858198456693398 0.5253535955530689 0.524724918909025 0.5234438599486072 0.5207209463623108 0.5158344447453127 0.5092958345255953 0.5036525295694806 0.5008468350783648 0.5007426313810887 0.5011416238921388 0.5050034638415573 0.5135588489851143 0.5207882023173682 0.5249093161121726 0.5301142628556278 0.537434940580046 0.5562781592019765 0.6268521443121547 
0.49003944166439467 0.718517638030236 0.5249489631511628 0.5247250163909917 0.5234445561887183 0.5206333690543485 0.5158330111162301 0.5097308718647915 0.5037162105396359 0.5008797041571676 0.5010451946723259 0.501170266429246 0.5080836880292122 0.5134768869875918 0.5208358923524222 0.5249098478714286 0.5301339938760504 0.5374526221730336 0.5562842383776735 0.6272895396216999 
0.08352518267917988 0.4966256495748141 0.5249619333942965 0.524697879761677 0.5234444150426728 0.520597973803062 0.5158327708313769 0.5092490971382375 0.503311655211107 0.5008417340770159 0.5004456220181922 0.5006302933214616 0.5048166703975617 0.5135259508001412 0.520933372906211 0.5249071852982686 0.5301149465640198 0.5374401231320411 0.5562918769445093 0.6265898218688645 
0.7686086195185424 0.22609853182489076 0.5249493773480861 0.524694712730257 0.523443729050412 0.5206001726164851 0.5158326929659166 0.5092546583834228 0.5036384332947639 0.5008502862908146 0.5006343419737752 0.5011250982208805 0.5047968089227981 0.5136461757416059 0.520890569059903 0.5249191827795372 0.5301107572843258 0.537430049382891 0.5562920500860806 0.6268529401182622 
0.0029585605229650314 0.14654189761977388 0.5250139528343515 0.5247028603254871 0.5234443630732596 0.5205801017502534 0.5158328210508476 0.5092257498910241 0.5033303006393305 0.500839781110408 0.5005199640582687 0.5011646951848775 0.5049776229016826 0.5136121193791326 0.5207899933010136 0.524899892084602 0.5301204795436925 0.5372916835740137 0.5562749399312077 0.626858915975651 
0.5776905820100878 0.5279250382672807 0.5250114352349835 0.5247205691528734 0.5234445334101673 0.520592318044211 0.5158342723757434 0.5092757423846606 0.5036617129473355 0.500857138578545 0.5007439150771238 0.501071357448894 0.5048166345723176 0.5136733833959949 0.5209509117959155 0.5249292833061983 0.5301213237243935 0.5374408011082396 0.5563634567839342 0.6273212315289067 
0.7102039153429587 0.24878509388357425 0.5252582117107207 0.5247212801609125 0.5234446288204622 0.5205985916970965 0.5158573168163034 0.5097353007024902 0.503335062854452 0.5007455860384169 0.5007565218188681 0.5011165941992667 0.5076223120095308 0.5135380951486942 0.5208263030841782 0.5249074241705786 0.530126460675636 0.5374520355072192 0.5562831637843795 0.6265873953808309 
0.21603178255304095 0.5713881422499887 0.5250050496172767 0.5246997081014149 0.5234447000168221 0.5205985040647397 0.5158557801407593 0.5097222073826717 0.5036807421787942 0.5007434441324872 0.5004614312132897 0.5011164786667602 0.5066683205390818 0.5135385826342563 0.5208271960495031 0.5249073804591727 0.5301338448392368 0.5374588875386519 0.5562794914573722 0.6266254414500683 
0.5353094345589625 0.2086065686382806 0.5253837830960362 0.5247221575430476 0.5234443379878099 0.520633837354269 0.5158344447453127 0.5097049961884661 0.5036668224201151 0.5008429544120305 0.5006292678495341 0.50114095884154 0.5049119135765877 0.5136709781645291 0.5207882023173682 0.5249143535825205 0.5301342684159317 0.5374410695148668 0.556365273400127 0.6267396146768955 
0.20301717147085857 0.9282704082049259 0.5253355763336854 0.5247296130075764 0.5234437598694676 0.5205995801638282 0.5158549568824977 0.5092266470380691 0.5036957279585744 0.5020472085691876 0.5004507658582458 0.5011510528512642 0.5064603176299661 0.5144885626154425 0.5207812550911016 0.5249147754004192 0.5301143461367325 0.5374659061268479 0.5562906078427122 0.6273456439312495 
0.06290194500655859 0.4460101215099947 0.5249972893636603 0.5246852936945826 0.5234443299409565 0.520571512365019 0.5158326003404784 0.5092767686325527 0.5033058985358045 0.5053751090851949 0.5006808437508634 0.5011878212153974 0.5050059958090175 0.5136672336502637 0.5207953704095973 0.5249102171386563 0.5301154014095517 0.537434350248808 0.5562736818495221 0.6268562823987359 
0.23984654959818558 0.5010120091811893 0.5252133757938545 0.5247240221396382 0.5234437775369996 0.5205741841906427 0.5158551982123747 0.5092248273888843 0.5036832288113318 0.5008624793238611 0.5006811386132539 0.5011206540236585 0.505543578893185 0.5137087054774023 0.5207507289552746 0.5249100919510601 0.5301149129769055 0.537439261930493 0.5562767242497201 0.6268809422777512 
0.24429413072185335 0.39451181692136056 0.524869625044394 0.5247231161228475 0.5234437409152821 0.5205767008253498 0.5158325309738268 0.509223750727417 0.5036866968031718 0.5009281091120102 0.5006872526647295 0.5010564556038168 0.5048033109357702 0.5137086779815382 0.5208247437286083 0.524917701448978 0.5301103801976278 0.537283302416938 0.5562825287022896 0.6268689772462341 
0.31773396714239643 0.3885358753410515 0.5249541092020937 0.5246977085192148 0.5234445077355128 0.5205746311298312 0.5158326677189579 0.5092480980511428 0.5032881528835205 0.5007151088861469 0.5004492982170438 0.5000950135265823 0.5050048224613614 0.5136638606499356 0.5192993000819727 0.5249074797970864 0.5301106085365233 0.5372832981302744 0.5562772209526281 0.6266636362050901 
0.33486964183304857 0.7300057898744885 0.524972930453379 0.5247243633564023 0.5234446391209292 0.520727018541165 0.5158547122397128 0.5092789125607675 0.5033307072382605 0.5008701602072813 0.5007402643456828 0.5011367721540467 0.5054737196987988 0.5137099812960785 0.5208413276067811 0.5249132839721083 0.530109946113601 0.5374567951552078 0.5562773635688929 0.6268216824544127 
0.06089431020615971 0.4906271303944665 0.5252698798302308 0.5247213226565669 0.5234446095245318 0.5205924732039997 0.5158321339785106 0.5097324060949033 0.5032980231719477 0.5007476409570677 0.5006359236550721 0.501116541230396 0.5047148775046485 0.5135486623151821 0.5208098503554861 0.5249096578672855 0.5301266057728891 0.5374479712221423 0.5562905830501358 0.6261431728363239 
0.4870243019685728 0.5183382416340793 0.5249628873609034 0.52477017345989 0.5234445009035665 0.520597479744885 0.5158330155920294 0.5092741165044352 0.5037360588260797 0.5008563633377962 0.5007062052090805 0.5011168583293658 0.5056129244855903 0.5143596999956092 0.5208644531246174 0.5249344876771278 0.5301202272732689 0.5372986599828516 0.5563614474340312 0.6268513476820501 
0.6461740659681802 0.6254858060259744 0.5248668418092418 0.5246977857666045 0.5234443875039282 0.5205987334828478 0.515832542670326 0.5091679813704248 0.5036387558279627 0.5008396199281104 0.5006873236140046 0.5010651737626372 0.5049765593505692 0.5136175410230251 0.5208244405281854 0.5249073495680204 0.5301107880450219 0.5374483855058058 0.5562831160525438 0.6261704550337265 
0.3051578455020084 0.8611137664121256 0.5249622790803878 0.5246895018764205 0.5234446288185753 0.5207189300737431 0.5158327905680109 0.5092787883521834 0.5033028068155418 0.5008564964868826 0.5007460422526712 0.5011911159951014 0.5050596347499723 0.5142700313566434 0.5207144408029877 0.5249335498061577 0.5301270154736323 0.5374636461479647 0.5563556158627425 0.6268481205685782 
0.2763962535287538 0.232420457023948 0.5249372047513762 0.5247025324963629 0.5234446321346219 0.5205995234192089 0.5158347334372678 0.5092257502608402 0.5032967161904812 0.5008632282913569 0.5007186693819529 0.5002707613514784 0.5050604652230812 0.5135607681794222 0.5192047490972054 0.5248999039728097 0.5301140724935761 0.5374344387803377 0.5562807955612415 0.6265898052259233 
0.3628263276062964 0.4881009453840451 0.5249488942692666 0.5246895018764205 0.5234443025882911 0.5205959977445218 0.5158328076336264 0.5092769614888928 0.5033120478454299 0.5008691198727063 0.500697831688671 0.5011641125794939 0.504830298470584 0.5136705837466343 0.5207881842321017 0.5249091438251015 0.53012674979455 0.5374339858043211 0.5562890154517435 0.6268316386682025 
0.6169254077993408 0.23410741562961626 0.5252582117107207 0.5247178595344318 0.52344459783297 0.520604015871284 0.5158573168163034 0.5092236675899092 0.502995240863029 0.5008912853018872 0.5007565218188681 0.5011200568079178 0.5046759306722747 0.5137102144668395 0.5209058858270933 0.5248835999946639 0.530126460675636 0.537427965264432 0.5562831637843795 0.626587019949986 
0.03369630753635894 0.5651991469924627 0.5249839030612361 0.5246936961649299 0.5234446396683202 0.5205744817401965 0.515835145113134 0.5092615045632941 0.5033106184886841 0.50086193494622 0.5006658870828233 0.5010786697981853 0.5048278632357018 0.5136696083050679 0.519219672144707 0.5248878914247004 0.5301146039814054 0.5374346037885315 0.5562756052687836 0.6268203856020006 
0.6144729055411634 0.39341352761935533 0.5252613387844631 0.5247231161228475 0.5234445886089644 0.5206033515952265 0.5158559874008207 0.509223750727417 0.503681232929427 0.5009281091120102 0.5006872526647295 0.5011177409748668 0.5047968028950538 0.5137086779815382 0.5208247437286083 0.524917701448978 0.530126472225566 0.537283302416938 0.5562831486223113 0.6268672150751695 
0.44918949645410533 0.49008192272184425 0.5253617746023131 0.5247274144131537 0.5234437573895888 0.5205984095519084 0.5158344903733735 0.5092898530348131 0.5036382483150005 0.500841962263672 0.5003695390689499 0.5011421201038727 0.5047842512282936 0.5135809008804817 0.5207811588470557 0.5248954839471482 0.5301197735140645 0.5374350217059359 0.5562881256715585 0.6268505262270104 
0.1298861727999956 0.9282704082049259 0.5249494655184088 0.5247223107698452 0.5234445580664383 0.5205988285859526 0.5158325155448468 0.5092319386585337 0.5033195868503816 0.5009028244365256 0.5004127945272757 0.5010867358710052 0.5066391192258529 0.5144885626154425 0.5208282759641183 0.5249096851861125 0.5301348974649863 0.5374659664921776 0.5562842318789518 0.6273456439312495 
0.6496716830231049 0.488852145991893 0.5249625886917472 0.5247195829250505 0.5234443271019354 0.5207233603354733 0.5158565916384924 0.509276528676699 0.5033028068155418 0.5008468012321368 0.500749374016512 0.5011645966946626 0.5050057059508025 0.5136662759941755 0.5208376382466681 0.5249094242955231 0.5301493278699215 0.537434540766729 0.556356341459122 0.6268481205685782 
0.4968274591256806 0.931926281051268 0.5267109872677951 0.5247698074201965 0.5234437598694676 0.5206027496928671 0.5158563715022003 0.5092757595331494 0.503696024428986 0.5020421823423917 0.5005470252900275 0.5011510528512642 0.5066570820763583 0.514443285992779 0.5228700729287323 0.5249143792712541 0.5301264743849402 0.5374659959869323 0.556288923091682 0.6271997060330438 
0.0029279067910431555 0.09336977370937866 0.5248945752066461 0.5246939478044467 0.5234436856028044 0.5205800595195902 0.5158320745917309 0.50922569873271 0.5033307072382605 0.5008396573541771 0.5005172758352129 0.5002720161349467 0.5054560091544642 0.5135434321360852 0.5207470941809693 0.5248955085236033 0.5301203564390874 0.5374336718741496 0.5562773054880749 0.6268220634271152 
0.40029121824303904 0.27395419646840835 0.5250139528343515 0.5247207054610054 0.52344436182883 0.5205799097821251 0.515835060340972 0.5092258135540796 0.5033303006393305 0.500840279084349 0.5005199640582687 0.5011739072102056 0.5049764552375172 0.5136111201962953 0.520789959685949 0.524905914435474 0.5301204795436925 0.5372920575892801 0.5562750257078838 0.6272125340306757 
0.11586447594943425 0.9665626150574367 0.5249621954735034 0.5247696834608458 0.5234443266376181 0.5206039040636645 0.515833991340195 0.5092514119284933 0.5037254781941836 0.5008622923333196 0.5004118479751968 0.5012121574015767 0.5056351363976407 0.513658951816025 0.5208376382466681 0.5248965801354375 0.5301146319302861 0.5374337010538319 0.5563549253709485 0.6268771952149647 
0.08352518267917988 0.6238530756232797 0.524962121403078 0.524697879761677 0.523444416421862 0.520597973803062 0.5158328185057901 0.5092503982974513 0.5032986289110251 0.5008413729974909 0.5004604792328531 0.5006359915044205 0.5048171037201338 0.5135259508001412 0.520933372906211 0.5249071852982686 0.5301149465640198 0.5374401231320411 0.5562916202780768 0.6266145621322289 
0.15548166820765044 0.49825837997750877 0.5249619303561994 0.5247007983878043 0.5234436777249231 0.5206032516714708 0.5158327688641611 0.5091708764552839 0.5030108124998298 0.5008342570019236 0.5004449368091619 0.5002663445912099 0.5046456001693517 0.5136187852149975 0.5208432227979609 0.5249081279543099 0.5301141850260743 0.537448311931334 0.5562775229391199 0.6261530352476544 
0.8164018720841942 0.2327602089251212 0.525006302865131 0.5247219664180354 0.5234445388791209 0.5205976912607491 0.5158578452189757 0.5097360547726877 0.5036498169700876 0.5008911162693395 0.5004496662519134 0.5006351854932597 0.5076223120095308 0.5137083772641445 0.5207148075653936 0.5249123581243834 0.530126460675636 0.5374522844464158 0.556295013686406 0.6266575359245583 
0.259328827327035 0.8611137664121256 0.52496354547844 0.5246895018764205 0.5234443271019354 0.5207222484097069 0.5158327905680109 0.5092787883521834 0.5033028068155418 0.5008564964868826 0.5007458023328977 0.5011911159951014 0.5050061970990289 0.5142793321483501 0.5207952954780601 0.5249341554184294 0.5301270154736323 0.5374636461479647 0.556356341459122 0.6268481205685782 
0.27474995302920324 0.7845149903451676 0.5249625886917472 0.5246939770716343 0.5234443086601346 0.5207233603354733 0.5158561187849392 0.5092293661575624 0.503301882921719 0.5008191905220241 0.500749374016512 0.5011854108173135 0.5048487101211372 0.5136715529111059 0.5208376382466681 0.5255445036097126 0.5301493278699215 0.537456646082574 0.556356341459122 0.6273118963506222 
0.009408702644626399 0.2327602089251212 0.5249621247011436 0.5247219664180354 0.5234445427980158 0.5205727606750264 0.5158325106233512 0.5097360547726877 0.5036498169700876 0.5008639778584701 0.5004241850248557 0.500636885946884 0.5056340124214034 0.5137366745694503 0.5192623109249664 0.5249123581243834 0.530126460675636 0.5374339164898915 0.556295013686406 0.6266575359245583 
0.6948027373510481 0.044685423322360876 0.5249696384521233 0.5247209703670949 0.5234436786790239 0.5206048805293738 0.5158331941020013 0.509216061817413 0.5032974200330774 0.5008411310595668 0.5004644612228212 0.501164748970801 0.50500343957981 0.51347996232272 0.5192445908976854 0.5248703509856661 0.5301014700543852 0.5372916217879629 0.5562734555853609 0.6273002211799091 
0.3762146820675243 0.4881009453840451 0.5249487383600889 0.5246895018764205 0.5234442936428966 0.5205960272188827 0.5158328076336264 0.5092769614888928 0.503320760475392 0.5008691198727063 0.500697831688671 0.5011284787103247 0.5048247616191116 0.5136705837466343 0.5207892894375099 0.5249091438251015 0.53012674979455 0.5374343603133921 0.5562863383022114 0.6268328207824797 
0.24553981448588605 0.4081416191302264 0.524869625044394 0.5247212594039542 0.5234437204486763 0.5205764227603626 0.5158339015214738 0.5092247605836369 0.5036866967174748 0.5008544609659599 0.5006866514805864 0.5010658401914245 0.5044602165165072 0.5137128774632226 0.520729049279734 0.5248883724200213 0.5300972144111554 0.5372726589049477 0.5562831341646078 0.6267135993882538 
0.6249665495305925 0.488852145991893 0.5249625886917472 0.5247189652129464 0.5234445083272858 0.5207233603354733 0.5158562780769061 0.5092763128238308 0.5036814981231413 0.5008468012321368 0.5007494495563602 0.5011643009968627 0.49356845630636714 0.5136662759941755 0.5208376382466681 0.5249094176047676 0.5301493278699215 0.537434540766729 0.556356341459122 0.6268481205685782 
0.34096344677691603 0.17997718192720796 0.5250005323858983 0.5247222655859136 0.523444525397447 0.5205754985709098 0.5158573104048785 0.5097360547726877 0.5032949398105324 0.5008911162693395 0.5004571888954541 0.5006094398427786 0.5061719278264682 0.5137083772641445 0.520714131428986 0.5249102141573069 0.530120460346902 0.5374522918246575 0.5562831634568696 0.626587019949986 
0.3757812778311955 0.19348309127501792 0.5252906084401676 0.5246951091094314 0.523443779463964 0.5205681176183323 0.5158339986658304 0.509254695738317 0.5037240521900428 0.5008194936468201 0.5006458664718354 0.5002962792023801 0.5048584614487337 0.5145078234209383 0.5207901222909166 0.5248980469858551 0.5301330840357705 0.5374223579007626 0.5562744473708927 0.6267175655576903 
0.22445888969866315 0.01848388361960257 0.5248701348140996 0.5247205691528734 0.5234437424868192 0.5205769515577321 0.5158325231240164 0.5092250989183368 0.5036617129473355 0.500857138578545 0.5005121687830266 0.5006196996411482 0.5048166345723176 0.5136713393159137 0.5209421291768532 0.5249292833061983 0.5301213244512403 0.5374408011082396 0.556283691907207 0.626874584301008 
0.8439177438851619 0.1793458419693389 0.5249613944743291 0.5247233674610429 0.5234446218720749 0.5206048304078527 0.515844679077373 0.5097032152665065 0.5050580378292882 0.501973576774959 0.5010446989556456 0.5011285364512017 0.5055603764382252 0.5145599413610933 0.5208879979963847 0.5249176263569345 0.5301276357538016 0.5374522710667314 0.5562863152699099 0.6268705211944283 
0.5811209314952684 0.22238791190775642 0.5250114352349835 0.524720692576972 0.5234445342995927 0.5205890792582674 0.515834220363171 0.5092757423846606 0.5036383428541105 0.500857138578545 0.5007439150771238 0.5010751621807111 0.5048708974312397 0.5136197738620841 0.5209509117959155 0.5249186966632533 0.5301213237243935 0.5374409215080935 0.5562934620443113 0.6273212315289067 
0.05157548583887811 0.8530978852199175 0.5249626918263484 0.5246938502848006 0.5234437593004058 0.5206001750322858 0.5158327210082464 0.5092267295555123 0.5033248569816015 0.5008421297074961 0.5006412505971085 0.5011249936928999 0.5047944342088614 0.5144478738266217 0.520777867873762 0.5249128234971603 0.5301103926767533 0.5374298768269592 0.5562897791644168 0.6272044450972736 
0.27474995302920324 0.18741885221355487 0.5249625886917472 0.5246939770716343 0.5234445013477319 0.5207233603354733 0.5158565916384924 0.5092293661575624 0.503722315655966 0.5008564853753601 0.5007494203687158 0.5002796198727457 0.5048487101211372 0.5143744609913923 0.5208376382466681 0.5249342651724406 0.5301493278699215 0.537433924399805 0.5563614199272612 0.6268513452334845 
0.23381795703596198 0.17452910435098068 0.5250005323858983 0.524702460607226 0.523444525397447 0.5205754712735671 0.5158313589380538 0.5097360547726877 0.5032949398105324 0.500829704188055 0.5004614802532286 0.5002445897035545 0.5054916254764528 0.513708655589487 0.5207179719661509 0.5249102141573069 0.530120460346902 0.5374522918246575 0.5562831634568696 0.6265903473531643 
0.09999385039651884 0.770149631911738 0.52543262502164 0.5247698814769697 0.5234437612272764 0.5206027496928671 0.5158327494691984 0.5092267295555123 0.5036673723989162 0.5008561208056592 0.5004557041129312 0.5006522904543382 0.5048166703975617 0.5144470942079726 0.520777867873762 0.5249128234971603 0.5301103926767533 0.5374644315623556 0.5562885389028716 0.6272044450972736 
0.8447164336535051 0.3888078902026524 0.5249613944743291 0.5247233675739916 0.5234445977430879 0.520602588265041 0.515844679077373 0.5097032152665065 0.5054315292018596 0.501973576774959 0.5010446989556456 0.5011285364512017 0.5055638123801058 0.5145599413610933 0.5208909410764239 0.5249176990602741 0.5301277448047044 0.5374522710667314 0.5562863152699099 0.6268705211944283 
0.26779877725009826 0.7164132070689813 0.5253558445811154 0.5247676142935194 0.5234447246861977 0.5206030591531159 0.515834456399449 0.5093067424881842 0.5036862368648314 0.5020121620751131 0.5006553778496758 0.5012352461689518 0.5048472073788767 0.5145185001430478 0.5208146119751652 0.5249148221393165 0.5301213413788733 0.5374528396187298 0.5562836427658039 0.6265957288933023 
0.17990822668353512 0.9937599424488098 0.5250062159101452 0.524768748591363 0.5234446904830824 0.5205991780757022 0.5158329863284178 0.50916554906322 0.5036739456336707 0.5008633234252632 0.5007488613030487 0.5011175513523787 0.5065003758649593 0.5136603668427792 0.5209627395782404 0.5249074032137484 0.5301148644744029 0.5374336250618919 0.5562903403100224 0.626715147243066 
0.02505551244690113 0.2501064055334192 0.524949935105939 0.5247014432075886 0.5234446151916634 0.5205985275290583 0.5158327419701163 0.5091729675873615 0.5036276574664642 0.5008358400249205 0.5007009319112614 0.5011244404139319 0.5050269773898171 0.5137146068658278 0.520842467153152 0.5249072216594838 0.5301142154661275 0.5374487071578536 0.5562838258016641 0.6261572784200974 
0.04614298491077265 0.7069328271476013 0.524896797495615 0.5247685000897473 0.5234436666750454 0.5205797761325811 0.5158325585342234 0.5093221113041239 0.5033226509020192 0.5006950764438686 0.5006454504892941 0.500279209495068 0.5048516365757421 0.5135440028480117 0.5208909420627018 0.5248978013247486 0.5301141805683193 0.5374299861303521 0.5562777582056789 0.6261092277510798 
0.4863653809198645 0.49008192272184425 0.5253535955530689 0.5247274144131537 0.5234437573895888 0.5205984095519084 0.5158344903733735 0.5092898530348131 0.5036384034088919 0.500841962263672 0.5003695390689499 0.5011421201038727 0.5048157619026781 0.5135588489851143 0.5207882025099512 0.5248950811713614 0.5301263747992397 0.5374350217059359 0.5562889409671057 0.6268376221368208 
0.6571680643126256 0.14999316881652489 0.5253659899947561 0.5247249982899349 0.5234448112153333 0.5206087487683076 0.5158336041690129 0.5097428953744568 0.5036384332947639 0.5021705999864814 0.501033396187602 0.5011172810547991 0.5074863805691134 0.5136251292979648 0.5209349429165036 0.5249194394442095 0.5300969872554162 0.5374362252500849 0.5562898972912625 0.6268410980259005 
0.6868822414734662 0.6987065767445095 0.524970448272821 0.5247209703670949 0.5234436786790239 0.5206048201509317 0.5158332228211858 0.5092782595284677 0.5033119129158435 0.5008411310595668 0.5004644612228212 0.501164748970801 0.50500343957981 0.5136711072024737 0.5192445908976854 0.5248703509856661 0.5301014700543852 0.5372916217879629 0.5562887729698065 0.6273002211799091 
0.30163617557936273 0.019415468126381286 0.5249368523445911 0.5247225167347243 0.5234445920817209 0.5205773437301885 0.5158583311632335 0.5091682417017583 0.5036329658640398 0.5008398422174022 0.5006780691791104 0.5011507344166002 0.5049752367745696 0.5135605294680873 0.5208435041669308 0.5248829422491277 0.5301141028031029 0.5374276989647829 0.5562416427009591 0.626590453577955 
0.21812059088579405 0.5844645034084739 0.5249713249185415 0.5246997081014149 0.5234447000168221 0.5205985040647397 0.5158557801407593 0.5097222073826717 0.5036674294454193 0.5007434441324872 0.5004614312132897 0.5011184432930894 0.5066323879009967 0.5135385826342563 0.5208273152370371 0.5249073596440097 0.5301338489709875 0.5374588875386519 0.5562794914573722 0.6266254414500683 
0.18902282596601552 0.23029633798860755 0.5253535955530689 0.524724918909025 0.5234438599486072 0.5205984679904121 0.5158344447453127 0.5092953863358038 0.5036384034088919 0.500841962263672 0.5003695390689499 0.5011416238921388 0.5048157619026781 0.5135588489851143 0.5207882023173682 0.5248932587658193 0.5301142628556278 0.537434940580046 0.5562781592019765 0.6268521443121547 
0.028369762717764063 0.27395419646840835 0.5250139528343515 0.5247207167361028 0.52344436182883 0.5205799097821251 0.515835060340972 0.5092258135540796 0.5033303006393305 0.500840279084349 0.5005199640582687 0.5011739072102056 0.5049766957909486 0.5136101910036626 0.520789959685949 0.524905914435474 0.5301204795436925 0.5372916835740137 0.5562749872153531 0.6272125340306757 
0.9375385476400145 0.11137701533053723 0.5252584495756331 0.5247032554184943 0.5234443467286406 0.520604015871284 0.5158558992886616 0.5092495056715796 0.5036437594318148 0.5008362069484522 0.5007009319112614 0.5011869570850007 0.5075853657795288 0.5137156186771625 0.5207385124768478 0.5248968314136907 0.5301150847927432 0.5374267175025301 0.5562814358761293 0.626858979694264 
0.09999385039651884 0.2664754644325685 0.52543262502164 0.5247213046007513 0.5234437494558687 0.5205802119853216 0.5158327588178249 0.5092267295555123 0.5033407253288927 0.5008561208056592 0.5004559137966872 0.5006594045732289 0.504817640314457 0.5135968734226778 0.5207776633615978 0.5249128234971603 0.5301104977486254 0.5372931328276285 0.5562755006337688 0.6272044450972736 
0.34310420592764357 0.7070648416895802 0.5249674554465377 0.5247692425747532 0.523444374195876 0.5206007372849222 0.5158571252371575 0.5097339641552988 0.5033228608849426 0.5008898094310417 0.5006403046893428 0.5011251766882172 0.5048512775449157 0.5135744753478383 0.5208951126601191 0.5249218198167886 0.5301141805683193 0.5374299861303521 0.5562880147337242 0.6265728060518583 
0.41589575682026914 0.5228445244435388 0.525015934218831 0.5247221780305878 0.5234445001639805 0.5205730850477456 0.515832025171859 0.509215447762876 0.5032936432236338 0.5008318591098913 0.5006817515644897 0.5006419475888478 0.5047439143043687 0.5136873392050707 0.5191907057082461 0.52488792274244 0.5301268883493574 0.5374456660686706 0.5562752689470633 0.6267061924709009 
0.0038308209352209688 0.2664754644325685 0.5249707893753414 0.5247195671121652 0.5234437879693181 0.5205802119853216 0.5158327555609292 0.5092267295555123 0.5033262676660235 0.5008561095265662 0.5004543511068403 0.5006594045732289 0.504817640314457 0.5135968734226778 0.5207807231750603 0.5249128234971603 0.5301104977486254 0.5372931328276285 0.5562755006337688 0.6268537664804877 
0.21317863960191155 0.8554082101577762 0.524973400401464 0.5247309998962316 0.523444512030069 0.5205998884542862 0.5158330095418504 0.5092326769680684 0.5037784559594577 0.5008817252249586 0.500453929699534 0.5011534639078157 0.5056228583245908 0.5143111792802044 0.5209605545941667 0.5249348874258816 0.5301270275632652 0.5374635598984355 0.556339669624422 0.6268422760781929 
0.17414739280848957 0.7282604984471056 0.5248973163187137 0.5246964973455149 0.5234436899948154 0.5205800595195902 0.5158448175834136 0.50922569873271 0.5033307072382605 0.5008396573541771 0.5005171491390716 0.5002720161349467 0.5054560091544642 0.5135434321360852 0.5207461550358997 0.5248954596117702 0.5301203573951111 0.5374336718741496 0.5562773054880749 0.6268220634271152 
0.7631429842418043 0.17452910435098068 0.5250005323858983 0.524702460607226 0.523444525397447 0.5205978425973218 0.5158580128605817 0.5097360547726877 0.5032949398105324 0.5008926857695838 0.5004614802532286 0.500629490798917 0.5054916254764528 0.513708655589487 0.5207178048500491 0.5249124198643637 0.530120460346902 0.5374522924646987 0.5562831634568696 0.626654302459858 
0.3273540174985776 0.2324041908438581 0.525006239132908 0.5247219664180354 0.5234445330666281 0.5205752294553537 0.5158344253285647 0.5097360547726877 0.5032949353902836 0.5008911162693395 0.5004583390469688 0.5002528005253939 0.5076223120095308 0.5137083772641445 0.5207148075653936 0.5249123253898332 0.5301139114114995 0.5374346543026876 0.556280883712233 0.6265869690920661 
0.003308752724931502 0.08723173716030463 0.5250139528343515 0.5246939302078565 0.5234443630732596 0.5205801979102406 0.5158327249395163 0.5092257217772856 0.5033249278224553 0.5008396360027085 0.5005199640582687 0.5011646951848775 0.5049776229016826 0.5136121193791326 0.5207899933010136 0.524899892084602 0.5301204795436925 0.5372916835740137 0.5562749399312077 0.6268535320617132 
0.6808742619483981 0.6877218988585742 0.5252656652129332 0.5247236426376752 0.5234446524709265 0.5206036023672057 0.5158573443497546 0.5097353007024902 0.5033348833845835 0.5008913011346958 0.500752734622988 0.501165327712628 0.5077217557967617 0.5137107425718177 0.5209575542444667 0.5249177301807385 0.5301261039534633 0.5374521351992114 0.556283228300191 0.626828837595243 
