-18530.0 -18930.0 
-18530.0 -18930.0 
-18903.0 -18530.0 
-18903.0 -18530.0 
-18884.0 -18679.0 
-18614.0 -18848.0 
-18642.0 -18836.0 
-18714.0 -18833.0 
-18818.0 -18732.0 
-18853.0 -18717.0 
-18565.0 -18896.0 
-18884.0 -18679.0 
-18565.0 -18896.0 
-18585.0 -18872.0 
-18744.0 -18797.0 
-18853.0 -18717.0 
-18731.0 -18814.0 
-18585.0 -18872.0 
-18728.0 -18826.0 
-18642.0 -18836.0 
-18800.0 -18742.0 
-18757.0 -18788.0 
-18757.0 -18788.0 
-18772.0 -18777.0 
-18800.0 -18742.0 
-18787.0 -18755.0 
-18714.0 -18833.0 
-18787.0 -18755.0 
-18775.0 -18769.0 
-18782.0 -18759.0 
-18772.0 -18777.0 
-18775.0 -18769.0 
-18782.0 -18759.0 
-18757.0 -18788.0 
-18775.0 -18769.0 
-18782.0 -18759.0 
-18775.0 -18769.0 
-18775.0 -18769.0 
-18775.0 -18769.0 
-18775.0 -18769.0 
-18775.0 -18769.0 
-18775.0 -18769.0 
-18775.0 -18769.0 
-18775.0 -18769.0 
-18775.0 -18769.0 
-18775.0 -18769.0 
-18775.0 -18769.0 
-18775.0 -18769.0 
-18775.0 -18769.0 
-18775.0 -18769.0 
-18775.0 -18769.0 
-18775.0 -18769.0 
-18775.0 -18769.0 
-18775.0 -18769.0 
-18775.0 -18769.0 
-18775.0 -18769.0 
-18775.0 -18769.0 
-18775.0 -18769.0 
-18775.0 -18769.0 
-18775.0 -18769.0 
-18757.0 -18788.0 
-18775.0 -18769.0 
-18775.0 -18769.0 
-18775.0 -18769.0 
-18775.0 -18769.0 
-18775.0 -18769.0 
-18775.0 -18769.0 
-18775.0 -18769.0 
-18775.0 -18769.0 
-18775.0 -18769.0 
-18775.0 -18769.0 
-18775.0 -18769.0 
-18775.0 -18769.0 
-18775.0 -18769.0 
-18775.0 -18769.0 
-18775.0 -18769.0 
-18775.0 -18769.0 
-18775.0 -18769.0 
-18775.0 -18769.0 
-18775.0 -18769.0 
-18775.0 -18769.0 
-18775.0 -18769.0 
-18782.0 -18759.0 
-18775.0 -18769.0 
-18775.0 -18769.0 
-18775.0 -18769.0 
-18775.0 -18769.0 
-18775.0 -18769.0 
-18775.0 -18769.0 
-18775.0 -18769.0 
-18782.0 -18759.0 
-18775.0 -18769.0 
-18775.0 -18769.0 
-18775.0 -18769.0 
-18775.0 -18769.0 
-18775.0 -18769.0 
-18775.0 -18769.0 
-18775.0 -18769.0 
-18775.0 -18769.0 
-18775.0 -18769.0 
