-18836.0 -18536.0 
-18550.0 -19096.0 
-18830.0 -18644.0 
-18583.0 -19079.0 
-18616.0 -19072.0 
-18799.0 -18715.0 
-18789.0 -18771.0 
-18727.0 -18852.0 
-18720.0 -18913.0 
-18772.0 -18773.0 
-18809.0 -18688.0 
-18701.0 -18954.0 
-18809.0 -18688.0 
-18751.0 -18824.0 
-18753.0 -18819.0 
-18664.0 -19011.0 
-18753.0 -18819.0 
-18644.0 -19017.0 
-18727.0 -18852.0 
-18671.0 -19001.0 
-18684.0 -18959.0 
-18772.0 -18773.0 
-18706.0 -18921.0 
-18644.0 -19017.0 
-18751.0 -18824.0 
-18675.0 -18973.0 
-18708.0 -18916.0 
-18664.0 -19011.0 
-18677.0 -18967.0 
-18684.0 -18959.0 
-18671.0 -19001.0 
-18720.0 -18913.0 
-18701.0 -18954.0 
-18706.0 -18921.0 
-18675.0 -18973.0 
-18677.0 -18967.0 
-18708.0 -18916.0 
-18632.0 -19027.0 
-18632.0 -19027.0 
-18632.0 -19027.0 
-18629.0 -19020.0 
-18560.0 -19050.0 
-18629.0 -19020.0 
-18625.0 -19023.0 
-18625.0 -19023.0 
-18628.0 -19022.0 
-18628.0 -19022.0 
-18629.0 -19020.0 
-18628.0 -19022.0 
-18628.0 -19022.0 
-18628.0 -19022.0 
-18628.0 -19022.0 
-18628.0 -19022.0 
-18628.0 -19022.0 
-18628.0 -19022.0 
-18628.0 -19022.0 
-18628.0 -19022.0 
-18628.0 -19022.0 
-18628.0 -19022.0 
-18628.0 -19022.0 
-18628.0 -19022.0 
-18628.0 -19022.0 
-18628.0 -19022.0 
-18628.0 -19022.0 
-18628.0 -19022.0 
-18628.0 -19022.0 
-18628.0 -19022.0 
-18628.0 -19022.0 
-18628.0 -19022.0 
-18628.0 -19022.0 
-18628.0 -19022.0 
-18628.0 -19022.0 
-18628.0 -19022.0 
-18628.0 -19022.0 
-18628.0 -19022.0 
-18628.0 -19022.0 
-18628.0 -19022.0 
-18628.0 -19022.0 
-18628.0 -19022.0 
-18628.0 -19022.0 
-18628.0 -19022.0 
-18628.0 -19022.0 
-18628.0 -19022.0 
-18628.0 -19022.0 
-18628.0 -19022.0 
-18628.0 -19022.0 
-18628.0 -19022.0 
-18628.0 -19022.0 
-18628.0 -19022.0 
-18628.0 -19022.0 
-18628.0 -19022.0 
-18628.0 -19022.0 
-18628.0 -19022.0 
-18628.0 -19022.0 
-18628.0 -19022.0 
-18628.0 -19022.0 
-18628.0 -19022.0 
-18628.0 -19022.0 
-18628.0 -19022.0 
-18628.0 -19022.0 
