-18438.0 -19464.0 
-18438.0 -19464.0 
-19369.0 -18354.0 
-19369.0 -18354.0 
-19256.0 -18722.0 
-19348.0 -18461.0 
-18527.0 -19458.0 
-19277.0 -18637.0 
-18594.0 -19406.0 
-19312.0 -18593.0 
-19128.0 -18912.0 
-19128.0 -18912.0 
-18924.0 -19136.0 
-19316.0 -18525.0 
-19327.0 -18489.0 
-19163.0 -18859.0 
-18722.0 -19335.0 
-19199.0 -18807.0 
-19228.0 -18743.0 
-18805.0 -19277.0 
-19023.0 -19047.0 
-19098.0 -18957.0 
-18810.0 -19233.0 
-18629.0 -19392.0 
-19163.0 -18859.0 
-19098.0 -18957.0 
-19207.0 -18760.0 
-19166.0 -18822.0 
-19345.0 -18480.0 
-18969.0 -19068.0 
-19030.0 -19018.0 
-18936.0 -19105.0 
-19292.0 -18631.0 
-18671.0 -19344.0 
-19298.0 -18600.0 
-18865.0 -19202.0 
-19000.0 -19049.0 
-18561.0 -19412.0 
-19081.0 -18977.0 
-18839.0 -19211.0 
-18544.0 -19443.0 
-19214.0 -18745.0 
-18871.0 -19167.0 
-19059.0 -18982.0 
-19316.0 -18525.0 
-18733.0 -19290.0 
-18728.0 -19301.0 
-18890.0 -19159.0 
-19000.0 -19049.0 
-19050.0 -18997.0 
-18817.0 -19221.0 
-18900.0 -19146.0 
-18634.0 -19381.0 
-18658.0 -19376.0 
-18695.0 -19339.0 
-18954.0 -19098.0 
-18790.0 -19279.0 
-18670.0 -19357.0 
-18762.0 -19288.0 
-19174.0 -18818.0 
-18695.0 -19339.0 
-19050.0 -18997.0 
-19277.0 -18637.0 
-18966.0 -19084.0 
-18556.0 -19419.0 
-19030.0 -19018.0 
-18544.0 -19443.0 
-18790.0 -19279.0 
-18837.0 -19213.0 
-19081.0 -18977.0 
-18870.0 -19186.0 
-19207.0 -18760.0 
-18752.0 -19289.0 
-18969.0 -19068.0 
-18954.0 -19098.0 
-18936.0 -19105.0 
-18556.0 -19419.0 
-18762.0 -19288.0 
-19199.0 -18807.0 
-19174.0 -18818.0 
-18816.0 -19226.0 
-18661.0 -19367.0 
-18728.0 -19301.0 
-18966.0 -19084.0 
-18870.0 -19186.0 
-18900.0 -19146.0 
-18631.0 -19390.0 
-19059.0 -18982.0 
-18865.0 -19202.0 
-19298.0 -18600.0 
-18894.0 -19155.0 
-18661.0 -19367.0 
-19292.0 -18631.0 
-18752.0 -19289.0 
-18561.0 -19412.0 
-18894.0 -19155.0 
-18837.0 -19213.0 
-18871.0 -19167.0 
-18658.0 -19376.0 
-18634.0 -19381.0 
