-19344.0 -18453.0 
-19344.0 -18453.0 
-18610.0 -19452.0 
-18610.0 -19452.0 
-19318.0 -18544.0 
-19328.0 -18469.0 
-19243.0 -18762.0 
-19282.0 -18558.0 
-18981.0 -19132.0 
-18845.0 -19288.0 
-19160.0 -18884.0 
-18909.0 -19220.0 
-19251.0 -18716.0 
-19293.0 -18556.0 
-19251.0 -18716.0 
-18645.0 -19434.0 
-19022.0 -19077.0 
-19076.0 -18988.0 
-18800.0 -19324.0 
-19275.0 -18612.0 
-18710.0 -19397.0 
-19265.0 -18664.0 
-19140.0 -18907.0 
-19209.0 -18785.0 
-18684.0 -19398.0 
-18933.0 -19184.0 
-19142.0 -18886.0 
-19111.0 -18929.0 
-18970.0 -19144.0 
-18822.0 -19290.0 
-19181.0 -18831.0 
-19096.0 -18977.0 
-18780.0 -19326.0 
-18808.0 -19306.0 
-19068.0 -19023.0 
-18724.0 -19377.0 
-18917.0 -19196.0 
-19172.0 -18858.0 
-18776.0 -19339.0 
-19000.0 -19112.0 
-18855.0 -19263.0 
-19190.0 -18806.0 
-18754.0 -19355.0 
-18884.0 -19238.0 
-18657.0 -19422.0 
-18956.0 -19148.0 
-18949.0 -19156.0 
-19129.0 -18921.0 
-19172.0 -18858.0 
-18868.0 -19247.0 
-19059.0 -19031.0 
-19187.0 -18829.0 
-18742.0 -19367.0 
-19009.0 -19079.0 
-18821.0 -19305.0 
-18911.0 -19198.0 
-18645.0 -19434.0 
-19243.0 -18762.0 
-19265.0 -18664.0 
-19109.0 -18944.0 
-18754.0 -19355.0 
-19039.0 -19042.0 
-18941.0 -19167.0 
-18889.0 -19234.0 
-19209.0 -18785.0 
-19034.0 -19054.0 
-18855.0 -19263.0 
-19328.0 -18469.0 
-18724.0 -19377.0 
-19002.0 -19095.0 
-19034.0 -19054.0 
-18679.0 -19407.0 
-18936.0 -19170.0 
-19275.0 -18612.0 
-19107.0 -18956.0 
-18868.0 -19247.0 
-18742.0 -19367.0 
-19096.0 -18977.0 
-19318.0 -18544.0 
-19008.0 -19094.0 
-19072.0 -19003.0 
-19050.0 -19036.0 
-19204.0 -18791.0 
-19272.0 -18630.0 
-19272.0 -18630.0 
-18665.0 -19420.0 
-19107.0 -18956.0 
-19129.0 -18921.0 
-19000.0 -19112.0 
-19267.0 -18650.0 
-19204.0 -18791.0 
-18776.0 -19339.0 
-18665.0 -19420.0 
-19045.0 -19037.0 
-19267.0 -18650.0 
-18889.0 -19234.0 
-19072.0 -19003.0 
-18710.0 -19397.0 
-18679.0 -19407.0 
-19190.0 -18806.0 
