-19392.0 -18520.0 
-18544.0 -19476.0 
-19392.0 -18520.0 
-18544.0 -19476.0 
-18621.0 -19433.0 
-19355.0 -18543.0 
-18873.0 -19241.0 
-18559.0 -19447.0 
-18722.0 -19364.0 
-18814.0 -19294.0 
-19351.0 -18590.0 
-19376.0 -18536.0 
-18652.0 -19392.0 
-19299.0 -18675.0 
-18678.0 -19384.0 
-18929.0 -19164.0 
-18820.0 -19259.0 
-19029.0 -19081.0 
-18953.0 -19149.0 
-19142.0 -18929.0 
-18976.0 -19137.0 
-19158.0 -18918.0 
-18621.0 -19433.0 
-19042.0 -19050.0 
-18878.0 -19210.0 
-19279.0 -18737.0 
-19294.0 -18705.0 
-19055.0 -19027.0 
-18545.0 -19451.0 
-19095.0 -18979.0 
-19034.0 -19075.0 
-18725.0 -19342.0 
-18925.0 -19171.0 
-19311.0 -18668.0 
-19329.0 -18614.0 
-19206.0 -18860.0 
-19279.0 -18737.0 
-19138.0 -18946.0 
-19264.0 -18764.0 
-18915.0 -19193.0 
-18843.0 -19245.0 
-18824.0 -19253.0 
-19190.0 -18876.0 
-18779.0 -19318.0 
-18959.0 -19146.0 
-18995.0 -19099.0 
-19049.0 -19043.0 
-18989.0 -19114.0 
-18982.0 -19122.0 
-19324.0 -18637.0 
-19294.0 -18705.0 
-18667.0 -19390.0 
-18652.0 -19392.0 
-18779.0 -19318.0 
-19324.0 -18637.0 
-19003.0 -19092.0 
-19084.0 -19002.0 
-19210.0 -18838.0 
-19088.0 -18993.0 
-19067.0 -19017.0 
-18757.0 -19331.0 
-19128.0 -18956.0 
-19248.0 -18778.0 
-19236.0 -18810.0 
-19073.0 -19012.0 
-19194.0 -18864.0 
-19167.0 -18901.0 
-18800.0 -19304.0 
-18678.0 -19384.0 
-19250.0 -18773.0 
-18757.0 -19331.0 
-18800.0 -19304.0 
-19234.0 -18815.0 
-18559.0 -19447.0 
-19222.0 -18824.0 
-19164.0 -18904.0 
-19335.0 -18605.0 
-19180.0 -18888.0 
-18738.0 -19337.0 
-19264.0 -18764.0 
-18843.0 -19245.0 
-18915.0 -19193.0 
-18888.0 -19209.0 
-19180.0 -18888.0 
-18897.0 -19207.0 
-19119.0 -18968.0 
-18722.0 -19364.0 
-19222.0 -18824.0 
-18897.0 -19207.0 
-19120.0 -18960.0 
-19335.0 -18605.0 
-19311.0 -18668.0 
-18738.0 -19337.0 
-19003.0 -19092.0 
-19351.0 -18590.0 
-19109.0 -18971.0 
-19109.0 -18971.0 
-19236.0 -18810.0 
-19248.0 -18778.0 
-19210.0 -18838.0 
