-19488.0 -18365.0 
-18378.0 -19683.0 
-19488.0 -18365.0 
-18378.0 -19683.0 
-19471.0 -18385.0 
-19468.0 -18496.0 
-18499.0 -19641.0 
-18436.0 -19672.0 
-18949.0 -19277.0 
-19426.0 -18584.0 
-19377.0 -18691.0 
-18436.0 -19672.0 
-19341.0 -18754.0 
-18697.0 -19485.0 
-18586.0 -19598.0 
-18862.0 -19369.0 
-18741.0 -19460.0 
-18917.0 -19280.0 
-18807.0 -19418.0 
-18735.0 -19483.0 
-18773.0 -19447.0 
-19120.0 -19083.0 
-18827.0 -19373.0 
-19389.0 -18629.0 
-18528.0 -19610.0 
-19349.0 -18713.0 
-19096.0 -19086.0 
-18502.0 -19613.0 
-19416.0 -18616.0 
-19259.0 -18866.0 
-19321.0 -18765.0 
-19443.0 -18561.0 
-19275.0 -18835.0 
-19224.0 -18934.0 
-19049.0 -19173.0 
-18616.0 -19583.0 
-19032.0 -19206.0 
-19319.0 -18789.0 
-19224.0 -18934.0 
-18685.0 -19508.0 
-19311.0 -18809.0 
-19012.0 -19213.0 
-19070.0 -19142.0 
-19088.0 -19127.0 
-19161.0 -19020.0 
-19049.0 -19173.0 
-19093.0 -19117.0 
-18906.0 -19305.0 
-19464.0 -18527.0 
-18586.0 -19598.0 
-19192.0 -18990.0 
-19383.0 -18651.0 
-18648.0 -19526.0 
-19350.0 -18698.0 
-18646.0 -19548.0 
-19452.0 -18554.0 
-18657.0 -19514.0 
-19249.0 -18868.0 
-18782.0 -19432.0 
-18528.0 -19610.0 
-19127.0 -19048.0 
-19453.0 -18528.0 
-19139.0 -19022.0 
-18616.0 -19583.0 
-19002.0 -19223.0 
-19133.0 -19028.0 
-19244.0 -18893.0 
-19070.0 -19142.0 
-18819.0 -19397.0 
-18674.0 -19512.0 
-18638.0 -19561.0 
-18976.0 -19245.0 
-19183.0 -18994.0 
-19200.0 -18967.0 
-18967.0 -19252.0 
-19468.0 -18496.0 
-18499.0 -19641.0 
-19311.0 -18809.0 
-19283.0 -18834.0 
-19202.0 -18966.0 
-19283.0 -18834.0 
-19243.0 -18901.0 
-18882.0 -19332.0 
-19002.0 -19223.0 
-18821.0 -19395.0 
-18976.0 -19245.0 
-18874.0 -19346.0 
-18882.0 -19332.0 
-18638.0 -19561.0 
-18899.0 -19309.0 
-19243.0 -18901.0 
-19183.0 -18994.0 
-19383.0 -18651.0 
-18967.0 -19252.0 
-19127.0 -19048.0 
-18874.0 -19346.0 
-19161.0 -19020.0 
-19032.0 -19206.0 
-19202.0 -18966.0 
-19416.0 -18616.0 
