-18472.0 -19667.0 
-19625.0 -17906.0 
-18472.0 -19667.0 
-19606.0 -18102.0 
-19410.0 -18677.0 
-19590.0 -18185.0 
-19144.0 -19111.0 
-19448.0 -18618.0 
-18833.0 -19453.0 
-18701.0 -19537.0 
-18981.0 -19296.0 
-19365.0 -18683.0 
-18551.0 -19643.0 
-19492.0 -18536.0 
-19448.0 -18618.0 
-19308.0 -18851.0 
-19571.0 -18188.0 
-18869.0 -19372.0 
-19528.0 -18343.0 
-19609.0 -18008.0 
-18491.0 -19661.0 
-19146.0 -19050.0 
-18707.0 -19491.0 
-19052.0 -19219.0 
-19515.0 -18444.0 
-19480.0 -18548.0 
-19275.0 -18864.0 
-18733.0 -19490.0 
-19225.0 -18960.0 
-19520.0 -18383.0 
-19567.0 -18256.0 
-19195.0 -18965.0 
-19231.0 -18935.0 
-18927.0 -19347.0 
-18784.0 -19464.0 
-18596.0 -19606.0 
-19179.0 -19030.0 
-18863.0 -19403.0 
-19563.0 -18259.0 
-19249.0 -18917.0 
-18906.0 -19364.0 
-19019.0 -19233.0 
-19612.0 -17956.0 
-19515.0 -18444.0 
-18929.0 -19320.0 
-19169.0 -19035.0 
-19552.0 -18333.0 
-19358.0 -18758.0 
-19252.0 -18891.0 
-19516.0 -18408.0 
-18947.0 -19307.0 
-18994.0 -19261.0 
-19074.0 -19173.0 
-19265.0 -18872.0 
-18663.0 -19548.0 
-19480.0 -18548.0 
-19312.0 -18814.0 
-18620.0 -19570.0 
-18863.0 -19403.0 
-18766.0 -19467.0 
-18570.0 -19624.0 
-19091.0 -19153.0 
-18833.0 -19453.0 
-19609.0 -18008.0 
-19612.0 -17956.0 
-19553.0 -18311.0 
-18601.0 -19579.0 
-19113.0 -19139.0 
-18643.0 -19552.0 
-19189.0 -18988.0 
-19360.0 -18722.0 
-19113.0 -19139.0 
-19492.0 -18536.0 
-18551.0 -19643.0 
-18570.0 -19624.0 
-18491.0 -19661.0 
-19324.0 -18788.0 
-19361.0 -18713.0 
-19336.0 -18786.0 
-19075.0 -19162.0 
-19317.0 -18804.0 
-19061.0 -19203.0 
-18663.0 -19548.0 
-18906.0 -19364.0 
-18784.0 -19464.0 
-18947.0 -19307.0 
-19189.0 -18988.0 
-18752.0 -19474.0 
-19553.0 -18311.0 
-18632.0 -19567.0 
-18752.0 -19474.0 
-19061.0 -19203.0 
-19336.0 -18786.0 
-18598.0 -19589.0 
-19014.0 -19234.0 
-18993.0 -19265.0 
-18634.0 -19555.0 
-19014.0 -19234.0 
-19358.0 -18758.0 
-19100.0 -19143.0 
