-18211.0 -19841.0 
-19409.0 -18632.0 
-19409.0 -18632.0 
-18211.0 -19841.0 
-19355.0 -18766.0 
-19181.0 -19016.0 
-19047.0 -19215.0 
-18264.0 -19836.0 
-19366.0 -18690.0 
-19280.0 -18881.0 
-18705.0 -19568.0 
-19301.0 -18812.0 
-18406.0 -19765.0 
-19218.0 -18993.0 
-18557.0 -19659.0 
-18784.0 -19469.0 
-19057.0 -19175.0 
-19258.0 -18944.0 
-18268.0 -19814.0 
-19371.0 -18662.0 
-19295.0 -18863.0 
-18982.0 -19264.0 
-18549.0 -19689.0 
-18969.0 -19279.0 
-18303.0 -19809.0 
-18611.0 -19617.0 
-19015.0 -19260.0 
-18966.0 -19311.0 
-18343.0 -19783.0 
-19081.0 -19148.0 
-18583.0 -19651.0 
-18806.0 -19456.0 
-19224.0 -18958.0 
-18893.0 -19385.0 
-18665.0 -19589.0 
-18724.0 -19524.0 
-18751.0 -19496.0 
-18457.0 -19725.0 
-18812.0 -19441.0 
-18838.0 -19437.0 
-18749.0 -19522.0 
-19075.0 -19174.0 
-19135.0 -19080.0 
-19100.0 -19141.0 
-18514.0 -19699.0 
-18872.0 -19391.0 
-19028.0 -19231.0 
-19339.0 -18775.0 
-18711.0 -19537.0 
-18407.0 -19744.0 
-19157.0 -19060.0 
-19170.0 -19038.0 
-19336.0 -18795.0 
-18331.0 -19798.0 
-18485.0 -19712.0 
-19141.0 -19066.0 
-18485.0 -19712.0 
-18370.0 -19779.0 
-18370.0 -19779.0 
-18860.0 -19400.0 
-19280.0 -18881.0 
-18839.0 -19417.0 
-18944.0 -19315.0 
-19234.0 -18953.0 
-18514.0 -19699.0 
-18315.0 -19799.0 
-18656.0 -19602.0 
-19126.0 -19101.0 
-19366.0 -18690.0 
-18453.0 -19731.0 
-18849.0 -19408.0 
-19326.0 -18807.0 
-18706.0 -19554.0 
-18934.0 -19318.0 
-18768.0 -19488.0 
-18595.0 -19641.0 
-19168.0 -19048.0 
-19371.0 -18662.0 
-18428.0 -19734.0 
-19126.0 -19101.0 
-19254.0 -18949.0 
-19108.0 -19126.0 
-19108.0 -19126.0 
-18423.0 -19735.0 
-18630.0 -19614.0 
-18911.0 -19348.0 
-18901.0 -19365.0 
-18665.0 -19589.0 
-18630.0 -19614.0 
-19028.0 -19231.0 
-19218.0 -18993.0 
-18925.0 -19332.0 
-19258.0 -18944.0 
-18595.0 -19641.0 
-18911.0 -19348.0 
-18925.0 -19332.0 
-18901.0 -19365.0 
-18768.0 -19488.0 
-19295.0 -18863.0 
-18656.0 -19602.0 
