0.0	3.5425813379832403
1.2772101108431466E-8	3.5254107554611576
1.4964729692726668E-6	3.5207442236937605
4.3803271076900115E-4	3.5203752300524265
0.0	3.543481345425861
9.444199995669389E-8	3.541092453909049
1.7313247738433175E-6	3.5338518008268403
4.3803271076900115E-4	3.5253434804664012
0.0017877429815850118	3.521652026602093
0.0	3.546405686424868
1.434206035318576E-7	3.544503280069426
2.1772795981237496E-6	3.535084830283658
0.041306264235236784	3.52590420139837
0.0	3.547076673123145
8.965967175677186E-7	3.545725733685814
1.740638369572995E-6	3.5455849336262886
1.740638369572995E-6	3.5455849336262886
2.863082338474199E-6	3.5437474342008257
1.1257041572354347E-4	3.5412158996914638
4.1667065831294464E-4	3.540846881021591
0.001818099298193467	3.5366487816675654
0.0	3.547802392623229
2.399605757056158E-7	3.5471023855513075
5.171520031019674E-5	3.545451251359771
1.1298775732104078E-4	3.542144966323275
0.001818099298193467	3.540588767253768
0.0	3.547842701554983
1.4104410460491685E-4	3.544886491293127
4.1667065831294464E-4	3.5444038018077046
6.267313166018982E-4	3.5421920754283147
0.024182042902127908	3.5420509464001935
0.0	3.548283018468014
0.0	3.548283018468014
1.7058075845572524E-4	3.546772797818195
0.001461420206144731	3.5453624040607794
0.002011843922409313	3.545274188226779
0.024182042902127908	3.543665192649708
0.0	3.549756482679638
8.965967175677186E-7	3.5491359406043865
1.740638369572995E-6	3.548491184943645
1.740638369572995E-6	3.548491184943645
3.0219749183975523E-6	3.548489360583685
0.002011843922409313	3.5469229652811687
0.023409331665756816	3.546046565943478
0.041289135685175955	3.544927325273459
0.0	3.5508215710024333
1.434206035318576E-7	3.549851902719657
2.1772795981237496E-6	3.548749172577719
2.863082338474199E-6	3.5486661702880893
0.0032131692007434194	3.5485488942364047
0.03461641231182408	3.548368551479222
0.041289135685175955	3.5453017425145883
0.0	3.550822448252076
0.0	3.550822448252076
5.0051760123612254E-6	3.5489550857466177
4.166486741338019E-4	3.548760299170759
4.166486741338019E-4	3.548760299170759
0.021905488167954047	3.5487140418530196
0.021905488167954047	3.5487140418530196
0.024446119223637198	3.548647128447199
0.041289135685175955	3.545714954696902
0.041289135685175955	3.545714954696902
0.0	3.551160302622631
1.016642592694428E-4	3.5502112373423884
0.0032131692007434194	3.5489040775107172
0.04201522295942802	3.5460816222383422
0.0	3.5513274842916323
0.0	3.5513274842916323
3.0219749183975523E-6	3.5512648224137466
1.279176230443884E-4	3.5502759868277436
1.7058075845572524E-4	3.550241458071983
1.705807584535048E-4	3.550241458071983
1.705807584535048E-4	3.550241458071983
0.006786380099565811	3.549836443671358
0.006786380099565811	3.549836443671358
0.03449309277668278	3.549315593108984
0.04547962704870514	3.547908290308811
0.0	3.5514444776454988
0.0	3.5514444776454988
0.0	3.5514444776454988
1.7059659575185116E-4	3.5507205781168705
0.0017344268843913538	3.5505004236968536
0.04258027322749928	3.549594222590058
0.06179321225348951	3.549138789050833
0.06742279629314363	3.5481534053616985
0.0	3.552610278531646
1.434206035318576E-7	3.551911080685445
2.5824877232055927E-4	3.5512226747808904
0.003239413946845173	3.5505498966359523
0.0659760862249848	3.550151050751504
0.06742279629314363	3.5490212150941356
3.1900372998076786E-15	3.553118440487567
0.0	3.558281711673489
1.0716045979754533E-5	3.55244438657209
2.8607020308302916E-4	3.5512871918202067
0.026321154721739848	3.5511717902573676
0.02669286306986881	3.5510111363623755
0.0	3.5603817537975475
0.003239413946845173	3.551306202367325
0.0017344268843913538	3.552396001365721
