9.869668961857117E-17	5.049332416928086
0.0	5.48668500523542
1.343345222945497E-14	5.028755898254223
0.0	5.0923265711348025
8.489867407130434E-15	5.087991550248816
2.572890128887095E-15	5.103857188034512
7.873814999963999E-16	5.368109658980381
0.0	70.07789365410697
4.4302735861977514E-16	7.147189501022409
1.457788116769814E-16	20.044618916206442
0.0	27.918417883571237
4.973734159464922E-15	5.071521361422175
4.4302735861977514E-16	5.074701503596306
9.869668961857117E-17	5.090810791438743
0.0	5.094916246012063
1.2166266945542298E-13	5.071461492214096
1.1988631261602273E-13	5.07148550723485
5.299054918890849E-15	5.10441091508199
4.988805026128001E-15	66.30433481180452
0.0	138.33647229313215
5.2572840544588905E-15	5.107311101090828
2.160216374500643E-15	6.471196299366339
4.4302735861977514E-16	22.668817152895247
0.0	55.6096976179699
4.4302735861977514E-16	5.0787823061220205
9.869668961857117E-17	5.099200097118741
0.0	5.0996255300073745
5.3579443591948434E-14	5.074686616782842
3.710384599609682E-12	5.07273131507628
3.710384599609682E-12	5.07273131507628
6.556080319506906E-15	5.113549585097279
1.0749692082013069E-14	5.1062094269078315
8.489867407130434E-15	5.11193345620416
7.873814999963999E-16	27.078805814982697
4.4302735861977514E-16	5.080381149884876
9.869668961857117E-17	5.100387226973033
5.441669312438105E-17	5.100540610082579
0.0	5.105610437502782
3.705666151755025E-12	5.077424818512164
3.233795446190796E-4	5.074460248815597
8.489867407130434E-15	5.087991550248816
4.4302735861977514E-16	5.088747586372794
0.0	5.1059863336219085
0.0	5.1059863336219085
1.2467456171671216E-13	5.085920592368987
1.8947908946947298E-13	5.081456239688258
8.027583447423283E-6	5.0808179723409825
3.233795446190796E-4	5.07883301774189
5.299054918890849E-15	5.089370344129017
4.988805026128001E-15	5.094118871744758
7.873814999963999E-16	5.096204959201235
0.0	5.10665303211896
2.169062743105279E-13	5.0837325002206795
0.005236032449877914	5.080062391129864
9.650338149993562E-15	5.099403643272201
1.626177656994565E-15	5.101507607456996
1.626177656994565E-15	5.101507607456996
0.0	5.107065133572397
3.3596924825306155E-14	5.0900127472975
3.346850910768526E-14	5.093563110353379
2.1712751637071762E-13	5.085776442175031
1.626177656994565E-15	5.101657449841892
9.869668961857117E-17	5.108614059377023
5.441669312438105E-17	5.11056033013875
5.441669312438105E-17	5.11056033013875
0.0	5.112664934184933
1.2285054061536828E-13	5.092797400258643
1.2180581639744898E-13	5.095613207485517
1.2166266945542298E-13	5.10147156132394
2.1712751637071762E-13	5.092034438935957
2.2968506545927376E-13	5.087213418053271
2.2842579724804464E-13	5.088014481242567
9.611370363030295E-15	5.104322206939643
5.058354232046567E-15	5.105684267712908
2.5457409859965728E-15	5.106403863498658
1.626177656994565E-15	5.108738002780188
2.6971470488590797E-16	5.109646052123492
0.0	5.1157211597052825
6.906980453782865E-14	5.103268970818557
1.250437040607881E-13	5.101154365698294
1.2166266945542298E-13	5.102167559475173
2.2968506545927376E-13	5.08757525406538
2.2842579724804464E-13	5.089880501120809
2.2820180918367804E-13	5.09991477843495
2.2820180918367804E-13	5.09991477843495
5.2572840544588905E-15	5.10625889483136
4.877880046657958E-15	5.11511784521345
2.160216374500643E-15	5.115448934373984
7.873814999963999E-16	5.115521151004438
0.0	5.115869843574515
1.2166266945542298E-13	5.102833631993207
2.3543422307628855E-13	5.102299657119002
4.887394267524032E-13	5.101728969872356
3.8505830655386755E-12	5.092850317171385
2.6908616133010117E-4	5.091176388272526
0.015580712406001994	5.090763105793171
0.004364409235820282	5.101503873645456
0.0	5.120561167402442
3.6278322078102183E-12	5.1017603550064035
6.556080319506906E-15	5.112994480633202
