-18935.0 -19004.0 
-18397.0 -19471.0 
-18935.0 -19004.0 
-18397.0 -19471.0 
-18871.0 -19020.0 
-18448.0 -19460.0 
-18658.0 -19309.0 
-18516.0 -19394.0 
-18613.0 -19316.0 
-18794.0 -19197.0 
-18800.0 -19154.0 
-18688.0 -19248.0 
-18868.0 -19069.0 
-18677.0 -19293.0 
-18574.0 -19351.0 
-18544.0 -19380.0 
-18466.0 -19442.0 
-18680.0 -19285.0 
-18466.0 -19442.0 
-18818.0 -19145.0 
-18862.0 -19070.0 
-18848.0 -19109.0 
-18591.0 -19342.0 
-18544.0 -19380.0 
-18848.0 -19109.0 
-18493.0 -19404.0 
-18489.0 -19417.0 
-18849.0 -19102.0 
-18566.0 -19363.0 
-18818.0 -19145.0 
-18744.0 -19221.0 
-18489.0 -19417.0 
-18776.0 -19201.0 
-18710.0 -19247.0 
-18728.0 -19236.0 
-18566.0 -19363.0 
-18750.0 -19212.0 
-18603.0 -19326.0 
-18871.0 -19020.0 
-18849.0 -19102.0 
-18767.0 -19202.0 
-18734.0 -19227.0 
-18717.0 -19239.0 
-18816.0 -19148.0 
-18598.0 -19336.0 
-18767.0 -19202.0 
-18750.0 -19212.0 
-18680.0 -19285.0 
-18603.0 -19326.0 
-18493.0 -19404.0 
-18862.0 -19070.0 
-18800.0 -19154.0 
-18734.0 -19227.0 
-18598.0 -19336.0 
-18794.0 -19197.0 
-18717.0 -19239.0 
-18688.0 -19248.0 
-18816.0 -19148.0 
-18710.0 -19247.0 
-18868.0 -19069.0 
-18397.0 -19471.0 
-18466.0 -19442.0 
-18544.0 -19380.0 
-18818.0 -19145.0 
-18489.0 -19417.0 
-18849.0 -19102.0 
-18750.0 -19212.0 
-18493.0 -19404.0 
-18862.0 -19070.0 
-18734.0 -19227.0 
-18598.0 -19336.0 
-18794.0 -19197.0 
-18717.0 -19239.0 
-18688.0 -19248.0 
-18816.0 -19148.0 
-18868.0 -19069.0 
-18544.0 -19380.0 
-18868.0 -19069.0 
-18493.0 -19404.0 
-18816.0 -19148.0 
-18818.0 -19145.0 
-18818.0 -19145.0 
-18794.0 -19197.0 
-18816.0 -19148.0 
-18818.0 -19145.0 
-18818.0 -19145.0 
-18493.0 -19404.0 
-18816.0 -19148.0 
-18868.0 -19069.0 
-18688.0 -19248.0 
-18818.0 -19145.0 
-18816.0 -19148.0 
-18717.0 -19239.0 
-18489.0 -19417.0 
-18818.0 -19145.0 
-18493.0 -19404.0 
-18794.0 -19197.0 
-18717.0 -19239.0 
-18818.0 -19145.0 
-18818.0 -19145.0 
