6.641524176891124356e-03
5.077644378346795814e-03
5.572612489305676063e-03
3.615296617872364431e-03
3.965356815220325883e-03
1.524623929768720689e-03
5.687318048905690496e-03
4.770721537179303980e-03
3.147830568946481406e-03
5.462584473920749362e-03
1.467555539114458532e-03
3.722109040627354266e-03
5.881425877344498288e-03
6.712297457921906005e-03
4.785115685592194502e-03
7.099512885320556979e-03
5.969330956145534398e-03
5.450000643402994061e-03
3.237748322891685539e-03
6.904522192676873331e-03
3.945215875090810759e-03
4.591234112199894801e-03
2.969989261641206666e-03
6.499392029918334840e-03
5.820681096160327389e-03
4.479487578553145374e-03
7.024545268118157111e-03
3.125607985341828828e-03
1.065804018150048882e-02
5.028246832992379171e-03
5.298047206995717615e-03
