-19176.0 -18885.0 
-19176.0 -18885.0 
-18427.0 -19595.0 
-18427.0 -19595.0 
-18990.0 -19181.0 
-18467.0 -19564.0 
-19115.0 -19008.0 
-19150.0 -18939.0 
-18659.0 -19504.0 
-19073.0 -19087.0 
-18461.0 -19594.0 
-18506.0 -19563.0 
-18625.0 -19517.0 
-19131.0 -18955.0 
-19173.0 -18916.0 
-19025.0 -19154.0 
-18542.0 -19541.0 
-19085.0 -19044.0 
-18625.0 -19517.0 
-18665.0 -19470.0 
-18577.0 -19534.0 
-18900.0 -19300.0 
-19050.0 -19108.0 
-18744.0 -19416.0 
-18957.0 -19216.0 
-18845.0 -19338.0 
-18842.0 -19359.0 
-18928.0 -19268.0 
-18780.0 -19385.0 
-19050.0 -19108.0 
-18542.0 -19541.0 
-18733.0 -19426.0 
-18704.0 -19460.0 
-18948.0 -19239.0 
-19051.0 -19093.0 
-18934.0 -19246.0 
-18506.0 -19563.0 
-19134.0 -18951.0 
-18911.0 -19272.0 
-18822.0 -19373.0 
-18900.0 -19300.0 
-19094.0 -19018.0 
-18572.0 -19537.0 
-19019.0 -19157.0 
-19019.0 -19157.0 
-18984.0 -19204.0 
-18880.0 -19322.0 
-18802.0 -19376.0 
-18865.0 -19335.0 
-18681.0 -19464.0 
-18774.0 -19403.0 
-19025.0 -19154.0 
-18764.0 -19410.0 
-19173.0 -18916.0 
-19085.0 -19044.0 
-19115.0 -19008.0 
-18802.0 -19376.0 
-18723.0 -19445.0 
-18880.0 -19322.0 
-18977.0 -19208.0 
-18704.0 -19460.0 
-18822.0 -19373.0 
-18577.0 -19534.0 
-18723.0 -19445.0 
-18730.0 -19440.0 
-19131.0 -18955.0 
-18681.0 -19464.0 
-18659.0 -19504.0 
-19092.0 -19030.0 
-19073.0 -19087.0 
-18842.0 -19359.0 
-18872.0 -19326.0 
-18957.0 -19216.0 
-19092.0 -19030.0 
-18948.0 -19239.0 
-18764.0 -19410.0 
-18780.0 -19385.0 
-18977.0 -19208.0 
-18917.0 -19269.0 
-18911.0 -19272.0 
-18774.0 -19403.0 
-18934.0 -19246.0 
-19094.0 -19018.0 
-18665.0 -19470.0 
-18872.0 -19326.0 
-18984.0 -19204.0 
-18865.0 -19335.0 
-18572.0 -19537.0 
-18730.0 -19440.0 
-19051.0 -19093.0 
-18461.0 -19594.0 
-18917.0 -19269.0 
-18845.0 -19338.0 
-19115.0 -19008.0 
-18842.0 -19359.0 
-18780.0 -19385.0 
-18774.0 -19403.0 
-19051.0 -19093.0 
-18774.0 -19403.0 
-18780.0 -19385.0 
