3.499139391627167917e-02
1.414534425311577553e-02
1.585780656811356997e-03
1.238061715830012649e-02
9.161464389980362999e-02
1.170601945134968208e-01
7.401393901261343888e-02
2.937925689665399744e-04
1.391275690355626158e-03
4.509713744406873212e-04
8.775826297533489972e-02
7.033859997859388813e-03
8.328928749939062959e-02
4.888005833405964853e-04
1.620568031482795199e-02
1.299850442641647431e-02
4.827004593692805351e-02
5.364649603437174341e-02
7.107819843403101467e-02
4.419150043499271013e-02
3.106925061122024073e-02
1.782244436372253382e-01
9.892282263721490897e-04
4.671811230691215802e-03
1.306179279547563798e-01
4.778690475627320015e-03
5.860818499748025358e-03
6.095796702329378536e-02
1.685465061946838650e-01
7.555823210038043088e-03
2.568826778205860611e-04
