-18439.0 -19380.0 
-19034.0 -18742.0 
-19034.0 -18742.0 
-18439.0 -19380.0 
-18494.0 -19357.0 
-18859.0 -19036.0 
-18968.0 -18896.0 
-18514.0 -19333.0 
-18797.0 -19118.0 
-18848.0 -19054.0 
-18698.0 -19227.0 
-18875.0 -19005.0 
-18983.0 -18858.0 
-18494.0 -19357.0 
-18537.0 -19328.0 
-18880.0 -18981.0 
-18948.0 -18902.0 
-18983.0 -18858.0 
-18798.0 -19089.0 
-18577.0 -19302.0 
-19020.0 -18785.0 
-18866.0 -19012.0 
-18775.0 -19137.0 
-18678.0 -19237.0 
-18928.0 -18927.0 
-18727.0 -19163.0 
-18618.0 -19261.0 
-18643.0 -19247.0 
-18995.0 -18802.0 
-19022.0 -18768.0 
-18754.0 -19158.0 
-18679.0 -19229.0 
-18780.0 -19127.0 
-18709.0 -19201.0 
-19022.0 -18768.0 
-18552.0 -19307.0 
-18913.0 -18940.0 
-18514.0 -19333.0 
-18662.0 -19243.0 
-18637.0 -19259.0 
-18775.0 -19137.0 
-18931.0 -18911.0 
-18722.0 -19172.0 
-18754.0 -19158.0 
-18990.0 -18836.0 
-18747.0 -19161.0 
-18577.0 -19302.0 
-18595.0 -19292.0 
-18990.0 -18836.0 
-18913.0 -18940.0 
-18617.0 -19269.0 
-18595.0 -19292.0 
-18607.0 -19287.0 
-18889.0 -18977.0 
-18718.0 -19187.0 
-19002.0 -18799.0 
-18968.0 -18896.0 
-18825.0 -19056.0 
-19002.0 -18799.0 
-18662.0 -19243.0 
-18542.0 -19308.0 
-18901.0 -18959.0 
-18992.0 -18819.0 
-18992.0 -18819.0 
-18903.0 -18951.0 
-18806.0 -19077.0 
-18642.0 -19253.0 
-18896.0 -18964.0 
-18833.0 -19055.0 
-18611.0 -19277.0 
-18819.0 -19062.0 
-18812.0 -19072.0 
-18928.0 -18927.0 
-19020.0 -18785.0 
-18709.0 -19201.0 
-18552.0 -19307.0 
-18866.0 -19012.0 
-18726.0 -19170.0 
-18780.0 -19127.0 
-18718.0 -19187.0 
-18541.0 -19318.0 
-18698.0 -19227.0 
-18940.0 -18906.0 
-18940.0 -18906.0 
-18806.0 -19077.0 
-18819.0 -19062.0 
-18903.0 -18951.0 
-18798.0 -19089.0 
-18812.0 -19072.0 
-18896.0 -18964.0 
-18611.0 -19277.0 
-18711.0 -19197.0 
-18889.0 -18977.0 
-18711.0 -19197.0 
-18541.0 -19318.0 
-18797.0 -19118.0 
-18833.0 -19055.0 
-18747.0 -19161.0 
-18607.0 -19287.0 
-18931.0 -18911.0 
