-19097.0 -18701.0 
-18088.0 -19469.0 
-19097.0 -18701.0 
-18203.0 -19467.0 
-18519.0 -19354.0 
-18392.0 -19424.0 
-18314.0 -19445.0 
-18461.0 -19355.0 
-18829.0 -19096.0 
-19070.0 -18754.0 
-18265.0 -19463.0 
-18835.0 -19065.0 
-18990.0 -18890.0 
-18924.0 -18938.0 
-18868.0 -19045.0 
-18920.0 -18972.0 
-18742.0 -19183.0 
-18203.0 -19467.0 
-18314.0 -19445.0 
-18991.0 -18853.0 
-19043.0 -18775.0 
-19038.0 -18804.0 
-18720.0 -19184.0 
-18277.0 -19453.0 
-18744.0 -19151.0 
-18539.0 -19327.0 
-18788.0 -19110.0 
-18623.0 -19261.0 
-18698.0 -19209.0 
-18432.0 -19392.0 
-18963.0 -18914.0 
-18450.0 -19374.0 
-18559.0 -19296.0 
-18868.0 -19045.0 
-18648.0 -19223.0 
-18684.0 -19212.0 
-18552.0 -19316.0 
-18883.0 -19016.0 
-18575.0 -19280.0 
-18593.0 -19277.0 
-18883.0 -19016.0 
-18751.0 -19137.0 
-19052.0 -18771.0 
-18399.0 -19405.0 
-18884.0 -18998.0 
-18897.0 -18988.0 
-19006.0 -18841.0 
-18940.0 -18933.0 
-18964.0 -18895.0 
-18450.0 -19374.0 
-18392.0 -19424.0 
-18539.0 -19327.0 
-18411.0 -19395.0 
-18897.0 -18988.0 
-18593.0 -19277.0 
-19070.0 -18754.0 
-19016.0 -18809.0 
-18835.0 -19065.0 
-18788.0 -19110.0 
-19019.0 -18806.0 
-18684.0 -19212.0 
-18944.0 -18926.0 
-18559.0 -19296.0 
-18775.0 -19115.0 
-18628.0 -19248.0 
-19059.0 -18759.0 
-18762.0 -19136.0 
-18623.0 -19261.0 
-19011.0 -18825.0 
-19011.0 -18825.0 
-18698.0 -19209.0 
-18920.0 -18972.0 
-18829.0 -19096.0 
-18648.0 -19223.0 
-18720.0 -19184.0 
-18277.0 -19453.0 
-18628.0 -19248.0 
-18432.0 -19392.0 
-18552.0 -19316.0 
-19006.0 -18841.0 
-18638.0 -19235.0 
-18744.0 -19151.0 
-18399.0 -19405.0 
-18575.0 -19280.0 
-18944.0 -18926.0 
-18639.0 -19227.0 
-18972.0 -18894.0 
-18768.0 -19130.0 
-18638.0 -19235.0 
-18265.0 -19463.0 
-18963.0 -18914.0 
-18991.0 -18853.0 
-18411.0 -19395.0 
-18774.0 -19120.0 
-18884.0 -18998.0 
-18768.0 -19130.0 
-19059.0 -18759.0 
-18972.0 -18894.0 
-18774.0 -19120.0 
-18461.0 -19355.0 
