-19020.0 -18719.0 
-18333.0 -19359.0 
-18333.0 -19359.0 
-19020.0 -18719.0 
-18985.0 -18821.0 
-18737.0 -19197.0 
-18918.0 -18966.0 
-18673.0 -19203.0 
-18500.0 -19330.0 
-18419.0 -19337.0 
-18934.0 -18891.0 
-18641.0 -19248.0 
-18748.0 -19154.0 
-18336.0 -19346.0 
-18615.0 -19279.0 
-18934.0 -18891.0 
-18389.0 -19341.0 
-18785.0 -19114.0 
-18890.0 -18971.0 
-18938.0 -18851.0 
-18785.0 -19114.0 
-18951.0 -18826.0 
-18517.0 -19308.0 
-18770.0 -19138.0 
-18585.0 -19280.0 
-18816.0 -19082.0 
-18551.0 -19299.0 
-18985.0 -18821.0 
-18946.0 -18839.0 
-18840.0 -19018.0 
-18419.0 -19337.0 
-18839.0 -19042.0 
-18389.0 -19341.0 
-18816.0 -19082.0 
-18665.0 -19221.0 
-18573.0 -19292.0 
-18770.0 -19138.0 
-18551.0 -19299.0 
-18877.0 -18994.0 
-18871.0 -19005.0 
-18748.0 -19154.0 
-18615.0 -19279.0 
-18854.0 -19008.0 
-18642.0 -19230.0 
-18877.0 -18994.0 
-18829.0 -19047.0 
-18852.0 -19017.0 
-18918.0 -18966.0 
-18507.0 -19321.0 
-18821.0 -19059.0 
-18649.0 -19226.0 
-18507.0 -19321.0 
-18517.0 -19308.0 
-18573.0 -19292.0 
-18890.0 -18971.0 
-18737.0 -19197.0 
-18938.0 -18851.0 
-18821.0 -19059.0 
-18817.0 -19071.0 
-18500.0 -19330.0 
-18817.0 -19071.0 
-18665.0 -19221.0 
-18829.0 -19047.0 
-18585.0 -19280.0 
-18649.0 -19226.0 
-18951.0 -18826.0 
-18871.0 -19005.0 
-18336.0 -19346.0 
-18839.0 -19042.0 
-18642.0 -19230.0 
-18854.0 -19008.0 
-18852.0 -19017.0 
-18840.0 -19018.0 
-19020.0 -18719.0 
-18934.0 -18891.0 
-18785.0 -19114.0 
-18419.0 -19337.0 
-18816.0 -19082.0 
-18770.0 -19138.0 
-18551.0 -19299.0 
-18748.0 -19154.0 
-18918.0 -18966.0 
-18507.0 -19321.0 
-18517.0 -19308.0 
-18573.0 -19292.0 
-18890.0 -18971.0 
-18737.0 -19197.0 
-18938.0 -18851.0 
-18821.0 -19059.0 
-18642.0 -19230.0 
-18615.0 -19279.0 
-18500.0 -19330.0 
-18817.0 -19071.0 
-18665.0 -19221.0 
-18829.0 -19047.0 
-18585.0 -19280.0 
-18649.0 -19226.0 
-18951.0 -18826.0 
-18748.0 -19154.0 
-18500.0 -19330.0 
