-18352.0 -19438.0 
-18352.0 -19438.0 
-19121.0 -18654.0 
-18851.0 -19158.0 
-18480.0 -19401.0 
-18678.0 -19317.0 
-18413.0 -19416.0 
-18532.0 -19381.0 
-19041.0 -18831.0 
-19086.0 -18689.0 
-19007.0 -18868.0 
-18859.0 -19106.0 
-18799.0 -19186.0 
-19081.0 -18774.0 
-18480.0 -19401.0 
-18899.0 -19071.0 
-19081.0 -18774.0 
-19085.0 -18746.0 
-18683.0 -19276.0 
-19041.0 -18831.0 
-18806.0 -19180.0 
-18413.0 -19416.0 
-18762.0 -19206.0 
-18901.0 -19028.0 
-18637.0 -19319.0 
-19021.0 -18843.0 
-18965.0 -18935.0 
-18378.0 -19430.0 
-18927.0 -19022.0 
-18544.0 -19352.0 
-18880.0 -19084.0 
-18378.0 -19430.0 
-18957.0 -18945.0 
-18994.0 -18919.0 
-18689.0 -19271.0 
-18742.0 -19234.0 
-19104.0 -18668.0 
-18947.0 -18957.0 
-18720.0 -19254.0 
-18998.0 -18893.0 
-18880.0 -19084.0 
-18611.0 -19324.0 
-18762.0 -19206.0 
-19104.0 -18668.0 
-18532.0 -19381.0 
-18937.0 -18984.0 
-18851.0 -19158.0 
-18859.0 -19106.0 
-18597.0 -19331.0 
-18704.0 -19258.0 
-18749.0 -19218.0 
-18806.0 -19180.0 
-18998.0 -18893.0 
-19085.0 -18746.0 
-18637.0 -19319.0 
-18742.0 -19234.0 
-18933.0 -18999.0 
-18720.0 -19254.0 
-19021.0 -18843.0 
-18980.0 -18924.0 
-18937.0 -18984.0 
-18907.0 -19025.0 
-18947.0 -18957.0 
-19086.0 -18689.0 
-18933.0 -18999.0 
-18980.0 -18924.0 
-18558.0 -19348.0 
-18704.0 -19258.0 
-18611.0 -19324.0 
-18749.0 -19218.0 
-18597.0 -19331.0 
-18544.0 -19352.0 
-18899.0 -19071.0 
-18927.0 -19022.0 
-18907.0 -19025.0 
-18994.0 -18919.0 
-18678.0 -19317.0 
-18558.0 -19348.0 
-18901.0 -19028.0 
-19081.0 -18774.0 
-18378.0 -19430.0 
-18880.0 -19084.0 
-19085.0 -18746.0 
-19086.0 -18689.0 
-18980.0 -18924.0 
-18749.0 -19218.0 
-18544.0 -19352.0 
-18558.0 -19348.0 
-18749.0 -19218.0 
-19085.0 -18746.0 
-18749.0 -19218.0 
-18544.0 -19352.0 
-19085.0 -18746.0 
-18544.0 -19352.0 
-18851.0 -19158.0 
-19121.0 -18654.0 
-18907.0 -19025.0 
-18577.0 -19343.0 
-19071.0 -18655.0 
-18561.0 -19342.0 
