-19245.0 -18465.0 
-18363.0 -19333.0 
-19245.0 -18465.0 
-18363.0 -19333.0 
-18422.0 -19310.0 
-19203.0 -18497.0 
-18520.0 -19285.0 
-18789.0 -19140.0 
-18598.0 -19259.0 
-18738.0 -19147.0 
-19189.0 -18567.0 
-18885.0 -19056.0 
-18549.0 -19271.0 
-19189.0 -18567.0 
-18520.0 -19285.0 
-19187.0 -18610.0 
-19060.0 -18814.0 
-18891.0 -19032.0 
-19203.0 -18497.0 
-19054.0 -18843.0 
-18850.0 -19060.0 
-18790.0 -19111.0 
-19005.0 -18915.0 
-18549.0 -19271.0 
-18794.0 -19101.0 
-18618.0 -19231.0 
-18970.0 -18938.0 
-18929.0 -19001.0 
-19042.0 -18854.0 
-19040.0 -18875.0 
-18678.0 -19168.0 
-18986.0 -18927.0 
-19091.0 -18785.0 
-18629.0 -19220.0 
-18632.0 -19211.0 
-18722.0 -19164.0 
-18703.0 -19165.0 
-18734.0 -19162.0 
-18904.0 -19028.0 
-19179.0 -18627.0 
-18598.0 -19259.0 
-18676.0 -19188.0 
-18958.0 -18964.0 
-19142.0 -18706.0 
-19013.0 -18892.0 
-19026.0 -18886.0 
-18988.0 -18920.0 
-18618.0 -19231.0 
-19169.0 -18656.0 
-18830.0 -19088.0 
-19177.0 -18639.0 
-18967.0 -18947.0 
-19112.0 -18745.0 
-18665.0 -19203.0 
-18691.0 -19167.0 
-19167.0 -18673.0 
-19153.0 -18693.0 
-19070.0 -18812.0 
-18960.0 -18956.0 
-18849.0 -19065.0 
-19103.0 -18755.0 
-18812.0 -19093.0 
-18652.0 -19209.0 
-19173.0 -18649.0 
-19182.0 -18612.0 
-19076.0 -18803.0 
-19030.0 -18878.0 
-18947.0 -18974.0 
-19146.0 -18703.0 
-19099.0 -18772.0 
-19047.0 -18846.0 
-18812.0 -19093.0 
-18939.0 -18987.0 
-18910.0 -19018.0 
-19101.0 -18760.0 
-19094.0 -18776.0 
-18944.0 -18975.0 
-18840.0 -19076.0 
-18840.0 -19076.0 
-18939.0 -18987.0 
-19079.0 -18796.0 
-19114.0 -18738.0 
-19126.0 -18726.0 
-19157.0 -18687.0 
-19131.0 -18719.0 
-18922.0 -19007.0 
-19131.0 -18719.0 
-18922.0 -19007.0 
-18676.0 -19188.0 
-19126.0 -18726.0 
-18910.0 -19018.0 
-18665.0 -19203.0 
-19167.0 -18673.0 
-19011.0 -18902.0 
-19157.0 -18687.0 
-19011.0 -18902.0 
-18830.0 -19088.0 
-18652.0 -19209.0 
-19114.0 -18738.0 
-19079.0 -18796.0 
