-18383.0 -19432.0 
-19076.0 -18665.0 
-18383.0 -19432.0 
-18546.0 -19356.0 
-18453.0 -19367.0 
-18676.0 -19244.0 
-18589.0 -19287.0 
-19061.0 -18698.0 
-19057.0 -18772.0 
-18646.0 -19269.0 
-18962.0 -18947.0 
-18394.0 -19401.0 
-18566.0 -19314.0 
-19042.0 -18807.0 
-19035.0 -18846.0 
-18854.0 -19079.0 
-18447.0 -19390.0 
-18688.0 -19218.0 
-18806.0 -19138.0 
-18646.0 -19269.0 
-18987.0 -18872.0 
-18888.0 -19042.0 
-18900.0 -19037.0 
-18566.0 -19314.0 
-18757.0 -19166.0 
-18854.0 -19079.0 
-18939.0 -18981.0 
-19075.0 -18695.0 
-18846.0 -19099.0 
-18589.0 -19287.0 
-19012.0 -18861.0 
-18888.0 -19042.0 
-18727.0 -19182.0 
-18778.0 -19141.0 
-18907.0 -19013.0 
-18712.0 -19214.0 
-18809.0 -19117.0 
-19012.0 -18861.0 
-18426.0 -19391.0 
-18949.0 -18960.0 
-18717.0 -19204.0 
-19043.0 -18788.0 
-18982.0 -18915.0 
-18426.0 -19391.0 
-18384.0 -19412.0 
-18758.0 -19153.0 
-18982.0 -18915.0 
-18823.0 -19113.0 
-18823.0 -19113.0 
-18907.0 -19013.0 
-18986.0 -18895.0 
-18949.0 -18960.0 
-18846.0 -19099.0 
-19035.0 -18846.0 
-18934.0 -18989.0 
-18919.0 -18993.0 
-18727.0 -19182.0 
-18921.0 -18990.0 
-19057.0 -18772.0 
-18769.0 -19149.0 
-18722.0 -19190.0 
-18453.0 -19367.0 
-18688.0 -19218.0 
-18757.0 -19166.0 
-19043.0 -18788.0 
-18919.0 -18993.0 
-18984.0 -18907.0 
-18769.0 -19149.0 
-18722.0 -19190.0 
-18986.0 -18895.0 
-18778.0 -19141.0 
-18987.0 -18872.0 
-18384.0 -19412.0 
-18984.0 -18907.0 
-18712.0 -19214.0 
-19061.0 -18698.0 
-18809.0 -19117.0 
-18934.0 -18989.0 
-18806.0 -19138.0 
-19075.0 -18695.0 
-18383.0 -19432.0 
-18646.0 -19269.0 
-18589.0 -19287.0 
-18823.0 -19113.0 
-19057.0 -18772.0 
-18453.0 -19367.0 
-18688.0 -19218.0 
-18757.0 -19166.0 
-18384.0 -19412.0 
-18984.0 -18907.0 
-19075.0 -18695.0 
-18823.0 -19113.0 
-18646.0 -19269.0 
-18823.0 -19113.0 
-18688.0 -19218.0 
-18688.0 -19218.0 
-18453.0 -19367.0 
-19057.0 -18772.0 
-18688.0 -19218.0 
-18984.0 -18907.0 
