-21530.0 -22002.0 
-21056.0 -22405.0 
-21530.0 -22002.0 
-21487.0 -22083.0 
-21452.0 -22104.0 
-21511.0 -22020.0 
-21442.0 -22162.0 
-21330.0 -22284.0 
-21217.0 -22349.0 
-21494.0 -22045.0 
-21107.0 -22384.0 
-21107.0 -22384.0 
-21414.0 -22196.0 
-21339.0 -22253.0 
-21389.0 -22207.0 
-21158.0 -22361.0 
-21295.0 -22286.0 
-21185.0 -22352.0 
-21494.0 -22045.0 
-21378.0 -22218.0 
-21452.0 -22104.0 
-21225.0 -22324.0 
-21135.0 -22382.0 
-21355.0 -22223.0 
-21342.0 -22239.0 
-21420.0 -22177.0 
-21240.0 -22305.0 
-21339.0 -22253.0 
-21178.0 -22356.0 
-21255.0 -22304.0 
-21425.0 -22171.0 
-21389.0 -22207.0 
-21147.0 -22376.0 
-21272.0 -22291.0 
-21292.0 -22288.0 
-21442.0 -22162.0 
-21237.0 -22315.0 
-21414.0 -22196.0 
-21257.0 -22296.0 
-21378.0 -22218.0 
-21158.0 -22361.0 
-21353.0 -22228.0 
-21259.0 -22293.0 
-21272.0 -22291.0 
-21225.0 -22324.0 
-21229.0 -22317.0 
-21342.0 -22239.0 
-21425.0 -22171.0 
-21353.0 -22228.0 
-21147.0 -22376.0 
-21420.0 -22177.0 
-21178.0 -22356.0 
-21185.0 -22352.0 
-21142.0 -22378.0 
-21135.0 -22382.0 
-21142.0 -22378.0 
-21355.0 -22223.0 
-21292.0 -22288.0 
-21229.0 -22317.0 
-21237.0 -22315.0 
-21295.0 -22286.0 
-21259.0 -22293.0 
-21240.0 -22305.0 
-21255.0 -22304.0 
-21272.0 -22291.0 
-21229.0 -22317.0 
-21229.0 -22317.0 
-21272.0 -22291.0 
-21229.0 -22317.0 
-21272.0 -22291.0 
-21272.0 -22291.0 
-21272.0 -22291.0 
-21272.0 -22291.0 
-21272.0 -22291.0 
-21229.0 -22317.0 
-21229.0 -22317.0 
-21229.0 -22317.0 
-21229.0 -22317.0 
-21229.0 -22317.0 
-21272.0 -22291.0 
-21229.0 -22317.0 
-21229.0 -22317.0 
-21229.0 -22317.0 
-21272.0 -22291.0 
-21272.0 -22291.0 
-21229.0 -22317.0 
-21272.0 -22291.0 
-21229.0 -22317.0 
-21229.0 -22317.0 
-21272.0 -22291.0 
-21229.0 -22317.0 
-21229.0 -22317.0 
-21229.0 -22317.0 
-21229.0 -22317.0 
-21229.0 -22317.0 
-21229.0 -22317.0 
-21272.0 -22291.0 
-21229.0 -22317.0 
-21229.0 -22317.0 
-21229.0 -22317.0 
