0.0 1.1538474437892254 
0.9998700759997876 0.27888550489223485 
0.8434665481560074 0.5252821617564223 
0.022081217708380008 1.147234906085248 
0.8012511207633898 0.5889322748112882 
0.4929736924992813 0.9373350038473229 
0.20075064589582037 1.1123730135345937 
0.47263499899965833 0.9539422205115399 
0.6994823673775457 0.7223613614687068 
0.352859375931735 1.0401439472093679 
0.23023607728188328 1.102027116205651 
0.9140625072229615 0.421013893638522 
0.31456737399499557 1.0626210474448012 
0.9871279965654121 0.3087835285339714 
0.9547154679522225 0.35617794656271906 
0.26218755794010945 1.0847217742878585 
0.06220331116493799 1.144230977173805 
0.5143844412997142 0.9179148777165348 
0.7817565612260748 0.612379861853234 
0.6846865522854777 0.7403790174124567 
0.449077782900787 0.9697271135046096 
0.2955785965156949 1.0757059747104967 
0.74199140306548 0.6681512778118683 
0.926858011881785 0.39912597105821596 
0.9960124278893876 0.292348424061362 
0.528110475416001 0.9040956297576279 
0.9448208709781205 0.37706376458490626 
0.5934696724788475 0.8379006519149802 
0.633570747471407 0.8021961624758548 
0.36592553483071344 1.0306328301596968 
0.5054262621762386 0.927384355015449 
0.607034563282205 0.8259875938753538 
0.4624140458951355 0.9628059413762267 
0.6456643015126747 0.7854234786749921 
0.1662274030168087 1.1238800639485622 
0.8193698122843012 0.5632451446872485 
0.08466556406604958 1.1408857293416654 
0.6138016893096038 0.8183848091796032 
0.9735853277905371 0.31934099544033684 
0.4352822036734331 0.9806274309088927 
0.6288726835232409 0.8106137466714398 
0.7222688139645583 0.6948082769258822 
0.8078229105947579 0.5789804956128324 
0.10071230924558078 1.1377109558288847 
0.7766998568747273 0.6299448290926347 
0.13886100906973414 1.1297071392892903 
0.5600853261327867 0.874084133092251 
0.2506156751020717 1.094999360315886 
0.8979024921828929 0.453528033340269 
0.8306113887865767 0.5466577823322933 
0.5374837942445536 0.8975573582017591 
0.8544108886094235 0.5107772245489054 
0.8993066443093489 0.4381446707828786 
0.8657989314739232 0.4951647528178092 
0.1506437650300751 1.1277620086696316 
0.9388174809871475 0.38274482469905435 
0.4152679496703543 0.9977039797983538 
0.40209413636651187 1.0079357580880897 
0.6798645748600763 0.7471046688827112 
0.5745837134828636 0.8601175593555999 
0.6523961674152801 0.7779924773100819 
0.8306113887865767 0.5466577823322933 
0.7334774179841046 0.6867816881345556 
0.6648368540736227 0.7659448977077435 
0.8786076267925429 0.48471169232199124 
0.325252670155375 1.0539744265043103 
0.6732739408503683 0.7596121134659062 
0.8836718092542732 0.46346580920542657 
0.7660418741492052 0.6338207367466385 
0.43033151189000796 0.986912430516339 
0.5476010197130268 0.8841940887383958 
0.930814821173051 0.39452296129819864 
0.28551459612282865 1.081867952225893 
0.5652926702971487 0.867507956620975 
0.7385171118362992 0.6812016608431352 
0.001706053122547799 1.1479704352981985 
0.38637724752787994 1.0195297703190422 
0.5870888746643027 0.8486630319957936 
0.8155969162626624 0.5685625637323309 
0.12064827534204325 1.1337202099187884 
0.7087141713602796 0.7101172200681382 
0.8809186356901245 0.48080165249187684 
0.39698853852174637 1.0109599257768171 
0.24046258190614006 1.0976305580417856 
0.18546384081102485 1.1178212285535927 
0.41984300918834516 0.9940546132353303 
0.0675207486899076 1.1434984653863427 
0.1796948216793971 1.1180359452863755 
0.580214744587168 0.8521518400223069 
0.8865298810723259 0.45869593628016475 
0.5460829774946783 0.8887356703714028 
0.9607798919202533 0.3454849587248657 
0.3316616575370008 1.050396139273651 
0.7817553840366492 0.6149301024248512 
0.7179260373252483 0.7061981965000473 
0.11596516558663827 1.1354843855504393 
0.3778331292550312 1.0234981850279694 
0.7540342372390344 0.6535910426964742 
0.9671432644357782 0.3325487793962104 
0.968713248636407 0.3269902193880953 
