-18497.0 -19296.0 
-19223.0 -18524.0 
-18497.0 -19296.0 
-19223.0 -18524.0 
-19079.0 -18868.0 
-18792.0 -19145.0 
-19192.0 -18600.0 
-18619.0 -19262.0 
-18672.0 -19219.0 
-19036.0 -18890.0 
-18996.0 -18935.0 
-18557.0 -19277.0 
-19215.0 -18568.0 
-19096.0 -18806.0 
-18570.0 -19268.0 
-19129.0 -18739.0 
-18902.0 -19045.0 
-18826.0 -19125.0 
-19098.0 -18782.0 
-18954.0 -18957.0 
-19129.0 -18739.0 
-19036.0 -18890.0 
-18844.0 -19085.0 
-19139.0 -18686.0 
-19173.0 -18626.0 
-18921.0 -19008.0 
-19098.0 -18782.0 
-18905.0 -19017.0 
-18873.0 -19048.0 
-18934.0 -19002.0 
-19011.0 -18918.0 
-18945.0 -18989.0 
-19011.0 -18918.0 
-18755.0 -19154.0 
-19096.0 -18806.0 
-18964.0 -18941.0 
-18632.0 -19235.0 
-19215.0 -18568.0 
-19079.0 -18868.0 
-19159.0 -18670.0 
-18645.0 -19226.0 
-18698.0 -19195.0 
-19168.0 -18653.0 
-18698.0 -19195.0 
-19138.0 -18712.0 
-18870.0 -19062.0 
-18557.0 -19277.0 
-18833.0 -19104.0 
-19173.0 -18626.0 
-19138.0 -18712.0 
-18826.0 -19125.0 
-18867.0 -19076.0 
-18833.0 -19104.0 
-19159.0 -18670.0 
-18710.0 -19178.0 
-18632.0 -19235.0 
-18945.0 -18989.0 
-19168.0 -18653.0 
-18645.0 -19226.0 
-18726.0 -19169.0 
-18570.0 -19268.0 
-18755.0 -19154.0 
-18855.0 -19079.0 
-18709.0 -19185.0 
-18741.0 -19164.0 
-18956.0 -18948.0 
-19139.0 -18686.0 
-18745.0 -19158.0 
-18855.0 -19079.0 
-18730.0 -19166.0 
-18964.0 -18941.0 
-18726.0 -19169.0 
-18905.0 -19017.0 
-18709.0 -19185.0 
-18710.0 -19178.0 
-18956.0 -18948.0 
-18745.0 -19158.0 
-18741.0 -19164.0 
-18730.0 -19166.0 
-18902.0 -19045.0 
-18867.0 -19076.0 
-18873.0 -19048.0 
-18557.0 -19277.0 
-19138.0 -18712.0 
-19159.0 -18670.0 
-18632.0 -19235.0 
-19168.0 -18653.0 
-18956.0 -18948.0 
-18741.0 -19164.0 
-18873.0 -19048.0 
-18873.0 -19048.0 
-19159.0 -18670.0 
-18557.0 -19277.0 
-18741.0 -19164.0 
-18956.0 -18948.0 
-18557.0 -19277.0 
-18741.0 -19164.0 
-18557.0 -19277.0 
-18557.0 -19277.0 
-18741.0 -19164.0 
