-18298.0 -19399.0 
-19104.0 -18650.0 
-19104.0 -18650.0 
-18599.0 -19302.0 
-19066.0 -18757.0 
-18311.0 -19374.0 
-19090.0 -18710.0 
-18518.0 -19322.0 
-18599.0 -19302.0 
-19058.0 -18796.0 
-18856.0 -19088.0 
-18368.0 -19370.0 
-18956.0 -18961.0 
-18482.0 -19344.0 
-18811.0 -19149.0 
-19025.0 -18823.0 
-18673.0 -19263.0 
-18388.0 -19359.0 
-18654.0 -19268.0 
-18437.0 -19353.0 
-18749.0 -19206.0 
-18654.0 -19268.0 
-18675.0 -19223.0 
-18437.0 -19353.0 
-18989.0 -18906.0 
-18767.0 -19173.0 
-18493.0 -19323.0 
-18961.0 -18925.0 
-18518.0 -19322.0 
-18900.0 -19029.0 
-18995.0 -18874.0 
-18867.0 -19062.0 
-18881.0 -19055.0 
-18817.0 -19119.0 
-19067.0 -18725.0 
-18985.0 -18912.0 
-18780.0 -19172.0 
-19058.0 -18796.0 
-18830.0 -19092.0 
-18726.0 -19216.0 
-19025.0 -18823.0 
-18901.0 -19005.0 
-18780.0 -19172.0 
-18926.0 -18975.0 
-19021.0 -18850.0 
-18811.0 -19149.0 
-18900.0 -19029.0 
-18749.0 -19206.0 
-18917.0 -18983.0 
-18881.0 -19055.0 
-18388.0 -19359.0 
-18726.0 -19216.0 
-19072.0 -18718.0 
-18817.0 -19119.0 
-18703.0 -19219.0 
-18908.0 -18990.0 
-18368.0 -19370.0 
-18826.0 -19101.0 
-19090.0 -18710.0 
-18703.0 -19219.0 
-18926.0 -18975.0 
-18482.0 -19344.0 
-18685.0 -19221.0 
-18956.0 -18961.0 
-18969.0 -18923.0 
-18767.0 -19173.0 
-18826.0 -19101.0 
-18867.0 -19062.0 
-19013.0 -18864.0 
-18969.0 -18923.0 
-18311.0 -19374.0 
-18901.0 -19005.0 
-19001.0 -18870.0 
-19019.0 -18858.0 
-18908.0 -18990.0 
-19072.0 -18718.0 
-18920.0 -18976.0 
-19021.0 -18850.0 
-19013.0 -18864.0 
-18685.0 -19221.0 
-18493.0 -19323.0 
-19001.0 -18870.0 
-19067.0 -18725.0 
-19019.0 -18858.0 
-18830.0 -19092.0 
-18673.0 -19263.0 
-18961.0 -18925.0 
-18996.0 -18873.0 
-18996.0 -18873.0 
-18675.0 -19223.0 
-18920.0 -18976.0 
-18654.0 -19268.0 
-18817.0 -19119.0 
-19090.0 -18710.0 
-18826.0 -19101.0 
-19019.0 -18858.0 
-18830.0 -19092.0 
-19019.0 -18858.0 
-18817.0 -19119.0 
-19090.0 -18710.0 
