-19108.0 -18667.0 
-18508.0 -19345.0 
-19108.0 -18667.0 
-18696.0 -19288.0 
-18557.0 -19320.0 
-19086.0 -18821.0 
-19102.0 -18695.0 
-18987.0 -18963.0 
-18557.0 -19320.0 
-18696.0 -19288.0 
-18737.0 -19237.0 
-18727.0 -19257.0 
-18774.0 -19201.0 
-18983.0 -19005.0 
-19073.0 -18844.0 
-18813.0 -19164.0 
-18944.0 -19016.0 
-18789.0 -19165.0 
-18824.0 -19138.0 
-18774.0 -19201.0 
-18737.0 -19237.0 
-18851.0 -19101.0 
-19102.0 -18695.0 
-18996.0 -18929.0 
-18727.0 -19257.0 
-18879.0 -19099.0 
-19046.0 -18852.0 
-19086.0 -18821.0 
-18928.0 -19058.0 
-18891.0 -19063.0 
-18845.0 -19130.0 
-18888.0 -19089.0 
-18785.0 -19188.0 
-18941.0 -19035.0 
-18972.0 -19006.0 
-19017.0 -18893.0 
-19012.0 -18914.0 
-19045.0 -18863.0 
-18941.0 -19035.0 
-19025.0 -18886.0 
-19073.0 -18844.0 
-18972.0 -19006.0 
-18912.0 -19059.0 
-18824.0 -19138.0 
-19030.0 -18870.0 
-18848.0 -19116.0 
-18996.0 -18929.0 
-18785.0 -19188.0 
-18848.0 -19116.0 
-19004.0 -18921.0 
-19004.0 -18921.0 
-18928.0 -19058.0 
-18902.0 -19062.0 
-19029.0 -18872.0 
-18813.0 -19164.0 
-18888.0 -19089.0 
-18944.0 -19016.0 
-19012.0 -18914.0 
-19017.0 -18893.0 
-18902.0 -19062.0 
-18912.0 -19059.0 
-18879.0 -19099.0 
-19025.0 -18886.0 
-18845.0 -19130.0 
-19046.0 -18852.0 
-19045.0 -18863.0 
-19030.0 -18870.0 
-19029.0 -18872.0 
-18983.0 -19005.0 
-18789.0 -19165.0 
-18851.0 -19101.0 
-18891.0 -19063.0 
-18557.0 -19320.0 
-18737.0 -19237.0 
-19073.0 -18844.0 
-18824.0 -19138.0 
-18996.0 -18929.0 
-18848.0 -19116.0 
-19004.0 -18921.0 
-18928.0 -19058.0 
-18813.0 -19164.0 
-18888.0 -19089.0 
-18944.0 -19016.0 
-19017.0 -18893.0 
-19012.0 -18914.0 
-18912.0 -19059.0 
-19025.0 -18886.0 
-19046.0 -18852.0 
-18983.0 -19005.0 
-18789.0 -19165.0 
-18848.0 -19116.0 
-19073.0 -18844.0 
-18824.0 -19138.0 
-18824.0 -19138.0 
-18996.0 -18929.0 
-19017.0 -18893.0 
-18888.0 -19089.0 
-18557.0 -19320.0 
-18996.0 -18929.0 
-18888.0 -19089.0 
