1.531735133333428589e+00
1.532871176551366954e+00
1.557784141941239264e+00
1.540737439463442104e+00
1.521167461304723023e+00
1.555334045980015567e+00
1.507781236594780694e+00
1.556792160370673361e+00
1.517698737564801448e+00
1.533640805954062047e+00
1.522605978760093404e+00
1.520611280810556520e+00
1.521616949262971197e+00
1.501479415599670020e+00
1.513312594888388540e+00
1.536330145473213671e+00
1.473383420576572789e+00
1.483119498130811786e+00
1.509985751623376338e+00
1.529440382116266983e+00
1.513696687934104723e+00
1.546144827105960351e+00
1.529503586618104816e+00
1.542794205300822785e+00
1.539605154331616044e+00
1.520399681854619267e+00
1.521245333489983809e+00
1.552124181052634722e+00
1.525764375773747794e+00
1.535027817893556357e+00
1.541802457838769902e+00
