-21192.0 -21232.0 
-20735.0 -21714.0 
-20735.0 -21714.0 
-21192.0 -21232.0 
-20848.0 -21699.0 
-21079.0 -21452.0 
-20775.0 -21713.0 
-21144.0 -21358.0 
-21157.0 -21303.0 
-20775.0 -21713.0 
-21175.0 -21240.0 
-20929.0 -21636.0 
-21096.0 -21410.0 
-21036.0 -21507.0 
-20864.0 -21686.0 
-21122.0 -21369.0 
-21165.0 -21286.0 
-20878.0 -21662.0 
-21056.0 -21481.0 
-20909.0 -21648.0 
-21099.0 -21391.0 
-21170.0 -21258.0 
-21056.0 -21481.0 
-20909.0 -21648.0 
-21082.0 -21423.0 
-20848.0 -21699.0 
-21113.0 -21385.0 
-21157.0 -21303.0 
-20934.0 -21629.0 
-20941.0 -21604.0 
-21143.0 -21365.0 
-20945.0 -21598.0 
-20988.0 -21542.0 
-21018.0 -21513.0 
-20864.0 -21686.0 
-21084.0 -21419.0 
-20984.0 -21562.0 
-20888.0 -21659.0 
-21170.0 -21258.0 
-21165.0 -21286.0 
-20888.0 -21659.0 
-20953.0 -21588.0 
-20965.0 -21574.0 
-21043.0 -21497.0 
-20878.0 -21662.0 
-20996.0 -21538.0 
-20953.0 -21588.0 
-21051.0 -21489.0 
-20979.0 -21563.0 
-20979.0 -21563.0 
-20963.0 -21579.0 
-21113.0 -21385.0 
-21043.0 -21497.0 
-20999.0 -21536.0 
-21018.0 -21513.0 
-20934.0 -21629.0 
-21122.0 -21369.0 
-21010.0 -21522.0 
-20941.0 -21604.0 
-21051.0 -21489.0 
-21010.0 -21522.0 
-20965.0 -21574.0 
-20963.0 -21579.0 
-21004.0 -21532.0 
-21006.0 -21527.0 
-21099.0 -21391.0 
-20988.0 -21542.0 
-21082.0 -21423.0 
-21006.0 -21527.0 
-21004.0 -21532.0 
-20984.0 -21562.0 
-21143.0 -21365.0 
-21192.0 -21232.0 
-21056.0 -21481.0 
-20864.0 -21686.0 
-21165.0 -21286.0 
-20888.0 -21659.0 
-20878.0 -21662.0 
-20953.0 -21588.0 
-20965.0 -21574.0 
-21006.0 -21527.0 
-21004.0 -21532.0 
-20953.0 -21588.0 
-20953.0 -21588.0 
-20965.0 -21574.0 
-20953.0 -21588.0 
-20864.0 -21686.0 
-20864.0 -21686.0 
-21192.0 -21232.0 
-20864.0 -21686.0 
-20965.0 -21574.0 
-21006.0 -21527.0 
-20953.0 -21588.0 
-21165.0 -21286.0 
-21006.0 -21527.0 
-20965.0 -21574.0 
-20953.0 -21588.0 
-21006.0 -21527.0 
-20953.0 -21588.0 
-20965.0 -21574.0 
