-20797.0 -21815.0 
-20797.0 -21815.0 
-21179.0 -21423.0 
-21179.0 -21423.0 
-21163.0 -21481.0 
-21136.0 -21544.0 
-20990.0 -21688.0 
-20884.0 -21770.0 
-21072.0 -21616.0 
-21053.0 -21635.0 
-21019.0 -21636.0 
-21150.0 -21520.0 
-20956.0 -21698.0 
-21102.0 -21569.0 
-20837.0 -21796.0 
-21092.0 -21584.0 
-20805.0 -21799.0 
-20945.0 -21725.0 
-20875.0 -21782.0 
-20848.0 -21785.0 
-20910.0 -21748.0 
-21150.0 -21520.0 
-21092.0 -21584.0 
-21102.0 -21569.0 
-21009.0 -21669.0 
-20910.0 -21748.0 
-21059.0 -21620.0 
-21014.0 -21656.0 
-20927.0 -21737.0 
-21009.0 -21669.0 
-20926.0 -21743.0 
-21014.0 -21656.0 
-20837.0 -21796.0 
-20848.0 -21785.0 
-20798.0 -21808.0 
-20952.0 -21705.0 
-20947.0 -21717.0 
-20947.0 -21717.0 
-20927.0 -21737.0 
-20875.0 -21782.0 
-20805.0 -21799.0 
-21059.0 -21620.0 
-20798.0 -21808.0 
-20952.0 -21705.0 
-21019.0 -21636.0 
-20954.0 -21701.0 
-20926.0 -21743.0 
-20954.0 -21701.0 
-21179.0 -21423.0 
-21150.0 -21520.0 
-21102.0 -21569.0 
-21009.0 -21669.0 
-20848.0 -21785.0 
-20947.0 -21717.0 
-20927.0 -21737.0 
-20875.0 -21782.0 
-21059.0 -21620.0 
-20798.0 -21808.0 
-20952.0 -21705.0 
-21102.0 -21569.0 
-21102.0 -21569.0 
-21102.0 -21569.0 
-21059.0 -21620.0 
-21102.0 -21569.0 
-21102.0 -21569.0 
-21102.0 -21569.0 
-21102.0 -21569.0 
-21102.0 -21569.0 
-21102.0 -21569.0 
-21059.0 -21620.0 
-21102.0 -21569.0 
-21102.0 -21569.0 
-21102.0 -21569.0 
-21102.0 -21569.0 
-21102.0 -21569.0 
-21102.0 -21569.0 
-21102.0 -21569.0 
-21059.0 -21620.0 
-20947.0 -21717.0 
-21102.0 -21569.0 
-21102.0 -21569.0 
-21102.0 -21569.0 
-21102.0 -21569.0 
-20875.0 -21782.0 
-21102.0 -21569.0 
-21102.0 -21569.0 
-21102.0 -21569.0 
-21102.0 -21569.0 
-21102.0 -21569.0 
-21102.0 -21569.0 
-21102.0 -21569.0 
-21102.0 -21569.0 
-20927.0 -21737.0 
-20947.0 -21717.0 
-21102.0 -21569.0 
-21102.0 -21569.0 
-21102.0 -21569.0 
-21102.0 -21569.0 
-21009.0 -21669.0 
-21102.0 -21569.0 
