-20569.0 -21813.0 
-20569.0 -21813.0 
-21170.0 -21254.0 
-21138.0 -21386.0 
-20687.0 -21803.0 
-21153.0 -21269.0 
-20581.0 -21804.0 
-20862.0 -21691.0 
-20754.0 -21767.0 
-21108.0 -21398.0 
-20687.0 -21803.0 
-20754.0 -21767.0 
-21093.0 -21434.0 
-20795.0 -21729.0 
-20829.0 -21692.0 
-20970.0 -21571.0 
-20826.0 -21713.0 
-20778.0 -21756.0 
-21009.0 -21505.0 
-20923.0 -21636.0 
-20946.0 -21609.0 
-21007.0 -21536.0 
-21045.0 -21495.0 
-20882.0 -21664.0 
-21070.0 -21435.0 
-20984.0 -21563.0 
-20795.0 -21729.0 
-20882.0 -21664.0 
-20939.0 -21611.0 
-20970.0 -21571.0 
-21153.0 -21269.0 
-20900.0 -21639.0 
-21055.0 -21470.0 
-20778.0 -21756.0 
-20993.0 -21544.0 
-21138.0 -21386.0 
-21108.0 -21398.0 
-21048.0 -21476.0 
-20946.0 -21609.0 
-21026.0 -21501.0 
-21026.0 -21501.0 
-21001.0 -21541.0 
-21063.0 -21446.0 
-20826.0 -21713.0 
-21060.0 -21460.0 
-20923.0 -21636.0 
-20939.0 -21611.0 
-20984.0 -21563.0 
-21093.0 -21434.0 
-20890.0 -21646.0 
-20889.0 -21651.0 
-21063.0 -21446.0 
-21060.0 -21460.0 
-20900.0 -21639.0 
-20581.0 -21804.0 
-20889.0 -21651.0 
-20993.0 -21544.0 
-21045.0 -21495.0 
-21048.0 -21476.0 
-20890.0 -21646.0 
-21070.0 -21435.0 
-21009.0 -21505.0 
-20829.0 -21692.0 
-20687.0 -21803.0 
-20754.0 -21767.0 
-20795.0 -21729.0 
-20882.0 -21664.0 
-21108.0 -21398.0 
-20946.0 -21609.0 
-20984.0 -21563.0 
-21063.0 -21446.0 
-21060.0 -21460.0 
-20993.0 -21544.0 
-21045.0 -21495.0 
-21048.0 -21476.0 
-20946.0 -21609.0 
-20946.0 -21609.0 
-21108.0 -21398.0 
-21108.0 -21398.0 
-21048.0 -21476.0 
-21045.0 -21495.0 
-20946.0 -21609.0 
-20882.0 -21664.0 
-20993.0 -21544.0 
-21063.0 -21446.0 
-21108.0 -21398.0 
-20984.0 -21563.0 
-20946.0 -21609.0 
-20882.0 -21664.0 
-21045.0 -21495.0 
-20946.0 -21609.0 
-20882.0 -21664.0 
-21063.0 -21446.0 
-21063.0 -21446.0 
-20993.0 -21544.0 
-20882.0 -21664.0 
-20882.0 -21664.0 
-20882.0 -21664.0 
-20795.0 -21729.0 
-20795.0 -21729.0 
