-17268.0 -17997.0 
-17903.0 -17225.0 
-17903.0 -17225.0 
-17268.0 -17997.0 
-17782.0 -17483.0 
-17335.0 -17953.0 
-17335.0 -17953.0 
-17521.0 -17834.0 
-17879.0 -17307.0 
-17663.0 -17671.0 
-17389.0 -17926.0 
-17469.0 -17841.0 
-17854.0 -17378.0 
-17687.0 -17625.0 
-17724.0 -17596.0 
-17773.0 -17534.0 
-17792.0 -17445.0 
-17692.0 -17606.0 
-17854.0 -17378.0 
-17626.0 -17687.0 
-17462.0 -17860.0 
-17558.0 -17752.0 
-17749.0 -17572.0 
-17822.0 -17418.0 
-17822.0 -17418.0 
-17389.0 -17926.0 
-17675.0 -17658.0 
-17544.0 -17798.0 
-17866.0 -17336.0 
-17553.0 -17786.0 
-17598.0 -17713.0 
-17420.0 -17888.0 
-17406.0 -17908.0 
-17596.0 -17739.0 
-17724.0 -17596.0 
-17544.0 -17798.0 
-17749.0 -17572.0 
-17443.0 -17863.0 
-17438.0 -17879.0 
-17866.0 -17336.0 
-17879.0 -17307.0 
-17406.0 -17908.0 
-17521.0 -17834.0 
-17870.0 -17314.0 
-17613.0 -17696.0 
-17626.0 -17687.0 
-17766.0 -17538.0 
-17762.0 -17551.0 
-17675.0 -17658.0 
-17613.0 -17696.0 
-17420.0 -17888.0 
-17762.0 -17551.0 
-17809.0 -17434.0 
-17792.0 -17445.0 
-17584.0 -17747.0 
-17573.0 -17749.0 
-17598.0 -17713.0 
-17553.0 -17786.0 
-17813.0 -17430.0 
-17584.0 -17747.0 
-17573.0 -17749.0 
-17692.0 -17606.0 
-17809.0 -17434.0 
-17469.0 -17841.0 
-17438.0 -17879.0 
-17773.0 -17534.0 
-17813.0 -17430.0 
-17870.0 -17314.0 
-17596.0 -17739.0 
-17443.0 -17863.0 
-17558.0 -17752.0 
-17268.0 -17997.0 
-17335.0 -17953.0 
-17854.0 -17378.0 
-17724.0 -17596.0 
-17866.0 -17336.0 
-17879.0 -17307.0 
-17420.0 -17888.0 
-17762.0 -17551.0 
-17792.0 -17445.0 
-17598.0 -17713.0 
-17553.0 -17786.0 
-17584.0 -17747.0 
-17573.0 -17749.0 
-17809.0 -17434.0 
-17438.0 -17879.0 
-17596.0 -17739.0 
-17762.0 -17551.0 
-17573.0 -17749.0 
-17866.0 -17336.0 
-17866.0 -17336.0 
-17596.0 -17739.0 
-17854.0 -17378.0 
-17854.0 -17378.0 
-17420.0 -17888.0 
-17879.0 -17307.0 
-17762.0 -17551.0 
-17809.0 -17434.0 
-17854.0 -17378.0 
-17854.0 -17378.0 
