-17855.0 -17470.0 
-17238.0 -18040.0 
-17799.0 -17571.0 
-17655.0 -17741.0 
-17610.0 -17769.0 
-17596.0 -17809.0 
-17444.0 -17933.0 
-17832.0 -17491.0 
-17294.0 -17973.0 
-17817.0 -17539.0 
-17737.0 -17648.0 
-17365.0 -17940.0 
-17684.0 -17682.0 
-17655.0 -17741.0 
-17739.0 -17609.0 
-17271.0 -17998.0 
-17455.0 -17894.0 
-17773.0 -17600.0 
-17339.0 -17967.0 
-17817.0 -17539.0 
-17684.0 -17682.0 
-17409.0 -17937.0 
-17255.0 -18026.0 
-17610.0 -17769.0 
-17561.0 -17810.0 
-17271.0 -17998.0 
-17356.0 -17962.0 
-17409.0 -17937.0 
-17516.0 -17841.0 
-17832.0 -17491.0 
-17531.0 -17839.0 
-17690.0 -17654.0 
-17490.0 -17882.0 
-17554.0 -17818.0 
-17255.0 -18026.0 
-17554.0 -17818.0 
-17502.0 -17862.0 
-17294.0 -17973.0 
-17773.0 -17600.0 
-17753.0 -17602.0 
-17465.0 -17892.0 
-17715.0 -17650.0 
-17715.0 -17650.0 
-17531.0 -17839.0 
-17502.0 -17862.0 
-17339.0 -17967.0 
-17687.0 -17664.0 
-17465.0 -17892.0 
-17495.0 -17872.0 
-17753.0 -17602.0 
-17516.0 -17841.0 
-17490.0 -17882.0 
-17495.0 -17872.0 
-17444.0 -17933.0 
-17596.0 -17809.0 
-17356.0 -17962.0 
-17687.0 -17664.0 
-17455.0 -17894.0 
-17365.0 -17940.0 
-17739.0 -17609.0 
-17561.0 -17810.0 
-17690.0 -17654.0 
-17655.0 -17741.0 
-17684.0 -17682.0 
-17271.0 -17998.0 
-17832.0 -17491.0 
-17255.0 -18026.0 
-17554.0 -17818.0 
-17294.0 -17973.0 
-17715.0 -17650.0 
-17531.0 -17839.0 
-17339.0 -17967.0 
-17516.0 -17841.0 
-17753.0 -17602.0 
-17495.0 -17872.0 
-17596.0 -17809.0 
-17356.0 -17962.0 
-17687.0 -17664.0 
-17455.0 -17894.0 
-17739.0 -17609.0 
-17561.0 -17810.0 
-17339.0 -17967.0 
-17516.0 -17841.0 
-17715.0 -17650.0 
-17339.0 -17967.0 
-17516.0 -17841.0 
-17687.0 -17664.0 
-17655.0 -17741.0 
-17455.0 -17894.0 
-17739.0 -17609.0 
-17339.0 -17967.0 
-17339.0 -17967.0 
-17715.0 -17650.0 
-17516.0 -17841.0 
-17339.0 -17967.0 
-17832.0 -17491.0 
-17655.0 -17741.0 
-17531.0 -17839.0 
-17339.0 -17967.0 
-17339.0 -17967.0 
