-17238.0 -18115.0 
-17238.0 -18115.0 
-17999.0 -17229.0 
-17999.0 -17229.0 
-17913.0 -17493.0 
-17284.0 -18096.0 
-17919.0 -17408.0 
-17990.0 -17300.0 
-17357.0 -18066.0 
-17993.0 -17236.0 
-17311.0 -18068.0 
-17844.0 -17554.0 
-17870.0 -17537.0 
-17870.0 -17537.0 
-17969.0 -17351.0 
-17925.0 -17386.0 
-17780.0 -17648.0 
-17990.0 -17300.0 
-17792.0 -17624.0 
-17913.0 -17493.0 
-17365.0 -18049.0 
-17596.0 -17864.0 
-17432.0 -17999.0 
-17524.0 -17925.0 
-17307.0 -18087.0 
-17566.0 -17895.0 
-17478.0 -17980.0 
-17724.0 -17716.0 
-17666.0 -17767.0 
-17405.0 -18028.0 
-17825.0 -17561.0 
-17425.0 -18025.0 
-17755.0 -17668.0 
-17450.0 -17993.0 
-17651.0 -17806.0 
-17484.0 -17956.0 
-17533.0 -17906.0 
-17607.0 -17836.0 
-17381.0 -18044.0 
-17947.0 -17362.0 
-17430.0 -18018.0 
-17450.0 -17993.0 
-17381.0 -18044.0 
-17579.0 -17871.0 
-17766.0 -17650.0 
-17625.0 -17829.0 
-17804.0 -17600.0 
-17544.0 -17900.0 
-17969.0 -17351.0 
-17625.0 -17829.0 
-17507.0 -17942.0 
-17405.0 -18028.0 
-17758.0 -17655.0 
-17696.0 -17726.0 
-17658.0 -17791.0 
-17947.0 -17362.0 
-17527.0 -17917.0 
-17922.0 -17393.0 
-17676.0 -17743.0 
-17617.0 -17830.0 
-17733.0 -17685.0 
-17732.0 -17687.0 
-17675.0 -17755.0 
-17507.0 -17942.0 
-17651.0 -17806.0 
-17688.0 -17734.0 
-17705.0 -17723.0 
-17798.0 -17601.0 
-17653.0 -17798.0 
-17601.0 -17848.0 
-17682.0 -17735.0 
-17569.0 -17884.0 
-17919.0 -17408.0 
-17815.0 -17578.0 
-17725.0 -17703.0 
-17495.0 -17949.0 
-17811.0 -17584.0 
-17755.0 -17668.0 
-17495.0 -17949.0 
-17956.0 -17358.0 
-17579.0 -17871.0 
-17825.0 -17561.0 
-17733.0 -17685.0 
-17601.0 -17848.0 
-17544.0 -17900.0 
-17815.0 -17578.0 
-17705.0 -17723.0 
-17956.0 -17358.0 
-17725.0 -17703.0 
-17569.0 -17884.0 
-17658.0 -17791.0 
-17794.0 -17613.0 
-17480.0 -17969.0 
-17478.0 -17980.0 
-17480.0 -17969.0 
-17794.0 -17613.0 
-17811.0 -17584.0 
-17307.0 -18087.0 
-17670.0 -17763.0 
-17670.0 -17763.0 
