-18935.0 -18768.0 
-18248.0 -19475.0 
-18935.0 -18768.0 
-18248.0 -19475.0 
-18479.0 -19334.0 
-18436.0 -19391.0 
-18463.0 -19381.0 
-18900.0 -18840.0 
-18791.0 -19025.0 
-18315.0 -19426.0 
-18900.0 -18840.0 
-18800.0 -19016.0 
-18932.0 -18784.0 
-18278.0 -19452.0 
-18679.0 -19170.0 
-18518.0 -19329.0 
-18815.0 -18966.0 
-18932.0 -18784.0 
-18519.0 -19311.0 
-18354.0 -19422.0 
-18313.0 -19449.0 
-18399.0 -19401.0 
-18748.0 -19071.0 
-18627.0 -19219.0 
-18679.0 -19170.0 
-18646.0 -19205.0 
-18840.0 -18944.0 
-18882.0 -18867.0 
-18361.0 -19408.0 
-18744.0 -19086.0 
-18682.0 -19145.0 
-18772.0 -19055.0 
-18646.0 -19205.0 
-18772.0 -19055.0 
-18767.0 -19070.0 
-18697.0 -19106.0 
-18278.0 -19452.0 
-18852.0 -18900.0 
-18602.0 -19234.0 
-18822.0 -18947.0 
-18627.0 -19219.0 
-18586.0 -19261.0 
-18845.0 -18925.0 
-18388.0 -19403.0 
-18546.0 -19296.0 
-18859.0 -18883.0 
-18694.0 -19123.0 
-18553.0 -19294.0 
-18463.0 -19381.0 
-18688.0 -19144.0 
-18845.0 -18925.0 
-18562.0 -19270.0 
-18314.0 -19446.0 
-18800.0 -19016.0 
-18852.0 -18900.0 
-18564.0 -19269.0 
-18723.0 -19100.0 
-18882.0 -18867.0 
-18596.0 -19253.0 
-18479.0 -19334.0 
-18815.0 -18966.0 
-18399.0 -19401.0 
-18723.0 -19100.0 
-18691.0 -19128.0 
-18716.0 -19101.0 
-18586.0 -19261.0 
-18744.0 -19086.0 
-18546.0 -19296.0 
-18643.0 -19206.0 
-18710.0 -19105.0 
-18388.0 -19403.0 
-18870.0 -18876.0 
-18643.0 -19206.0 
-18519.0 -19311.0 
-18602.0 -19234.0 
-18872.0 -18871.0 
-18817.0 -18960.0 
-18859.0 -18883.0 
-18600.0 -19241.0 
-18596.0 -19253.0 
-18817.0 -18960.0 
-18356.0 -19417.0 
-18553.0 -19294.0 
-18562.0 -19270.0 
-18356.0 -19417.0 
-18361.0 -19408.0 
-18564.0 -19269.0 
-18549.0 -19295.0 
-18870.0 -18876.0 
-18601.0 -19240.0 
-18840.0 -18944.0 
-18822.0 -18947.0 
-18691.0 -19128.0 
-18710.0 -19105.0 
-18767.0 -19070.0 
-18354.0 -19422.0 
-18872.0 -18871.0 
-18518.0 -19329.0 
-18600.0 -19241.0 
-18900.0 -18840.0 
