-19083.0 -18730.0 
-18489.0 -19337.0 
-19083.0 -18730.0 
-18489.0 -19337.0 
-19035.0 -18894.0 
-18657.0 -19292.0 
-18559.0 -19326.0 
-18777.0 -19189.0 
-18696.0 -19235.0 
-19066.0 -18751.0 
-18610.0 -19300.0 
-19056.0 -18825.0 
-19057.0 -18817.0 
-18784.0 -19158.0 
-18832.0 -19102.0 
-18903.0 -19036.0 
-18735.0 -19216.0 
-18661.0 -19263.0 
-18610.0 -19300.0 
-19002.0 -18915.0 
-18967.0 -18959.0 
-18849.0 -19091.0 
-19035.0 -18894.0 
-18735.0 -19216.0 
-18573.0 -19323.0 
-18921.0 -19030.0 
-19002.0 -18915.0 
-18895.0 -19053.0 
-18573.0 -19323.0 
-18875.0 -19076.0 
-18934.0 -18998.0 
-18777.0 -19189.0 
-18875.0 -19076.0 
-18678.0 -19250.0 
-18947.0 -18960.0 
-18678.0 -19250.0 
-19071.0 -18732.0 
-18895.0 -19053.0 
-18720.0 -19220.0 
-18946.0 -18969.0 
-19056.0 -18825.0 
-18927.0 -19008.0 
-18720.0 -19220.0 
-18985.0 -18925.0 
-19066.0 -18751.0 
-18818.0 -19121.0 
-18981.0 -18936.0 
-18798.0 -19155.0 
-18559.0 -19326.0 
-18981.0 -18936.0 
-18861.0 -19089.0 
-18824.0 -19120.0 
-18934.0 -18998.0 
-18812.0 -19142.0 
-18946.0 -18969.0 
-19057.0 -18817.0 
-18661.0 -19263.0 
-18861.0 -19089.0 
-18798.0 -19155.0 
-18927.0 -19008.0 
-18967.0 -18959.0 
-18811.0 -19143.0 
-18985.0 -18925.0 
-18811.0 -19143.0 
-18921.0 -19030.0 
-18657.0 -19292.0 
-18824.0 -19120.0 
-18812.0 -19142.0 
-18818.0 -19121.0 
-19071.0 -18732.0 
-19083.0 -18730.0 
-18489.0 -19337.0 
-18610.0 -19300.0 
-19035.0 -18894.0 
-18735.0 -19216.0 
-18573.0 -19323.0 
-18777.0 -19189.0 
-18875.0 -19076.0 
-18678.0 -19250.0 
-18895.0 -19053.0 
-19056.0 -18825.0 
-18720.0 -19220.0 
-19066.0 -18751.0 
-18559.0 -19326.0 
-18981.0 -18936.0 
-18934.0 -18998.0 
-19057.0 -18817.0 
-18661.0 -19263.0 
-18861.0 -19089.0 
-18798.0 -19155.0 
-18927.0 -19008.0 
-18985.0 -18925.0 
-18811.0 -19143.0 
-18921.0 -19030.0 
-18657.0 -19292.0 
-18824.0 -19120.0 
-19083.0 -18730.0 
-18489.0 -19337.0 
-18610.0 -19300.0 
-19035.0 -18894.0 
