-18469.0 -19373.0 
-19060.0 -18537.0 
-18469.0 -19373.0 
-18511.0 -19351.0 
-19048.0 -18628.0 
-18546.0 -19345.0 
-18800.0 -19082.0 
-19038.0 -18683.0 
-18866.0 -19035.0 
-19048.0 -18628.0 
-18988.0 -18823.0 
-18831.0 -19073.0 
-18966.0 -18878.0 
-18717.0 -19181.0 
-18764.0 -19162.0 
-18797.0 -19117.0 
-18557.0 -19279.0 
-18697.0 -19202.0 
-18783.0 -19121.0 
-18593.0 -19266.0 
-18747.0 -19177.0 
-18997.0 -18785.0 
-18556.0 -19291.0 
-18923.0 -18941.0 
-18979.0 -18830.0 
-18846.0 -19048.0 
-18876.0 -18990.0 
-18666.0 -19236.0 
-18967.0 -18847.0 
-18885.0 -18978.0 
-19038.0 -18683.0 
-18941.0 -18889.0 
-18997.0 -18785.0 
-19017.0 -18716.0 
-18764.0 -19162.0 
-19023.0 -18715.0 
-19014.0 -18750.0 
-18714.0 -19196.0 
-18593.0 -19266.0 
-19010.0 -18754.0 
-18645.0 -19237.0 
-18846.0 -19048.0 
-18928.0 -18913.0 
-18610.0 -19257.0 
-18610.0 -19257.0 
-18783.0 -19121.0 
-18904.0 -18962.0 
-18831.0 -19073.0 
-18931.0 -18898.0 
-18675.0 -19217.0 
-18626.0 -19249.0 
-18923.0 -18941.0 
-18904.0 -18962.0 
-18747.0 -19177.0 
-18866.0 -19035.0 
-18682.0 -19212.0 
-18556.0 -19291.0 
-18631.0 -19243.0 
-18941.0 -18889.0 
-18899.0 -18966.0 
-19010.0 -18754.0 
-19023.0 -18715.0 
-18928.0 -18913.0 
-18645.0 -19237.0 
-18546.0 -19345.0 
-18682.0 -19212.0 
-18899.0 -18966.0 
-18967.0 -18847.0 
-18675.0 -19217.0 
-18876.0 -18990.0 
-18626.0 -19249.0 
-18557.0 -19279.0 
-18666.0 -19236.0 
-18800.0 -19082.0 
-18931.0 -18898.0 
-18631.0 -19243.0 
-18966.0 -18878.0 
-18714.0 -19196.0 
-18880.0 -18986.0 
-19014.0 -18750.0 
-18880.0 -18986.0 
-19017.0 -18716.0 
-18879.0 -18987.0 
-18879.0 -18987.0 
-18469.0 -19373.0 
-19048.0 -18628.0 
-19038.0 -18683.0 
-18997.0 -18785.0 
-18764.0 -19162.0 
-18593.0 -19266.0 
-18846.0 -19048.0 
-18610.0 -19257.0 
-18831.0 -19073.0 
-18923.0 -18941.0 
-18904.0 -18962.0 
-18866.0 -19035.0 
-18556.0 -19291.0 
-18682.0 -19212.0 
-18941.0 -18889.0 
-18546.0 -19345.0 
