0.0	1.1505241396206154
0.9992102674538275	0.2806772527806248
0.8345663401967864	0.5440793479155229
0.9034299047108928	0.4363855500333422
0.46046991834126283	0.9627718038480062
0.41041454327936766	1.0022447889108457
0.7313644670642796	0.6814601901817041
0.7468402242199406	0.6650597353695243
0.29755344091954483	1.068855449884389
0.6305685659793314	0.8046761857063359
0.6450861496142425	0.7873026224681824
0.015799084648313255	1.1471685956806943
0.47959108944997564	0.9435098867584985
0.1516651293379276	1.130341852578824
0.5219338152835562	0.909811790085712
0.4488080820603038	0.9751154659136791
0.05215135338844312	1.1470834259506033
0.6832194604812261	0.7405675475100871
0.8651545816068869	0.49597474764773763
0.386314913741863	1.018060682489776
0.8950506716002018	0.45173802575249894
0.8776353314222598	0.47855769332626563
0.7126985394396455	0.7067684902661936
0.9757743795860896	0.3209969353054141
0.8491028195914797	0.5192484215525219
0.9263236020382654	0.40057533338386503
0.7806139101620911	0.6163214479940532
0.5071430865123912	0.9259783691813319
0.7201740329756705	0.6956148537898347
0.9622501232901484	0.3435765609723902
0.43365275655732816	0.9870101126748256
0.5992331640763967	0.8335971602876128
0.8243045930673284	0.5606349691554415
0.986007400639045	0.304064534963128
0.1726696921744955	1.124397027303777
0.36942110362565267	1.0292470543446752
0.1295633116993875	1.1350384954145878
0.7567337233083082	0.6516161353652421
0.3353009098854073	1.0471395487785868
0.6192337367561922	0.8159247021687182
0.06600083851722993	1.1441593369133995
0.589350299159316	0.8438525418464268
0.42372214683796877	0.9929405076824492
0.612044124241681	0.8243561116080925
0.24787376243848475	1.0956753600786084
0.9915189588501343	0.29596195618043236
0.3569011630942449	1.0395590579696576
0.6994008823109044	0.7239387147043604
0.9700609897489746	0.33249437464822185
0.2695714275411895	1.0858939916340562
0.9455458991611332	0.3704253977767009
0.08812091612572237	1.142604613357746
0.5650068187517284	0.8672596631354257
0.8569280883474919	0.50672965687394
0.7755523676317053	0.6265827160617724
0.8030419737058707	0.5855260333136834
0.23064311963703604	1.1033957195060813
0.6775890495315178	0.7516608405440025
0.18259957843283167	1.1189839318705206
0.7945289729284684	0.6013721202360279
0.11452487452658067	1.1353297013297525
0.3200967151629189	1.0585699701565494
0.5604077948420613	0.8763493441083744
0.09961690218473682	1.14058808231939
0.9378664588551022	0.38667036934498855
0.20678788194304817	1.1099967807513114
0.19814544288677655	1.1148206816666557
0.8113029591117513	0.5790312856697483
0.5342946063021864	0.9014720425527091
0.8167767211331488	0.5675160678059649
0.49088379907755053	0.9406506669678699
0.49945639325230157	0.9318488664107001
0.7015620152548563	0.7220170528176142
0.25739992081306673	1.0916224634445408
0.9199946432679112	0.41325561369391073
0.5771408408167353	0.858155928457955
0.2227060124718626	1.106032855682406
0.9199946432679112	0.41325561369391073
0.8869439277995415	0.4661901423578875
0.6647561501210417	0.7642235884167412
0.7682799240026439	0.6380258793703159
0.3458532336881567	1.0433789978147274
0.37911160027182267	1.0206847269462858
0.583085186336317	0.8551368601682071
0.9546146674297835	0.3592012118121381
0.3201281337374369	1.05749201187499
0.284531433054191	1.0792082337233098
0.5391955248779189	0.8949783033997681
0.6675385973577648	0.7590620535788791
0.7641732525938405	0.6430647488990952
0.5505987437089284	0.8853385375716679
0.7961121420665898	0.5981193924968521
0.9405020667448345	0.3826749600324876
0.6552415374120666	0.7768519523286699
0.6562433745085002	0.7759430002251165
0.8837895245624174	0.46878267945677965
0.2832435652522304	1.08077669792341
0.5483293817747222	0.889314135795026
0.8537311864773377	0.5185722641863995
0.95196233418172	0.3593906617937263
