-19163.0 -18433.0 
-18289.0 -19350.0 
-19163.0 -18433.0 
-18289.0 -19350.0 
-18501.0 -19326.0 
-18754.0 -19150.0 
-18400.0 -19333.0 
-19025.0 -18830.0 
-19161.0 -18513.0 
-19081.0 -18752.0 
-19148.0 -18588.0 
-19161.0 -18513.0 
-18854.0 -19032.0 
-18355.0 -19349.0 
-19049.0 -18781.0 
-18515.0 -19286.0 
-18923.0 -18913.0 
-19124.0 -18660.0 
-18909.0 -18980.0 
-19106.0 -18667.0 
-18593.0 -19229.0 
-19091.0 -18709.0 
-19139.0 -18618.0 
-18708.0 -19170.0 
-18950.0 -18912.0 
-19102.0 -18705.0 
-19070.0 -18778.0 
-18671.0 -19191.0 
-19139.0 -18618.0 
-18781.0 -19122.0 
-19148.0 -18588.0 
-18543.0 -19282.0 
-18982.0 -18858.0 
-18922.0 -18944.0 
-18789.0 -19085.0 
-18915.0 -18951.0 
-18990.0 -18853.0 
-18676.0 -19176.0 
-18814.0 -19073.0 
-18569.0 -19246.0 
-18880.0 -19007.0 
-18617.0 -19215.0 
-18909.0 -18980.0 
-18781.0 -19122.0 
-18832.0 -19037.0 
-18400.0 -19333.0 
-18708.0 -19170.0 
-18979.0 -18884.0 
-18879.0 -19011.0 
-18597.0 -19220.0 
-18634.0 -19202.0 
-18650.0 -19195.0 
-19049.0 -18781.0 
-18376.0 -19342.0 
-18880.0 -19007.0 
-18558.0 -19268.0 
-19021.0 -18846.0 
-18822.0 -19049.0 
-18786.0 -19105.0 
-18697.0 -19173.0 
-19010.0 -18850.0 
-18634.0 -19202.0 
-18376.0 -19342.0 
-18617.0 -19215.0 
-19124.0 -18660.0 
-18802.0 -19082.0 
-18824.0 -19047.0 
-18558.0 -19268.0 
-18879.0 -19011.0 
-18501.0 -19326.0 
-18974.0 -18896.0 
-18650.0 -19195.0 
-18786.0 -19105.0 
-18569.0 -19246.0 
-18543.0 -19282.0 
-18965.0 -18899.0 
-18362.0 -19345.0 
-18515.0 -19286.0 
-18566.0 -19256.0 
-18814.0 -19073.0 
-18802.0 -19082.0 
-18979.0 -18884.0 
-18566.0 -19256.0 
-19070.0 -18778.0 
-18697.0 -19173.0 
-19010.0 -18850.0 
-18961.0 -18902.0 
-19091.0 -18709.0 
-18916.0 -18948.0 
-18961.0 -18902.0 
-18832.0 -19037.0 
-19106.0 -18667.0 
-18822.0 -19049.0 
-18362.0 -19345.0 
-18597.0 -19220.0 
-18355.0 -19349.0 
-18974.0 -18896.0 
-18676.0 -19176.0 
-19102.0 -18705.0 
-19021.0 -18846.0 
