-19005.0 -18795.0 
-18329.0 -19461.0 
-19005.0 -18795.0 
-18329.0 -19461.0 
-18966.0 -18907.0 
-18407.0 -19443.0 
-18943.0 -18934.0 
-18522.0 -19367.0 
-18447.0 -19404.0 
-18774.0 -19194.0 
-18898.0 -19011.0 
-18967.0 -18860.0 
-18985.0 -18806.0 
-18492.0 -19400.0 
-18638.0 -19300.0 
-18717.0 -19240.0 
-18850.0 -19046.0 
-18729.0 -19207.0 
-18927.0 -18948.0 
-18784.0 -19148.0 
-18740.0 -19199.0 
-18916.0 -18977.0 
-18535.0 -19361.0 
-18407.0 -19443.0 
-18498.0 -19397.0 
-18427.0 -19429.0 
-18589.0 -19317.0 
-18922.0 -18976.0 
-18974.0 -18835.0 
-18780.0 -19175.0 
-18844.0 -19073.0 
-18812.0 -19122.0 
-18613.0 -19302.0 
-18552.0 -19334.0 
-18814.0 -19103.0 
-18684.0 -19269.0 
-18880.0 -19015.0 
-18828.0 -19093.0 
-18801.0 -19132.0 
-18801.0 -19132.0 
-18498.0 -19397.0 
-18436.0 -19414.0 
-18704.0 -19241.0 
-18553.0 -19326.0 
-18645.0 -19278.0 
-18838.0 -19074.0 
-18696.0 -19254.0 
-18552.0 -19334.0 
-18875.0 -19043.0 
-18780.0 -19175.0 
-18696.0 -19254.0 
-18427.0 -19429.0 
-18535.0 -19361.0 
-18569.0 -19320.0 
-18985.0 -18806.0 
-18567.0 -19323.0 
-18898.0 -19011.0 
-18970.0 -18843.0 
-18784.0 -19148.0 
-18729.0 -19207.0 
-18869.0 -19044.0 
-18879.0 -19025.0 
-18927.0 -18948.0 
-18436.0 -19414.0 
-18828.0 -19093.0 
-18599.0 -19315.0 
-18974.0 -18835.0 
-18916.0 -18977.0 
-18967.0 -18860.0 
-18671.0 -19270.0 
-18648.0 -19277.0 
-18662.0 -19275.0 
-18740.0 -19199.0 
-18661.0 -19276.0 
-18607.0 -19306.0 
-18820.0 -19102.0 
-18447.0 -19404.0 
-18879.0 -19025.0 
-18717.0 -19240.0 
-18684.0 -19269.0 
-18812.0 -19122.0 
-18607.0 -19306.0 
-18970.0 -18843.0 
-18774.0 -19194.0 
-18838.0 -19074.0 
-18492.0 -19400.0 
-18599.0 -19315.0 
-18671.0 -19270.0 
-18638.0 -19300.0 
-18820.0 -19102.0 
-18704.0 -19241.0 
-18869.0 -19044.0 
-18850.0 -19046.0 
-18613.0 -19302.0 
-18645.0 -19278.0 
-18844.0 -19073.0 
-18922.0 -18976.0 
-18880.0 -19015.0 
-18569.0 -19320.0 
-18875.0 -19043.0 
