-19226.0 -18497.0 
-18604.0 -19305.0 
-19226.0 -18497.0 
-18604.0 -19305.0 
-19206.0 -18538.0 
-18754.0 -19205.0 
-19105.0 -18768.0 
-19024.0 -18896.0 
-19174.0 -18644.0 
-19130.0 -18661.0 
-19179.0 -18589.0 
-18696.0 -19210.0 
-18805.0 -19150.0 
-19027.0 -18844.0 
-18759.0 -19190.0 
-19115.0 -18717.0 
-19115.0 -18717.0 
-18956.0 -18971.0 
-18852.0 -19091.0 
-18909.0 -19030.0 
-18852.0 -19091.0 
-18613.0 -19262.0 
-19069.0 -18794.0 
-18805.0 -19150.0 
-18878.0 -19046.0 
-18836.0 -19119.0 
-19076.0 -18778.0 
-18928.0 -18983.0 
-19197.0 -18563.0 
-18878.0 -19046.0 
-18759.0 -19190.0 
-18885.0 -19033.0 
-18678.0 -19235.0 
-18816.0 -19133.0 
-18996.0 -18900.0 
-18652.0 -19244.0 
-19052.0 -18803.0 
-19046.0 -18822.0 
-18924.0 -18996.0 
-19149.0 -18658.0 
-19197.0 -18563.0 
-18963.0 -18941.0 
-19149.0 -18658.0 
-18836.0 -19119.0 
-19179.0 -18589.0 
-18924.0 -18996.0 
-18963.0 -18941.0 
-18816.0 -19133.0 
-18979.0 -18905.0 
-18968.0 -18920.0 
-18996.0 -18900.0 
-19027.0 -18844.0 
-19046.0 -18822.0 
-18635.0 -19253.0 
-18648.0 -19251.0 
-19105.0 -18768.0 
-18909.0 -19030.0 
-19130.0 -18661.0 
-18624.0 -19260.0 
-18956.0 -18971.0 
-19174.0 -18644.0 
-19048.0 -18807.0 
-19076.0 -18778.0 
-18928.0 -18983.0 
-18686.0 -19215.0 
-18683.0 -19225.0 
-18624.0 -19260.0 
-18635.0 -19253.0 
-18678.0 -19235.0 
-18652.0 -19244.0 
-18683.0 -19225.0 
-18613.0 -19262.0 
-18885.0 -19033.0 
-18754.0 -19205.0 
-18968.0 -18920.0 
-18696.0 -19210.0 
-18973.0 -18915.0 
-18979.0 -18905.0 
-18691.0 -19212.0 
-18975.0 -18911.0 
-18975.0 -18911.0 
-18691.0 -19212.0 
-19024.0 -18896.0 
-18973.0 -18915.0 
-18648.0 -19251.0 
-18686.0 -19215.0 
-19048.0 -18807.0 
-18604.0 -19305.0 
-19115.0 -18717.0 
-18878.0 -19046.0 
-19027.0 -18844.0 
-19130.0 -18661.0 
-19076.0 -18778.0 
-18635.0 -19253.0 
-18678.0 -19235.0 
-18683.0 -19225.0 
-18885.0 -19033.0 
-18696.0 -19210.0 
-19076.0 -18778.0 
-18678.0 -19235.0 
