-20061.0 -21184.0 
-20637.0 -20694.0 
-20637.0 -20694.0 
-20061.0 -21184.0 
-20157.0 -21167.0 
-20336.0 -21114.0 
-20257.0 -21125.0 
-20257.0 -21125.0 
-20165.0 -21142.0 
-20195.0 -21136.0 
-20636.0 -20751.0 
-20369.0 -21075.0 
-20369.0 -21075.0 
-20432.0 -21013.0 
-20495.0 -20966.0 
-20336.0 -21114.0 
-20511.0 -20939.0 
-20195.0 -21136.0 
-20511.0 -20939.0 
-20599.0 -20795.0 
-20534.0 -20907.0 
-20522.0 -20916.0 
-20634.0 -20768.0 
-20562.0 -20882.0 
-20594.0 -20823.0 
-20396.0 -21041.0 
-20420.0 -21031.0 
-20478.0 -20975.0 
-20441.0 -20993.0 
-20566.0 -20863.0 
-20616.0 -20786.0 
-20396.0 -21041.0 
-20547.0 -20888.0 
-20495.0 -20966.0 
-20592.0 -20840.0 
-20378.0 -21054.0 
-20478.0 -20975.0 
-20594.0 -20823.0 
-20586.0 -20851.0 
-20616.0 -20786.0 
-20634.0 -20768.0 
-20457.0 -20982.0 
-20449.0 -20986.0 
-20379.0 -21050.0 
-20522.0 -20916.0 
-20636.0 -20751.0 
-20542.0 -20898.0 
-20423.0 -21023.0 
-20574.0 -20858.0 
-20441.0 -20993.0 
-20574.0 -20858.0 
-20542.0 -20898.0 
-20592.0 -20840.0 
-20608.0 -20791.0 
-20420.0 -21031.0 
-20423.0 -21023.0 
-20586.0 -20851.0 
-20457.0 -20982.0 
-20378.0 -21054.0 
-20608.0 -20791.0 
-20547.0 -20888.0 
-20379.0 -21050.0 
-20562.0 -20882.0 
-20566.0 -20863.0 
-20599.0 -20795.0 
-20451.0 -20983.0 
-20451.0 -20983.0 
-20637.0 -20694.0 
-20061.0 -21184.0 
-20257.0 -21125.0 
-20336.0 -21114.0 
-20195.0 -21136.0 
-20511.0 -20939.0 
-20396.0 -21041.0 
-20495.0 -20966.0 
-20478.0 -20975.0 
-20594.0 -20823.0 
-20616.0 -20786.0 
-20634.0 -20768.0 
-20522.0 -20916.0 
-20636.0 -20751.0 
-20574.0 -20858.0 
-20592.0 -20840.0 
-20420.0 -21031.0 
-20423.0 -21023.0 
-20586.0 -20851.0 
-20457.0 -20982.0 
-20608.0 -20791.0 
-20547.0 -20888.0 
-20379.0 -21050.0 
-20451.0 -20983.0 
-20599.0 -20795.0 
-20257.0 -21125.0 
-20336.0 -21114.0 
-20511.0 -20939.0 
-20396.0 -21041.0 
-20495.0 -20966.0 
-20594.0 -20823.0 
-20616.0 -20786.0 
-20634.0 -20768.0 
