8.285744415416740338e-01
8.090314095320991772e-01
1.137684120936315879e-01
6.744550476648027981e-01
1.308605896037438876e-01
1.002513209784255260e-01
9.034660697077215308e-02
1.207524281288178403e-01
1.595799996157728495e-01
8.071100184112035558e-01
1.527863952862415775e-01
1.641451483100084263e-01
1.576453049156798791e-01
1.448915925265600591e-01
8.114518573185960926e-02
5.160366111935173888e-02
1.297424121217414239e-01
7.044565158641227232e-01
1.565877947965796657e-01
3.360579476148369826e-01
7.708929496553509342e-01
1.162425533275642242e-01
6.739181429208412899e-01
8.541666105705519874e-02
6.719946092510882263e-01
1.434618106349492828e-01
1.187977284275420348e-01
9.049397347141988623e-01
1.612302317254088735e-01
8.618762387978824435e-01
7.611685342356276918e-01
