0.4312170179004864 0.19758276562841492 0.3899180522026857 0.4050137557541714 0.23024844163437774 0.6917061064419372 0.8099344575556001 0.18097357471274178 0.8011518527820005 0.06779980656997886 0.22095776347453733 0.6804866883372526 0.410725727193074 0.5541835677020734 0.8528457789152691 0.7956493245658153 0.7959172093977119 0.06179025640521307 0.4622573470324064 0.5455256581081848 0.5325385993726129 0.14341441504983599 0.20409933774176126 0.9934811694690142 0.22292992887854501 
0.6672821136163858 0.02520486949328571 0.5956436327138311 0.30308402561814396 0.270734733895157 0.8705522307816524 0.7336624606077404 0.9350967362385867 0.7850459723452903 0.3733710923032887 0.36097337667450513 0.6510645292121391 0.9553952864050739 0.7056915578305383 0.934422645088792 0.28343720511704007 0.12358051281042615 0.7390464190737908 0.9819583582935282 0.08418566715541886 0.05154461105150687 0.27017936803781617 0.984092985533791 0.12292312434242358 0.6691567732450107 
0.9635757124020297 0.4036989788181663 0.3585425332306772 0.7809591922381116 0.697554557292746 0.26248602938982823 0.6048720798573954 0.031642663450882735 0.8692750649598726 0.04064157722979811 0.8545391711505262 0.4752820168822035 0.8667292076932085 0.7843626014529388 0.09737725066411118 0.9414402692634618 0.4287673688995458 0.4699979005466546 0.8013011678637623 0.5254699565279991 0.811824223863921 0.9388671320627895 0.7931005737873957 0.5819499457061551 0.12883962055444664 
0.7848718818191588 0.42314014550364965 0.46142586803827235 0.5253753715857991 0.40479608422655755 0.42033278963589027 0.5640009692629484 0.43380896065827135 0.2300931566653589 0.016013059631126203 0.2583804437255369 0.0683675285453782 6.83370892351487E-4 0.2759938416391775 0.4195331074110433 0.22229716031259328 0.4853973858584193 0.904390389966776 0.4089526885607929 0.4716129812531191 0.18471338074763666 0.945945845286395 0.4000084125873731 0.9553460466009722 0.2666727292323481 
0.8470392225341665 0.5226671174955186 0.5975477527566245 0.2643606890184531 0.5432429227661394 0.8396980095552179 0.9247335725724058 0.5508660355727527 0.43917411356720903 0.19411850084445004 0.604188708965044 0.7556488218117052 0.4497419575488293 0.8183444169172048 0.36914178529210695 0.5708916269154275 0.45777651913241557 0.31274962019981967 0.9126638699164745 0.9954944239770668 0.028758956312172734 0.5146518539456824 0.5346284386314142 0.6784307339938326 0.2891571063684023 
0.34131937930616496 0.5287398847689426 0.03870702294001571 0.28914161099922875 0.8601383092467529 0.8722741099308969 0.9453836262386567 0.08620125801859002 0.21067758338210751 0.8161440806708463 0.8083521474512432 0.9840670031094421 0.41174873974815407 0.6468712743390193 0.6874888168101094 0.6105910094129626 0.6879337506925318 0.363329971722703 0.42403868343397655 0.19353820400042054 0.9707455319127369 0.3697619513353618 0.7305219545669603 0.18245587488471682 0.8433940014414717 
0.4172059605174524 0.36130138964735736 0.6662044356017435 0.40653441998559514 0.9747651126032696 0.577283491256862 0.5113464947380345 0.053683105636345596 0.7270988420952931 0.03134586210397472 0.9406665694629638 0.13911729582459864 0.7516852967570996 0.5835274914314874 0.9162549582725121 0.39231885008900225 0.025703274114852737 0.6248062129167843 0.39839625337937 0.20112967558006567 0.7272545645654552 0.13029374531510285 0.06926986847500283 0.5782884634596144 0.6674575666648154 
0.8484474183439389 0.12809401864581904 0.703665621390563 0.7118736151115403 0.8299728845681305 0.47505677913259703 0.31160818084472264 0.25779574889525403 0.9194717397837892 0.7331568141062983 0.07621265877806027 0.3345159612614904 0.6271500919506201 0.8998891223983342 0.41603329736224093 0.9583637289945893 0.7869425268313698 0.24847502095964924 0.48635914123004376 0.8833364448475074 0.557640005377429 0.29406010324770016 0.8457502199743622 0.5260806373356052 0.12229811356879805 
0.24166793268954279 0.02685633317639735 0.47058225977317647 0.013421116873341243 0.9421491813848554 0.049693208802634725 0.40840868670648944 0.487062680201806 0.2416082984969713 0.5010708324788017 0.1768305334765441 0.4265330136857255 0.8272097196969589 0.6153125647417338 0.9823028404683745 0.35217476899322886 0.26532615552705585 0.70019104658398 0.35861495289508316 0.09825874684130209 0.17995305414049056 0.09872557558117911 0.27609813981057196 0.9594617428905229 0.7003982313890579 
0.6597114855419264 0.055848751601661584 0.636139282074759 0.6177643578621806 0.44003873163744944 0.641031338444013 0.4620573228935917 0.21080278263273866 0.6531423510915864 0.048523765446871536 0.48439846114776375 0.6424831841535202 0.9371688993154147 0.38098204511306943 0.4555167122771131 0.06918980573443456 0.9269590453666401 0.541274169503251 0.31777455052093884 0.7784106748540988 0.6882169512501907 0.9723768811490773 0.5268973983395209 0.18293821345844952 0.8979285198355026 
0.23821135164603857 0.20961093789960317 0.9083162794734245 0.6822593819313486 0.6006365942455297 0.5647990102828057 0.2597794771404378 0.3602787657817549 0.8936254159379838 0.565294747654871 0.7659255025529692 0.5498937808863913 0.8606262533839019 0.045554120201688586 0.10764072774210953 0.4995739683190854 0.28593555019370787 0.29753801422079496 0.2038921656142757 0.6639578177430382 0.738428757187535 0.5172528331255305 0.46068643305958057 0.8600473951952635 0.9703421162408874 
0.1904092961077546 0.5938387578792234 0.35882514864499315 0.13559922110625222 0.39993200840148857 0.6955699858199067 0.7425138661367752 0.05246961020730967 0.6741132290844802 0.09113755755762176 0.6014310695096898 0.16524866243105008 0.5455016233494768 0.5489497971277861 0.19846291095405588 0.3449451699327253 0.733276733701139 0.7170242273700312 0.8071976469252432 0.3307610485468996 0.4097062122411096 0.08058773644367045 0.4577271553256753 0.8080685586132114 0.4978076551424361 
0.3785381232698539 0.16807224969452772 0.047338992352197296 0.497996511434014 0.5426413658261319 0.467097071762828 0.8558466692661149 0.00814615284686837 0.509499036687908 0.9633679407731158 0.09453081470938773 0.8147771424322781 0.3446756188101977 0.3668318367008151 0.4209803326202439 0.8166170471852523 0.14360202601387062 0.23835647327644538 0.77687967919521 0.08986775607797581 0.2053478137500374 0.8398108588951196 0.39582360700106434 0.1661501626006021 0.5703565074930073 
0.4699138407733332 0.9626899216255665 0.31740602936913165 0.5032450444780594 0.33456262684163973 0.585692605032355 0.8493261119570852 0.1722312803331364 0.30540119369210084 0.8807928433876286 0.39783824732657747 0.6856377735064946 0.2531328964642363 0.27452051037236946 0.4578290434958192 0.9268921891546047 0.7686219441542669 0.4590820410498103 0.9931150972040185 0.5051343110376056 0.33745312670007466 0.5508740647694291 0.5374167048432272 0.7604045410538923 0.9397923714677764 
0.11789781481810391 0.14032112595654367 0.30482351413515196 0.16324502830079635 0.7928455182374989 0.31874613773744254 0.8751077120190609 0.19259531774191319 0.6618485224385032 0.06925882443625053 0.17020889575962028 0.7550132563826321 0.2349785263155385 0.5055388972772966 0.16763862555478304 0.04615519827801118 0.8855935777603874 0.3737167394967966 0.9158460215826383 0.47916392048517764 0.5927279612444415 0.7009397684332181 0.016475138141317625 0.15007538461019942 0.0874499989319335 
0.699489732938576 0.09100009286591237 0.002905134299805767 0.2516103697555647 0.5948061287542723 0.7700946038836534 0.6555575069306284 0.43398622004180887 0.16435373108201945 0.8306793486497229 0.6143475856415467 0.6666923830558398 0.1377625681373178 0.8346376451096175 0.5122446695661901 0.31192103400969795 0.33728687488159803 0.7953565898871918 0.8651010822513777 0.22595242072138655 0.7521468060129493 0.3090066564396109 0.905665098272085 0.8056445780990297 0.24645303383416228 
0.5479689304696234 0.060481280998710196 0.5087941712983276 0.3449862427135041 0.34780321093445055 0.48476361902591525 0.8708372940933431 0.9988912972187769 0.962166169587776 0.7043985520958959 0.20841532896322112 0.05483274960459539 0.8272108773288858 0.5570141548700605 0.8582878617499223 0.417726381501034 0.4396219364283467 0.6404378150259189 0.9416862048333965 0.2940083922650619 0.5765869213207765 0.46805164122471166 0.11020144348360861 0.23271088665101536 0.04475903077481813 
0.640458487434508 0.50768096684299 0.8050891418966953 0.739646787997483 0.21472611391266072 0.22016279877256928 0.00401383708102887 0.5472118176596689 0.3863907997910512 0.715261854279058 0.8283466296017427 0.8769720651717484 0.3060658693320971 0.4129529671486889 0.1747256492132 0.026254568029920877 0.1960763633039213 0.5406292528445555 0.9356577482454136 0.8438693927849863 0.22708543139798942 0.5626457032361765 0.8203420514765596 0.5854939332868786 0.24446583916995923 
0.5039175145429156 0.166018310274602 0.590918464186369 0.026290235061593004 0.5439550933885945 0.5457120267419692 0.9615823536386587 0.9585954429224529 0.6325413566553926 0.6564169894241726 0.9938652289215947 0.6928254278866798 0.5492132024390871 0.5296729028826959 0.18216076093330025 0.8587563863006741 0.2865816244843302 0.6213564066246469 0.014418468964936038 0.1906409501030446 0.8769762331921702 0.8200957635493593 0.3561922715465179 0.04954255309510269 0.07266940677786093 
0.30203333095010965 0.5192829792972397 0.20642065158942235 0.5008039373862236 0.09474646069253878 0.5460986132043313 0.8464936989742424 0.10710543134209038 0.5583091244884881 0.2262975698509746 0.3111884091943491 0.017538914776973002 0.20423003885775093 0.8565054679783839 0.5417650051174124 0.25561565854710155 0.2916474003671611 0.2223120170456443 0.2977494160210298 0.20615880448056156 0.8398840917574034 0.49108669974945285 0.8629883414675527 0.5418360618348766 0.7078024521007498 
0.3562250516467541 0.31953811409033595 0.4907474725943398 0.698367225965628 0.6574238155686731 0.058912878932511625 0.032609339697880824 0.7999926652106184 0.2327666841942454 0.5801559749243153 0.9440434388616857 0.754365404064702 0.7760358886770087 0.11465198430676016 0.7382495703744931 0.4011780275195187 0.3269011853934428 0.23192348686166608 0.9760019564527387 0.018872294543270662 0.7954949247348774 0.7583680651570942 0.4725824071300594 0.48283849800229484 0.5207511815454161 
0.5005576494590234 0.8654447989521781 0.35117532712947475 0.4152455912091878 0.24312045201759802 0.48667363959935883 0.40642798637880395 0.26803725319197824 0.5145904857682235 0.6020551743426455 0.09212829490954044 0.3310695426650817 0.44365714018172797 0.4880479994764815 0.9100103816748304 0.7856154279153069 0.22822808240501224 0.8376331734351132 0.7462700803825351 0.49724759339000735 0.8190649932371017 0.7394735190433495 0.7769982344756137 0.7056011550215382 0.9744392928052253 
0.1399113726199781 0.44774275025836485 0.2987156098172786 0.22112881250139094 0.9497970652679502 0.0515008608983577 0.9761569868261163 0.0963120516229824 0.5652955206591327 0.7278433362674299 0.5889521995161529 0.31194466573413693 0.322756302519415 0.9415011085001042 0.15842801094637882 0.5261373216596897 0.9384027152418954 0.3683819039242251 0.24100197698448578 0.582113034282417 0.5874276663500934 0.4549252523860524 0.2704008014312005 0.04443300173804532 0.6555835521148993 
0.31062531489872935 0.17386679731278076 0.2617096855009039 0.570954116277466 0.44905678856066567 0.8892878121260618 0.25486327550649235 0.8499500705500551 0.5152771157501681 0.897721440083206 0.09448332064466702 0.9452809506725632 0.5730893772681194 0.44362716339626673 0.5659909732498507 0.39266682742318626 0.07527523625750288 0.2470460224919957 0.3278973473924134 0.3306901755292545 0.9578272809738118 0.7932001716970679 0.09068652826763579 0.186622278491278 0.6451981959243209 
0.47776383354244556 0.20604411819814772 0.25654436646087253 0.08515148067916356 0.8850480971134858 0.5977926797083097 0.7834384940671105 0.32340737241818496 0.8553137446232831 0.10621991022579447 0.4030676095579969 0.6526848882267157 0.999304547409282 0.33517650884424366 0.51367696325865 0.06489864324214123 0.9948589551270016 0.8902739084259864 0.8277378354171243 0.568310040685878 0.14520254354482753 0.2776953756565893 0.054379698493207784 0.9369148383580961 0.1096638328076478 
0.2488811341879047 0.013856434970327958 0.9592815210588818 0.7705354550014135 0.7128326351904196 0.39042830324567024 0.9383023130827189 0.7156403716541828 0.3428368783348712 0.48622020256806486 0.6021783872797767 0.8506455231407731 0.18010060690592444 0.384044476824556 0.029584677402525794 0.9504219955455616 0.682815468842133 0.6158893279791424 0.9976809325639727 0.24746428387835873 0.7975798606009136 0.19266632399878791 0.3909825090343173 0.08180904134134981 0.9439708460034838 
0.8339186506381862 0.3201510732662223 0.4737896433008584 0.2547698926786507 0.5394615204597266 0.4904037465439649 0.9137074881260013 0.5989312781110987 0.28286970983370907 0.7471471565675366 0.6033378871611861 0.939362895593629 0.8257290672207573 0.15579791468023285 0.720252140715864 0.036795560247573245 0.0016236148453092625 0.08771222496588493 0.7160971026577364 0.8722323192433533 0.6038764460926843 0.9487105411595165 0.7459287940757745 0.6243391946823942 0.3112838929066414 
0.957544302390367 0.5805900551923494 0.6821449456794454 0.5702023123479212 0.7584773876439398 0.10014894684432663 0.36035024294778306 0.48766574516770445 0.965685478622883 0.7870904160844842 0.99893941748909 0.8899113044334255 0.18703896365463835 0.7659680618522009 0.5653828270322034 0.8490219082954639 0.09238838194003951 0.6679473741668196 0.15735235815917248 0.3465455494528773 0.7341049276826165 0.8699605339033679 0.37334173788157854 0.9361803909717173 0.8400355582105465 
0.6120762688064385 0.7088375633548719 0.32333165369741 0.8438218991591572 0.4735684076904031 0.8324853280985178 0.5081041646779754 0.46767947659416653 0.5405221029706366 0.6004924421105394 0.726668524471363 0.8329632162588978 0.7174868828015056 0.8981252482720727 0.5109495052211466 0.27141552142680936 0.6683767090615849 0.8092523652273556 0.9861472130332475 0.16683502634420533 0.6282818769637307 0.1515318339941676 0.8760615444471899 0.2601560504369148 0.8950388827378124 
0.5773494862409677 0.4225971403783645 0.780517295523237 0.8377154852162383 0.1250589742918492 0.07248589051437404 0.21446546908527886 0.02968020937728455 0.15798494553340037 0.37348042237296364 0.5273870266888853 0.7701788623661988 0.06756023035081027 0.2761409108633376 0.7275238960622806 0.22153459537184061 0.3777865984272828 0.7798208488189534 0.3985478006879981 0.22074003133173314 0.9408565479458719 0.7918858297196297 0.8971963077222577 0.4515066667150649 0.15675544144164877 
0.4473633935250034 0.5928244423583415 0.09846490575547906 0.7149765839186973 0.5395903782920645 0.49437209426959305 0.16534670816400965 0.47034147678619354 0.9461813810015178 0.062306465732319016 0.4405439343271651 0.19153856573082895 0.812998206908356 0.3789578467386988 0.3488819260440802 0.05314236743994438 0.3189390821135075 0.6773852169403396 0.5700929572752746 0.47952969170717963 0.7711804013393272 0.35774569851229066 0.8293917715915987 0.7194716328192019 0.03545743460538919 
0.05306692823868853 0.16108496052849253 0.7205656721448503 0.40066678846821935 0.2356686406997035 0.25725043221435484 0.3101758187370435 0.8915341042147205 0.06275250855953018 0.6319419561872089 0.022926903354449912 0.21668200246892855 0.7790270987947016 0.024598496328883446 0.4742446592489409 0.4512397802526913 0.3901750134104707 0.7060479535880629 0.247994204355101 0.4503541940325134 0.02004089991499214 0.9504290772273547 0.6790761678687962 0.18528259672634395 0.8877896197071834 
0.6308008691911372 0.17663063557740732 0.05083987824684555 0.9210868007419453 0.1901129613106486 0.28264862362129806 0.2069308015407586 0.6522240753591672 0.9076484221048555 0.47144519091514314 0.3863196093693081 0.4457429804573101 0.47193672175257695 0.6110666854796277 0.050368920916694426 0.485490612142766 0.565004002553255 0.9286036527061854 0.32884102612908805 0.10271329021258968 0.6398629142447113 0.49210262021399565 0.6823033375680913 0.8487288225160424 0.5945497657619199 
0.3069058202654451 0.9083049708496534 0.5293586715085533 0.7528088109840911 0.8461361266979299 0.5088608851693254 0.8129172500399948 0.9292215975530762 0.11066979762736784 0.8709308228450467 0.8644328382797334 0.4195973824621435 0.45168582307990246 0.5815730352705145 0.5374362912116839 0.6516779999156735 0.8504234460885162 0.6957574701997954 0.3715313690363512 0.81137686600798 0.898072393196475 0.023744616019971687 0.3992653818390586 0.8558044282705936 0.713135079649547 
0.042124106377701254 0.1497174963602429 0.4324737857422528 0.04165349300925347 0.12193998402181183 0.3637133855374125 0.12161828069376934 0.8104170031145774 0.31918213846560184 0.41821578534156467 0.7873334190786151 0.2005382522792647 0.326075386834341 0.9340088997034592 0.5358961632807919 0.7499855102575147 0.10040535271622575 0.7996898194716477 0.1522965277202194 0.4617459961227943 0.16573862071419643 0.07279922443559184 0.615705946479541 0.06058918383488843 0.4901454178844684 
0.05962883447174283 0.6406498445588378 0.7267888384942306 0.23083638022450736 0.18528753957167576 0.09788796773507602 0.21017653304295147 0.33459302564252646 0.05880270761931483 0.3083226328900607 0.4868418632056538 0.995212697849617 0.6373489544707057 0.3350346595642548 0.11444732802221869 0.31919202974591776 0.6519960036082547 0.4292765075502951 0.07569029508888958 0.4859393792014771 0.7776242216529243 0.08005152372025437 0.3109421852014628 0.32123144812351156 0.8384435587247322 
0.3830947714611339 0.672476543344828 0.6249680480460862 0.5278475400778713 0.9442361386426252 0.9395409633172914 0.09788076009972635 0.9828507853899386 0.8136173511317512 0.8768715223317587 0.12640558284415238 0.1730680486438717 0.984147478901347 0.303768457319346 0.46814138933269733 0.54854224867101 0.8967988792840459 0.8583186046145697 0.7582719416278676 0.6699339865372603 0.789463167514763 0.4784583713481362 0.3138529689954872 0.07865122466166041 0.49326207736936845 
0.44783117638950565 0.08785840640166975 0.1163530451922632 0.550604454567177 0.9617480743720165 0.6577990591688991 0.9131714873624794 0.3539648578927487 0.05888195672752339 0.9248199190912043 0.22602905414160446 0.03082456832318048 0.5906613182866175 0.7597803842190507 0.5900429839216079 0.1368940932350473 0.6499674905155207 0.5767627179363872 0.44451334148495836 0.5297288622311548 0.17353763226011854 0.11542353855480791 0.9970390704272292 0.9926773018321087 0.3297930452634187 
0.9921931173185846 0.19458914000919958 0.7706269935563346 0.8766954843527157 0.7252957122922348 0.7593050559823485 0.2710031901533375 0.4689655833503479 0.01941621955142092 0.713511909175687 0.06705619177654587 0.39218946710332114 0.05383696691270046 0.28682853841015077 0.9895114896091051 0.523100558128351 0.4073847609649598 0.8592551158343876 0.9384125271015425 0.37500461641089144 0.781375340729238 0.8612795341873405 0.4284788963644489 0.6777408692186757 0.5948740275055634 
0.7078313777918016 0.4371574846427715 0.35335551236942564 0.7339570213870199 0.17682798623616813 0.6188928230513219 0.09693682564084227 0.83709254539149 0.8946918825954706 0.265609592065578 0.859334520449779 0.0671363194825979 0.06937046711841832 0.4017193609628533 0.8186442931766447 0.17156945248879285 0.652248791185075 0.38477576780815925 0.80866764319237 0.2756145590477068 0.6552633283924444 0.1482838215719383 0.7667724722662826 0.9348548347255914 0.4657062544683169 
0.6782660539120364 0.6436835580578035 0.25872028044508877 0.15296505902725055 0.37330029426726274 0.09765231436835731 0.9335344481648445 0.9820036017572451 0.4596861202266568 0.8999705355325696 0.2038668706707396 0.39959511623192956 0.6176968585885676 0.8948676159990423 0.895486739287753 0.7399406759182462 0.6690611991045412 0.4781608952177808 0.7138969305613982 0.8678372297359066 0.2591009393930215 0.09248264356810498 0.0035576923759511603 0.9092983619425745 0.10310928681720155 
0.21759597612953696 0.27551383733719836 0.30444057495141297 0.4972217131372061 0.7742969296269571 0.4551538828855264 0.8936693921427689 0.8339864858544503 0.9729611155654285 0.2192977068193923 0.4792399670522747 0.9422249293924477 0.9992051433077176 0.5256689161473318 0.19027332134523778 0.5889754242648171 0.3554735365570201 0.5338821312269467 0.5595433537836232 0.07908680892068787 0.6486910988091238 0.47547740586558473 0.7055583563751684 0.05801858291816986 0.9192794467144568 
0.87276998423474 0.4623318973148697 0.4376331215883853 0.6914093248413599 0.22311217102651004 0.7500141659150347 0.4247337945906384 0.18000394346182202 0.15400258744787043 0.6184123473160826 0.9913095187723968 0.9827984584495275 0.934017204079325 0.7096972141873318 0.6148914464059225 0.044121579674909484 0.08381472736162088 0.3353242622154191 0.8163999303670652 0.0912495771091224 0.19358379323895647 0.7726025388426124 0.6558783476432284 0.9485577830214498 0.38633095515828153 
0.6301507462532353 0.5659245707875659 0.21788903710121466 0.8799971157906915 0.4675818102145023 0.09550989387537634 0.15043798750354254 0.8788093658211235 0.7829874108545603 0.47235542443599887 0.9596521880634439 0.12428927166711856 0.358069669159506 0.17517612714448283 0.3954252396906538 0.6069006671770286 0.18280521294065244 0.4344193390382094 0.9966895281062813 0.8163728854222047 0.6995951889137917 0.585324348205497 0.17321239862534166 0.44893606266745256 0.08276652802155793 
0.2575883687643701 0.8255612405844769 0.5904367727036676 0.6080293596271077 0.7772600903593636 0.31189390981132714 0.5588237557672618 0.9084219139867996 0.7507567465905112 0.7903619778515908 0.30044452292351986 0.821934274302316 0.9788264603033876 0.22298710762542884 0.3844088515953682 0.7999932455088751 0.4995978650411156 0.7130076860810505 0.7985185609837179 0.3445263907611178 0.49849037915612393 0.16211186359007745 0.3674638676996126 0.008483049087564476 0.9359954244745864 
0.9470412982581355 0.06544157493956082 0.3405284233943421 0.6090708647989179 0.31825683644190816 0.007100815020304019 0.30946712311441504 0.12924036920018034 0.6772198323629115 0.2735756195730603 0.17161152720015493 0.6558222581956946 0.39857855925919206 0.6723621789271238 0.4600543230223283 0.4112815855860681 0.5595511081757881 0.830649736383365 0.8969348605345299 0.44478880358695116 0.8153413452410398 0.4259362899506449 0.06069410363169492 0.8693315871640691 0.6341536139742309 
0.24479592481115486 0.5641415338264237 0.1306792262255444 0.07566571300125391 0.948121245649955 0.6963208713842965 0.9132169403407561 0.5972237954632784 0.5036844707863033 0.1402823826111722 0.9030014975715672 0.5098433547276076 0.07839456766338737 0.3303076548292625 0.8891629373374518 0.2623831661265279 0.14817672392002257 0.326052247090899 0.939620048008417 0.9846519002678352 0.07366157509047067 0.6523135824493556 0.9291869738196488 0.7103727767868869 0.25369445434496907 
0.5979703297636537 0.2367846414740682 0.9328173360863106 0.9878741788246314 0.250720426873839 0.15222463459880475 0.7433046279310637 0.10538639401261463 0.17797445383073596 0.1040993174487368 0.7996237683868075 0.05084580153679297 0.346912177533649 0.011192453446532413 0.023434803280132366 0.32977001110479565 0.458958511250775 0.6877102786592886 0.3863927479318576 0.7589680031367125 0.6303641343561394 0.1202769595964781 0.6432404061895608 0.8468184738232974 0.5785567037669717 
0.49311895386433435 0.07281992480706356 0.6186111602902301 0.4819289793754261 0.5014912968800912 0.4587551398138091 0.9527047723948084 0.9715663955525171 0.14849747726314755 0.6454750698475036 0.5663047628071071 0.4755811686369009 0.4924920173397709 0.11684757933103984 0.5732314864667716 0.05088484347683253 0.3906842890040988 0.9439149068974049 0.13019493420073924 0.6320190317703885 0.027899764323544463 0.6828118409013382 0.09280157418511958 0.40609519650086356 0.5805426212261363 
0.579493657642292 0.31057581352941865 0.2284437974114608 0.7522031574648779 0.1392151899498446 0.28407986907925975 0.9612509405337935 0.8393767015614838 0.6052453570263354 0.5859198717916977 0.26772345929416275 0.6128943766728437 0.061126874499696116 0.5308678309819652 0.748738924909975 0.6601615125326942 0.40299727063624413 0.3791734216761439 0.9955350389565879 0.6469581702034575 0.36615693706565544 0.281615082158425 0.8058501267057213 0.17947434549442054 0.3197883208267207 
0.8918331621850173 0.8910372487246829 0.7076032838734528 0.2944768346877119 0.5318680133305409 0.23344322324557976 0.013365803263894693 0.8960091075837284 0.23376783758592845 0.8458607631409654 0.8915778978951123 0.4406985645705519 0.3997585523531726 0.9853135573148094 0.16330749217086293 0.48413347601126266 0.11331859566362701 0.12131254037445194 0.9262733162633141 0.6847279064111771 0.10906920684567378 0.13806478019168356 0.9507205887063187 0.31223071094366783 0.13606660213852717 
0.7917745921766552 0.38519829031166675 0.11161836181315166 0.04867460789559541 0.34605043439671224 0.29721001026552396 0.3324346898277324 0.5184353198789494 0.29335442680887924 0.3925019711841474 0.5205523759632416 0.4396181492083112 0.619931799711526 0.42261237962083475 0.7835899832829001 0.49957578100921674 0.9398143341252442 0.6045945147186511 0.06401101849879787 0.5510923056870204 0.2649324904445606 0.06694271073247604 0.8594684368180607 0.8551835780268022 0.9809586467539887 
0.16999672034527336 0.7571755188101259 0.8334239110977083 0.022578310561196746 0.5593984723572849 0.3726019288457335 0.4142488570645736 0.9019748635035645 0.011315637367299347 0.7938250740372685 0.3934340035523687 0.47339672796289367 0.45017785430302837 0.34628498213174863 0.9517635637698681 0.8361040498519008 0.3357475338543747 0.434221251627789 0.8983750017263024 0.4434063720919431 0.04637588493115097 0.2618441035563912 0.07108973823651188 0.7037692596571884 0.9390724865004004 
0.38088926138155765 0.1172966776086104 0.2896524003824711 0.5766681297812423 0.41917266333092174 0.9709494332470932 0.20964349830958717 0.037358970528296065 0.5522253603594437 0.9037760067131553 0.8590379618648387 0.06825746557592105 0.9470694446771306 0.4407384074142793 0.6844483261113408 0.10387061535393649 0.185710548083737 0.5242373778945324 0.34018361119095697 0.45319989607806577 0.677970230568853 0.5335047764821392 0.36024175884160947 0.61201981918662 0.8840432290630029 
0.777290310350005 0.28280030703681847 0.4360109146958805 0.010009213506895542 0.9603532220356862 0.7198165482818298 0.2811985507382646 0.11880230384804147 0.7003605104924462 0.30434446326981246 0.467179412387443 0.4612364560892852 0.3268673112559586 0.689954458683332 0.2077234554686317 0.9491593500683613 0.1099942431120714 0.8930850860536829 0.2737933332010152 0.30259927336976156 0.9755057750127653 0.8222014324411691 0.014331772663299436 0.519975945781234 0.269085574581146 
0.9790437965195727 0.6350788235406314 0.6937600461502929 0.9787192644647142 0.6610727130997278 0.8360981268703458 0.17085009653442962 0.8763076192887961 0.11482820006110928 0.5037700208596502 0.748407042220302 0.7104916592723375 0.8622709016761116 0.6960525512445236 0.9098786117964774 0.9582632224638497 0.05398435862344775 0.1669450742132641 0.3818490527415792 0.12836484034117124 0.36350911564256794 0.509905605231233 0.820207665409723 0.18411432149691975 0.6989264340492802 
0.8984259529415078 0.6664817126913166 0.6333005547219057 0.2229705159632751 0.6064402138155753 0.4064926877480224 0.3211827146347712 0.5062391926472454 0.21194617981538422 0.009324889009492354 0.41892764906215296 0.4227497526035179 0.7904818986959687 0.3460812408059628 0.41319505376399523 0.2942913818760211 0.9450182585143794 0.5615896183421608 0.8442143398260638 0.4392537448371283 0.2897865777023484 0.7089707645567631 0.574866899151735 0.4041733204282537 0.30902406232144863 
0.18890087771926334 0.7913612567000243 0.4326436463408706 0.6626453607655707 0.5725511087715504 0.31389610890586017 0.18752085350304748 0.76677308464933 0.6517478240902355 0.41717047780819283 0.7481003439309117 0.08582572059282734 0.7687469592551465 0.09057496709565493 0.45411566034428086 0.7654734007579581 0.30068128333395083 0.8518382114184598 0.47062486695934913 0.6684766447615013 0.34501359406668464 0.5920781750615292 0.9776757323133255 0.8193407780197226 0.1746082379233046 
0.7185443485312086 0.3875640190688524 0.5214689607313491 0.12637532527772988 0.5845298440356477 0.47896085918826914 0.8665274700725757 0.5712226918730396 0.8583398698846636 0.32066696715519505 0.5524357553796247 0.41566422555159044 0.7578305194711034 0.24385148825153424 0.11824636572820213 0.570911541185058 0.3198570317366196 0.6776045960444615 0.0681814596973106 0.702213206814492 0.9673425262010539 0.7422488403224382 0.6696061019027592 0.7207093963059197 0.902222558633496 
0.18750180382541404 0.44849157387400507 0.819643476392606 0.8300632031331795 0.32237340764668765 0.22013856482698468 0.7624818247087001 0.8043054908809071 0.2518841416163553 0.7614603535262354 0.771856627951457 0.008942565178226669 0.4078963358387012 0.2989241120799907 0.1771888027458537 0.7659686888562077 0.09114236321068492 0.022393507398344337 0.7519024535297889 0.7981308745569042 0.5584324430115126 0.18223210951570068 0.7499154706534295 0.7662540861280053 0.1575117902412706 
0.1435866011875241 0.15803225592071946 0.9892775748865431 0.852234830276617 0.49840578370422395 0.6250821943601523 0.717163469850442 0.8744911836613746 0.8230694905094122 0.7071042312368121 0.857584904894349 0.16332635603433843 0.6811510671388099 0.5546982782989873 0.46129339216893983 0.3932707181532461 0.005928065941314453 0.44572061369463 0.5598139227166895 0.38867943166935737 0.5699415610831902 0.9113505099164563 0.91066966945604 0.5586266056269679 0.8093102702803344 
0.7529712654358951 0.8173712716261422 0.22230361260169573 0.27714036427334365 0.47033833397497204 0.5740003902126305 0.9965739858831938 0.1229589718963674 0.46478850275233863 0.05681220879264626 0.39124411515652024 0.12315442374209717 0.697185863317368 0.3001669613572956 0.37858590979821094 0.003014499236912216 0.9621757221440712 0.7391101893633012 0.7885093710764963 0.19602712777301756 0.17979185329422864 0.11172383794230434 0.19327584790282104 0.9888206042765698 0.8054611775756175 
0.3648608378895585 0.5276118580517337 0.4891137218546616 0.6871734562662986 0.5695862109748936 0.16145827003752566 0.8663186029901757 0.3874463275242783 0.4415935749115777 0.2338380792036321 0.5940090461083448 0.1773053203440066 0.5229025291521167 0.32851832143860116 0.8545704056574368 0.20115063389026722 0.8926416960623136 0.35867115052596976 0.2815015388747112 0.28154688021094176 0.8126522180384934 0.4569000094180602 0.754352745141072 0.02381859377979889 0.042329703031456445 
0.42223678806179465 0.22349621318974144 0.9890403946520743 0.6478520002428088 0.8866526624457194 0.4299249441018639 0.780710037690118 0.043302285069711566 0.8763292878666272 0.3966950698686239 0.47367145673107713 0.7944406504577662 0.6102180970949018 0.855661574902379 0.7591165949676416 0.2305127276797836 0.3385147127913982 0.018665422482584404 0.09703902958726918 0.1903622811984188 0.505275712726011 0.9847574442222292 0.7646907772966974 0.15369742474156112 0.757555065232434 
0.8882276247525629 0.20423545325074677 0.34096860403376106 0.9188085151298981 0.9349358937876946 0.7469018203616157 0.44581143678495005 0.8108441683996713 0.17289114110626969 0.6877868133064485 0.07187795253240947 0.7772282304293765 0.5859320000091987 0.4747214842359905 0.3634963184285612 0.8387906075526084 0.5042371066695323 0.23147929185133198 0.664208124459018 0.6958749211642562 0.12795091876561615 0.20497372578440864 0.5239464736422772 0.39331925545837887 0.6084167647877466 
0.11593140538429914 0.8355442300111738 0.0888826999921043 0.29542788266984077 0.9764253512768446 0.4126520447900701 0.8161492535458046 0.9600651869363602 0.8147747099133099 0.6526967136724874 0.1947780376809194 0.5685808008337211 0.512832969438066 0.5579044623160155 0.9694343500615449 0.5629613586064343 0.9460099726358838 0.15978665373812284 0.1117465190009922 0.10256180891416744 0.13354098700698958 0.4947189488403072 0.7037197741288903 0.5819455164106722 0.3893443073417119 
0.14921321421105538 0.6758080773045931 0.8582695420717203 0.7811297139555894 0.4755755799624928 0.3880861997049422 0.38090341709740083 0.10403380521658823 0.2822391801152072 0.5521237826806963 0.877230635951229 0.29801119896160533 0.6149866787902541 0.7183524632449036 0.5089165939259752 0.8312182577934927 0.4261453462710758 0.3629749652349983 0.2609345095143938 0.7052496205456188 0.009518157829225049 0.5277595177224417 0.08226260804834584 0.3065306138225443 0.452142841461023 
0.3467041837126883 0.7428167596866878 0.9177436754958861 0.22033056508280446 0.7350279882868983 0.7315104247945856 0.8066435198768971 0.7433040999891445 0.09919471532561563 0.11464084582846479 0.20116257475555044 0.24171272369145658 0.3058581159873347 0.8214784558789947 0.7686326914098436 0.2056058355987228 0.2518984599236722 0.8526548417703967 0.9599161922323198 0.035201840883992586 0.863747364587538 0.8532560399155785 0.6135896572453982 0.6504189674531444 0.7868368032943013 
0.7519021891536194 0.7859760986330042 0.3616149513278677 0.6543163190548136 0.41770278941646977 0.869164557427696 0.11496544208257586 0.6819349986299738 0.360934734134028 0.18692362494939174 0.13919069340594425 0.7981756892292535 0.4607607242362125 0.7834910912708527 0.6716248003525062 0.046112739037933115 0.7623318370198574 0.7584362710125838 0.47371475304198263 0.9674708932059547 0.5728893063554973 0.7493853079896001 0.6105155420612494 0.9184128172513175 0.25761596867560566 
0.7417834190894375 0.7206476567204781 0.6522142947677307 0.582978284033327 0.23173874163011243 0.06088176105671406 0.5568089413618581 0.03340694013341272 0.595837294880954 0.9333347355653321 0.3458827956406846 0.9598130087182918 0.4275699149731095 0.06852810679053167 0.43883073773569303 0.48327645267887276 0.8321433629453521 0.85400756267304 0.1957433850543463 0.4562205276091227 0.6413829178624229 0.9342420245190792 0.7023002235567142 0.29341842179455513 0.14309970786705983 
0.20104174514784778 0.5331355849062739 0.06744068341981746 0.5550980616641888 0.6910204280969053 0.22916715727114612 0.328208011194455 0.05847902417385953 0.4843680538511377 0.5232817617870115 0.15515243336428408 0.2543650836568643 0.2924066273434963 0.7480928872136987 0.6559142407270715 0.9660323262839015 0.6067531615631725 0.5877477062165064 0.21540427274338347 0.40472982117551026 0.8280898125007782 0.05613604745586964 0.1802963312474275 0.8243711853388949 0.3718475612076495 
0.21624972308332624 0.5430748586414319 0.36331475558712867 0.5665955405787003 0.5126162618182913 0.3924396455260232 0.5937352705938712 0.0596965222463155 0.07658630826582835 0.8065166773998498 0.2644023140183618 0.285314052919714 0.9399230541538826 0.9673024092814306 0.7391296340775121 0.3720653025017854 0.212165642229726 0.6637982856150214 0.6107409252349149 0.4271404052230031 0.6518470316979246 0.029636377334145148 0.8238958238466968 0.23997080452579644 0.09830805922099095 
0.5709272689319506 0.13570468297801386 0.7808021599762638 0.7506600623410367 0.6073064745539766 0.9370495664182873 0.007744161173501962 0.4785117533983605 0.8845037506970556 0.9647648432527843 0.04289395827474096 0.11855597001997698 0.517065644569707 0.7841521277094994 0.7830871308624987 0.04219944142713827 0.6286083417284749 0.13735196197878385 0.22877383550406838 0.3141852945859769 0.5771167842290273 0.7638518823698096 0.975433468217587 0.3064217619545193 0.2571625435688276 
0.9204313644778558 0.3994941712711637 0.0737111229978582 0.7645410866536729 0.27920015666503895 0.5353306974679299 0.8848030021887682 0.6820917898816448 0.547851418565507 0.3495456872512822 0.47517930057389424 0.2755443945368161 0.29349917740332965 0.7643172359727115 0.6357939722898869 0.14796209094093016 0.7111492186498142 0.6531171146954537 0.16201284984848474 0.6082134201319758 0.23673217401213897 0.3573765236605021 0.35357838166608724 0.5067090407451473 0.25235286042676086 
0.955925254336287 0.059354737193023865 0.9607706478607575 0.562977361753061 0.6861242667431824 0.4536128930963691 0.23295074141075678 0.40111437508975445 0.13212717398008234 0.8580291925000078 0.7321997666366858 0.18501257599503085 0.12018651472434405 0.32897087096289745 0.8949318673338108 0.4074067513701628 0.8639485298742533 0.6221392778610146 0.17487371073052294 0.8054672674149993 0.2712318180679728 0.7837735803126966 0.722064794758921 0.06183243415921602 0.6211915298927404 
0.7044971451767857 0.014662820356829531 0.7434444002014583 0.5710382768256452 0.4668184713814867 0.16654342986040693 0.6725967479081038 0.6324139126735906 0.4211709641650312 0.8031309308312441 0.6997904261937373 0.5619052751573007 0.21888054760260955 0.4546138199174714 0.06777254920373144 0.6534051166758015 0.11862546667280671 0.9588499685577122 0.36456215422191407 0.36418851062823354 0.9890844238908931 0.5912846805362377 0.5408213199557443 0.90371627495519 0.22206935365530944 
0.6139321234590438 0.782540104840442 0.039890569363660644 0.08580943056635393 0.2833285064281832 0.42694082451943327 0.5395996836957263 0.7598464309218169 0.9863338405494451 0.8917076179390684 0.014070193808147224 0.946500555172283 0.0643546247763509 0.6429573484559815 0.07879464996088437 0.06638710932222414 0.16133654616663184 0.9644087167409834 0.5307433567055773 0.4183223274792697 0.2726638493380156 0.0813179579052703 0.2711574357753329 0.5833979137596899 0.657299694608929 
0.0012334754722546082 0.6821742253952604 0.9760230035928621 0.3378630234645572 0.2775563206573525 0.4750631366611032 0.9835979692796414 0.5847044362762002 0.5751108534424183 0.1524732360522597 0.7260961927358207 0.5680592878972397 0.7782136157090497 0.7243362808703597 0.6334033168715132 0.40056872899066887 0.25447183086162617 0.9238704632118941 0.6494502217244618 0.5720871587705312 0.8474680308974738 0.37545205479802235 0.7072624596129851 0.36295503515597893 0.3069101984956327 
0.6152616769433756 0.20295829649118713 0.6261599542978376 0.7470062169942062 0.6303341541794024 0.19783566856424184 0.46477971592124234 0.9333361945140942 0.5572323136923625 0.8588815366221936 0.7613860679866766 0.03551015005145719 0.3529305236779319 0.4911388889483995 0.759598362946521 0.0226300919603889 0.41490440305188914 0.7005493537499708 0.5067074911903532 0.21891907842475034 0.7858844913686095 0.2571462571279983 0.16778832154959833 0.11141212898363695 0.6574021723946399 
0.8783596614140832 0.6449974814774954 0.8363916967654836 0.02696554042952659 0.8033978069080128 0.21739450947401806 0.04268680907876787 0.7806307097721947 0.4186747840351589 0.7136770686744266 0.9480878192281842 0.2317739125982683 0.08397196449401878 0.39287487310573865 0.7034661007754318 0.15315488484535056 0.07766426195907883 0.21762878968000654 0.41448423844676285 0.6146842376220594 0.9973255737336278 0.7560821416622958 0.5380380927408248 0.693727497356448 0.20247054941997844 
0.5390603580325387 0.6802969191834585 0.5595572282479662 0.08951568902161466 0.5725748678646078 0.4223275867189924 0.20748517026267865 0.03332914831977962 0.6822463349512182 0.9660617559659735 0.38080775142722356 0.5404613214083556 0.8537662129169307 0.705726651776843 0.6837218060275978 0.8178813603714506 0.938446285231169 0.8764546513263402 0.7622727892128932 0.2665479502980931 0.8768663103110643 0.4155435314386001 0.8129799938339052 0.016448529004771895 0.24682413333607078 
0.5768493379445399 0.6082310933016322 0.021896439962022285 0.08482730453003218 0.45603207469509077 0.4375123112148167 0.803062548445704 0.34471920547830837 0.8373360509420392 0.8365867580467945 0.5022254876704123 0.9268644968552641 0.7129481322583159 0.029955262646828795 0.13020645885673354 0.2933276273670993 0.20751731316767863 0.6306020838928454 0.43691815047733873 0.27628857453428624 0.6621207305204787 0.40464879584610136 0.39803570944199096 0.3678601042859886 0.420476235789088 
0.14785104836066365 0.5161416527788025 0.23769542266135724 0.7649582382051617 0.7359978095868347 0.3355777137051501 0.7222211773059269 0.25292893097482017 0.07034938019419545 0.49546308986372833 0.4945370380043628 0.003373885672950827 0.5520398760944847 0.6727341285988743 0.17329043825954493 0.9098592375155101 0.41684806243959194 0.4294380772425568 0.021601075507119094 0.4132325645253493 0.5404105757891781 0.5085945470403516 0.3417965534238052 0.11869690193742943 0.3607246575322618 
0.21536501365726157 0.5752845711725479 0.25149029079961016 0.5108263237492361 0.24127162423938975 0.8860099159957052 0.7689675089872021 0.014477924335836723 0.9605689848313624 0.9429752732104539 0.7996886627727532 0.7926793293838237 0.16460192234316495 0.6632963197872496 0.5923662501549022 0.5100164344156721 0.2835100550157591 0.008354187139709701 0.7169738943313843 0.7529170515779212 0.6989227661273271 0.28880553046904023 0.3182212485399093 0.9155639170020244 0.44675571686321713 
0.8293642246735534 0.1465454186423808 0.8570337805367525 0.17920461154969825 0.26184113236495843 0.7471741437916004 0.2771264378299948 0.8219829649947078 0.9363091468140815 0.5428983843213264 0.557619254962762 0.5896326111875706 0.47798313003929327 0.9854466554480562 0.21102698298860367 0.9950196985332411 0.8350659817631004 0.9198170770209531 0.47436767213221787 0.6210537070464699 0.09862681389968264 0.5138741602405323 0.574845358643902 0.5838683398517959 0.39386515714679726 
0.6515607665035991 0.16259194187410697 0.856855769572471 0.6135505137406614 0.029664420211759746 0.29815813334255314 0.42950732580490236 0.5745171769351546 0.6983732399180633 0.32839066103294323 0.17933489779963152 0.5364947942965435 0.9751223293833062 0.7319482902218503 0.8046689642395121 0.9576133476207233 0.2447848453222119 0.1889286476550317 0.9713125431084323 0.4113896205159895 0.7696358947752268 0.43350882849580774 0.13310555447958838 0.35905189443112395 0.047361999623728 
0.12621358859493326 0.4613654789674383 0.30201340326136306 0.4170912966514574 0.5312060913310003 0.7170380928374784 0.2825166036015979 0.4808313716316349 0.9334504713320152 0.5678392459919689 0.30200410844668857 0.09003467477285754 0.13164018257456944 0.5852850367006032 0.3128344096405501 0.4007039635325389 0.506670586930861 0.5740570349320667 0.4413910882133769 0.5615108700374334 0.701960427283512 0.5607651825898291 0.42700567250848986 0.49484011845153664 0.6372613349322443 
0.21186075697916928 0.15775406199244457 0.052662248520795596 0.6768270643093188 0.36904416290200115 0.681760570242472 0.9234052982404558 0.0457112677486925 0.38045862106280137 0.9961540248958646 0.3394726510320448 0.44287699436058514 0.11308820321746016 0.015556251392393139 0.7786309342670926 0.029824207365682476 0.4010652944512395 0.29055720200847335 0.24315809420207868 0.2556529203372112 0.6840196627323828 0.7619229751465418 0.47647242465689565 0.7741282855837451 0.5577751377960575 
0.27575476650336317 0.08044330595879279 0.6822248301218051 0.6783178367217269 0.4444530183524612 0.5379601807269825 0.25630213551267056 0.036632675588656016 0.5350520664351357 0.3775654418054336 0.8396396092410128 0.36774316841417476 0.9178942199396221 0.7892083117248763 0.9009388139954491 0.7994774727643842 0.8884820883724908 0.32963211636339196 0.6288147469081673 0.6387809883859971 0.030198162273965323 0.7999287493483216 0.8836159504173194 0.2857561035340702 0.6215171213247193 
0.878540352468024 0.748687835786763 0.05038710009907543 0.09930115420526187 0.9555586214664987 0.12112138640378856 0.5176101820856599 0.2992616225038852 0.5294045536609884 0.3140174018282973 0.005511078300833749 0.25650295602381623 0.7610770292795255 0.09521521090041551 0.5399951782676606 0.5543949059880944 0.7834560868540682 0.38674150448422584 0.13984994588109556 0.9996260450917172 0.6011365451029179 0.4069412515911539 0.9574019906680085 0.634135799012492 0.8054793102643588 
0.013235139359778825 0.4260853245578202 0.6748271313784833 0.6022165163295587 0.1546333800995746 0.5628331238731329 0.3829632076179199 0.14891328306073848 0.1304356165241639 0.5324491024261487 0.9997991794888543 0.27555564630913054 0.4398368555347202 0.837570263537773 0.2852447032529184 0.5842870815601066 0.5311527154553962 0.6493583658437807 0.29980226889253114 0.3925362211732303 0.9310800977044823 0.6954963173509 0.8233354366438085 0.6255458490262182 0.6041128377161451 
0.12510161796983832 0.2813994340877607 0.1311227234344956 0.05868399745158637 0.49557714485010407 0.5997745527260245 0.9199514835749115 0.5668520517791131 0.9557594419776444 0.845565740094658 0.07777332655093971 0.46169135896611224 0.24415985040806998 0.7297303202681907 0.47435836284543753 0.6071445901800355 0.14132148258796673 0.7954129420078844 0.14745895709443035 0.6233148082836121 0.0879597695031682 0.5634060678404174 0.5143040968548773 0.39551320737557205 0.4760349271330796 
0.12554181750339322 0.8262792672335129 0.5754518015609056 0.30990216541425475 0.4134605866337543 0.5061338409829087 0.10797507959937014 0.6464570743519144 0.3090676400049166 0.4850597973221932 0.9212718486518077 0.9047534326526685 0.4007052962559732 0.058090739580711204 0.3926545893088188 0.1342341637211638 0.6444239135268358 0.6901113064433426 0.6619298949693063 0.49632731205693836 0.9677466476149789 0.13505426898890338 0.8237673417594515 0.26699440366983707 0.10480083047096944 
0.12004451578999442 0.5134332712295537 0.21208526239246395 0.0979789967332364 0.01712653837046818 0.6349423597358463 0.822055083429579 0.5736242001293932 0.5743052961982964 0.695021120073356 0.5192461873189383 0.5087613121984019 0.5631048526688256 0.7113315763734942 0.4333494130241039 0.7715800525227696 0.5822299554387637 0.23340300821125237 0.5066117152304587 0.47209032119113215 0.91707914327198 0.9716456002484328 0.8804645534245933 0.5185139778126426 0.9679152537131738 
0.04997279661086362 0.3022188344624134 0.29753421064233565 0.4589083887626114 0.4905994577675469 0.004224183803933856 0.0018276014315123934 0.7355968692159583 0.7184394665603983 0.9868876536639704 0.5992137674009682 0.08335222168308876 0.5977360636314224 0.051710384298089274 0.14969179612903805 0.32252347721390484 0.1673022880447208 0.5514790243502525 0.9205642681176867 0.21715502044918378 0.672778313278403 0.8096467530187493 0.14341591715666369 0.5284120583437646 0.9177738510041152 
0.83283543452649 0.3648589529968401 0.7763949459022902 0.10057664666703559 0.11821691435848203 0.7778364020135954 0.4936457958320657 0.11109134306926605 0.41791277096949997 0.5515901380527576 0.2243190197981566 0.5219138158313039 0.42461350006925835 0.3724976428594512 0.35194389927421754 0.9572822878481494 0.6425405845511389 0.4941765559243104 0.7605710997457009 0.9619332995040203 0.43881403828209997 0.7049909498674878 0.5888378642263434 0.6392548866646421 0.990371014598329 
0.6067866472515927 0.1040696075223031 0.41793733114560705 0.8496983393546917 0.27213639459726824 0.8085730386303477 0.1864428675730696 0.04099561779311145 0.9390093197147893 0.7799051640057773 0.4799137856002085 0.3109833691467 0.34594182370094706 0.6349437543897528 0.6419314795528188 0.4408116371319498 0.10355950770711198 0.29113928455238836 0.18775849662501776 0.8837094389318049 0.462311338177233 0.9626411601239091 0.2813093814530445 0.2267840058508548 0.06599166602681028 
0.7055771454964462 0.7254785860110566 0.6787137189890728 0.645637456406847 0.02426239589614232 0.3238633352037287 0.8373856261875009 0.32067148266125833 0.6383031287582736 0.4668530328668954 0.14770397213111863 0.47614758867951323 0.7759812914166812 0.11077850092080777 0.12075951209104463 0.23077453127891556 0.2368550034442406 0.4887882039276463 0.8896325610969845 0.9946411277242403 0.3612312030980944 0.26739255007345564 0.6945794337188906 0.25635615400757406 0.7133354522710433 
0.026277230878414937 0.9432004078194964 0.6149924907684998 0.25010575349774755 0.28292331204786403 0.2666839813348022 0.09726584848434872 0.2113952105964182 0.8052833617303728 0.660869066499229 0.7102952788935564 0.2650143263764303 0.8282308187939815 0.6591456519147326 0.2491392543212929 0.0741283657024594 0.8571536197733007 0.7453111932927683 0.6472903518285785 0.0795804340338554 0.8361669576336563 0.5965598508334977 0.9314023426174437 0.17037398666076153 0.4360341072988181 
0.019440752304412667 0.6663168906845447 0.9766782523531072 0.7830683539789463 0.43889316416164403 0.6282127375267079 0.46731850839265465 0.8403540946764742 0.36339332939691327 0.05884900882729838 0.00915480739351937 0.6615258307465257 0.38916387443698064 0.392724667164436 0.2905503523578179 0.7308363953867449 0.12869093958810263 0.03119806688695237 0.2845925544573883 0.6342146804454178 0.3054526608267969 0.3184142172668848 0.45359845379816643 0.9752003754198276 0.6949143124135497 
