0.7361102478222509	19347.05362479327
0.6664282850453849	13661.899291480862
0.8752333779063705	10869.468480446021
0.5007045586147689	8794.50947117136
0.5213931580725248	15084.793866208116
0.5153080222121706	6469.479879850639
0.528263385214276	10499.170035073192
0.2132059039947684	12370.780368923448
0.33037975978841794	9519.153217945228
0.7196640821077533	11230.60832582169
0.38603662390012217	8879.622976920544
0.17057833250884707	5742.836164604924
0.3829799277834686	4566.0599656010245
0.7499382838944163	12587.930857508305
0.6688300527930164	15913.073041235644
0.32951723820482737	17003.880282138627
0.49764627706486153	13989.05929326033
0.4934725113510906	16226.385304869478
0.4540785205530465	11033.602446133935
0.4642117781667618	16312.158745035582
0.0811041605535186	14181.023221474505
0.7893420404020097	11856.633037773094
0.6305211157998527	18594.732988325228
0.572711161428537	21346.991617344163
0.46145583852407174	34495.336143697525
0.4364368377282121	15276.80624387007
0.47770788191888386	8998.46392119797
0.6749212710539393	10076.91350019868
0.7936077497316016	17824.517873890873
0.8224607209660133	17364.345365110203
0.7254677457152694	15074.041955232142
0.31512292545592396	10533.958985293804
0.3227901014132654	14448.493958890022
0.8465107095250455	14206.19388276207
0.5936008195225186	14475.977762481847
0.16621941126883222	9162.751700594046
0.5848541523873726	18137.810578670935
0.6777249793212319	26134.11827809032
0.49440610702824583	11858.291699852836
0.41791246268142757	8457.424038503721
0.5748027770546535	11560.489311225994
0.1910276060373452	11143.34282971633
0.3964746415720247	11991.990424290358
0.8399367878258186	28625.00822812586
0.8233886864079754	7115.32998522498
0.1365487218877378	15702.247823260543
0.7012197459827471	10901.606180247616
0.8013784374772247	10928.563986987047
0.6196113225193904	14899.950961936998
0.608157114451083	16430.03244644213
0.3204346111792402	8076.858708769503
0.7119805214841948	15190.78930971729
0.8136737937620098	13657.653960898273
0.03769785224121164	18084.15675958616
0.654096420336742	24364.0355875754
0.3478073488782314	15615.978504925606
0.4263002106705605	9994.964778109847
0.32615197742510793	12983.147664079956
0.2371808469620018	8679.204214145255
0.7657642557510475	12937.547713376118
0.31932688694204525	14751.863997666733
0.7638557966269294	9524.980138526636
0.43736944098354447	13805.209576524883
0.47070729949430967	12210.635274514021
0.7051818512756846	10744.10396378772
0.5682764332475004	10375.954260610217
0.43983591730051264	17190.442817573443
0.46077102639622997	20542.037114461382
0.5179249213079706	20310.806905306123
0.32913331067719453	17752.26497881338
0.5007107699645139	13666.418591955096
0.6019789004840195	8215.001381737104
0.447269107494648	8125.00657168998
0.7879014202730813	15112.980512406644
0.6622171527035956	19233.928303215645
0.536746137677369	15560.446188724949
0.5002746345420432	6342.733216568688
0.6574711701107082	16438.306330254352
0.48347694739256214	14608.641584521647
0.7754301183790507	11591.14954121135
0.2962157399190185	20890.82675540349
0.8648447121569575	13269.605056623002
0.97516465874953	7550.407231145597
0.6359510964408341	9630.026091239482
0.401324088520736	10389.647774528443
0.18533675320986276	13176.968412229167
0.4718315768702277	9797.798862751302
0.8240945735857383	8620.527597725832
0.6285425724365461	16468.569582395332
0.2994000328525666	8372.867000290782
0.5954107537478729	17093.808762025532
0.7191351820878229	10042.689462892558
0.5687372812173159	13754.236114700307
0.4208381264606251	21631.363020243665
0.387675393419602	17439.26953405641
0.4855104768063767	20411.745357425803
0.6927911970520202	20880.78476920799
0.13190897885259928	12953.091740828277
0.42592715455989083	13720.970237185378
0.6634707868513854	12941.204936885815
