-18614.0 -19236.0 
-18614.0 -19236.0 
-19560.0 -18015.0 
-19560.0 -18015.0 
-19472.0 -18321.0 
-19475.0 -18207.0 
-19508.0 -18180.0 
-19123.0 -18864.0 
-19514.0 -18101.0 
-18885.0 -19120.0 
-18788.0 -19126.0 
-19034.0 -18963.0 
-19009.0 -18986.0 
-19276.0 -18680.0 
-19394.0 -18467.0 
-19257.0 -18699.0 
-18705.0 -19207.0 
-19426.0 -18394.0 
-18719.0 -19173.0 
-18915.0 -19049.0 
-18902.0 -19110.0 
-18774.0 -19170.0 
-19338.0 -18559.0 
-19191.0 -18785.0 
-19349.0 -18522.0 
-19427.0 -18327.0 
-19075.0 -18880.0 
-19364.0 -18518.0 
-19042.0 -18914.0 
-18660.0 -19209.0 
-19430.0 -18326.0 
-19058.0 -18911.0 
-18626.0 -19220.0 
-18951.0 -18994.0 
-18967.0 -18989.0 
-18945.0 -19020.0 
-19285.0 -18627.0 
-19516.0 -18053.0 
-19222.0 -18702.0 
-19304.0 -18602.0 
-19143.0 -18826.0 
-19324.0 -18570.0 
-19205.0 -18743.0 
-18660.0 -19209.0 
-19143.0 -18826.0 
-18938.0 -19035.0 
-19364.0 -18518.0 
-18711.0 -19176.0 
-19288.0 -18607.0 
-19164.0 -18801.0 
-19522.0 -18028.0 
-19410.0 -18402.0 
-18786.0 -19129.0 
-18776.0 -19165.0 
-19324.0 -18570.0 
-19533.0 -18027.0 
-19153.0 -18806.0 
-19191.0 -18785.0 
-18932.0 -19047.0 
-19216.0 -18710.0 
-19285.0 -18627.0 
-19209.0 -18736.0 
-19475.0 -18207.0 
-19304.0 -18602.0 
-19164.0 -18801.0 
-18885.0 -19120.0 
-19516.0 -18053.0 
-19071.0 -18889.0 
-18902.0 -19110.0 
-18626.0 -19220.0 
-19533.0 -18027.0 
-19071.0 -18889.0 
-19205.0 -18743.0 
-18967.0 -18989.0 
-19407.0 -18420.0 
-19407.0 -18420.0 
-19403.0 -18439.0 
-19075.0 -18880.0 
-18915.0 -19049.0 
-18776.0 -19165.0 
-19153.0 -18806.0 
-19395.0 -18456.0 
-19216.0 -18710.0 
-19209.0 -18736.0 
-18786.0 -19129.0 
-19400.0 -18445.0 
-19042.0 -18914.0 
-19400.0 -18445.0 
-19395.0 -18456.0 
-19410.0 -18402.0 
-19403.0 -18439.0 
-18711.0 -19176.0 
-19222.0 -18702.0 
-18705.0 -19207.0 
-18932.0 -19047.0 
-19426.0 -18394.0 
-19288.0 -18607.0 
-19522.0 -18028.0 
-18788.0 -19126.0 
-19304.0 -18602.0 
