-18679.0 -19211.0 
-19473.0 -17979.0 
-18679.0 -19211.0 
-19192.0 -18752.0 
-19449.0 -18212.0 
-19440.0 -18342.0 
-19148.0 -18836.0 
-19150.0 -18770.0 
-19465.0 -18160.0 
-18817.0 -19171.0 
-19009.0 -18994.0 
-19470.0 -18044.0 
-18919.0 -19031.0 
-19111.0 -18847.0 
-19228.0 -18677.0 
-19220.0 -18736.0 
-19281.0 -18614.0 
-18726.0 -19195.0 
-18775.0 -19181.0 
-18966.0 -18997.0 
-19430.0 -18374.0 
-18775.0 -19181.0 
-19388.0 -18413.0 
-18891.0 -19048.0 
-19311.0 -18588.0 
-19340.0 -18502.0 
-19010.0 -18944.0 
-18889.0 -19081.0 
-18875.0 -19087.0 
-18711.0 -19205.0 
-18945.0 -19016.0 
-19388.0 -18413.0 
-19085.0 -18852.0 
-19311.0 -18588.0 
-18823.0 -19133.0 
-19370.0 -18432.0 
-19471.0 -18028.0 
-18855.0 -19090.0 
-19250.0 -18675.0 
-19456.0 -18197.0 
-18945.0 -19016.0 
-19328.0 -18564.0 
-19465.0 -18160.0 
-19430.0 -18374.0 
-19364.0 -18460.0 
-19049.0 -18900.0 
-19032.0 -18918.0 
-19333.0 -18543.0 
-19270.0 -18650.0 
-18726.0 -19195.0 
-18966.0 -18997.0 
-19023.0 -18932.0 
-19257.0 -18674.0 
-19077.0 -18865.0 
-19352.0 -18495.0 
-19270.0 -18650.0 
-19055.0 -18883.0 
-19334.0 -18533.0 
-19032.0 -18918.0 
-19328.0 -18564.0 
-18840.0 -19107.0 
-18832.0 -19115.0 
-18840.0 -19107.0 
-18711.0 -19205.0 
-19440.0 -18342.0 
-19456.0 -18197.0 
-19449.0 -18212.0 
-19063.0 -18871.0 
-19220.0 -18736.0 
-19433.0 -18357.0 
-19359.0 -18480.0 
-19276.0 -18630.0 
-19049.0 -18900.0 
-18823.0 -19133.0 
-18855.0 -19090.0 
-19375.0 -18426.0 
-19276.0 -18630.0 
-19056.0 -18878.0 
-19470.0 -18044.0 
-18832.0 -19115.0 
-19257.0 -18674.0 
-19150.0 -18770.0 
-19375.0 -18426.0 
-19362.0 -18463.0 
-18891.0 -19048.0 
-19359.0 -18480.0 
-19433.0 -18357.0 
-19334.0 -18533.0 
-19471.0 -18028.0 
-19077.0 -18865.0 
-19352.0 -18495.0 
-19085.0 -18852.0 
-19019.0 -18933.0 
-19063.0 -18871.0 
-19019.0 -18933.0 
-19010.0 -18944.0 
-19362.0 -18463.0 
-18711.0 -19205.0 
-18891.0 -19048.0 
-19471.0 -18028.0 
