-18733.0 -19070.0 
-18733.0 -19070.0 
-19508.0 -18009.0 
-19508.0 -18009.0 
-19498.0 -18088.0 
-19219.0 -18723.0 
-19344.0 -18505.0 
-19426.0 -18394.0 
-19164.0 -18750.0 
-19471.0 -18210.0 
-19472.0 -18145.0 
-19258.0 -18651.0 
-18893.0 -19006.0 
-18971.0 -18952.0 
-19430.0 -18343.0 
-18847.0 -19029.0 
-18940.0 -18977.0 
-19051.0 -18862.0 
-18843.0 -19032.0 
-19236.0 -18654.0 
-19281.0 -18607.0 
-19013.0 -18919.0 
-18813.0 -19042.0 
-18897.0 -18996.0 
-19398.0 -18425.0 
-18924.0 -18994.0 
-19296.0 -18558.0 
-19370.0 -18466.0 
-18754.0 -19054.0 
-18780.0 -19049.0 
-19146.0 -18779.0 
-19370.0 -18466.0 
-18813.0 -19042.0 
-19226.0 -18666.0 
-19047.0 -18887.0 
-19398.0 -18425.0 
-19458.0 -18265.0 
-19281.0 -18607.0 
-19430.0 -18343.0 
-19092.0 -18833.0 
-18948.0 -18965.0 
-19031.0 -18905.0 
-18780.0 -19049.0 
-19295.0 -18582.0 
-19319.0 -18524.0 
-19316.0 -18538.0 
-19479.0 -18117.0 
-19442.0 -18304.0 
-19116.0 -18816.0 
-18983.0 -18944.0 
-19461.0 -18240.0 
-19002.0 -18921.0 
-19164.0 -18750.0 
-19328.0 -18513.0 
-19151.0 -18761.0 
-19221.0 -18700.0 
-19426.0 -18394.0 
-19031.0 -18905.0 
-19078.0 -18845.0 
-19258.0 -18651.0 
-19458.0 -18265.0 
-19461.0 -18240.0 
-19126.0 -18799.0 
-18983.0 -18944.0 
-19068.0 -18854.0 
-19471.0 -18210.0 
-19443.0 -18295.0 
-19086.0 -18844.0 
-19125.0 -18809.0 
-19335.0 -18508.0 
-19221.0 -18700.0 
-19219.0 -18723.0 
-19387.0 -18441.0 
-19443.0 -18295.0 
-19472.0 -18145.0 
-19116.0 -18816.0 
-19156.0 -18755.0 
-19377.0 -18451.0 
-18893.0 -19006.0 
-18847.0 -19029.0 
-19480.0 -18115.0 
-19002.0 -18921.0 
-19480.0 -18115.0 
-19442.0 -18304.0 
-19092.0 -18833.0 
-19387.0 -18441.0 
-18749.0 -19057.0 
-19136.0 -18790.0 
-19291.0 -18593.0 
-19316.0 -18538.0 
-18948.0 -18965.0 
-18924.0 -18994.0 
-19047.0 -18887.0 
-19136.0 -18790.0 
-19068.0 -18854.0 
-19296.0 -18558.0 
-18749.0 -19057.0 
-19377.0 -18451.0 
-19291.0 -18593.0 
-19226.0 -18666.0 
