-1.837300000000000000e+04 -1.953400000000000000e+04
-1.946900000000000000e+04 -1.824800000000000000e+04
-1.848800000000000000e+04 -1.947100000000000000e+04
-1.851900000000000000e+04 -1.944900000000000000e+04
-1.839000000000000000e+04 -1.951600000000000000e+04
-1.915700000000000000e+04 -1.885100000000000000e+04
-1.842400000000000000e+04 -1.950000000000000000e+04
-1.854300000000000000e+04 -1.943600000000000000e+04
-1.883200000000000000e+04 -1.918800000000000000e+04
-1.845300000000000000e+04 -1.947800000000000000e+04
-1.937100000000000000e+04 -1.854800000000000000e+04
-1.890900000000000000e+04 -1.910900000000000000e+04
-1.943000000000000000e+04 -1.836100000000000000e+04
-1.893700000000000000e+04 -1.910000000000000000e+04
-1.904400000000000000e+04 -1.897900000000000000e+04
-1.923000000000000000e+04 -1.874300000000000000e+04
-1.863000000000000000e+04 -1.936200000000000000e+04
-1.935200000000000000e+04 -1.855600000000000000e+04
-1.880400000000000000e+04 -1.919800000000000000e+04
-1.905500000000000000e+04 -1.895500000000000000e+04
-1.940200000000000000e+04 -1.845400000000000000e+04
-1.924900000000000000e+04 -1.872400000000000000e+04
-1.901700000000000000e+04 -1.898200000000000000e+04
-1.917100000000000000e+04 -1.881300000000000000e+04
-1.907200000000000000e+04 -1.894600000000000000e+04
-1.939900000000000000e+04 -1.849400000000000000e+04
-1.860200000000000000e+04 -1.936700000000000000e+04
-1.856500000000000000e+04 -1.941900000000000000e+04
-1.944900000000000000e+04 -1.832800000000000000e+04
-1.884800000000000000e+04 -1.916800000000000000e+04
-1.946100000000000000e+04 -1.828600000000000000e+04
-1.945700000000000000e+04 -1.829000000000000000e+04
-1.843700000000000000e+04 -1.948700000000000000e+04
-1.874000000000000000e+04 -1.925800000000000000e+04
-1.926100000000000000e+04 -1.869700000000000000e+04
-1.944700000000000000e+04 -1.833800000000000000e+04
-1.863500000000000000e+04 -1.933700000000000000e+04
-1.893800000000000000e+04 -1.907100000000000000e+04
-1.907700000000000000e+04 -1.891900000000000000e+04
-1.858400000000000000e+04 -1.939200000000000000e+04
-1.927100000000000000e+04 -1.867100000000000000e+04
-1.898100000000000000e+04 -1.903400000000000000e+04
-1.876000000000000000e+04 -1.924400000000000000e+04
-1.870400000000000000e+04 -1.929500000000000000e+04
-1.871800000000000000e+04 -1.928100000000000000e+04
-1.930000000000000000e+04 -1.862500000000000000e+04
-1.937300000000000000e+04 -1.850600000000000000e+04
-1.857700000000000000e+04 -1.941500000000000000e+04
-1.878900000000000000e+04 -1.920400000000000000e+04
-1.864800000000000000e+04 -1.932800000000000000e+04
-1.898600000000000000e+04 -1.901300000000000000e+04
-1.866100000000000000e+04 -1.931900000000000000e+04
-1.913000000000000000e+04 -1.885700000000000000e+04
-1.933900000000000000e+04 -1.857700000000000000e+04
-1.922200000000000000e+04 -1.876200000000000000e+04
-1.894900000000000000e+04 -1.905900000000000000e+04
-1.909900000000000000e+04 -1.889900000000000000e+04
-1.859600000000000000e+04 -1.938300000000000000e+04
-1.911400000000000000e+04 -1.887100000000000000e+04
-1.908400000000000000e+04 -1.890500000000000000e+04
-1.900800000000000000e+04 -1.900000000000000000e+04
-1.910800000000000000e+04 -1.888700000000000000e+04
-1.942600000000000000e+04 -1.838600000000000000e+04
-1.888800000000000000e+04 -1.911600000000000000e+04
-1.921500000000000000e+04 -1.877200000000000000e+04
-1.918500000000000000e+04 -1.880100000000000000e+04
-1.931600000000000000e+04 -1.860100000000000000e+04
-1.931200000000000000e+04 -1.862300000000000000e+04
-1.929300000000000000e+04 -1.865100000000000000e+04
-1.942400000000000000e+04 -1.839900000000000000e+04
-1.919500000000000000e+04 -1.877400000000000000e+04
-1.941600000000000000e+04 -1.841600000000000000e+04
-1.896300000000000000e+04 -1.904000000000000000e+04
-1.925100000000000000e+04 -1.870300000000000000e+04
-1.932500000000000000e+04 -1.859500000000000000e+04
-1.940400000000000000e+04 -1.843500000000000000e+04
-1.899500000000000000e+04 -1.900200000000000000e+04
-1.918800000000000000e+04 -1.878200000000000000e+04
-1.884900000000000000e+04 -1.915100000000000000e+04
-1.928000000000000000e+04 -1.866500000000000000e+04
-1.867400000000000000e+04 -1.931100000000000000e+04
-1.878500000000000000e+04 -1.922500000000000000e+04
-1.939100000000000000e+04 -1.850200000000000000e+04
-1.869000000000000000e+04 -1.929900000000000000e+04
-1.876700000000000000e+04 -1.923800000000000000e+04
-1.895700000000000000e+04 -1.904700000000000000e+04
-1.886900000000000000e+04 -1.912800000000000000e+04
-1.933300000000000000e+04 -1.858100000000000000e+04
-1.888600000000000000e+04 -1.912600000000000000e+04
-1.877600000000000000e+04 -1.922600000000000000e+04
-1.886200000000000000e+04 -1.914600000000000000e+04
-1.941100000000000000e+04 -1.842500000000000000e+04
-1.912600000000000000e+04 -1.886200000000000000e+04
-1.868000000000000000e+04 -1.930400000000000000e+04
-1.873000000000000000e+04 -1.927500000000000000e+04
-1.929100000000000000e+04 -1.865700000000000000e+04
-1.873800000000000000e+04 -1.927400000000000000e+04
-1.917400000000000000e+04 -1.880900000000000000e+04
-1.886300000000000000e+04 -1.913400000000000000e+04
-1.937500000000000000e+04 -1.850300000000000000e+04
