-1.814400000000000000e+04 -1.965000000000000000e+04
-1.925500000000000000e+04 -1.857800000000000000e+04
-1.923700000000000000e+04 -1.863100000000000000e+04
-1.915000000000000000e+04 -1.881800000000000000e+04
-1.913000000000000000e+04 -1.886600000000000000e+04
-1.819100000000000000e+04 -1.962900000000000000e+04
-1.826400000000000000e+04 -1.961800000000000000e+04
-1.840900000000000000e+04 -1.956300000000000000e+04
-1.831700000000000000e+04 -1.961300000000000000e+04
-1.909800000000000000e+04 -1.889200000000000000e+04
-1.923000000000000000e+04 -1.866000000000000000e+04
-1.824300000000000000e+04 -1.962800000000000000e+04
-1.837200000000000000e+04 -1.957300000000000000e+04
-1.912200000000000000e+04 -1.887900000000000000e+04
-1.921500000000000000e+04 -1.867200000000000000e+04
-1.883700000000000000e+04 -1.921500000000000000e+04
-1.858600000000000000e+04 -1.943200000000000000e+04
-1.885000000000000000e+04 -1.919600000000000000e+04
-1.880500000000000000e+04 -1.925000000000000000e+04
-1.866100000000000000e+04 -1.937700000000000000e+04
-1.867700000000000000e+04 -1.935700000000000000e+04
-1.862700000000000000e+04 -1.939800000000000000e+04
-1.878100000000000000e+04 -1.925600000000000000e+04
-1.841300000000000000e+04 -1.954100000000000000e+04
-1.917400000000000000e+04 -1.879400000000000000e+04
-1.872200000000000000e+04 -1.932200000000000000e+04
-1.916600000000000000e+04 -1.881200000000000000e+04
-1.860500000000000000e+04 -1.941800000000000000e+04
-1.842800000000000000e+04 -1.953300000000000000e+04
-1.920100000000000000e+04 -1.872800000000000000e+04
-1.870300000000000000e+04 -1.932900000000000000e+04
-1.905600000000000000e+04 -1.895500000000000000e+04
-1.897300000000000000e+04 -1.906000000000000000e+04
-1.872500000000000000e+04 -1.930300000000000000e+04
-1.873800000000000000e+04 -1.929300000000000000e+04
-1.881900000000000000e+04 -1.922000000000000000e+04
-1.880900000000000000e+04 -1.923200000000000000e+04
-1.895800000000000000e+04 -1.906800000000000000e+04
-1.919600000000000000e+04 -1.873900000000000000e+04
-1.902300000000000000e+04 -1.899500000000000000e+04
-1.851500000000000000e+04 -1.948700000000000000e+04
-1.844400000000000000e+04 -1.952400000000000000e+04
-1.908500000000000000e+04 -1.890600000000000000e+04
-1.907400000000000000e+04 -1.893500000000000000e+04
-1.886800000000000000e+04 -1.916100000000000000e+04
-1.861400000000000000e+04 -1.941200000000000000e+04
-1.917800000000000000e+04 -1.877600000000000000e+04
-1.895200000000000000e+04 -1.908300000000000000e+04
-1.891600000000000000e+04 -1.912100000000000000e+04
-1.908400000000000000e+04 -1.892000000000000000e+04
-1.920500000000000000e+04 -1.870100000000000000e+04
-1.877000000000000000e+04 -1.926600000000000000e+04
-1.902900000000000000e+04 -1.898400000000000000e+04
-1.875000000000000000e+04 -1.928300000000000000e+04
-1.921300000000000000e+04 -1.870000000000000000e+04
-1.900200000000000000e+04 -1.902800000000000000e+04
-1.869800000000000000e+04 -1.934500000000000000e+04
-1.864400000000000000e+04 -1.939100000000000000e+04
-1.901100000000000000e+04 -1.900900000000000000e+04
-1.899600000000000000e+04 -1.904500000000000000e+04
-1.893700000000000000e+04 -1.908800000000000000e+04
-1.907000000000000000e+04 -1.894800000000000000e+04
-1.852900000000000000e+04 -1.947400000000000000e+04
-1.855100000000000000e+04 -1.945400000000000000e+04
-1.898600000000000000e+04 -1.905000000000000000e+04
-1.876100000000000000e+04 -1.927600000000000000e+04
-1.918500000000000000e+04 -1.875500000000000000e+04
-1.834500000000000000e+04 -1.958000000000000000e+04
-1.892600000000000000e+04 -1.911100000000000000e+04
-1.856900000000000000e+04 -1.944800000000000000e+04
-1.817000000000000000e+04 -1.963800000000000000e+04
-1.893400000000000000e+04 -1.910300000000000000e+04
-1.889000000000000000e+04 -1.914900000000000000e+04
-1.848200000000000000e+04 -1.950000000000000000e+04
-1.888600000000000000e+04 -1.915700000000000000e+04
-1.836000000000000000e+04 -1.957500000000000000e+04
-1.904600000000000000e+04 -1.897000000000000000e+04
-1.889800000000000000e+04 -1.913500000000000000e+04
-1.886100000000000000e+04 -1.918500000000000000e+04
-1.857100000000000000e+04 -1.943900000000000000e+04
-1.868400000000000000e+04 -1.934900000000000000e+04
-1.815200000000000000e+04 -1.964900000000000000e+04
-1.890300000000000000e+04 -1.912900000000000000e+04
-1.845800000000000000e+04 -1.952000000000000000e+04
-1.886600000000000000e+04 -1.917900000000000000e+04
-1.834300000000000000e+04 -1.959400000000000000e+04
-1.854900000000000000e+04 -1.946600000000000000e+04
-1.904400000000000000e+04 -1.897600000000000000e+04
-1.864700000000000000e+04 -1.937900000000000000e+04
-1.825000000000000000e+04 -1.962500000000000000e+04
-1.832400000000000000e+04 -1.960500000000000000e+04
-1.849500000000000000e+04 -1.949500000000000000e+04
-1.847600000000000000e+04 -1.951000000000000000e+04
-1.832900000000000000e+04 -1.959500000000000000e+04
-1.816600000000000000e+04 -1.963900000000000000e+04
-1.917900000000000000e+04 -1.875800000000000000e+04
-1.901000000000000000e+04 -1.902000000000000000e+04
-1.846300000000000000e+04 -1.951100000000000000e+04
-1.853400000000000000e+04 -1.946800000000000000e+04
-1.850000000000000000e+04 -1.948800000000000000e+04
