-19160.0 -18617.0 
-18607.0 -19281.0 
-19160.0 -18617.0 
-18607.0 -19281.0 
-19098.0 -18810.0 
-18618.0 -19237.0 
-19052.0 -18819.0 
-19100.0 -18741.0 
-18926.0 -18987.0 
-18674.0 -19224.0 
-18913.0 -19028.0 
-18777.0 -19172.0 
-19136.0 -18675.0 
-19142.0 -18633.0 
-18737.0 -19193.0 
-19125.0 -18681.0 
-18737.0 -19193.0 
-18834.0 -19116.0 
-19041.0 -18855.0 
-19121.0 -18704.0 
-18840.0 -19094.0 
-19021.0 -18858.0 
-18787.0 -19155.0 
-18941.0 -18984.0 
-19121.0 -18704.0 
-19104.0 -18734.0 
-18777.0 -19172.0 
-19018.0 -18879.0 
-18891.0 -19030.0 
-18977.0 -18917.0 
-18887.0 -19050.0 
-18716.0 -19195.0 
-18990.0 -18912.0 
-18690.0 -19204.0 
-18973.0 -18934.0 
-18814.0 -19126.0 
-18709.0 -19200.0 
-19104.0 -18734.0 
-18791.0 -19140.0 
-18618.0 -19237.0 
-19151.0 -18632.0 
-18863.0 -19069.0 
-18889.0 -19032.0 
-18942.0 -18967.0 
-18807.0 -19130.0 
-18676.0 -19217.0 
-19052.0 -18819.0 
-18953.0 -18947.0 
-18857.0 -19087.0 
-18951.0 -18960.0 
-18807.0 -19130.0 
-18814.0 -19126.0 
-18858.0 -19086.0 
-18913.0 -19028.0 
-18689.0 -19206.0 
-19034.0 -18857.0 
-18834.0 -19116.0 
-18863.0 -19069.0 
-18870.0 -19058.0 
-18875.0 -19052.0 
-18878.0 -19051.0 
-19008.0 -18882.0 
-18964.0 -18942.0 
-19001.0 -18886.0 
-18674.0 -19224.0 
-19041.0 -18855.0 
-18870.0 -19058.0 
-18840.0 -19094.0 
-18993.0 -18906.0 
-18676.0 -19217.0 
-19136.0 -18675.0 
-18956.0 -18944.0 
-18709.0 -19200.0 
-18689.0 -19206.0 
-19151.0 -18632.0 
-18790.0 -19148.0 
-19008.0 -18882.0 
-19098.0 -18810.0 
-18997.0 -18896.0 
-18791.0 -19140.0 
-18993.0 -18906.0 
-18969.0 -18936.0 
-18946.0 -18966.0 
-18716.0 -19195.0 
-18977.0 -18917.0 
-19034.0 -18857.0 
-18951.0 -18960.0 
-19142.0 -18633.0 
-18857.0 -19087.0 
-18790.0 -19148.0 
-18998.0 -18893.0 
-18964.0 -18942.0 
-18969.0 -18936.0 
-18997.0 -18896.0 
-19001.0 -18886.0 
-18858.0 -19086.0 
-18946.0 -18966.0 
-19018.0 -18879.0 
-18998.0 -18893.0 
-18956.0 -18944.0 
