-18256.0 -19401.0 
-19216.0 -18510.0 
-18256.0 -19401.0 
-19198.0 -18563.0 
-18349.0 -19398.0 
-19103.0 -18774.0 
-18751.0 -19168.0 
-18752.0 -19119.0 
-18624.0 -19260.0 
-18784.0 -19108.0 
-19041.0 -18839.0 
-18861.0 -19059.0 
-19184.0 -18616.0 
-19104.0 -18715.0 
-18721.0 -19178.0 
-18834.0 -19063.0 
-18573.0 -19286.0 
-18915.0 -18940.0 
-19000.0 -18878.0 
-19049.0 -18802.0 
-18375.0 -19382.0 
-18875.0 -18998.0 
-19122.0 -18674.0 
-18500.0 -19324.0 
-19110.0 -18714.0 
-18454.0 -19337.0 
-19145.0 -18653.0 
-18907.0 -18997.0 
-19073.0 -18782.0 
-18864.0 -19020.0 
-18706.0 -19192.0 
-18573.0 -19286.0 
-18628.0 -19230.0 
-18930.0 -18933.0 
-19149.0 -18634.0 
-18400.0 -19359.0 
-18809.0 -19095.0 
-18914.0 -18969.0 
-18908.0 -18986.0 
-18679.0 -19193.0 
-18867.0 -19008.0 
-18435.0 -19339.0 
-18534.0 -19304.0 
-18560.0 -19294.0 
-18662.0 -19204.0 
-18454.0 -19337.0 
-18624.0 -19260.0 
-19019.0 -18865.0 
-19024.0 -18853.0 
-18984.0 -18883.0 
-19168.0 -18626.0 
-18958.0 -18914.0 
-18421.0 -19354.0 
-19130.0 -18661.0 
-18677.0 -19199.0 
-18378.0 -19376.0 
-18662.0 -19204.0 
-19062.0 -18796.0 
-18964.0 -18904.0 
-18939.0 -18925.0 
-18400.0 -19359.0 
-19122.0 -18674.0 
-19184.0 -18616.0 
-19168.0 -18626.0 
-18525.0 -19312.0 
-18813.0 -19083.0 
-18639.0 -19222.0 
-18560.0 -19294.0 
-18964.0 -18904.0 
-18500.0 -19324.0 
-18981.0 -18888.0 
-18817.0 -19080.0 
-18378.0 -19376.0 
-18939.0 -18925.0 
-18639.0 -19222.0 
-18509.0 -19320.0 
-18981.0 -18888.0 
-18817.0 -19080.0 
-19024.0 -18853.0 
-18534.0 -19304.0 
-19073.0 -18782.0 
-18914.0 -18969.0 
-19019.0 -18865.0 
-18809.0 -19095.0 
-18958.0 -18914.0 
-18525.0 -19312.0 
-18509.0 -19320.0 
-18629.0 -19227.0 
-19062.0 -18796.0 
-19130.0 -18661.0 
-18706.0 -19192.0 
-18864.0 -19020.0 
-18429.0 -19346.0 
-18638.0 -19223.0 
-18429.0 -19346.0 
-19049.0 -18802.0 
-18421.0 -19354.0 
-19110.0 -18714.0 
-18752.0 -19119.0 
-19149.0 -18634.0 
