-18513.0 -19258.0 
-19501.0 -18150.0 
-19501.0 -18150.0 
-19005.0 -19054.0 
-18631.0 -19241.0 
-18515.0 -19255.0 
-19478.0 -18206.0 
-19261.0 -18705.0 
-19108.0 -18935.0 
-18844.0 -19144.0 
-18791.0 -19197.0 
-18722.0 -19199.0 
-19457.0 -18233.0 
-18959.0 -19073.0 
-19112.0 -18865.0 
-19211.0 -18726.0 
-19440.0 -18341.0 
-18794.0 -19158.0 
-19013.0 -18986.0 
-19277.0 -18637.0 
-19322.0 -18576.0 
-19447.0 -18297.0 
-19402.0 -18422.0 
-18856.0 -19118.0 
-19447.0 -18297.0 
-19356.0 -18466.0 
-18670.0 -19216.0 
-18706.0 -19211.0 
-19403.0 -18374.0 
-19170.0 -18801.0 
-19334.0 -18527.0 
-19277.0 -18637.0 
-18923.0 -19080.0 
-19019.0 -18976.0 
-19160.0 -18840.0 
-19072.0 -18949.0 
-18884.0 -19115.0 
-19357.0 -18447.0 
-18792.0 -19177.0 
-18896.0 -19103.0 
-19181.0 -18779.0 
-19051.0 -18958.0 
-19281.0 -18605.0 
-19192.0 -18750.0 
-19414.0 -18342.0 
-19384.0 -18433.0 
-19143.0 -18847.0 
-19352.0 -18495.0 
-19261.0 -18705.0 
-19457.0 -18233.0 
-18647.0 -19229.0 
-19125.0 -18848.0 
-18896.0 -19103.0 
-18923.0 -19080.0 
-19072.0 -18949.0 
-19406.0 -18348.0 
-19181.0 -18779.0 
-19376.0 -18446.0 
-19170.0 -18801.0 
-19302.0 -18582.0 
-19053.0 -18953.0 
-18631.0 -19241.0 
-19398.0 -18431.0 
-18647.0 -19229.0 
-18670.0 -19216.0 
-19334.0 -18527.0 
-19317.0 -18580.0 
-19192.0 -18750.0 
-19403.0 -18374.0 
-19155.0 -18842.0 
-18945.0 -19074.0 
-19202.0 -18734.0 
-19019.0 -18976.0 
-18706.0 -19211.0 
-19335.0 -18512.0 
-19287.0 -18598.0 
-18945.0 -19074.0 
-19112.0 -18865.0 
-19287.0 -18598.0 
-19051.0 -18958.0 
-18722.0 -19199.0 
-19013.0 -18986.0 
-19302.0 -18582.0 
-19108.0 -18935.0 
-19210.0 -18730.0 
-19348.0 -18496.0 
-18884.0 -19115.0 
-18856.0 -19118.0 
-18794.0 -19158.0 
-18515.0 -19255.0 
-19125.0 -18848.0 
-19341.0 -18508.0 
-19202.0 -18734.0 
-19408.0 -18345.0 
-19283.0 -18603.0 
-19160.0 -18840.0 
-19338.0 -18509.0 
-19376.0 -18446.0 
-19341.0 -18508.0 
-19348.0 -18496.0 
