1.0 0.6030569210304622 0.5957040297129309 0.6149200253874568 0.6160180309245837 0.6046932191301118 0.584550521008263 0.6157709922934691 0.6174023556742081 0.5681410822065472 
0.0 0.6030580940809351 0.5957026551136158 0.6149200903406111 0.6160148155407676 0.6046931824327076 0.5845505139194885 0.6157710213238129 0.6174026471743334 0.5681410718995314 
0.5221440429033668 0.6030576423300703 0.5957026750519598 0.6149200909727713 0.6160136613824723 0.604693053652974 0.5845504189288898 0.6157711704670584 0.6174033774006271 0.5681410195324806 
0.5033880442074053 0.6030569053042579 0.5957026787103076 0.6149200256629207 0.6160139855015371 0.6046949849189992 0.5845505691842894 0.6157711638164869 0.6174024211005807 0.5681410694967391 
0.6991857546846298 0.603057113225491 0.595702511429888 0.6149200449299022 0.6160135534925886 0.6046929949561428 0.5845504589278784 0.6157705214935325 0.6174023221897367 0.5681409934990949 
0.5946231942132147 0.6030577110619937 0.5957021691461944 0.6149199761542262 0.6160138096216076 0.6046934169847048 0.5845515633913715 0.6157704550643075 0.6174025507982939 0.5681409930606561 
0.3683518188041023 0.603057145709884 0.5957025912037173 0.614919922409942 0.616013311156277 0.6046925243082307 0.5845505929242456 0.6157705077865319 0.6174033629300258 0.5681410670261658 
0.9805552042673438 0.6030564325640831 0.5957021500171844 0.6149199903512443 0.6160142801484689 0.6046933613377473 0.5845504743638219 0.6157710528019793 0.6174106333743126 0.5681410196093442 
0.5378478007915607 0.6030576998907546 0.5957035697338259 0.6149199486634843 0.6160180844392117 0.6046930586211603 0.5845506021294748 0.6157702928868246 0.6174086941439832 0.568140992402819 
0.40474186064219203 0.6030571627350918 0.5957024874014032 0.6149200895183147 0.6160182409616304 0.6054431389382855 0.5845504470967154 0.6157704010066882 0.6174023222157148 0.568141022813852 
0.6142062125780612 0.6030564078522317 0.595700733716115 0.6149200839401902 0.6160132477360162 0.6046928479502981 0.5845503625293417 0.6157705212453527 0.6174017908655955 0.5681410229629682 
0.34936382002215205 0.6030560734410914 0.5957026278942009 0.614920039475751 0.6160148165893186 0.6046930552119727 0.5845503929915796 0.6157704343735507 0.6174024279557233 0.5681409754254262 
0.4494637177053845 0.603057203636098 0.5957006937351669 0.6149200878227139 0.6160142321696975 0.6046934011164341 0.5845503591448532 0.6157705584056133 0.6174023823322772 0.5681410777831726 
0.43728538641767767 0.6030798795008077 0.5957026699883233 0.6149199965071933 0.6160142274268089 0.604693170695437 0.5845502516276752 0.6157701732860786 0.6174033008111459 0.5681410777636793 
0.9619640208353775 0.6030571515817104 0.5957007936557065 0.6149199903512443 0.6160137447711015 0.6046933767391284 0.5845504186419521 0.6157705292505283 0.6174112324191363 0.5681410196093442 
0.08183444295320877 0.6030573157451411 0.5957007208038982 0.6149199488056172 0.6160139134830799 0.6046932597403405 0.5845505877894072 0.6157704848046203 0.617403314902929 0.5681410701960367 
0.7800435518907238 0.6030578018734145 0.5957030368370706 0.6149200444517038 0.6160138171995645 0.6046935255990666 0.5845505686355581 0.6157708444248168 0.6174024077446462 0.5681409941477178 
0.8085212599961277 0.6030576998907546 0.5957025730887937 0.6149199486634843 0.6160180844392117 0.6046930586211603 0.5845506138580795 0.6157709905969947 0.6174085739215248 0.5681410804972362 
0.8500601322130521 0.6030580556063729 0.5957005669801143 0.6149199993126683 0.6160137363502353 0.6046927922421595 0.5845505141712889 0.615771094529459 0.617403913583511 0.5681409889298223 
0.42641570572438425 0.6030577526291089 0.5957007053406108 0.6149200225356721 0.6160138796316271 0.6046929584795301 0.5845505052547163 0.6157701679851821 0.6174024477627073 0.568140992831609 
0.22454364735456284 0.6030578090791815 0.5957021521696589 0.6149199518359986 0.6160136417725907 0.6046931983555685 0.584550571273005 0.6157708441304041 0.6174024061506176 0.5681410824511877 
0.24598699590923084 0.6030576476282729 0.59570261548754 0.6149200249337945 0.6160178388310112 0.6046951423310994 0.5845505631178358 0.6157709345693637 0.6174023928280782 0.5681410730967817 
0.7162462800165572 0.6030571772318547 0.5957025902108555 0.6149199256678184 0.616014592562442 0.6046932040428693 0.5845504481139795 0.6157704986727498 0.6174025172956636 0.5681410618453343 
0.4777791032634765 0.603057203636098 0.5957006937351669 0.6149200897424693 0.6160139154256776 0.6046934011164341 0.5845503591448532 0.61577054733005 0.6174023823322772 0.5681410722582939 
0.064918160740082 0.6030560504339744 0.5957006973008885 0.6149200010538883 0.6160139322856123 0.6046929596279984 0.5845505141641565 0.6157701168362366 0.6174023750275406 0.5681409861370872 
0.460368357876822 0.6030565565726757 0.595702148541813 0.614919985507434 0.6160139742748737 0.6046936233249943 0.5845506522560516 0.6157706923715984 0.6174024230551592 0.5681410720831739 
0.2783468077729251 0.603057190478685 0.5957011357987548 0.6149200211841602 0.6160142953272427 0.6046933614094239 0.584550354754588 0.615770455922548 0.6174024169381978 0.5681410226601542 
0.2617582933582002 0.6030569053042579 0.5957026787103076 0.6149199345376418 0.6160142739617923 0.604693381309346 0.5845505073600236 0.6157711638164869 0.6174024211005807 0.5681410694967391 
0.23929731397118686 0.6030576476282729 0.595702615551347 0.6149200249337945 0.6160178388310112 0.6046931322493816 0.5845505631178358 0.6157701780484336 0.6174023928280782 0.5681410730967817 
0.7700738280353516 0.6030576461809823 0.5957027948081126 0.6149200909221338 0.6160180636625218 0.6046928260499593 0.5845505511894346 0.6157705904967733 0.6174024112164966 0.5681409925347983 
0.7944024189728238 0.6030576319397877 0.5957026332894229 0.6149200846918431 0.6160176643184795 0.6046934011634113 0.5845503806802754 0.6157705280893722 0.6174023596114355 0.5681409913538669 
0.28891208115291445 0.6030576271550373 0.5957025102070361 0.6149201012481302 0.616018094798928 0.6046930392923515 0.5845505560243331 0.615770404205768 0.6174023156582688 0.5681410201939664 
0.6739286975087175 0.6030578423166668 0.5957026727468353 0.6149200206973637 0.6160136848854029 0.6046933762915183 0.5845506060536191 0.6157711288640559 0.6174039744663277 0.5681410666923179 
0.09320784886674055 0.6030572849371674 0.5957007936557065 0.6149199912423338 0.6160136613824723 0.604693053652974 0.5845504189288898 0.6157705003353805 0.6174033768803886 0.5681410195324806 
0.8264950653083982 0.6030571457247182 0.5957026263220945 0.6149199962419886 0.6160138096216076 0.6046934169847048 0.5845516518999857 0.6157704550643075 0.6174038984644244 0.5681410897671006 
0.13071247184224083 0.6030576997415736 0.5957026174797901 0.6149200839137108 0.6160178406836451 0.6046931967768117 0.5845503580635135 0.6157704454469024 0.6174024278723318 0.5681409895723911 
0.9383991938008326 0.6030571076131563 0.5957035725015387 0.6149200914117298 0.6160178815546693 0.6046933943000693 0.5845503588271892 0.6157705292372213 0.6174034524781956 0.5681410722582939 
0.9270854769400255 0.6030569214696818 0.5957036845094346 0.6149200898416822 0.6160162079572921 0.6046936370766745 0.5845504263194203 0.61576777677088 0.6174026504659252 0.5681410738029693 
0.9505950106555616 0.6030577470863824 0.5957010304789465 0.6149200214172373 0.6160133215635974 0.6046933508468357 0.584550605508432 0.6157710684914487 0.6174024090270768 0.5681410637018836 
0.8361864450738798 0.6030561712921175 0.5957026278057137 0.6149199971991205 0.616016237278035 0.6046928668804286 0.584550459804573 0.6157706031076781 0.6174039490683926 0.5681410821446835 
0.1206077392457996 0.6030576835582229 0.5957011771494475 0.614920085838905 0.6160179276544769 0.6046951225391916 0.5845505584790001 0.6157709303641229 0.6174039483070036 0.5681410716555998 
0.37820931938255076 0.6030571714306543 0.5957024874014032 0.6149200887547617 0.6160141312207944 0.6046932006124608 0.5845504505930968 0.6157704010066882 0.6174023222157148 0.568141072281769 
0.4697827985273248 0.6030571948884018 0.5957021388202763 0.6149199858723376 0.616014010661287 0.60469320409022 0.5845504506790867 0.6157700561001724 0.6174026751480226 0.5681410723085893 
0.32904817263452446 0.6030571268698589 0.5957007650056262 0.6149200836804014 0.6160132594085821 0.6046930549805122 0.5845503656970894 0.6157705293522163 0.6174023902419473 0.5681409965419104 
0.38638929171009234 0.6030576439156917 0.5957021528954476 0.6149199519587368 0.6160142166547566 0.6046931962955676 0.5845504493646776 0.6157705269570843 0.6174024123748104 0.5681410823398805 
0.6654624493352039 0.6030572135362505 0.5957012422793078 0.6149200459609356 0.6160138906555308 0.6046924660308963 0.5845503865561105 0.6157704857929984 0.617402436864985 0.5681410731809691 
0.01577734808874641 0.6030564192862984 0.5957026296849494 0.6149199518359986 0.6160137831627684 0.6046932775953574 0.5845504767835258 0.6157710627611274 0.6174041826173705 0.5681409933724086 
0.5494150979739745 0.6030576704304572 0.5957026021723295 0.6149201264583863 0.6160142953958708 0.6046930680461435 0.5845504481808059 0.6157709870491872 0.617402353385546 0.5681409880854716 
0.9084778093870387 0.60305763179211 0.5957010528642549 0.6149200846918431 0.6160131723571186 0.6046934011634113 0.5845503806802754 0.6157705280893722 0.617403327701118 0.5681409913538669 
0.6373908427649746 0.6030565565726757 0.5957026675636539 0.6149200896997845 0.6160161711549661 0.604693601667482 0.5845506522560516 0.6157706994624963 0.6174024230551592 0.5681410720831739 
0.17068156924702824 0.6030571865678108 0.5957020287232574 0.6149200840624356 0.6160132866149484 0.6046929716251341 0.5845505482671487 0.6157709621077663 0.6174030358628333 0.568141075713071 
0.86160589820761 0.6030576319397877 0.5957026332894229 0.6149200846918431 0.6160177812226282 0.6046934011634113 0.5845505841096175 0.6157705277394625 0.6174023596114355 0.5681409913538669 
0.29866529172514 0.6030576271550373 0.595700799725383 0.6149201012481302 0.616018094798928 0.6046930392923515 0.5845505560243331 0.615770404205768 0.6174021027093739 0.5681410201939664 
0.2673711498955078 0.6030576375507308 0.595702112831493 0.6149199934222783 0.616014492965383 0.6046925238613948 0.5845503562155558 0.6157702606881793 0.6174023864179214 0.5681409910075294 
0.6199529654321677 0.6030577908459989 0.5957022312176893 0.6149200461468453 0.6160133435091814 0.6046933909571017 0.5845516457496889 0.6157704631408744 0.6174025494455734 0.5681409847179333 
0.6461373174015539 0.6030576998222185 0.5957025105760061 0.6149200872476204 0.6160141969915118 0.6046925284855531 0.5845504614112985 0.6157705113160562 0.6174033616012781 0.5681410730877238 
0.33705485338586305 0.6030571621547114 0.5957001706812727 0.6149201012247251 0.6160138142968444 0.6046930029857808 0.5845504465231165 0.6157673200702789 0.6173782058479937 0.5681410616050799 
0.4158304995338713 0.6030571926411675 0.5957025758865683 0.6149200909420898 0.616013263081747 0.6046925351069061 0.5845504430464545 0.6157701730382044 0.6174024503708768 0.5681410684439031 
0.19617243069824872 0.6030577525981534 0.5957022271714976 0.6149200901254829 0.6160164501390611 0.6046932247414257 0.5845516556813585 0.6157704853001834 0.6174033236370622 0.5681410716495252 
0.1557891441409402 0.6030571126703437 0.5957007049559001 0.614920089611248 0.6160143143850286 0.604693025568913 0.5845503765846204 0.615771430741379 0.6174023859480022 0.5681410686570345 
0.8775933267544007 0.6030576876195192 0.5957025650498349 0.6149200211841602 0.616014314239384 0.6046930568191949 0.584550354754588 0.6157714332392399 0.617403401946352 0.5681410226601542 
0.02927013578605031 0.6030564689050332 0.5957026998428201 0.6149200821950563 0.616016346265404 0.6046933915281186 0.5845505563963366 0.615767625306268 0.6174024067871591 0.5681410731193292 
0.6850693498970932 0.603057190478685 0.5957011357987548 0.6149200211841602 0.6160142953272427 0.6046933681688806 0.584550458076169 0.615770455922548 0.6174024169381978 0.5681410226601542 
0.4903653304868236 0.603057203636098 0.5957006937351669 0.61491998732117 0.6160137318869107 0.6046928719914673 0.5845503591448532 0.6157705212744707 0.6174023823322772 0.5681410231641135 
0.7446084800744831 0.6030571714306543 0.5957024874014032 0.6149200895183147 0.6160182409616304 0.6046930392923515 0.5845504470967154 0.6157704010066882 0.6174023222157148 0.568141022813852 
0.8686165535070893 0.6030561719493007 0.5957026541995515 0.6149200010538883 0.6160163139011986 0.6046930189025072 0.5845505144109767 0.615771057695427 0.617402403301389 0.5681410714018384 
0.571273429276628 0.6030576423300703 0.595702760864994 0.6149200909727713 0.6160136699354626 0.6046928249535435 0.5845504190832768 0.6157705936613991 0.6174024092242748 0.5681410195324806 
0.4913972757346542 0.6030577526146114 0.5957026179335162 0.6149200249337945 0.6160178388310112 0.6046951423310994 0.5845505631178358 0.6157714341897497 0.6174039331002903 0.5681410730321118 
0.16419598571092553 0.603057190478685 0.5957011660048219 0.6149199474957686 0.616014419450183 0.6046930692856343 0.5845504767693753 0.6157710522495631 0.6174041823165513 0.5681410226601542 
0.8955987260449602 0.6030576748392121 0.5957025753895692 0.6149200913633471 0.6160143143850286 0.6046934065333471 0.5845516619537102 0.615771430741379 0.6174033624550753 0.5681410686570345 
0.8015439011825823 0.6030576319397877 0.5957026332894229 0.6149199471211604 0.6160176506415015 0.6046933825906783 0.5845505043818624 0.6157704745325151 0.6174023596114355 0.5681410759026999 
0.8854427530913341 0.6030571396651737 0.5957008786871174 0.6149199921644698 0.6160137447711015 0.6046930214471606 0.5845504186419521 0.6157705292505283 0.6174021424938181 0.5681410196093442 
0.7288683975513259 0.6030578005713421 0.5957021780941174 0.6149200883101175 0.6160138096216076 0.6046934169847048 0.5845516518999857 0.6157708517885122 0.6174025507982939 0.5681410240431085 
0.6567983167941054 0.6030576271550373 0.5957026869397305 0.6149201012481302 0.616018094798928 0.6046935227630204 0.5845505721494686 0.6157708649859625 0.6174023156582688 0.5681410229520476 
0.21388042802445217 0.6030572485833716 0.5957021589573256 0.6149200459689208 0.6160142236090101 0.6046932056598102 0.5845505971751335 0.6157704520892722 0.6174033573694301 0.5681410775127235 
0.5847794295553845 0.6030577195841764 0.5957026386382037 0.6149200872784788 0.6160148995823492 0.6046932689208131 0.5845506048904036 0.6157710891029027 0.617402366679804 0.5681410681415398 
0.4119875510565634 0.6030577472034134 0.5957025912037173 0.614919922409942 0.616013311156277 0.6046925243082307 0.5845505929242456 0.615770504392418 0.6174033629300258 0.5681410670261658 
0.18437600920897917 0.6030576418747824 0.5957026751704627 0.6149200444517038 0.6160139653174954 0.6046928253282787 0.5845504771940966 0.6157704981355471 0.617402407938235 0.5681409941477178 
0.20253485890331469 0.6030577007298138 0.5957021589573256 0.6149200471934037 0.6160180383111858 0.6046932041578078 0.5845505905650479 0.6157704520892722 0.6174033555233874 0.5681410228649156 
0.18222588923237426 0.603057190478685 0.5957011357987548 0.6149200211841602 0.6160142953272427 0.6046930568191949 0.584550354754588 0.6157702882450314 0.6174024169381978 0.5681410226601542 
0.3442717785143764 0.6030571714306543 0.5957024874014032 0.6149200895183147 0.616014135239122 0.6046930392923515 0.5845504470670674 0.6157704010066882 0.6174023222157148 0.568141022813852 
0.7210300608883975 0.6030571772318547 0.5957025911429434 0.6149199498220759 0.616014643816825 0.6046932039154226 0.5845504481139795 0.6157704986727498 0.6174025172956636 0.5681410618453343 
0.10471814371627891 0.603057092935689 0.5957002676432062 0.6149200452224793 0.61601327650297 0.6046924728880073 0.5845504496659556 0.6157674784776451 0.6173768375660249 0.5681409939968074 
0.5568962412254876 0.603057703547298 0.5957026174797901 0.6149200839137108 0.6160178882387513 0.6046932209841979 0.584550416505628 0.615770603897683 0.6174024278723318 0.5681409895723911 
0.31924893258207737 0.6030564104242784 0.5957027083749723 0.6149200885746977 0.6160166012690994 0.60469305337182 0.5845505026900506 0.61577109447204 0.6174033550070389 0.5681410731675148 
0.10942964093453572 0.6030577112150256 0.5957002669758735 0.6149200840114363 0.6160132715381288 0.6046924685807274 0.5845504479096864 0.6157674784776451 0.6173746482625274 0.5681409939941651 
0.05526573158986098 0.6030569053042579 0.59570216247732 0.6149200256629207 0.6160136358394418 0.6046949849189992 0.5845505691474123 0.6157711638164869 0.6174024211005807 0.5681410694967391 
0.1422596138055669 0.6030576998907546 0.5957025730887937 0.6149199486634843 0.6160180844392117 0.6046930586211603 0.5845506120821047 0.6157702928868246 0.6174086941439832 0.5681409891346652 
0.6846598609177229 0.6030580990073408 0.5957021183134013 0.614920089697576 0.616014294038525 0.6046933612963478 0.5845504775373928 0.6157710525375168 0.6174023899277038 0.5681410730642842 
0.578644088459358 0.6030571268698589 0.5957007835132205 0.6149200839401902 0.6160132594085821 0.6046934006981469 0.5845503625293417 0.6157705293522163 0.6174023899104193 0.5681409950722819 
0.14788840404976625 0.6030571677320244 0.5957026751704627 0.6149200430611584 0.6160139653174954 0.6046928254563607 0.5845504783361519 0.6157704981355471 0.617402407938235 0.5681409941477178 
0.041231424207522654 0.6030564492228961 0.5957026164639945 0.6149200886556533 0.6160178406836451 0.6046931942161644 0.5845504957672913 0.6157704454469024 0.6174024278723318 0.5681409844086175 
0.652568889367942 0.6030576279614566 0.5957025105760061 0.6149200872737617 0.6160141969915118 0.6046925284855531 0.5845504588637136 0.6157705113160562 0.6174033616012781 0.5681410730877238 
0.30935453389668943 0.6030572752927039 0.5957026394062741 0.6149200911033972 0.6160147812600872 0.6046930552161078 0.58455051705308 0.6157704987816034 0.6174033389438413 0.5681410749851562 
0.022476240170160422 0.6030573120058568 0.5957007208038982 0.614919989683225 0.6160138935975135 0.6046932597403405 0.584550384360065 0.61577048515453 0.617403314902929 0.5681410701960367 
0.21643953941767735 0.6030571730358529 0.5957021480434529 0.6149199570252407 0.6160141312207944 0.6046931984733237 0.5845504505930968 0.6157704010066882 0.6174023198859764 0.568141072281769 
0.7344262259703231 0.6030576271550373 0.5957026869397305 0.6149201012481302 0.616018094798928 0.6046935227630204 0.5845505721494686 0.6157708649859625 0.6174023156582688 0.5681410229520476 
0.31759078579960565 0.6030564104242784 0.5957027097352571 0.6149200886029138 0.6160166012690994 0.6046931788992853 0.5845505138357795 0.6157710620599076 0.6174026828846078 0.568141073168678 
0.041231424207522654 0.6030564492228961 0.5957026164639945 0.6149200886556533 0.6160178406836451 0.6046931942161644 0.5845504957672913 0.6157704454469024 0.6174024278723318 0.5681409844086175 
0.7542764835357988 0.6030571176535992 0.595700165039181 0.6149199919440353 0.616013487122383 0.6046932593354276 0.5845504594080712 0.6157705292028022 0.6174023265967927 0.5681409951340355 
