1.0 0.5893208483451577 0.583396130328774 0.633746092806514 0.6363793143438812 0.6036967574552781 0.5373331842619661 0.6865339608989162 0.7088143233910845 0.4787603161021852 
0.0 0.5883636228978791 0.5664033569078426 0.6396772372778621 0.6363793255314102 0.6202091566567486 0.5252408137264174 0.6810295772257171 0.6973152665041992 0.47876034845189586 
0.0 0.5883636228978791 0.5664033569078426 0.6396772372778621 0.6363793255314102 0.6202091566567486 0.5252408137264174 0.6810295772257171 0.6973152665041992 0.47876034845189586 
1.0 0.5893208483451577 0.583396130328774 0.633746092806514 0.6363793143438812 0.6036967574552781 0.5373331842619661 0.6865339608989162 0.7088143233910845 0.4787603161021852 
0.5343003588798082 0.5883636224837413 0.566401850232381 0.6396772231721126 0.6363791200753232 0.6202091622571017 0.5252407719428951 0.6810295349399228 0.6973133475260707 0.478760279223971 
0.19216914388455003 0.5883636213734432 0.5664019405741807 0.6396756113194499 0.6363792162473868 0.6202088133373947 0.5252373960573439 0.6810295303318784 0.6973128585825642 0.47876029459347325 
0.6969109444009705 0.5883637356527964 0.5664033447798648 0.6396771721847945 0.6363792779472511 0.6202092072326592 0.5252408974174541 0.6810308731373488 0.6973154760484432 0.478760351324679 
0.3453974894641064 0.5883636213316569 0.5663749685537504 0.6396756115196133 0.6363792909135052 0.6202088159397782 0.5252373960573439 0.6810295470912159 0.6973138039626704 0.47876024702693415 
0.42776706861918934 0.5883636276514181 0.5664033557749609 0.6396773345067334 0.6363792994903252 0.6202091614085833 0.5252407756173463 0.6810306962453976 0.6973154293313323 0.47876035712336057 
0.326299054184037 0.5883636352782333 0.5664031247839618 0.6396769359382145 0.6363792732283439 0.6202088292625582 0.5252412950454327 0.6810295368533615 0.6973154382429885 0.47876014507603826 
0.7590363511842524 0.5883636336429203 0.5664033561133422 0.6396770997514301 0.6363792169058506 0.6202092006137149 0.525240826289364 0.6810305939664784 0.6973154210704247 0.47876036545400547 
0.9684663007797178 0.5883636213734432 0.5664019405741807 0.6396756113194499 0.6363792162473868 0.6202092711179351 0.5252408799916888 0.6810295303318784 0.6973155141044722 0.47876037547861694 
0.3676456011845707 0.5883636341017495 0.5664026344782344 0.6396757310424547 0.6363791246288626 0.6202088173729619 0.5252369993531416 0.6810295692801974 0.6973139248989355 0.47876025321324983 
0.23836690405263566 0.5883636260514111 0.566401848467292 0.6396768651715172 0.6363792637671757 0.6202091558925565 0.5252368967373627 0.6810294574723122 0.6973138529750179 0.47876035850948073 
0.5782555022425419 0.5883636222968089 0.5664026335083652 0.6396757154947889 0.6363792739738496 0.6202087797833528 0.5252369991571546 0.6810306432570526 0.6973139381666373 0.4787603524629105 
0.8147154565219741 0.5883636332893242 0.5664030740209332 0.6396772335750025 0.6363791180394902 0.6202091989880792 0.5252406495564002 0.6810296517438702 0.6973152832374128 0.47876034798548667 
0.3558544684620759 0.5883636271963937 0.5664028677205778 0.6396768513975627 0.636379277942965 0.6202091968418916 0.5252407999275159 0.6810296572944785 0.6973153168721218 0.4787603523790392 
0.17290577099953702 0.5883635739185276 0.5664033625247631 0.6396768683119038 0.6363793200333518 0.6202087860548603 0.525241029802625 0.6810294980781428 0.6973129492449214 0.4787603352861282 
0.7748818814841472 0.5883637352890269 0.5664019516254662 0.6396757915436588 0.6363792963330032 0.6202088276226557 0.5252369652666801 0.6810305689640993 0.6973126912291666 0.47876029005419474 
0.5654764198795545 0.5883636223767171 0.5664028726359394 0.6396768169519303 0.6363793120427595 0.6202092393160639 0.5252407325174401 0.6810294248372816 0.6973154270634534 0.47876037738771554 
0.7178617873935701 0.5883635765301082 0.5664025436708534 0.6396758086212626 0.6363793139905224 0.6202088251963266 0.5252377421894707 0.6810295512719123 0.6973130283305673 0.4787603721147887 
0.7472552030047226 0.5883636642955408 0.5664030577552935 0.6396772340344853 0.6363792704153871 0.6202092257844248 0.5252409601168214 0.6810296519101069 0.6973155624304621 0.4787603576250095 
0.09076305280372876 0.5883636693436516 0.5664028413138775 0.6396768653113747 0.6363791221659191 0.6202092409744017 0.5252405353440834 0.6810295346491312 0.6973151534649503 0.47876035920059035 
0.8525944941761563 0.5883636335977152 0.5664019366412332 0.6396772340176706 0.6363791198504924 0.6202091989880792 0.5252409601168214 0.68102942452242 0.6973152832374128 0.47876017956392086 
0.549286364693117 0.5883636659421203 0.5664027845980548 0.6396757868111411 0.6363793182740953 0.6202088320935917 0.5252373737960289 0.6810293375786164 0.6973152658372009 0.47876034858699795 
0.16736692303699874 0.5883635773236608 0.5664025821014684 0.6396768551384812 0.6363790072729032 0.6202088107530237 0.5252370866430772 0.6810294944693857 0.6973129903536461 0.478760351324679 
0.8352237888086269 0.588363790969706 0.5664033642582135 0.6396772706758039 0.6363792686739185 0.6202092550886197 0.5252407943576921 0.6810293570861746 0.6973153380008503 0.47876036067682776 
0.7825021928915401 0.588363633278996 0.5664033592045197 0.6396771965177985 0.6363792974637372 0.6202092027078806 0.5252409027423943 0.6810296197072012 0.6973139148996491 0.4787602500545044 
0.9899832678485492 0.5883636318729342 0.5664030520357867 0.6396757336179587 0.6363791192115221 0.6202088010789929 0.5252372680996821 0.6810293365251061 0.6973133062308894 0.4787602962595798 
0.20700110718358936 0.5883637342843384 0.5664031246049662 0.6396756758500955 0.6363792112566367 0.620209215195483 0.5252411728949683 0.6810295401696826 0.697313841288542 0.47876031648957784 
0.9105981623283975 0.5883636318729342 0.5664030618549482 0.6396772144793432 0.6363791192115221 0.6202088010789929 0.5252407447242717 0.6810295617146656 0.6973151783512725 0.4787602960467199 
0.014418017730632782 0.5883636218294606 0.5664019118446257 0.6396771772014553 0.6363791195936375 0.6202088726982056 0.5252371695529793 0.6810295234651114 0.6973138902148347 0.47876024703017184 
0.3065294109705128 0.5883636202806471 0.5664028324580899 0.6396772060358537 0.6363792941921991 0.6202091511783351 0.5252408933612948 0.681029440392306 0.6973152500632465 0.4787603415287282 
0.9563297867084353 0.58836366535331 0.5664028668538295 0.639676857692016 0.6363794068444107 0.6202092640937662 0.5252410854915878 0.6810295369464692 0.6973154877546833 0.47876034327554834 
0.5044230896045938 0.5883636218294606 0.5664019032503087 0.6396771772014553 0.6363791195936375 0.6202088593321946 0.5252370115991648 0.6810295223070411 0.6973138883133501 0.47876023964410414 
0.7974416335059474 0.5883636319056652 0.5664033464580465 0.6396757919477275 0.6363792779781642 0.6202088302213543 0.5252374476065576 0.6810305695393971 0.6973141618826427 0.4787602966114191 
0.3175628989549584 0.5883636345004476 0.5664030395142227 0.6396769359382145 0.6363792729414683 0.6202088230019794 0.5252377399596182 0.681029570649229 0.6973137484056149 0.47876014892431923 
0.4939349121035378 0.5883636343193348 0.5664028345388191 0.639675801070397 0.6363791247014279 0.6202088179292639 0.5252407816412281 0.6810294216861067 0.6973153831489833 0.4787603427270559 
0.26627958577957156 0.5883636336955759 0.5664026058364798 0.6396756591919244 0.6363791479776333 0.620208817851929 0.5252373591772289 0.6810294275355478 0.6973128225856895 0.4787602331483497 
0.055914742809119 0.5883636261664109 0.5664031246049662 0.6396756758500955 0.6363792135127772 0.6202087667360376 0.5252372525417625 0.6810295315663045 0.697313862572401 0.47876031648957784 
0.2570123817729462 0.5883636661846823 0.5664030220511254 0.6396772390632952 0.6363793214936555 0.6202092129720969 0.5252408248037579 0.6810295498165635 0.6973132398020887 0.4787603276983033 
0.11204771125493285 0.5883636420941905 0.5664033561133422 0.639676856950157 0.6363792169058506 0.620209191628056 0.5252406034403809 0.6810305939664784 0.6973155117119108 0.4787603518648162 
0.9430520125740669 0.5883636640987775 0.5664033564959596 0.6396772363408466 0.6363791282448112 0.6202092481183485 0.5252409990671603 0.681029564975113 0.6973155263878004 0.47876037649803693 
0.8287733990612728 0.5883637352890269 0.5664019516254662 0.6396757915436588 0.6363792963330032 0.6202088276226557 0.5252369652666801 0.6810305689640993 0.6973126912291666 0.47876029005419474 
0.0716721299200101 0.5883636722073511 0.5664019148768057 0.6396768573552749 0.6363792953859697 0.620208773253064 0.5252377783530503 0.6810295574293447 0.6973141050161812 0.4787602897103313 
0.14868528607456874 0.5883636381228995 0.566373228789184 0.639675592777667 0.6363793007977993 0.6202088114061627 0.5252374167988435 0.6810293832460511 0.697313896182044 0.4787601052785953 
0.10509019250790128 0.5883636255209193 0.566402841295126 0.6396768577048709 0.6363791354134388 0.6202087614420534 0.5252375658422175 0.6810295110846818 0.697313574949272 0.47876012062464696 
0.9016941320650247 0.5883636225979951 0.5664030551397884 0.6396771477288185 0.6363792952148052 0.6202091562743002 0.5252410301264898 0.6810295547166569 0.6973154061527193 0.4787603443020482 
0.8739522299756916 0.58836366535331 0.5664028413083595 0.6396768573552749 0.6363792953859697 0.6202091508953876 0.5252410867381107 0.6810295343398909 0.6973154261177233 0.47876036027995805 
0.13196468737907036 0.588363626379273 0.5664028292764985 0.6396768652842132 0.636379124059081 0.6202087798083382 0.5252376059157559 0.6810293566469815 0.6973139197535702 0.4787603081465854 
0.8868007107284902 0.588363621380818 0.5664030548974075 0.6396757647562686 0.636379127380374 0.6202088129256584 0.5252369652666801 0.6810296517636791 0.6973128467926333 0.4787602943391785 
0.5883409700498486 0.5883636341017495 0.5664026335083652 0.6396758009043747 0.6363792739738496 0.6202088173729619 0.5252369991571546 0.6810306432570526 0.6973139248989355 0.4787603524629105 
0.1276044829118744 0.5883632987732685 0.5664019118446257 0.6396757632339037 0.6363791205259394 0.6202088726982056 0.5252371695529793 0.6810293283696752 0.697081462407464 0.47876024703017184 
0.2972375450227265 0.5883636218502056 0.5664025806231385 0.6396757917925283 0.636379406414901 0.6202088217221015 0.5252408112737457 0.6810295532975855 0.6973152892033011 0.4787603416833316 
0.9326481415648182 0.5883633589334079 0.5664025857535453 0.6396768184705411 0.6363793129291522 0.620209155213272 0.5252407384428595 0.6810293864610476 0.6973154598567234 0.4787603665037257 
0.04752568839586638 0.5883636202939528 0.5664017952533024 0.6396772060358537 0.6363791192276022 0.6202091511783351 0.5252366121636939 0.681029440392306 0.6973125689357398 0.47876018146093735 
0.7192093007904538 0.588363633278996 0.5664030987836481 0.6396772942216312 0.6363792976130285 0.6202088113409034 0.5252377431986409 0.6810295520062812 0.6973138961073642 0.4787602500545044 
0.44129695033033334 0.5883636223374565 0.566401935168334 0.6396772232538177 0.6363792949238343 0.6202091600318208 0.5252407719428951 0.6810295343398909 0.6973153836766788 0.47876027809772403 
0.4125939036011312 0.5883636203283488 0.5664033638245181 0.6396772788836959 0.6363793996806602 0.6202091736986356 0.5252407239721961 0.6810295550162467 0.6973152695794764 0.4787603443589405 
0.7348581306558506 0.5883633309077082 0.56640337010429 0.6396757647562686 0.6363792179605243 0.6202088254673306 0.5252367076091186 0.6810293293053246 0.6970806857833657 0.4787603626974604 
0.45996925573578173 0.5883637342843384 0.5664031234602458 0.6396756758500955 0.6363792112566367 0.6202092151422206 0.5252412459396597 0.6810295401696826 0.6973154119112046 0.47876033592064826 
0.2892634331808458 0.5883636336955759 0.5664026063142852 0.6396756591919244 0.6363791355559351 0.620208817851929 0.5252373248433694 0.6810294275355478 0.6973128038903998 0.4787602331483497 
0.6102811833547671 0.5883636338223447 0.566402633193459 0.6396758022657418 0.6363792728816459 0.6202088173729619 0.5252370326606985 0.6810295498973427 0.6973138658423338 0.4787603524629105 
0.8035613464927998 0.5883636332893242 0.5664030740209332 0.6396772340176706 0.6363791200235398 0.6202091989880792 0.5252409601168214 0.6810296536072997 0.6973152832374128 0.4787602495453516 
0.5978275911598993 0.5883637921518884 0.5664031225077655 0.6396768734773061 0.6363793992652237 0.620209212494341 0.5252410027433968 0.6810295371909579 0.6973152148127474 0.47876034245116333 
0.223691452789079 0.5883637346941266 0.5664028537708046 0.6396757939418658 0.6363792955506844 0.6202091997009759 0.5252412685059232 0.6810305781427751 0.6973155059902488 0.4787603615353072 
0.07874242915071561 0.588363626576199 0.5664028537708046 0.6396757939418658 0.6363792978083418 0.6202087508630825 0.5252373481527174 0.6810305695393971 0.6973155272741078 0.4787602966114191 
0.40181824104624847 0.5883636203251571 0.5664028710635964 0.6396771760944597 0.6363794027007266 0.6202092646910599 0.5252406852628722 0.6810295552689046 0.6973155784587245 0.47876034186491767 
0.21494337618535825 0.5883636661846823 0.5664030220511254 0.6396772390632952 0.6363793214936555 0.6202092129720969 0.5252408248037579 0.6810295498165635 0.6973132398020887 0.4787603276983033 
0.03442278369151347 0.5883636206245215 0.5664018733173467 0.6396756710974635 0.6363792106541253 0.6202091382282987 0.5252365960432525 0.681029539813718 0.6973152690037132 0.47876023973987886 
0.027378385306949415 0.588363630848198 0.566403057476979 0.6396771964520133 0.6363792895023146 0.6202088712340789 0.5252408171718211 0.6810295778470107 0.6973139376854908 0.47876024894191016 
0.3812966932848849 0.5883636332887016 0.5664026394396199 0.6396757310424547 0.6363792693413385 0.6202088173729619 0.5252373461877566 0.681029574034518 0.6973139248989355 0.4787603489740108 
0.6820779844210042 0.5883637869574065 0.5664030273975542 0.6396768283900012 0.6363792732096086 0.6202088627648901 0.5252408060374135 0.6810295603950179 0.6973130729986887 0.47876035688973567 
0.6877916834593072 0.5883636224181428 0.566403372918459 0.6396772788836959 0.6363794004247972 0.6202091736986356 0.5252408103998025 0.681029555033652 0.6973152694558123 0.4787603443589405 
0.4552494646366968 0.5883636316365509 0.5664030294043313 0.6396757478552685 0.6363793977489439 0.6202088103589933 0.5252405635296833 0.6810295593398141 0.6973154984915255 0.47876033549556757 
0.3906067212249991 0.5883636865405842 0.5664030602313543 0.6396773101675306 0.6363792897337526 0.6202091708356651 0.5252411015681491 0.6810296815695176 0.6973155685170589 0.47876035062819744 
0.6233518438092899 0.5883636326961538 0.5664030224978761 0.6396771915572546 0.6363792960113797 0.6202091562743002 0.5252410124368677 0.6810295544337736 0.6973154482204165 0.4787603630656606 
0.4808612095835202 0.5883636287848437 0.5664019348090502 0.6396769214606154 0.6363847120611253 0.6200392894237238 0.5252377157159047 0.6810295060440003 0.697315476295867 0.478760142547824 
0.2782716875492789 0.5883636336955759 0.5664026070456022 0.6396756833415662 0.6363791479776333 0.6202088207236962 0.525236713889194 0.6810293291640576 0.697312851391029 0.4787601472629316 
0.6526154273252035 0.5883636408460516 0.5664030224978761 0.6396771834976885 0.6363794036483651 0.6202091562743002 0.525241012050123 0.6810295544337736 0.6973154482204165 0.4787603630656606 
0.23163676761920873 0.5883636336955759 0.5664026271141195 0.6396757805248214 0.6363791479776333 0.6202088073624613 0.5252371887048886 0.6810294438290457 0.6973128225856895 0.4787602331483497 
0.48562956400001445 0.5883636407011494 0.5664030325768785 0.6396757917925283 0.6363794062707772 0.6202092605481866 0.5252409871330481 0.6810295555754102 0.6973140603244081 0.4787603407917154 
0.9962344794173223 0.588363621805708 0.5664033090220574 0.6396772071406691 0.6363792934049245 0.6202091537952034 0.5252408081283636 0.681029535913886 0.6973154494268222 0.4787603679301294 
0.6282923975869186 0.5883636539639001 0.56640337010429 0.6396771787238203 0.6363792170282224 0.6202088254673306 0.5252367076091186 0.6810295244007606 0.6973131135907363 0.4787603626974604 
0.47101711201043583 0.5883637366162365 0.5664031246330306 0.6396756758500955 0.6363792112566367 0.6202092151422206 0.5252412952535991 0.6810295401594939 0.6973154384595465 0.47876033232182014 
0.8613987712767909 0.5883637352890269 0.5664033924304549 0.6396772433964263 0.6363792963330032 0.6202088276226557 0.5252369652666801 0.6810306221468174 0.6973156522618585 0.47876036057392823 
0.5129888321421989 0.588363633507674 0.5664033642706037 0.6396772984198983 0.6363792953918606 0.6202091563800579 0.5252408850915827 0.6810295343398909 0.697315426775114 0.47876036205878264 
0.6407407180081159 0.5883636857767597 0.5664033642706037 0.6396772984198983 0.6363792955221743 0.6202091563800579 0.5252411069953162 0.6810295343398909 0.697315426775114 0.47876036209773315 
0.6484726123618128 0.5883636420101838 0.5664033876302462 0.6396771078679776 0.6363794072663216 0.6202092043049521 0.5252410807852825 0.6810295585728025 0.6973152557596152 0.47876034922914384 
0.7362676072713381 0.5883636658874242 0.5664030577552935 0.6396772318569779 0.6363793215256682 0.6202092445378331 0.5252410688614534 0.6810296689814849 0.6973155646340544 0.47876035763482266 
0.39638078249173136 0.5883636224214589 0.566401850232381 0.6396772231721126 0.6363791212841435 0.6202091625268251 0.5252407650215658 0.6810295394852603 0.6973133475260707 0.47876027774019264 
0.5160723252363688 0.5883636218063678 0.5664017542882388 0.6396771772014553 0.6363791195936375 0.6202088593578859 0.5252370115991648 0.6810295223070411 0.6973138878394323 0.47876023964410414 
0.4460019613184173 0.5883636407011494 0.5664030325768785 0.639675796266506 0.6363794062707772 0.6202091565314634 0.5252409871330481 0.6810295555754102 0.6973140603244081 0.4787602784403878 
0.1473034917585354 0.5883636345096144 0.566373228789184 0.639675592777667 0.6363793007977993 0.6202088114061627 0.5252373960573439 0.6810293832460511 0.697313896182044 0.478760102570817 
0.8815057583187107 0.58836366535331 0.5664028413083595 0.6396768573552749 0.6363792953859697 0.6202091508953876 0.5252410867381107 0.6810295343398909 0.697315426775114 0.47876036027995805 
0.4115896140336704 0.5883636898370604 0.5664033640309328 0.6396773101675306 0.6363794000145796 0.6202091736669055 0.5252410971046518 0.6810296887130256 0.6973155685170589 0.47876035062819744 
0.2806210169969773 0.5883636336955759 0.5664026070456022 0.639675686818506 0.6363791479776333 0.6202088207216456 0.5252373591772289 0.6810294275355478 0.697312851391029 0.4787602331483497 
0.5160723252363688 0.5883636218063678 0.5664017542882388 0.6396771772014553 0.6363791195936375 0.6202088593578859 0.5252370115991648 0.6810295223070411 0.6973138878394323 0.47876023964410414 
0.5569558039530169 0.58836402477952 0.5664025454057114 0.6396772653671728 0.6363792977948965 0.620209229397715 0.5252459696927841 0.6810295401420161 0.6973153814203745 0.47876035240441234 
0.6622681210763578 0.5883637356527964 0.5664033660575044 0.6396772935176914 0.6363792779472511 0.6202091967431914 0.5252407269451136 0.6810308894308466 0.6973154760484432 0.478760351324679 
