0.0 0.6154913008067898 0.5897268940968909 0.6274866492716733 0.6242286260026875 0.6033205862121246 0.5802414616605718 0.6112497153847536 0.6149961496614836 0.5533238752109017 
1.0 0.6154907505735893 0.5897188896303348 0.6274833733848149 0.6242209729583692 0.6033203832091973 0.58024028680161 0.6112496965916886 0.6150016726349737 0.5533238125969693 
1.0 0.6154907505735893 0.5897188896303348 0.6274833733848149 0.6242209729583692 0.6033203832091973 0.58024028680161 0.6112496965916886 0.6150016726349737 0.5533238125969693 
0.45480680137190566 0.6154913041883475 0.5897267201115606 0.6274863663354535 0.6242285294333237 0.603320538094278 0.5802414573498399 0.6112496940506623 0.61499614023075 0.5533238647114216 
0.6609325599834164 0.6154913023336632 0.5897268716805354 0.6274865889786856 0.624228147914382 0.6033205747043642 0.5802402677954581 0.6112496991455812 0.6149961247941762 0.5533238755188743 
0.8652805644513736 0.6154913043558153 0.5897267805450094 0.6274867208553109 0.6242285694330987 0.6033205725018398 0.5802415339776156 0.6112497608263986 0.6149964922399729 0.5533238749832795 
0.493404982265822 0.6154913003194952 0.5897267744993854 0.6274866521313103 0.6242285575033237 0.6033205382811019 0.5802415254191671 0.6112496980244692 0.61499614023075 0.5533238646893297 
0.6869787093798831 0.6154913066613749 0.5897268956188874 0.6274866197843096 0.6242286260026875 0.6033205848916675 0.580241466030304 0.6112497145612532 0.6150018798263766 0.5533238741802922 
0.8534982147070227 0.6154907788490406 0.5897191787955378 0.6274834187299616 0.6242290421658766 0.6033205739040901 0.5802414722322051 0.6112496989680898 0.614996454040275 0.5533238745191873 
0.3225704552557541 0.6154912956126495 0.5897267332723481 0.6274867103831423 0.6242285551505496 0.6033205716298398 0.5802415302487762 0.6112496830651827 0.6149961835441085 0.5533238758796024 
0.16071706359384177 0.6154913095009596 0.58972690379686 0.6274867208639497 0.6242285693885758 0.6033205879607703 0.5802415340122322 0.6112497131607549 0.6149962762505432 0.5533238749894466 
0.7931566702570388 0.6154913047340249 0.589726903817763 0.6274866518279172 0.6242285693124382 0.603320573305545 0.5802415299970491 0.6112497398618258 0.6149962833199933 0.5533238606941183 
0.8345041689100485 0.6154912923327149 0.5897268930187635 0.6274865503458283 0.6242286193982926 0.6033205699540615 0.5802414946178286 0.6112496999998139 0.6149963054171433 0.5533238725939577 
0.7438140638308528 0.6154912295698463 0.5897267815629301 0.6274867561591476 0.6242281122536526 0.603320572475669 0.5802414650076847 0.6112497164643709 0.6149961276591476 0.5533238734197421 
0.7328131077058273 0.6154912295698463 0.5897267815629301 0.62748676834971 0.6242281122536526 0.6033205724754749 0.5802414648697993 0.6112497164643709 0.6149961276591476 0.5533238734413934 
0.9536873768707628 0.6154912960613375 0.5897263897877726 0.6274865533022628 0.6242285782806078 0.6033205700469559 0.5802415623911922 0.611249719340326 0.6149962941324987 0.5533238754362833 
0.3037656284926594 0.6154912956126495 0.5897192241090409 0.6274833518229578 0.6242285551505496 0.6033205716123077 0.5802414612283459 0.6112496830651827 0.6149961835441085 0.553323866046675 
0.976039787863963 0.6154907505735893 0.5897266996624213 0.6274867485572195 0.6242209729583692 0.6033203832091973 0.58024028680161 0.6112496957999048 0.6150017804002473 0.5533238750614116 
0.8892704128673814 0.6154913064668679 0.5897269035326637 0.6274866488480337 0.6242287223480885 0.6033205733498647 0.5802415362121229 0.6112497620930498 0.6149965123195199 0.553323863579055 
0.1363001186660922 0.6154913005586494 0.589726937536678 0.6274835801041901 0.6242287552445116 0.6033205718120652 0.5802403409642015 0.6112489659452525 0.6149963038216806 0.553323874223892 
0.903977200202366 0.6154912956917359 0.5897263897877726 0.6274863473385739 0.6242281921728745 0.6033205686178754 0.5802414945154908 0.611249719340326 0.6149962941324987 0.5533238635853547 
0.6014419432668969 0.615491305889812 0.5897267808234219 0.6274865472014866 0.6242285488253569 0.6033205718659558 0.580241541413865 0.6112497614108489 0.6149964993735394 0.553323875953612 
0.7775441455662607 0.6154913064668679 0.589726903817763 0.6274866474067996 0.6242285722664493 0.603320573305545 0.5802415362903325 0.6112497620930498 0.6149965123195199 0.553323863579055 
0.33927262250368084 0.6154912282322118 0.5897269145667846 0.6274863563275688 0.6242285697529061 0.6033205686708495 0.5802415298857264 0.6112497428162968 0.614996295162132 0.5533238635005204 
0.4756573402176075 0.6154912264691877 0.5897269145667846 0.6274866232492311 0.6242285275913502 0.6033205684306956 0.5802415298864592 0.6112497148981364 0.614996295162132 0.5533238634532033 
0.4725517082727219 0.6154912680443916 0.5897267805450094 0.6274866211599065 0.6242283488177419 0.6033205600837914 0.580241572583117 0.6112497621087976 0.6149965099624053 0.5533238682856904 
0.8052213993897754 0.6154913012549728 0.5897267774293452 0.6274866465497042 0.6242285575042252 0.6033205717570173 0.580241530577608 0.6112497153742841 0.6149962041320265 0.5533238753139191 
0.3525002750879139 0.6154913052391427 0.5897267764201111 0.6274865518573564 0.6242285655484947 0.6033205686893166 0.5802415224691421 0.6112497422176757 0.6149963008958947 0.5533238736635887 
0.3730726773831924 0.6154913007391715 0.5897267855574435 0.6274866352048761 0.6242286193982926 0.6033205724715396 0.5802414585196211 0.6112497621087976 0.6149961628383142 0.553323872551899 
0.5734713444027426 0.6154913006485625 0.5897269036932127 0.627486647320608 0.6242286261105979 0.6033205723426821 0.580241544309983 0.6112496969754125 0.6149963387959982 0.5533238731954847 
0.9456799273600334 0.6154912910119879 0.5897267103332521 0.6274867097328165 0.6242285712413534 0.6033205654054978 0.5802414648597527 0.6112497166309988 0.6149961996598998 0.5533238601053702 
0.6281181571570146 0.6154912960605228 0.5897268716805354 0.6274866127950229 0.6242285968969966 0.6033205747131767 0.5802415637191392 0.6112496990584034 0.6149962815497027 0.5533238753799695 
0.4166087441400289 0.6154912927359262 0.5897268939463666 0.62748661935723 0.6242286260026875 0.6033205854191763 0.5802414616605718 0.611249714616494 0.6149961496614836 0.5533238732935178 
0.04899525645919672 0.6154911942005568 0.5897267143385082 0.6274865486764174 0.6242286279419562 0.6033205670499671 0.5802414607340127 0.6112497146871942 0.614996210910329 0.5533238601230199 
0.6114391658030496 0.6154911931677 0.5897267103332521 0.6274866968470074 0.6242285411918009 0.6033205722235051 0.5802414388603249 0.6112496813246122 0.6149961996598998 0.5533238738654139 
0.38407363359987223 0.6154913007391715 0.5897267855574435 0.6274866230143138 0.6242286193982926 0.6033205724717337 0.5802414586575065 0.6112497621087976 0.6149961628383142 0.5533238725302476 
0.8163936422897093 0.6154913006845405 0.5897267752286959 0.6274866507644132 0.6242286549172522 0.6033205736806773 0.580241492707452 0.6112497234176456 0.6149963328588531 0.5533238754397959 
0.7184223893818539 0.6154912304664195 0.5897267764201111 0.6274863628347747 0.6242285507875234 0.6033205700136539 0.5802414649234175 0.6112496980382766 0.6149961309349489 0.5533238645709648 
0.20317210779353256 0.6154912950505069 0.5897267922610059 0.6274866443162793 0.6242286110137192 0.6033205730957379 0.5802414656958851 0.6112496985721443 0.6149963344194903 0.5533238646550359 
0.638407378449795 0.615491300288137 0.5897267792755948 0.6274867062914099 0.6242285522787994 0.6033205383507922 0.5802414946774519 0.6112496992776878 0.6149961510877378 0.5533238743225197 
0.11093100552230124 0.6154911931677 0.5897267103332521 0.627486544544017 0.6242285411918009 0.6033205652786192 0.5802414388603249 0.6112496813246122 0.6149961996598998 0.5533238601053702 
0.18511767043894517 0.6154912893475691 0.5897268952303428 0.627486534474339 0.6242283489642261 0.6033205700576216 0.5802414581711987 0.6112496995042082 0.6149961486783215 0.553323860223459 
0.9842141292867778 0.6154907505735893 0.5897266996624213 0.6274867485572195 0.6242286080117003 0.6033203832091973 0.5802414882035426 0.6112496957999048 0.6150017804002473 0.5533238750658718 
0.1738009112234809 0.61549129563972 0.5897267520021335 0.6274863575705757 0.624228601744625 0.6033205718064435 0.5802415380227927 0.611249682589818 0.6149961814316346 0.5533238727139825 
0.26624065542718556 0.6154912939565096 0.5897268792750149 0.6274863597921498 0.6242283485604915 0.6033205696150481 0.5802414497790022 0.6112496935334444 0.614995423060068 0.5533238293577173 
0.5484663782621533 0.6154912940251637 0.5897268796400169 0.6274863597921498 0.6242283485604915 0.6033205696150481 0.5802414549574292 0.6112496923949787 0.6149961515529625 0.5533238272306686 
0.6196977463010992 0.61549130689576 0.5897270018980201 0.6274866881405432 0.6242287335781684 0.6033205863573706 0.5802415417948054 0.6112497413114526 0.6149965134177402 0.5533238736478837 
0.5298779816302758 0.6154913046245863 0.5897267843553303 0.6274867129153949 0.6242285507597352 0.6033205717908873 0.5802415320804318 0.6112496992078539 0.6149963545104518 0.5533238721885769 
0.03177114413125276 0.6154911933821079 0.5897267180616013 0.6274863563400858 0.6242285716910835 0.6033205621981188 0.5802414441700674 0.6112497141259368 0.6149961952572732 0.5533238599016623 
0.33077550608283646 0.6154908128241032 0.5897185021453072 0.6274867057527884 0.6242204268315544 0.6033205724105969 0.5802414934296699 0.6112496813784932 0.6149961919321337 0.5533238632148385 
0.3912655024398605 0.6154912967594833 0.5897267756217044 0.6274867103831423 0.6242285551505496 0.6033205715891021 0.5802415302487762 0.6112496830651827 0.6149961847951038 0.5533238745672434 
0.6458071896961433 0.6154912932183277 0.5897267761981865 0.6274863597921498 0.6242283405817258 0.6033205371933594 0.5802414542738201 0.6112497228582244 0.6149961410941 0.5533238288056808 
0.4056902540339643 0.6154912938461687 0.5897267767977206 0.6274864370286731 0.6242285130428414 0.6033205686708495 0.5802415375548047 0.6112496926972443 0.614996091779939 0.5533238130693797 
0.4387533798743497 0.6154912923327149 0.5897267800585614 0.6274865503791329 0.6242286193982926 0.6033205634951648 0.5802414961341268 0.6112496799888115 0.6149963054171433 0.5533238725939577 
0.19337004639100855 0.6154912282322118 0.5897269145667846 0.6274863563275688 0.62422852866239 0.6033205686708495 0.5802415298857264 0.6112497428162968 0.614996295162132 0.5533238635005204 
0.8254705470372403 0.6154913062921819 0.5897268977411437 0.6274866465497042 0.6242286281348175 0.6033205860008485 0.5802415297065693 0.6112497153816399 0.6149962041320265 0.5533238753189171 
0.5589285189886157 0.6154913063654416 0.589726446368163 0.6274866972036208 0.6242207818322411 0.6033203794346313 0.5801233247287934 0.611249691727411 0.6149960893686088 0.5533238139244885 
0.2735650523752835 0.6154912939565096 0.5897268792750149 0.6274863597921498 0.6242283485604915 0.6033205696150481 0.5802414497790022 0.61124969369095 0.6149954259834312 0.5533238293577173 
0.4299658184869666 0.6154912990106406 0.5897190667449703 0.6274866840188844 0.6242282039483957 0.6033205731637976 0.5802415414205335 0.6112496940145693 0.6150014526230068 0.5533238646873804 
0.6549017530689428 0.6154913130448397 0.5897184806505711 0.6274867057527884 0.6242204268315544 0.6033205724006991 0.5802414934296699 0.6112496813784932 0.6149961958780439 0.5533238732911208 
0.563989245628403 0.6154911866117622 0.5897268956188874 0.6274866197843096 0.6242286260026875 0.6033205848916675 0.5802414616605718 0.611249714616494 0.6149961496614836 0.5533238741802922 
0.40041942978112904 0.615490742641932 0.5897267767977206 0.627483561436181 0.6242285130428414 0.6033205686708495 0.5802414945457197 0.6112496926759842 0.614996091779939 0.5533238130693797 
0.09737519600352168 0.6154911931677 0.589726710804244 0.627486544544017 0.6242285411918009 0.6033205652786192 0.5802414387081068 0.6112496812157172 0.614996276628451 0.5533238601053702 
0.75855060012537 0.6154912910119879 0.5897267083800107 0.6274867097328165 0.6242285712413534 0.6033205653168561 0.5802414648597527 0.611249714576511 0.6149961996598998 0.5533238602618065 
0.23032829345951308 0.6154913087480698 0.5897268818828759 0.6274867449076189 0.6242285742329109 0.6033205677076457 0.5802414616644962 0.6112497055237814 0.6149954805368429 0.5533238717007413 
0.5204081721349827 0.6154912163043158 0.5897269818239322 0.6274867163094132 0.6242285411306933 0.6033205656738699 0.5802414943428009 0.6112496793355692 0.6149963369690865 0.5533238644922249 
0.4239462868480165 0.61549130423879 0.5897267833687736 0.6274867019010036 0.624228707317051 0.6033205730856634 0.5802414927569454 0.6112497173865137 0.6149963332290798 0.5533238126680893 
0.5048278777584139 0.615491294180634 0.5897269695232529 0.6274867179972476 0.6242285679662318 0.6033205853182998 0.5802414617042841 0.6112496933322658 0.614996011032769 0.55332386512218 
0.5830659899938695 0.6154912957226835 0.589726951293958 0.6274867103831423 0.6242286275007375 0.6033205716298398 0.5802415290924872 0.6112496830651827 0.6149961835441085 0.5533238759246784 
0.22498558027409774 0.615491300237409 0.5897268936789353 0.6274865452397301 0.6242285696957318 0.6033205699130769 0.5802414617361318 0.6112496815629792 0.6149961411762384 0.5533238597030612 
0.9292782294777895 0.6154912924771662 0.5897268970579287 0.6274865551529295 0.6242286583497559 0.6033205729611202 0.5802414933829251 0.6112497003577032 0.6149963419908213 0.5533238726268067 
0.7698124519594147 0.6154912890825627 0.5897265127153428 0.62748672468334 0.6242283448930428 0.603320576026154 0.580241529098424 0.6112496919445954 0.615002104627818 0.553323860083775 
0.7073677983793003 0.6154912333691186 0.5897267761827685 0.6274865486764174 0.6242286279419562 0.6033205670499671 0.5802414607340127 0.6112497146871942 0.6149962117098974 0.5533238601230199 
0.5366524690492027 0.6154913026231117 0.5897268796196901 0.6274867455273309 0.6242285531078142 0.6033205713651388 0.5802414548040197 0.6112497053001096 0.6149961284353873 0.5533238726939393 
0.29268786555350096 0.6154912952745198 0.5897267863600487 0.6274866522670156 0.6242286191794587 0.6033205722062763 0.5802414432963133 0.6112496815026079 0.6149961848893987 0.5533238757467098 
0.9207709221922689 0.6154913015431556 0.5897268934261046 0.6274863397705317 0.624228567903333 0.6033205699456531 0.5802414509383886 0.611249697745274 0.6150017126643557 0.5533238711663087 
0.36349830486160273 0.6154912990106406 0.5897189475772232 0.6274863525081623 0.6242281922496771 0.6033205688571623 0.5802415414205335 0.6112496940145693 0.6149960625523845 0.5533238646873804 
0.07937984138510934 0.6154907593525893 0.5897189333237579 0.6274831712384936 0.6242207237731375 0.603320562693214 0.5802403614534026 0.6112496989614842 0.6149963528332867 0.5533238605936966 
0.5424789182986007 0.6154912940251637 0.5897268792750149 0.6274863597921498 0.6242283485604915 0.6033205696150481 0.580241454866028 0.6112496939329973 0.6149961515529625 0.5533238293577173 
0.5896360876996118 0.6154912956126495 0.589726951293958 0.6274867103831423 0.624228556065726 0.6033205716298398 0.5802415302487762 0.6112496832116605 0.6149961827138373 0.5533238634918334 
0.11852094525281648 0.6154912986556775 0.5897267767977206 0.62748360167573 0.6242281923883698 0.6033205574583227 0.580240262465037 0.6112496925567775 0.6149960932257496 0.5533238635005204 
0.2128511668385374 0.6154912680443916 0.5897267805450094 0.6274863542382443 0.6242283488177419 0.6033205600837914 0.580241572583117 0.6112497621087976 0.6149965099624053 0.5533238682856904 
0.16548549192764386 0.61549129563972 0.589726752381374 0.6274863575705757 0.6242285690310501 0.6033205718074806 0.5802414576486697 0.611249682589818 0.6149961814316346 0.5533238615972211 
0.2551870505937936 0.6154912987189033 0.5897267767977206 0.6274865582810236 0.624228578496103 0.6033205700666205 0.5802414961181523 0.611249681378651 0.6149960902258053 0.5533238725100927 
0.23994177844589634 0.6154908122369854 0.5897191787955378 0.6274865242833705 0.624228709746797 0.6033203913386362 0.5802403485261624 0.611249693504633 0.6149961644617988 0.5533238737498256 
0.017542399610801146 0.6154911861217233 0.5897267855574435 0.6274866198092154 0.6242286193982926 0.6033205722120379 0.5802414586158101 0.6112497144353111 0.6149961628383142 0.5533238725302476 
0.25412542831132096 0.6154913027735435 0.589727150817389 0.6274865452402708 0.6242288577334248 0.6033205880643545 0.5802415356475341 0.6112497142859523 0.6149958817180561 0.5533238745953193 
0.21595679877624285 0.6154912264691877 0.5897269145667846 0.6274863563275688 0.6242285275913502 0.6033205684306956 0.5802415298864592 0.6112497148981364 0.614996295162132 0.5533238634532033 
0.06448481490249745 0.6154913063250396 0.5897268818828759 0.6274867453120995 0.6242285742329109 0.603320571246469 0.5802414616644962 0.6112497055237814 0.6149954805368429 0.5533238727882398 
0.36044837262520696 0.6154912201311131 0.5897269818239322 0.6274867163094132 0.6242285411306933 0.6033205657582772 0.5802414943428009 0.6112496793355692 0.6149963369690865 0.5533238644922249 
0.24321041104573365 0.615491324427943 0.5897270298271103 0.6274867937532327 0.6242287600532702 0.6033203913386362 0.5802414343280606 0.6112496992144596 0.6149964433560483 0.5533238126613126 
0.7138720818247085 0.6154912304664195 0.5897267764201111 0.6274863628347747 0.6242280980932982 0.6033205700136539 0.5802414649234175 0.6112496957484499 0.6149961309349489 0.5533238298694915 
0.027427244934424944 0.6154912960793438 0.5897263942667088 0.6274865480267594 0.6242286260026875 0.6033205862121246 0.5802414608088202 0.6112497153847536 0.6149961495634997 0.55332387521655 
0.5065594409769077 0.6154912850532686 0.5897269695232529 0.6274867154969328 0.6242285679662318 0.6033205853182998 0.5802414617042841 0.6112496992062426 0.614996011032769 0.55332386512218 
0.2820741819065178 0.6154913092620342 0.5897267685341345 0.6274867195270313 0.6242287108785652 0.603320537263408 0.5802415359277446 0.6112496802727488 0.6149958817180561 0.5533238751494763 
0.762940234590286 0.6154913065550932 0.5897267009416943 0.6274866972036208 0.6242207818322411 0.6033205653394166 0.5801233247287934 0.611249691727411 0.6149962029883833 0.5533238607977031 
0.12511357841156362 0.6154912955444292 0.589726752381374 0.6274863581312339 0.624228562954004 0.6033205718074806 0.580241457230411 0.611249682589818 0.6149961862532486 0.5533238616237239 
0.2844764377540431 0.6154913092620342 0.5897267685341345 0.627486720921979 0.6242287088286592 0.603320537263408 0.5802415360579358 0.6112496848576608 0.6149958817180561 0.5533238751494763 
0.515178872426962 0.6154907586961171 0.5897269695232529 0.6274867179972476 0.6242211105082593 0.6033203883984586 0.580240283156089 0.6112496933129851 0.6149956073521087 0.5533238117863121 
0.7004535291399465 0.6154912893388242 0.589726895397369 0.6274865428299943 0.6242283438249174 0.6033205700576216 0.5802414606251816 0.6112496995042082 0.6149960153338198 0.553323860082239 
