0.0 0.6068482555280356 0.6083174703430215 0.5974306871993533 0.599125982653614 0.6014951990422455 0.615163628464181 0.5746541863501415 0.5592976685882012 0.6289337761248692 
0.0 0.6068482555280356 0.6083174703430215 0.5974306871993533 0.599125982653614 0.6014951990422455 0.615163628464181 0.5746541863501415 0.5592976685882012 0.6289337761248692 
1.0 0.6068452981523585 0.6083218931856174 0.6033475923109339 0.5991251525737452 0.5987804455491377 0.6223380024595077 0.572399712223613 0.5468500228601649 0.6401471961136032 
0.999999999999476 0.60413807547663 0.6083144007496574 0.5974313531708778 0.5990983175302985 0.6014947809889214 0.6151658044529911 0.5746604508956241 0.5651349223211383 0.628935086682598 
0.09645343793209929 0.6068447611475025 0.6083144456095334 0.5974292000481791 0.5991251176099085 0.6014941276797533 0.6151629235922033 0.5746578709638092 0.5592973511053038 0.6289305388746584 
0.862138548980741 0.6068408442466243 0.6083176577147407 0.5974301088191717 0.599125503584562 0.6014965718232624 0.6151646178842637 0.5746546018536351 0.559297527218661 0.6289322883609709 
0.39188781881180945 0.6068450549002813 0.608317905721856 0.5974291715353621 0.5991186804039388 0.6014944383147708 0.6151659405237269 0.5746545399105766 0.5592979046087437 0.6289307806512541 
0.8417418780205816 0.6068472777159856 0.6083219234579159 0.597432097784615 0.5991252376231763 0.6014963221742998 0.6151633113570341 0.5746543572640803 0.5592977829045809 0.6289319356215793 
0.40815775907592833 0.6068450549002813 0.608317905721856 0.5974291715353621 0.5991186804039388 0.601494386145291 0.6151650014495539 0.5746545399105766 0.5592979072456216 0.6289308361232644 
0.12985530970184544 0.6068408457407276 0.6083140889892767 0.5974274001474067 0.5991238444905032 0.6014945875063389 0.6151633375240103 0.5746574500496586 0.5592970430440574 0.6289317458377919 
0.4240000219312759 0.6068427100136541 0.6083138932543718 0.5974300451213325 0.5991183162324496 0.6014952228198723 0.6151623683626346 0.5746534898259376 0.5592976424224928 0.6289346551062904 
0.46174583182085593 0.6068450349228884 0.6083144049554835 0.5974291498838831 0.599120875939693 0.6014961765227692 0.6151625950215335 0.5746534554737562 0.5592955755484065 0.6289346069087454 
0.19800496298200437 0.6068405335658489 0.6083176873030841 0.5974276059685831 0.5991256524443852 0.6014943393582354 0.6151618962106403 0.5746543469907309 0.559297539580518 0.6289323232812725 
0.1555193809494944 0.6068485345207507 0.6083144949676597 0.5974282467947599 0.5991257196837477 0.6014951371403591 0.6151636283213148 0.5746547013093911 0.5592970477128333 0.6289320610024798 
0.07839419630028359 0.6068415074919139 0.6083139007026754 0.5974266844555931 0.5991040634535404 0.6014945316662215 0.6151637954501198 0.5746535248593388 0.5592976276189369 0.6289320227616783 
0.9616022487925181 0.6068429048548768 0.6083179277305427 0.5974302704851798 0.5991209956556642 0.6014954931899179 0.6151649430887076 0.5746562413843385 0.559295754932358 0.6289346006946507 
0.9822129524713425 0.6068450141598514 0.6083142364576595 0.5974312443759244 0.5991264535969931 0.6014946107765131 0.615164605448663 0.5746572081115526 0.5592983369224818 0.6289349153723616 
0.29376173416815604 0.6068426939798109 0.6083146063263677 0.5974275040304964 0.5991257078736466 0.6014979323023892 0.6151629224764267 0.5746532313589938 0.5592972844419603 0.6289337603478871 
0.21686508864663825 0.6068413748812718 0.608314161228099 0.5974266642394156 0.5991035748779794 0.6014945737821938 0.615164605448663 0.5746572921015762 0.5592976241977464 0.6289349005261856 
0.9491824159432745 0.6068429009967331 0.6083144042903238 0.5974274434179534 0.5991254308306616 0.6014963094261018 0.6151628567183921 0.5746532571845578 0.5592960801424006 0.6289337802098179 
0.6380973649245535 0.6068474495818209 0.6083142213951634 0.597431056161616 0.59912636147792 0.6014962021521923 0.6151659250814251 0.5746546764366091 0.5592979539284072 0.6289346674431449 
0.7126689739630734 0.6068504595025449 0.6083175736219931 0.597430121546295 0.5991257463408375 0.6014956014808184 0.6151649708382477 0.5746562351367452 0.5592973525482087 0.6289319584006301 
0.8255666102922354 0.6068486488595047 0.6083138224572551 0.5974273576168341 0.599125359313701 0.6014666696083907 0.6151637261002888 0.5746574839339029 0.5592963574244255 0.6289320404463677 
0.8828146142279427 0.6068447937218697 0.608320200134212 0.5974271730810601 0.5991253928559374 0.6014947624062555 0.6151674595393435 0.574654542061032 0.5592976371486849 0.6289349005261856 
0.7249180881083023 0.6068411888799916 0.6083146444295139 0.5974273460453097 0.599125740339728 0.601494404192187 0.6151628351201989 0.5746544999125738 0.5592973886003988 0.6289435898404515 
0.06070941458707774 0.6068430441021324 0.6083137518657643 0.5974273663522491 0.599126497741705 0.6014971856485453 0.6151580767484494 0.5746610051436142 0.5592980615044353 0.6289318897220003 
0.13648919877946936 0.6068502264432419 0.6083217750049604 0.5974292476507597 0.5991253314743037 0.6014946584433595 0.6151661457880787 0.5746561727514391 0.5592960848286646 0.6289348271573675 
0.48157692164210153 0.6068450661619419 0.6083139007026754 0.5974291048407395 0.5991040634535404 0.6014961634413845 0.6151637518514613 0.5746535267905685 0.5592976276189369 0.6289320227616783 
0.3728056102178363 0.6068503119815529 0.608314112010879 0.5974275619438937 0.5991051126548124 0.6014952291168922 0.6151651005211338 0.5746543188890931 0.5592972367863936 0.6289347733409488 
0.49493906194528714 0.6068461631572749 0.6083141047600169 0.5973765971959346 0.5991253167339111 0.6014670826219234 0.6151633184083908 0.574654420972901 0.5592978658129218 0.6289316730327373 
0.9999999999992506 0.6068447431516294 0.6083131521790648 0.5973529473426646 0.5991018033943989 0.6014941541924818 0.6151619639208893 0.5746491383017475 0.5592983878463235 0.6289183385125074 
0.665277906200696 0.6068428193730547 0.6083179277305427 0.5974303174074876 0.5991270385117203 0.6014955033676512 0.6151650104236401 0.5746561164096724 0.5592958533520923 0.6289346006946507 
0.32156598169250317 0.606846273531219 0.6083144991947771 0.5974301260195609 0.5991256694651719 0.6014945885245967 0.615163152484141 0.5746632424205508 0.5592975775299808 0.6289311588649735 
0.609807025192778 0.6068404629820847 0.6083218900507443 0.597430456292247 0.5991058808184475 0.601494717702435 0.6151647695221754 0.5746561377926382 0.559297876149638 0.6289314064731826 
0.4397301239732828 0.6068503119815529 0.6083210011354762 0.5974275619438937 0.5991256978010572 0.6014979696118106 0.6151673735590736 0.5746543418060451 0.5592972367863936 0.6289347733409488 
0.6739295198866728 0.606846273531219 0.6083144948657131 0.5974301282396576 0.5991256694651719 0.6014961256433123 0.6151650670769266 0.5746632424205508 0.5592979617916524 0.628938776080009 
0.006608030719199992 0.6068429060201164 0.608314000537976 0.5974300883110855 0.5991181205694998 0.6014952017710513 0.6151625686877028 0.5746534884856063 0.5592976412125348 0.6289322246467569 
0.02804824948397569 0.6068404821622513 0.6083140888417155 0.597426402703506 0.5991049799722586 0.6014943946678352 0.6151628596085924 0.5746546679858764 0.5592976375115747 0.628931745493296 
0.4397301239732828 0.6068503119815529 0.6083210011354762 0.5974275619438937 0.5991256978010572 0.6014979696118106 0.6151673735590736 0.5746543418060451 0.5592972367863936 0.6289347733409488 
0.6246047396750887 0.6068446984701609 0.6083206511805526 0.5974265789331928 0.5991264578244069 0.6014944812580781 0.6151636092629079 0.5746545059752532 0.5592972073676367 0.6289360330232734 
0.28117222310171985 0.6068410545563335 0.6083144042903238 0.5974274126299142 0.5991251102008837 0.6014962977083376 0.615162865063524 0.5746532724720238 0.5592960575016077 0.6289322083717395 
0.7428807295273515 0.6068500922318626 0.6083140880262959 0.5974263517042754 0.5991253430277542 0.6014670826219234 0.6151650193870467 0.5746573103704214 0.5592979187723833 0.6289346756226134 
0.36078973953360854 0.6068502970892712 0.6083142084619872 0.5974279669984459 0.5991052802672856 0.6014952520598464 0.6151651279173925 0.5746577601241112 0.5593025293359224 0.6289319304391737 
0.7999969872044951 0.6068428193730547 0.6083179277305427 0.5974302704851798 0.599120978836221 0.6014955036670807 0.6151649427802445 0.5746562413843385 0.5592957539317982 0.6289346006946507 
0.27394941752748925 0.6068410604516278 0.6083176575803977 0.5974300082985906 0.5991251089577039 0.6014966036272112 0.6151633237617277 0.5746546042457572 0.5592978102887904 0.6289322395411192 
0.9225318725772156 0.6068527690063636 0.6083209158628868 0.5974310173401934 0.5991256508189354 0.6014962214216716 0.6151673969626996 0.574654349971799 0.5592975965236571 0.6289321640451195 
0.6903816384045072 0.6068405224520198 0.6083141138758715 0.5974263797694093 0.5991238444905032 0.601494332277505 0.6151632814345916 0.5746546734577627 0.5592974206823592 0.6289317465360714 
0.6504148841662152 0.6068420438633145 0.6083176380612724 0.5974275581773818 0.5991269867564046 0.6014962165498702 0.6151650304438792 0.5746533402994611 0.5592972248349929 0.6289337552668204 
0.6842919900989908 0.606845844479498 0.6083141138758715 0.5974282995514146 0.5991238421780979 0.6014955863336908 0.6151637891278078 0.5746560760474024 0.5592974206823592 0.6289320012997969 
0.5561131176155225 0.6068421383997666 0.6083145011795517 0.5974275256482168 0.5991253030055301 0.6014979323023892 0.6151667824835413 0.5746532478468664 0.5592960320549774 0.6289314708589586 
0.33315647173556745 0.6068420836768897 0.6083143726424449 0.5974274438714745 0.5991184607635146 0.6014956401659204 0.6151583412998219 0.5746532640286094 0.5592961008023282 0.6289311074204025 
0.8090457000786817 0.6068473679648869 0.6083142175005559 0.597431056161616 0.5991263481446095 0.6014965511306807 0.6151658629613506 0.5746579073711497 0.5592969925512874 0.628931875957064 
0.5633024343913824 0.6068453118589173 0.6083177333878222 0.5974274166182127 0.5991207770874596 0.6014945644581563 0.6151619567907726 0.5746573464918197 0.559297344758147 0.6289314199634841 
0.5201719088412518 0.6068486082172722 0.6083174703430215 0.5974307798842823 0.5991257463486105 0.6014952149750773 0.615163628464181 0.5746541863501415 0.5592978474848538 0.6289337761248692 
0.2526075705945919 0.6068429009967331 0.6083144656887818 0.5974313571753942 0.5991255074071166 0.6014956149048784 0.6151638103150568 0.5746560645064492 0.55929590371138 0.6289320254709041 
0.5414710053795688 0.6068451356600534 0.6083140880262959 0.597426291788219 0.5991253447049497 0.6014952336845797 0.6151650078105436 0.5746543524043957 0.559297339333256 0.628932296312974 
0.3525204353662752 0.6068427124628578 0.6083142084619872 0.5974269015820661 0.5991052802672856 0.6014945455140054 0.6151637296583914 0.5746560728282035 0.5592978369365752 0.6289307361531158 
0.6543673051886765 0.6068475740408842 0.6083142213951634 0.5974283428269818 0.59912636147792 0.6014961499827127 0.6151636402569364 0.5746546760272094 0.559297054110329 0.6289347229151553 
0.7900974991250734 0.6068428358284914 0.6083140889892767 0.5974314230146308 0.5991255354035155 0.6014956637151676 0.6151637159048068 0.5746559719711223 0.5592975982442476 0.628931844217213 
0.7847849774980384 0.606845545818272 0.6083173882061862 0.5974283200392259 0.5991217803832675 0.6014956357426143 0.6151637953090213 0.574656073297985 0.5592980022798087 0.6289319973740328 
0.9004535711001002 0.6068409018857244 0.608314088787177 0.5974275257127539 0.5991238415694132 0.6014956612709312 0.615163027897462 0.5746545839840143 0.5592970408316125 0.6289312132329149 
0.2252360383665964 0.6068500336489281 0.6083142606764019 0.5974274001474067 0.5991259260803645 0.6014945875063389 0.6151638065603466 0.5746574705051936 0.5592978532836231 0.6289317492176922 
0.580560118319069 0.6068501125810548 0.6083173156204923 0.5974290566986337 0.5991056247978416 0.6014953021628043 0.6151648548327456 0.5746531302592186 0.5592979988856203 0.6289400281646396 
0.628125466219155 0.6068428770727737 0.6083138956101399 0.5974275088746772 0.5991264943961301 0.6014952618839374 0.6151648537678276 0.5746535574604944 0.5592981015955594 0.6289321137892885 
0.5324912141403668 0.6068452820518438 0.6083138956101399 0.5974273183223238 0.5991265111898616 0.6014952630297995 0.6151649995361428 0.5746535574604944 0.5592981019317099 0.6289347320444151 
0.3068096213982377 0.6068408086883696 0.6083143728380311 0.5974268999528661 0.5991271145505334 0.601496263541823 0.6151656529159765 0.5746570564390817 0.5592981094437867 0.6289309595432053 
0.93389139439857 0.6068449715017652 0.608320866318636 0.5974424636473852 0.5991264184245872 0.6015025641816416 0.6151660019696272 0.574654529107912 0.5592977998251447 0.6289350423384042 
0.3068096213982377 0.6068408086883696 0.6083143728380311 0.5974268999528661 0.5991271145505334 0.601496263541823 0.6151656529159765 0.5746570564390817 0.5592981094437867 0.6289309595432053 
0.23271289341646476 0.6068454474865913 0.6083210569583766 0.5974272911769266 0.5991259663680607 0.6014952344836548 0.6151648192663959 0.5746543834724622 0.5592976696018551 0.6289323867906412 
0.4695084345894703 0.6068411899635243 0.6083138525128079 0.5974290931255245 0.5991261708422756 0.6014942391571761 0.6151637409758531 0.5746555059253708 0.5592973339768206 0.6289320230854829 
0.7617765559989759 0.6068411888799916 0.6083146444295139 0.5974273460453097 0.599125740339728 0.601494404192187 0.6151630508048149 0.5746544999125738 0.5592973730079183 0.6289437288755099 
0.5282034414333527 0.6068450250058744 0.6083179415621137 0.5974302316347142 0.5991264944321298 0.6014943532060048 0.6151636016573901 0.5746545383378208 0.5592955762448644 0.6289305801884395 
0.18462785531913878 0.6068408205103031 0.6083176639016484 0.597430456292247 0.5991054048971388 0.6014946932762187 0.6151629862148893 0.5746561635699385 0.5592972451352972 0.6289307133819733 
0.1704376010697472 0.6068408205103031 0.6083176639016484 0.5974307730220412 0.5991054048971388 0.6014946932762187 0.6151636164035053 0.5746561762635203 0.5592975821530235 0.6289307133819733 
0.47433238498153674 0.6068501640885471 0.6083214010962562 0.5974308680196097 0.5991258818858346 0.6014979696118106 0.6151675044516096 0.5746573692736145 0.559297630284707 0.6289347981664946 
0.18373307375760062 0.606840527254333 0.608317905721856 0.5974291715353621 0.5991051707339639 0.6014943845785443 0.6151629978851554 0.5746545399105766 0.5592972581097198 0.6289308361232644 
0.8869048803480375 0.6068408086883696 0.6083143949375692 0.5974312126702583 0.5991061735362235 0.6014962809536812 0.6151580724704917 0.5746571661452076 0.559297860794535 0.6289309595432053 
0.2448421658989107 0.6068454658027367 0.6083173882061862 0.5974283200392259 0.5991217803832675 0.6014956334914259 0.6151637953090213 0.574656073297985 0.5592980022798087 0.6289319973740328 
0.720841316457427 0.6068408205103031 0.6083218900507443 0.597430456292247 0.5991058808184475 0.601494717702435 0.6151647695221754 0.5746561377926382 0.559297876149638 0.628931414343609 
0.37102305944630254 0.6068502970892712 0.6083142084619872 0.5974269015820661 0.5991052802672856 0.6014945455140054 0.6151650818743941 0.5746578563555823 0.5593026212780968 0.6289307361531158 
0.8965011702804334 0.6068421383997666 0.6083175659478163 0.5974275078308499 0.5991269867564046 0.6014979323023892 0.6151667824835413 0.5746532478468664 0.559297210526179 0.6289336506978688 
0.34388811871751535 0.6068451576145322 0.6083143252072096 0.5974303855158956 0.599117370363389 0.601494530059815 0.615162045951174 0.5746573387193926 0.5592977250626368 0.6289349834076162 
0.7749615771985712 0.6068463138249112 0.608322022860411 0.5974310505257352 0.5991265131769788 0.6014965714347205 0.6151668534332898 0.574657335612188 0.5592981158380437 0.6289337927919509 
0.2621919396591086 0.6068429009967331 0.6083144656887818 0.5974313571753942 0.5991253634784915 0.601495202309492 0.6151638723276605 0.5746560645064492 0.5592959369759481 0.6289320435346557 
0.1704376010697472 0.6068408205103031 0.6083176639016484 0.5974307730220412 0.5991054048971388 0.6014946932762187 0.6151636164035053 0.5746561762635203 0.5592975821530235 0.6289307133819733 
0.3273766960978145 0.6068421015885247 0.6083138400128131 0.5974275088746772 0.5991264943961301 0.6014952618839374 0.6151648537678276 0.5746535574604944 0.5592975498527367 0.6289321137892885 
0.04938431828998358 0.6068496356786485 0.6083142643006221 0.5974275591696144 0.5991255736031688 0.6014978180699057 0.6151671718484416 0.5746572365520783 0.5592976025755387 0.6289317360504725 
0.6903816384045072 0.6068405224520198 0.6083141138758715 0.5974263797694093 0.5991238444905032 0.601494332277505 0.6151632814345916 0.5746546734577627 0.5592974206823592 0.6289317465360714 
0.23951852557038644 0.6068472777159856 0.6083219234579159 0.597432097784615 0.5991252177890264 0.6014956388881387 0.6151632994775422 0.5746543973201146 0.5592977828872118 0.6289311642887131 
0.7726398082938153 0.6068407711403649 0.6083142213951634 0.5974273544310618 0.5991261933404082 0.6014961597452886 0.6151627276650002 0.5746546764366091 0.559297956565285 0.6289322793960843 
0.9129124733068104 0.606844990360814 0.608314450717759 0.5974271588222134 0.5991258546231729 0.6014961803512772 0.6151648875702238 0.5746545152745117 0.5592975984751161 0.6289308260242059 
0.034188276837750414 0.6068454658027367 0.6083144244500911 0.5974283200392259 0.5991217803832675 0.6014956334914259 0.6151637912994073 0.574656073297985 0.5592980056040089 0.6289319973740328 
0.5714970117023935 0.6068407856505076 0.6083141263951131 0.5974300733897545 0.599120887453447 0.6014940979174953 0.6151623854986439 0.5746546045158812 0.5592955748507409 0.6289319096955888 
0.5108029365691893 0.6068408205103031 0.6083218900507443 0.5974274612839156 0.5991058808184475 0.6014946965333741 0.6151629529906154 0.5746545569152881 0.5592978621611023 0.6289307133819733 
0.9333787241655533 0.6068449326203235 0.608320866318636 0.5974424636473852 0.5991270532691172 0.6015025641816416 0.6151659700899621 0.574656144951809 0.5592978466510866 0.62893506245675 
0.5129351252363744 0.6068408205103031 0.6083218900507443 0.597430456292247 0.5991058808184475 0.601494717702435 0.6151648090080811 0.5746561635699385 0.5592978621611023 0.6289307133819733 
0.6009687409458804 0.6068500336489281 0.6083142603538741 0.5974313534161928 0.5991259260803645 0.6014946095093029 0.6151646432435945 0.5746574888553859 0.5592978532836231 0.6289317492176922 
0.9921346398311552 0.606845548112779 0.6083210283310663 0.5974301117322451 0.5991259663680607 0.6014952336877638 0.6151648409326592 0.5746543834724622 0.5592976696018551 0.6289323867906412 
0.5034374998402861 0.6068406289589048 0.608322021287782 0.597430456292247 0.59912539309808 0.6014947201486077 0.6151648090080811 0.5746572618530484 0.5592978685508498 0.6289346542041242 
0.5959969839102417 0.6068414539729783 0.6083141688216167 0.5974275154183976 0.5991266813199883 0.601495262430773 0.615164605448663 0.5746572921015762 0.5592976241977464 0.6289349185306365 
