-19493.0 -18126.0 
-18458.0 -19377.0 
-18458.0 -19377.0 
-19493.0 -18126.0 
-19420.0 -18403.0 
-19453.0 -18227.0 
-19440.0 -18270.0 
-19424.0 -18335.0 
-19453.0 -18227.0 
-18820.0 -19165.0 
-19060.0 -18952.0 
-18936.0 -19077.0 
-19088.0 -18948.0 
-18487.0 -19349.0 
-18574.0 -19337.0 
-18535.0 -19348.0 
-19424.0 -18335.0 
-18720.0 -19275.0 
-18854.0 -19164.0 
-19058.0 -18988.0 
-18970.0 -19066.0 
-18484.0 -19360.0 
-19269.0 -18685.0 
-18618.0 -19299.0 
-19168.0 -18804.0 
-19218.0 -18767.0 
-19293.0 -18617.0 
-18932.0 -19096.0 
-18660.0 -19294.0 
-19444.0 -18265.0 
-19303.0 -18609.0 
-18584.0 -19320.0 
-18540.0 -19340.0 
-18889.0 -19141.0 
-19188.0 -18783.0 
-18595.0 -19304.0 
-19394.0 -18419.0 
-19364.0 -18491.0 
-18915.0 -19111.0 
-19210.0 -18781.0 
-19340.0 -18528.0 
-19096.0 -18920.0 
-19277.0 -18666.0 
-19315.0 -18585.0 
-19315.0 -18585.0 
-19234.0 -18712.0 
-18691.0 -19286.0 
-18808.0 -19190.0 
-19288.0 -18652.0 
-19336.0 -18550.0 
-19114.0 -18887.0 
-18785.0 -19214.0 
-18990.0 -19049.0 
-18912.0 -19125.0 
-19174.0 -18795.0 
-19041.0 -18995.0 
-19369.0 -18460.0 
-18895.0 -19132.0 
-18788.0 -19205.0 
-18691.0 -19286.0 
-18770.0 -19229.0 
-19158.0 -18837.0 
-19107.0 -18903.0 
-18660.0 -19294.0 
-19340.0 -18528.0 
-18973.0 -19056.0 
-19384.0 -18442.0 
-19364.0 -18491.0 
-18727.0 -19261.0 
-19336.0 -18550.0 
-18807.0 -19197.0 
-18747.0 -19248.0 
-18990.0 -19049.0 
-18740.0 -19259.0 
-18770.0 -19229.0 
-19367.0 -18466.0 
-19150.0 -18851.0 
-19251.0 -18697.0 
-19233.0 -18724.0 
-19226.0 -18739.0 
-19016.0 -19024.0 
-19126.0 -18880.0 
-18868.0 -19157.0 
-18616.0 -19303.0 
-19251.0 -18697.0 
-18868.0 -19157.0 
-19041.0 -18995.0 
-19150.0 -18851.0 
-19020.0 -19019.0 
-19097.0 -18909.0 
-19384.0 -18442.0 
-19131.0 -18873.0 
-19016.0 -19024.0 
-19020.0 -19019.0 
-19394.0 -18419.0 
-19131.0 -18873.0 
-18747.0 -19248.0 
-19286.0 -18656.0 
-19158.0 -18837.0 
-19226.0 -18739.0 
