-18473.0 -19445.0 
-19473.0 -18356.0 
-18473.0 -19445.0 
-19473.0 -18356.0 
-19423.0 -18474.0 
-18554.0 -19411.0 
-18551.0 -19441.0 
-19015.0 -19109.0 
-19444.0 -18401.0 
-19229.0 -18810.0 
-18633.0 -19407.0 
-19376.0 -18574.0 
-19343.0 -18636.0 
-19444.0 -18401.0 
-19050.0 -19105.0 
-18739.0 -19362.0 
-19308.0 -18693.0 
-19397.0 -18532.0 
-19132.0 -18994.0 
-18989.0 -19179.0 
-18693.0 -19366.0 
-19404.0 -18490.0 
-19241.0 -18771.0 
-18908.0 -19254.0 
-19169.0 -18943.0 
-18972.0 -19192.0 
-18804.0 -19332.0 
-19180.0 -18896.0 
-19330.0 -18654.0 
-19209.0 -18879.0 
-19156.0 -18956.0 
-18692.0 -19374.0 
-18993.0 -19151.0 
-18773.0 -19346.0 
-19284.0 -18718.0 
-18773.0 -19346.0 
-19397.0 -18532.0 
-18658.0 -19380.0 
-19308.0 -18693.0 
-19262.0 -18768.0 
-19218.0 -18849.0 
-19108.0 -19005.0 
-18993.0 -19151.0 
-19351.0 -18603.0 
-19218.0 -18849.0 
-19330.0 -18654.0 
-18911.0 -19227.0 
-18739.0 -19362.0 
-19362.0 -18578.0 
-19276.0 -18742.0 
-19156.0 -18956.0 
-18804.0 -19332.0 
-19132.0 -18994.0 
-18951.0 -19196.0 
-19097.0 -19027.0 
-18856.0 -19259.0 
-18851.0 -19270.0 
-19276.0 -18742.0 
-19061.0 -19064.0 
-19284.0 -18718.0 
-19351.0 -18603.0 
-18827.0 -19310.0 
-19058.0 -19088.0 
-18652.0 -19392.0 
-18881.0 -19256.0 
-18845.0 -19296.0 
-19084.0 -19028.0 
-18873.0 -19258.0 
-18827.0 -19310.0 
-18936.0 -19210.0 
-18936.0 -19210.0 
-19188.0 -18893.0 
-19077.0 -19041.0 
-19169.0 -18943.0 
-18633.0 -19407.0 
-18924.0 -19220.0 
-19209.0 -18879.0 
-19404.0 -18490.0 
-19108.0 -19005.0 
-19070.0 -19054.0 
-19188.0 -18893.0 
-18652.0 -19392.0 
-19078.0 -19037.0 
-18951.0 -19196.0 
-19058.0 -19088.0 
-18924.0 -19220.0 
-18837.0 -19305.0 
-19262.0 -18768.0 
-19070.0 -19054.0 
-18846.0 -19284.0 
-19241.0 -18771.0 
-19362.0 -18578.0 
-18846.0 -19284.0 
-19180.0 -18896.0 
-18837.0 -19305.0 
-19061.0 -19064.0 
-19097.0 -19027.0 
-18658.0 -19380.0 
-18881.0 -19256.0 
-18911.0 -19227.0 
