1	188600.00961669945
2	97795.4057723153
3	97795.4057723153
4	80773.9617989839
5	80773.9617989839
6	62575.77286469094
7	52082.64736198596
8	48132.92377253049
9	34557.05447395866
10	34557.05447395866
11	34557.05447395866
12	22882.991607144788
13	22882.991607144788
14	22882.991607144788
15	14431.825383505986
16	14431.825383505986
17	14431.825383505986
18	9508.859014499885
19	8791.194082540766
20	6735.097700362621
21	6735.097700362621
22	2210.3559494978704
23	2210.3559494978704
24	2210.3559494978704
25	2132.51005991638
26	2100.1861881339505
27	2100.1861881339505
28	2100.1861881339505
29	2100.1861881339505
30	1001.420003843253
31	1001.420003843253
32	1001.420003843253
33	685.9499458119457
34	685.9499458119457
35	685.9499458119457
36	432.81036142715607
37	432.81036142715607
38	432.81036142715607
39	432.81036142715607
40	419.12902266270413
41	408.1873644486359
42	408.1873644486359
43	408.1873644486359
44	324.32895727480576
45	324.32895727480576
46	324.32895727480576
47	324.32895727480576
48	324.32895727480576
49	324.32895727480576
50	286.69696701131807
51	267.68343257751036
52	267.5416283690876
53	267.5416283690876
54	200.12036379575306
55	200.12036379575306
56	200.12036379575306
57	165.1691697585962
58	137.84250301151027
59	137.84250301151027
60	137.84250301151027
61	117.90969494638075
62	117.90969494638075
63	104.52284471608421
64	97.21143578363866
65	96.00847733463792
66	88.20925896999614
67	80.95635563492756
68	77.19578184417807
69	77.19578184417807
70	74.56544205601787
71	73.51021710964345
72	72.46314870442806
73	72.46314870442806
74	55.99818246131175
75	55.99818246131175
76	48.56289732944683
77	44.62086640273076
78	38.0963833896738
79	38.0963833896738
80	38.0963833896738
81	29.086165589844015
82	29.086165589844015
83	28.58189841624848
84	28.58189841624848
85	23.093832581596644
86	20.337218033492952
87	20.337218033492952
88	18.46690289632784
89	18.46690289632784
90	18.46690289632784
91	18.46690289632784
92	17.736714223950422
93	17.088661997503085
94	13.583447322132418
95	13.583447322132418
96	13.583447322132418
97	10.701806296816768
98	10.476129669831135
99	8.277002616191965
100	8.277002616191965
101	8.277002616191965
102	8.277002616191965
103	8.277002616191965
104	8.277002616191965
105	8.277002616191965
106	5.764232015856785
107	5.764232015856785
108	5.764232015856785
109	5.764232015856785
110	5.764232015856785
111	5.04498140715738
112	5.04498140715738
113	4.914663280173909
114	4.914663280173909
115	4.914663280173909
116	4.914663280173909
117	4.914663280173909
118	4.450855002350818
119	4.001089120967614
120	4.001089120967614
121	4.001089120967614
122	4.001089120967614
123	3.8269653786982256
124	3.5721093502652286
125	3.5721093502652286
126	3.5721093502652286
127	3.4994992845563795
128	2.8447550713850736
129	2.8447550713850736
130	2.8447550713850736
131	2.7855596590259255
132	2.7855596590259255
133	2.7855596590259255
134	2.7855596590259255
135	2.7855596590259255
136	2.7855596590259255
137	2.7855596590259255
138	2.7855596590259255
139	2.337425376255933
140	2.326875843585831
141	2.2596714456241505
142	1.9768592737647928
143	1.9768592737647928
144	1.9768592737647928
145	1.9768592737647928
146	1.9755375229707468
147	1.740351942396515
148	1.740351942396515
149	1.740351942396515
150	1.740351942396515
151	1.6911188812693239
152	1.6911188812693239
153	1.6911188812693239
154	1.6911188812693239
155	1.6911188812693239
156	1.6911188812693239
157	1.6911188812693239
158	1.6911188812693239
159	1.6911188812693239
160	1.6911188812693239
161	1.4316745865897833
162	1.4316745865897833
163	0.9789860664317923
164	0.9789860664317923
165	0.9604023037946223
166	0.9604023037946223
167	0.9604023037946223
168	0.9604023037946223
169	0.9604023037946223
170	0.9604023037946223
171	0.9604023037946223
172	0.9604023037946223
173	0.6276670306629848
174	0.6276670306629848
175	0.6276670306629848
176	0.6276670306629848
177	0.6276670306629848
178	0.6276670306629848
179	0.6276670306629848
180	0.6276670306629848
181	0.6276670306629848
182	0.6276670306629848
183	0.6276670306629848
184	0.6276670306629848
185	0.6276670306629848
186	0.6276670306629848
187	0.6276670306629848
188	0.6276670306629848
189	0.6276670306629848
190	0.6276670306629848
191	0.6276670306629848
192	0.5318307720873392
193	0.5318307720873392
194	0.5318307720873392
195	0.5318307720873392
196	0.5318307720873392
197	0.5318307720873392
198	0.5318307720873392
199	0.5318307720873392
200	0.5318307720873392
201	0.5318307720873392
202	0.5101550107857022
203	0.5024945891236399
204	0.4804395550778805
205	0.44455089915906665
206	0.44455089915906665
207	0.44455089915906665
208	0.4304418733543737
209	0.4304418733543737
210	0.4304418733543737
211	0.4304418733543737
212	0.4304418733543737
213	0.4039620198744831
214	0.4039620198744831
215	0.39390561415193126
216	0.39390561415193126
217	0.39390561415193126
218	0.39390561415193126
219	0.39390561415193126
220	0.39390561415193126
221	0.39390561415193126
222	0.30591270216124544
223	0.30591270216124544
224	0.30591270216124544
225	0.3000678078413429
226	0.29810648991885097
227	0.29810648991885097
228	0.29810648991885097
229	0.2975397074693709
230	0.2975397074693709
231	0.2963703253602514
232	0.2963703253602514
233	0.2963703253602514
234	0.2963703253602514
235	0.2963703253602514
236	0.29583924509709364
237	0.2829489366885936
238	0.2819185150977603
239	0.2819185150977603
240	0.2819185150977603
241	0.2751337762471316
242	0.2751337762471316
243	0.27412369031087436
244	0.27412369031087436
245	0.24592092533599436
246	0.24592092533599436
247	0.24592092533599436
248	0.24592092533599436
249	0.24592092533599436
250	0.23954527500507683
251	0.23954527500507683
252	0.23954527500507683
253	0.23954527500507683
254	0.23954527500507683
255	0.23954527500507683
256	0.21205601774243288
257	0.19545445340200182
258	0.19545445340200182
259	0.19545445340200182
260	0.19545445340200182
261	0.19545445340200182
262	0.19545445340200182
263	0.19545445340200182
264	0.19147945085132453
265	0.19147945085132453
266	0.19147945085132453
267	0.19147945085132453
268	0.19052274698393037
269	0.19052274698393037
270	0.18905436432802963
271	0.18905436432802963
272	0.18904840602713552
273	0.1890252733855434
274	0.18811243790528676
275	0.18804045295711522
276	0.18804045295711522
277	0.18495374505214904
278	0.17819619510511875
279	0.17819619510511875
280	0.17682924111642764
281	0.1740573733650128
282	0.17405698514449564
283	0.17405698514449564
284	0.17405698514449564
285	0.1732139242055497
286	0.17286741367791023
287	0.17286741367791023
288	0.17286741367791023
289	0.17286741367791023
290	0.17286741367791023
291	0.17286741367791023
292	0.17254561458068887
293	0.17254561458068887
294	0.17175190905955562
295	0.16390246703237119
296	0.16390246703237119
297	0.16340784884393406
298	0.16340784884393406
299	0.1629747192423296
300	0.1629747192423296
301	0.1629747192423296
302	0.16285932093805494
303	0.16285932093805494
304	0.16083162629188388
305	0.15196658929267481
306	0.15196658929267481
307	0.15196658929267481
308	0.14907775410860535
309	0.12945003564597943
310	0.12945003564597943
311	0.12945003564597943
312	0.1257824209829763
313	0.1257824209829763
314	0.1257824209829763
315	0.1256136677176152
316	0.1256136677176152
317	0.12386343755453447
318	0.12386343755453447
319	0.12006229523524846
320	0.12006229523524846
321	0.11535274269539104
322	0.11533259624640903
323	0.10347319723870771
324	0.10347319723870771
325	0.10347319723870771
326	0.10080810365947197
327	0.10080810365947197
328	0.09714075572487961
329	0.0938870296513151
330	0.09383161274183692
331	0.09373917288316365
332	0.09333060304222796
333	0.09330015039204557
334	0.09330015039204557
335	0.09330015039204557
336	0.0929278446521199
337	0.09290735238448122
338	0.09044805336403886
339	0.08857944853305384
340	0.08857944853305384
341	0.08790447208397302
342	0.0863838101794687
343	0.08622577929204299
344	0.08622546977553615
345	0.08487479793185755
346	0.08487479793185755
347	0.08487479793185755
348	0.08486743401631955
349	0.08486743401631955
350	0.08486628658362419
351	0.08450597432275722
352	0.08374408266286328
353	0.08374408266286328
354	0.0747618355008672
355	0.0747618355008672
356	0.07431099425457963
357	0.0738129240949487
358	0.0738129240949487
359	0.0738129240949487
360	0.07239813619189514
361	0.07037802372472429
362	0.070095345406103
363	0.070095345406103
364	0.06946576856031011
365	0.06926353243974627
366	0.0685370993205789
367	0.06853677883297045
368	0.06849565464925364
369	0.06823945468886825
370	0.06780298282172871
371	0.06780298282172871
372	0.06747890392813818
373	0.06727926382164189
374	0.06687310241945138
375	0.06687310241945138
376	0.06667706916424206
377	0.06648857986307485
378	0.06555873305122124
379	0.06519675512958464
380	0.06497330230649723
381	0.06387946396606255
382	0.06368261607805949
383	0.06310165417042905
384	0.06219070716378866
385	0.062189052437174965
386	0.06165321053002543
387	0.06165321053002543
388	0.06162109915490522
389	0.06111409843413557
390	0.060217387250715446
391	0.06021115451254333
392	0.05977995713922166
393	0.05918485693482379
394	0.05918485693482379
395	0.05908995665715569
396	0.05908995665715569
397	0.058970335183231984
398	0.05836890368718299
399	0.058313273647938375
400	0.05820240845480856
401	0.05820225472301842
402	0.05816659665098789
403	0.05780737837951374
404	0.05780346090250864
405	0.057783376861427135
406	0.05778757477484769
407	0.057740364814114015
408	0.05733995224352632
409	0.05732134834923573
410	0.057320463352714034
411	0.057124993334232474
412	0.057124993334232474
413	0.05709489224099193
414	0.05710628459253159
415	0.05697835558004873
416	0.05700688100363394
417	0.05697563172330914
418	0.05694193235236735
419	0.05577790910544102
420	0.05500434035943073
421	0.05394343285589572
422	0.05394343285589572
423	0.05393044636751269
424	0.05353929859350725
425	0.05345473995665358
426	0.05342917038359002
427	0.05332779221045853
428	0.05308317285651582
429	0.05291728445467505
430	0.05291974772924068
431	0.05285726131268482
432	0.052729056140342484
433	0.05248107207157849
434	0.05225935186414183
435	0.05215046148230604
436	0.05215434810965564
437	0.04776480273624999
438	0.04776480273624999
439	0.0477587585889977
440	0.04691215946885243
441	0.04635446309037438
442	0.046057118926849515
443	0.045877116896557435
444	0.04578423545314658
445	0.0457777764047316
446	0.04471823142024028
447	0.04471823142024028
448	0.044721629824823576
449	0.04452373493925087
450	0.04438426668510877
451	0.044165875083599294
452	0.044055970185029554
453	0.04404614666764351
454	0.04404614666764351
455	0.04404614666764351
456	0.044081692657560186
457	0.044006113884954345
458	0.04388742529178191
459	0.04378681343471324
460	0.04367063189695283
461	0.0435890462981675
462	0.04232546446826632
463	0.042304767735754506
464	0.04217959862748744
465	0.04192861935098933
466	0.04111975474529416
467	0.041072708819873995
468	0.04094590157422158
469	0.04095868604778409
470	0.040849739030133676
471	0.040742945342206835
472	0.040729491217771106
473	0.03906609521821753
474	0.039066079043907714
475	0.039023393280577724
476	0.03897705567217693
477	0.03897328753916534
478	0.038968738585038985
479	0.03856796449788516
480	0.037849189688851745
481	0.03622689523059542
482	0.03576249620909399
483	0.03507931185709408
484	0.03507931185709408
485	0.035051482387209815
486	0.03498932696946711
487	0.0349692919877478
488	0.0349692919877478
489	0.03464747834983343
490	0.03455826992987728
491	0.03417498605589296
492	0.033957929213826975
493	0.033858441244527165
494	0.033854788600286935
495	0.033833302979634994
496	0.033829332073239814
497	0.03373770156049318
498	0.03371026381654845
499	0.03348372462284485
500	0.03325041419488944
501	0.033250398065906774
502	0.03324519650870193
503	0.03324143646735212
504	0.03316577571047558
505	0.033165365690653786
506	0.033106535550439554
507	0.033151981531294894
508	0.03312732517085732
509	0.03312875043808692
510	0.03311039986128093
511	0.033127212675112656
512	0.032984438114616536
513	0.032681754667910595
514	0.032687170200579825
515	0.032574232565704554
516	0.03257420194724164
517	0.03256091073541874
518	0.0326171894474625
519	0.03261005714364157
520	0.03260468544077823
521	0.032615967865029426
522	0.032617824343214315
523	0.032606603216087666
524	0.0326101085448582
525	0.032586281595151166
526	0.03224922583596968
527	0.03220103051471311
528	0.03220989238103565
529	0.03212464584387291
530	0.03192681410192439
531	0.031833895503827044
532	0.03156784486351555
533	0.03144312364836866
534	0.03142584629210774
535	0.031370697979586415
536	0.030974850341004532
537	0.030962097557696473
538	0.030837562122504103
539	0.030832037623750044
540	0.030796151612330694
541	0.030738955429146078
542	0.03068921596983459
543	0.030673662077003904
544	0.030667331613210422
545	0.030616344363564436
546	0.03063042914847092
547	0.030612663730141862
548	0.03060888857896354
549	0.030545475975028376
550	0.030543295757205182
551	0.030520277411669478
552	0.030491802929988956
553	0.030447750421748902
554	0.03043839600430162
555	0.03041896667176138
556	0.03043554105692645
557	0.030422469520807773
558	0.03039600457452794
559	0.030381797958876338
560	0.0303650424075135
561	0.03033688600656411
562	0.030301854348468167
563	0.030169267886847467
564	0.02997714269238122
565	0.02998266323560403
566	0.029938809724829624
567	0.029913696316208115
568	0.02990666781490269
569	0.02983709612229946
570	0.030104559954777965
571	0.030087805842383655
572	0.029954621526966884
573	0.029939522148503046
574	0.029921965791083666
575	0.02992149542041316
576	0.029921635345210196
577	0.02974629375341331
578	0.029907008764699202
579	0.029908138744213306
580	0.029755419371214942
581	0.02972749448926359
582	0.029676884863606336
583	0.029678432794500758
584	0.029657438779049125
585	0.029672111188621862
586	0.02966955127724782
587	0.02965346155762486
588	0.029587585848194736
589	0.029440577102860754
590	0.029450236275656745
591	0.029437235800046778
592	0.029442252583023753
593	0.028956698260636092
594	0.02896659301909172
595	0.028953334379906125
596	0.027876398414717563
597	0.02777526797914947
598	0.02777526797914947
599	0.027571421645895156
600	0.028000013481395657
601	0.027691563488516386
602	0.028547863617035738
603	0.02853525537198538
604	0.028117783008785945
605	0.028103242797868848
606	0.028080581626097462
607	0.02783414216507737
608	0.02806212440107268
609	0.02776494565636181
610	0.027748101690502052
611	0.02766720866385729
612	0.027569134577263482
613	0.027552813596317633
614	0.02755041019972639
615	0.02755020748149219
616	0.026867431537988068
617	0.026723987274923183
618	0.026689079315208
619	0.026786425061466498
620	0.02667011560241466
621	0.026600568714764915
622	0.026598195750872224
623	0.02661525534874757
624	0.026568535819697366
625	0.026521951857009323
626	0.026389557627215465
627	0.02634665955094926
628	0.02630728391067089
629	0.026218958761091534
630	0.026017547696194885
631	0.025929598996326273
632	0.025845374898482557
633	0.025810368505569527
634	0.025839796947701058
635	0.02576338397410858
636	0.02574158601603946
637	0.02578189965781713
638	0.0256525160391409
639	0.02568359246852065
640	0.025713213791874977
641	0.025644520663860398
642	0.02555964576518586
643	0.025515493748605973
644	0.025510834216904435
645	0.025501728824750804
646	0.025487356113623624
647	0.025086867448065247
648	0.0246532863300765
649	0.024640726745231357
650	0.02457205831481772
651	0.024533405527661232
652	0.024513676372372603
653	0.02444089186834577
654	0.024357764528182314
655	0.024348816767927637
656	0.024271373589620365
657	0.024263453195886873
658	0.024255850464713704
659	0.023921460304470434
660	0.023874892620080888
661	0.023846256002290057
662	0.02372134971748024
663	0.023650710642615168
664	0.02361794352741781
665	0.023485432879343838
666	0.023395388659644963
667	0.023555032073670355
668	0.023508608696425584
669	0.023508311116992937
670	0.02323075006337908
671	0.02341327625444369
672	0.02338135823625254
673	0.02334440148250728
674	0.0232272758165047
675	0.023247093237617807
676	0.02297557723382771
677	0.022862509243130942
678	0.02236487594067869
679	0.021945609875332502
680	0.021937509737025577
681	0.021883261253335694
682	0.021891195452601386
683	0.02184755434431364
684	0.02181625823945529
685	0.021821720090009038
686	0.021780704377403114
687	0.021653565460659486
688	0.02161874264372276
689	0.02161651201882694
690	0.02155879246369895
691	0.021475466901923916
692	0.02143950139371008
693	0.021353865585861463
694	0.021313520428110154
695	0.02117400114217765
696	0.021129868118800122
697	0.021120351374430708
698	0.021108651577604547
699	0.021110966833889615
700	0.021085178630356752
701	0.02104637094567984
702	0.021040418123090536
703	0.020976285846486708
704	0.021039486743636687
705	0.020928848149432123
706	0.02090871836973923
707	0.02080530282454168
708	0.020736612594192683
709	0.020638733689407145
710	0.020638300877317453
711	0.020627806027648465
712	0.020606925248534497
713	0.02059646670347332
714	0.020594891473041527
715	0.020520813297163123
716	0.02051416409179568
717	0.020479138243921332
718	0.020449680954404026
719	0.020431503975034758
720	0.02039139589269055
721	0.020360890735122057
722	0.020327501590334602
723	0.020275170188577475
724	0.02033025148863261
725	0.020277248963056903
726	0.020315092853104053
727	0.020317984245483495
728	0.02032279341540783
729	0.020292413834288685
730	0.020265577124883864
731	0.020226600973089547
732	0.02020486680161425
733	0.020134710655134003
734	0.020121571182990006
735	0.020097201680962327
736	0.02002905426326786
737	0.020042367627792296
738	0.02003221836584837
739	0.02001438622364503
740	0.01997692031761558
741	0.019983283795578136
742	0.01998900104571797
743	0.01999460276656909
744	0.019964111142177374
745	0.019929042597249078
746	0.01988574340762527
747	0.01988843500458593
748	0.01984584063832258
749	0.019820547274400954
750	0.0197995011135416
751	0.01979863855071062
752	0.0197907749564849
753	0.01977078074811061
754	0.019750053024591846
755	0.01973821605559086
756	0.019744029500003535
757	0.01967853045069923
758	0.019678516336072305
759	0.019718554285889072
760	0.019747560457903587
761	0.019698955165705617
762	0.019726386306379455
763	0.01972626633975049
764	0.019711683560370598
765	0.01967883979569364
766	0.01961596533894194
767	0.01959947587245924
768	0.019586454459675797
769	0.019581110210187755
770	0.019601951284930603
771	0.01959375393214142
772	0.01968412065734538
773	0.01967680066020358
774	0.019681979667364496
775	0.01969057314363817
776	0.0196910230106695
777	0.019644597793833644
778	0.01963069099526762
779	0.019621204105751563
780	0.01955829020729733
781	0.019504895882836642
782	0.019495108238141413
783	0.019518999755839782
784	0.01951570890504147
785	0.019477261369761995
786	0.019472314902137584
787	0.01944645881085112
788	0.019400439488801234
789	0.019423027087695773
790	0.019419531059838995
791	0.019407515173288842
792	0.01938100862841193
793	0.019357851389695757
794	0.019334229904993207
795	0.019329256740052862
796	0.01926815324408921
797	0.01915904373020426
798	0.0191375156540067
799	0.0191317629727504
800	0.019005475713635464
801	0.019090232921859324
802	0.019104854014855496
803	0.019070967629498684
804	0.019078223845618875
805	0.01905865182901777
806	0.01904821130832175
807	0.01902194824376312
808	0.01900729890342604
809	0.018996655748814192
810	0.01898043511334811
811	0.018981005661066898
812	0.018951284897198873
813	0.018886220108336974
814	0.018738234756198065
815	0.01872774725349818
816	0.018687127690885562
817	0.018581385499987772
818	0.018542318095226794
819	0.01856110520817829
820	0.01853627212088594
821	0.018571964646154723
822	0.018513236158806373
823	0.018491097303904403
824	0.018424322939970202
825	0.018430067549130222
826	0.018404858219743882
827	0.01839585873946121
828	0.018389921686112178
829	0.01833542889415152
830	0.01835780537227417
831	0.01837056553608105
832	0.01836499871909829
833	0.018297880122659385
834	0.018291045058440446
835	0.018310307266449364
836	0.01830639765312709
837	0.01827554666694289
838	0.01806194005408861
839	0.01806112169537277
840	0.018040487592199776
841	0.017998933351876786
842	0.017924484367150124
843	0.017825701754176436
844	0.017777383759020764
845	0.017752348980326592
846	0.017747223591852997
847	0.017739894916723686
848	0.017744026006201192
849	0.017741898563927543
850	0.017727224984012295
851	0.017717319831268164
852	0.01770797396675432
853	0.01769519745455154
854	0.017689053200921782
855	0.017677006908848752
856	0.017649107160600776
857	0.017649821734646323
858	0.017637433789075625
859	0.01763269188757129
860	0.017611215391239863
861	0.017604800625436182
862	0.01761525754345927
863	0.01760977836455974
864	0.017605846538331225
865	0.017591518743481645
866	0.01759291494920756
867	0.017590991563581616
868	0.017600903431736755
869	0.017590069307028337
870	0.017587493777645714
871	0.017585834420133162
872	0.01758762363065713
873	0.017580851421483402
874	0.01757969730986015
875	0.017569955323490295
876	0.017559511789931325
877	0.017559062379587688
878	0.017557838644191876
879	0.017556785600466186
880	0.017557240532301423
881	0.01755812106330828
882	0.017552797404666306
883	0.017547541968284567
884	0.017542987323131358
885	0.017537713711202805
886	0.017535722380420678
887	0.017535130322248627
888	0.017534926554693856
889	0.017534763998426222
890	0.017522164515117695
891	0.017510886789492197
892	0.017505654261499387
893	0.01750789366331121
894	0.017513898381354222
895	0.017502542661416896
896	0.0175014818500821
897	0.017522756533342804
898	0.017316564227733845
899	0.0173071480255047
900	0.017181930705346734
901	0.01709616943105638
902	0.017087850472058175
903	0.01702576274788208
904	0.017027298314035554
905	0.016865426174375423
906	0.016863291593315496
907	0.016856875601319328
908	0.01685906195936369
909	0.01694181463923207
910	0.016938781583548557
911	0.016897736333976898
912	0.016834077057521647
913	0.01683514761330729
914	0.016763102791785504
915	0.016755830959444468
916	0.016680153782441785
917	0.016670861912688382
918	0.016647139700623564
919	0.016587543345219214
920	0.016500176550147086
921	0.01648499704719346
922	0.016476774583750572
923	0.016481168159308966
924	0.016501804856570556
925	0.016468752252921895
926	0.016439825997073734
927	0.01644272517185652
928	0.01644492223022941
929	0.016447061199910084
930	0.016446196349889856
931	0.016417603680643215
932	0.01641625035186129
933	0.016421045736718456
934	0.016405510258206756
935	0.016405595586273483
936	0.016415165396518844
937	0.01638162822889776
938	0.016363881486595254
939	0.016358472640530492
940	0.01635147842375657
941	0.01620578029345142
942	0.016204735137852436
943	0.01620378573027401
944	0.016200917923698092
945	0.016194361987766137
946	0.01619110628456354
947	0.01618697009689348
948	0.016192002367118104
949	0.0161899342879372
950	0.016188670329916194
951	0.016073684448362192
952	0.016064307427117352
953	0.0157604496593477
954	0.015652012516473003
955	0.015650815952957968
956	0.015588586796001797
957	0.015572612823648952
958	0.015571930382715217
959	0.015571863039290758
960	0.015485051245008142
961	0.015458522220598639
962	0.015456718639455724
963	0.015355931532249976
964	0.015535229436006662
965	0.015536024637679592
966	0.015530113236712634
967	0.015518728090279226
968	0.015503744863625957
969	0.01510298655782781
970	0.015103381762269467
971	0.015068213953102526
972	0.01507296539878163
973	0.015054049428556171
974	0.015042013106539838
975	0.015055875871888764
976	0.015060158962060857
977	0.015036276181471103
978	0.015052862050510879
979	0.015030166885666335
980	0.015026986292688548
981	0.015019163431464993
982	0.014996791341616534
983	0.014958110137772247
984	0.01493690793626784
985	0.014932173478345141
986	0.014930412677721253
987	0.014899811005235358
988	0.014895041965153993
989	0.014889699731945618
990	0.014885807274289113
991	0.014824176403208864
992	0.014827419477716337
993	0.014881975069442598
994	0.014888759103411073
995	0.014882625553303518
996	0.014879283326470582
997	0.014881391621665546
998	0.014880292543426125
999	0.014863748223851767
1000	0.014855749818626657