-18353.0 -19395.0 
-19117.0 -18632.0 
-19117.0 -18632.0 
-18353.0 -19395.0 
-18930.0 -18958.0 
-18418.0 -19373.0 
-18795.0 -19144.0 
-18686.0 -19229.0 
-18917.0 -19005.0 
-18568.0 -19282.0 
-18625.0 -19273.0 
-18510.0 -19337.0 
-18700.0 -19187.0 
-18546.0 -19314.0 
-18749.0 -19154.0 
-18861.0 -19073.0 
-18642.0 -19233.0 
-19036.0 -18746.0 
-19083.0 -18679.0 
-18455.0 -19340.0 
-18935.0 -18925.0 
-18879.0 -19016.0 
-18822.0 -19103.0 
-18956.0 -18914.0 
-18430.0 -19343.0 
-18876.0 -19032.0 
-18822.0 -19103.0 
-19101.0 -18648.0 
-18986.0 -18823.0 
-18510.0 -19337.0 
-18974.0 -18857.0 
-18629.0 -19248.0 
-19060.0 -18703.0 
-18795.0 -19144.0 
-18418.0 -19373.0 
-18876.0 -19032.0 
-19087.0 -18674.0 
-19033.0 -18767.0 
-19101.0 -18648.0 
-18568.0 -19282.0 
-19060.0 -18703.0 
-19011.0 -18804.0 
-18957.0 -18887.0 
-19048.0 -18725.0 
-18547.0 -19308.0 
-18745.0 -19170.0 
-18547.0 -19308.0 
-19024.0 -18770.0 
-18831.0 -19087.0 
-18716.0 -19184.0 
-19022.0 -18787.0 
-18960.0 -18871.0 
-18842.0 -19077.0 
-18917.0 -19005.0 
-18974.0 -18857.0 
-18986.0 -18823.0 
-19055.0 -18718.0 
-19017.0 -18788.0 
-18970.0 -18868.0 
-18841.0 -19083.0 
-18629.0 -19248.0 
-19048.0 -18725.0 
-18998.0 -18806.0 
-19087.0 -18674.0 
-18861.0 -19073.0 
-18726.0 -19174.0 
-18686.0 -19229.0 
-18447.0 -19341.0 
-18642.0 -19233.0 
-18958.0 -18886.0 
-18993.0 -18812.0 
-18935.0 -18925.0 
-18879.0 -19016.0 
-18749.0 -19154.0 
-18430.0 -19343.0 
-18625.0 -19273.0 
-18993.0 -18812.0 
-18831.0 -19087.0 
-18716.0 -19184.0 
-18956.0 -18914.0 
-19055.0 -18718.0 
-18734.0 -19173.0 
-18455.0 -19340.0 
-18734.0 -19173.0 
-18726.0 -19174.0 
-18447.0 -19341.0 
-19011.0 -18804.0 
-18745.0 -19170.0 
-18970.0 -18868.0 
-18998.0 -18806.0 
-19017.0 -18788.0 
-19033.0 -18767.0 
-18842.0 -19077.0 
-19024.0 -18770.0 
-18960.0 -18871.0 
-18958.0 -18886.0 
-18957.0 -18887.0 
-18353.0 -19395.0 
-19117.0 -18632.0 
-18510.0 -19337.0 
