-16013.0 -16585.0 
-16642.0 -15918.0 
-16013.0 -16585.0 
-16642.0 -15918.0 
-16062.0 -16560.0 
-16354.0 -16336.0 
-16112.0 -16553.0 
-16062.0 -16560.0 
-16548.0 -16118.0 
-16159.0 -16486.0 
-16368.0 -16312.0 
-16496.0 -16173.0 
-16245.0 -16436.0 
-16371.0 -16287.0 
-16355.0 -16315.0 
-16322.0 -16352.0 
-16557.0 -16083.0 
-16477.0 -16174.0 
-16209.0 -16456.0 
-16533.0 -16119.0 
-16473.0 -16195.0 
-16497.0 -16151.0 
-16187.0 -16463.0 
-16124.0 -16527.0 
-16225.0 -16444.0 
-16292.0 -16375.0 
-16152.0 -16506.0 
-16447.0 -16213.0 
-16569.0 -16059.0 
-16173.0 -16479.0 
-16624.0 -15948.0 
-16414.0 -16257.0 
-16445.0 -16231.0 
-16607.0 -15990.0 
-16574.0 -16037.0 
-16258.0 -16407.0 
-16308.0 -16369.0 
-16624.0 -15948.0 
-16273.0 -16405.0 
-16253.0 -16414.0 
-16140.0 -16513.0 
-16414.0 -16257.0 
-16614.0 -15969.0 
-16518.0 -16138.0 
-16475.0 -16187.0 
-16431.0 -16240.0 
-16225.0 -16444.0 
-16209.0 -16456.0 
-16140.0 -16513.0 
-16518.0 -16138.0 
-16436.0 -16233.0 
-16512.0 -16146.0 
-16124.0 -16527.0 
-16622.0 -15958.0 
-16289.0 -16382.0 
-16598.0 -16002.0 
-16405.0 -16271.0 
-16431.0 -16240.0 
-16384.0 -16286.0 
-16559.0 -16072.0 
-16598.0 -16002.0 
-16504.0 -16147.0 
-16455.0 -16209.0 
-16397.0 -16278.0 
-16582.0 -16029.0 
-16280.0 -16385.0 
-16557.0 -16083.0 
-16115.0 -16544.0 
-16308.0 -16369.0 
-16619.0 -15966.0 
-16607.0 -15990.0 
-16115.0 -16544.0 
-16569.0 -16059.0 
-16321.0 -16356.0 
-16589.0 -16015.0 
-16588.0 -16023.0 
-16322.0 -16352.0 
-16533.0 -16119.0 
-16460.0 -16206.0 
-16405.0 -16271.0 
-16187.0 -16463.0 
-16245.0 -16436.0 
-16397.0 -16278.0 
-16460.0 -16206.0 
-16178.0 -16474.0 
-16253.0 -16414.0 
-16274.0 -16396.0 
-16559.0 -16072.0 
-16384.0 -16286.0 
-16178.0 -16474.0 
-16152.0 -16506.0 
-16321.0 -16356.0 
-16589.0 -16015.0 
-16574.0 -16037.0 
-16585.0 -16028.0 
-16274.0 -16396.0 
-16548.0 -16118.0 
-16614.0 -15969.0 
-16112.0 -16553.0 
-16280.0 -16385.0 
