-15938.0 -16701.0 
-15938.0 -16701.0 
-16568.0 -16062.0 
-16545.0 -16103.0 
-16104.0 -16660.0 
-16014.0 -16668.0 
-16474.0 -16310.0 
-16512.0 -16228.0 
-16142.0 -16614.0 
-16014.0 -16668.0 
-16182.0 -16548.0 
-16531.0 -16154.0 
-16109.0 -16623.0 
-16158.0 -16586.0 
-16530.0 -16164.0 
-16488.0 -16231.0 
-16481.0 -16264.0 
-16174.0 -16581.0 
-16446.0 -16342.0 
-16237.0 -16545.0 
-16415.0 -16378.0 
-16386.0 -16379.0 
-16428.0 -16361.0 
-16221.0 -16546.0 
-16481.0 -16264.0 
-16446.0 -16342.0 
-16295.0 -16479.0 
-16317.0 -16458.0 
-16317.0 -16458.0 
-16346.0 -16443.0 
-16244.0 -16522.0 
-16530.0 -16164.0 
-16250.0 -16504.0 
-16430.0 -16351.0 
-16364.0 -16408.0 
-16381.0 -16393.0 
-16330.0 -16449.0 
-16244.0 -16522.0 
-16295.0 -16479.0 
-16279.0 -16480.0 
-16350.0 -16429.0 
-16330.0 -16449.0 
-16381.0 -16393.0 
-16369.0 -16407.0 
-16221.0 -16546.0 
-16356.0 -16420.0 
-16356.0 -16420.0 
-16271.0 -16486.0 
-16415.0 -16378.0 
-16109.0 -16623.0 
-16263.0 -16496.0 
-16369.0 -16407.0 
-16174.0 -16581.0 
-16250.0 -16504.0 
-16104.0 -16660.0 
-16350.0 -16429.0 
-16259.0 -16497.0 
-16430.0 -16351.0 
-16259.0 -16497.0 
-16271.0 -16486.0 
-16488.0 -16231.0 
-16346.0 -16443.0 
-16263.0 -16496.0 
-16276.0 -16484.0 
-16386.0 -16379.0 
-16276.0 -16484.0 
-16279.0 -16480.0 
-16014.0 -16668.0 
-16481.0 -16264.0 
-16446.0 -16342.0 
-16317.0 -16458.0 
-16381.0 -16393.0 
-16221.0 -16546.0 
-16415.0 -16378.0 
-16109.0 -16623.0 
-16369.0 -16407.0 
-16174.0 -16581.0 
-16104.0 -16660.0 
-16350.0 -16429.0 
-16346.0 -16443.0 
-16263.0 -16496.0 
-16386.0 -16379.0 
-16276.0 -16484.0 
-16279.0 -16480.0 
-16109.0 -16623.0 
-16014.0 -16668.0 
-16221.0 -16546.0 
-16317.0 -16458.0 
-16014.0 -16668.0 
-16104.0 -16660.0 
-16481.0 -16264.0 
-16381.0 -16393.0 
-16104.0 -16660.0 
-16415.0 -16378.0 
-16104.0 -16660.0 
-16386.0 -16379.0 
-16109.0 -16623.0 
-16104.0 -16660.0 
-16369.0 -16407.0 
-16381.0 -16393.0 
