-16645.0 -15944.0 
-16106.0 -16526.0 
-16106.0 -16526.0 
-16614.0 -15986.0 
-16600.0 -16070.0 
-16252.0 -16472.0 
-16164.0 -16519.0 
-16507.0 -16216.0 
-16536.0 -16211.0 
-16317.0 -16443.0 
-16578.0 -16139.0 
-16461.0 -16274.0 
-16394.0 -16341.0 
-16390.0 -16370.0 
-16556.0 -16157.0 
-16286.0 -16444.0 
-16283.0 -16452.0 
-16205.0 -16516.0 
-16625.0 -15977.0 
-16600.0 -16070.0 
-16541.0 -16185.0 
-16593.0 -16090.0 
-16582.0 -16117.0 
-16242.0 -16479.0 
-16491.0 -16256.0 
-16177.0 -16517.0 
-16330.0 -16408.0 
-16593.0 -16090.0 
-16582.0 -16117.0 
-16218.0 -16482.0 
-16373.0 -16382.0 
-16356.0 -16389.0 
-16446.0 -16308.0 
-16355.0 -16399.0 
-16326.0 -16426.0 
-16549.0 -16176.0 
-16625.0 -15977.0 
-16450.0 -16297.0 
-16556.0 -16157.0 
-16377.0 -16371.0 
-16283.0 -16452.0 
-16450.0 -16297.0 
-16578.0 -16139.0 
-16208.0 -16488.0 
-16497.0 -16230.0 
-16326.0 -16426.0 
-16164.0 -16519.0 
-16430.0 -16312.0 
-16207.0 -16506.0 
-16412.0 -16321.0 
-16493.0 -16241.0 
-16475.0 -16259.0 
-16497.0 -16230.0 
-16614.0 -15986.0 
-16343.0 -16403.0 
-16343.0 -16403.0 
-16412.0 -16321.0 
-16420.0 -16315.0 
-16549.0 -16176.0 
-16177.0 -16517.0 
-16402.0 -16332.0 
-16430.0 -16312.0 
-16622.0 -15983.0 
-16541.0 -16185.0 
-16462.0 -16265.0 
-16402.0 -16332.0 
-16242.0 -16479.0 
-16493.0 -16241.0 
-16467.0 -16261.0 
-16475.0 -16259.0 
-16420.0 -16315.0 
-16373.0 -16382.0 
-16207.0 -16506.0 
-16317.0 -16443.0 
-16536.0 -16211.0 
-16218.0 -16482.0 
-16399.0 -16336.0 
-16330.0 -16408.0 
-16212.0 -16487.0 
-16446.0 -16308.0 
-16399.0 -16336.0 
-16356.0 -16389.0 
-16212.0 -16487.0 
-16467.0 -16261.0 
-16622.0 -15983.0 
-16390.0 -16370.0 
-16377.0 -16371.0 
-16491.0 -16256.0 
-16462.0 -16265.0 
-16286.0 -16444.0 
-16205.0 -16516.0 
-16208.0 -16488.0 
-16556.0 -16157.0 
-16326.0 -16426.0 
-16430.0 -16312.0 
-16420.0 -16315.0 
-16207.0 -16506.0 
-16462.0 -16265.0 
-16286.0 -16444.0 
-16430.0 -16312.0 
