-21137.0 -21361.0 
-20696.0 -21829.0 
-20748.0 -21820.0 
-20951.0 -21667.0 
-21033.0 -21560.0 
-21067.0 -21499.0 
-21037.0 -21514.0 
-21091.0 -21398.0 
-21077.0 -21450.0 
-21077.0 -21450.0 
-21106.0 -21370.0 
-20875.0 -21717.0 
-20770.0 -21789.0 
-20841.0 -21734.0 
-20955.0 -21625.0 
-20787.0 -21757.0 
-20993.0 -21607.0 
-20770.0 -21789.0 
-20841.0 -21734.0 
-20908.0 -21669.0 
-21002.0 -21569.0 
-21091.0 -21398.0 
-20890.0 -21693.0 
-20884.0 -21695.0 
-20970.0 -21608.0 
-20812.0 -21753.0 
-21001.0 -21580.0 
-20875.0 -21717.0 
-21067.0 -21499.0 
-20902.0 -21673.0 
-21106.0 -21370.0 
-20967.0 -21620.0 
-20812.0 -21753.0 
-20807.0 -21755.0 
-20787.0 -21757.0 
-21001.0 -21580.0 
-21037.0 -21514.0 
-20902.0 -21673.0 
-20907.0 -21671.0 
-21002.0 -21569.0 
-20993.0 -21607.0 
-20955.0 -21625.0 
-20967.0 -21620.0 
-20807.0 -21755.0 
-20970.0 -21608.0 
-20908.0 -21669.0 
-20770.0 -21789.0 
-20841.0 -21734.0 
-21091.0 -21398.0 
-21067.0 -21499.0 
-20787.0 -21757.0 
-21001.0 -21580.0 
-21037.0 -21514.0 
-20902.0 -21673.0 
-21002.0 -21569.0 
-20993.0 -21607.0 
-20970.0 -21608.0 
-20908.0 -21669.0 
-20993.0 -21607.0 
-20902.0 -21673.0 
-20787.0 -21757.0 
-20787.0 -21757.0 
-20902.0 -21673.0 
-20902.0 -21673.0 
-20787.0 -21757.0 
-20787.0 -21757.0 
-21002.0 -21569.0 
-20787.0 -21757.0 
-20787.0 -21757.0 
-20787.0 -21757.0 
-20787.0 -21757.0 
-20787.0 -21757.0 
-20787.0 -21757.0 
-20787.0 -21757.0 
-20787.0 -21757.0 
-20841.0 -21734.0 
-20902.0 -21673.0 
-20787.0 -21757.0 
-20787.0 -21757.0 
-20787.0 -21757.0 
-20787.0 -21757.0 
-20787.0 -21757.0 
-20993.0 -21607.0 
-21002.0 -21569.0 
-20787.0 -21757.0 
-20787.0 -21757.0 
-20787.0 -21757.0 
-20787.0 -21757.0 
-20787.0 -21757.0 
-20770.0 -21789.0 
-20787.0 -21757.0 
-20787.0 -21757.0 
-20787.0 -21757.0 
-20787.0 -21757.0 
-20787.0 -21757.0 
-20787.0 -21757.0 
-20993.0 -21607.0 
-20787.0 -21757.0 
-20787.0 -21757.0 
-20787.0 -21757.0 
