-19513.0 -18123.0 
-18621.0 -19484.0 
-19513.0 -18123.0 
-19505.0 -18250.0 
-19448.0 -18371.0 
-19467.0 -18290.0 
-18996.0 -19231.0 
-19048.0 -19169.0 
-18697.0 -19402.0 
-19434.0 -18413.0 
-19416.0 -18505.0 
-19190.0 -18981.0 
-18889.0 -19303.0 
-19155.0 -19028.0 
-18800.0 -19357.0 
-19190.0 -18981.0 
-18836.0 -19335.0 
-19229.0 -18862.0 
-19211.0 -18939.0 
-19331.0 -18751.0 
-19278.0 -18832.0 
-18669.0 -19452.0 
-19292.0 -18771.0 
-19003.0 -19174.0 
-19343.0 -18695.0 
-19467.0 -18290.0 
-19071.0 -19105.0 
-19098.0 -19081.0 
-19211.0 -18939.0 
-19391.0 -18571.0 
-19000.0 -19176.0 
-19334.0 -18700.0 
-18800.0 -19357.0 
-19352.0 -18639.0 
-19103.0 -19054.0 
-18836.0 -19335.0 
-19253.0 -18857.0 
-19055.0 -19132.0 
-19155.0 -19028.0 
-18967.0 -19239.0 
-19127.0 -19036.0 
-19394.0 -18530.0 
-19228.0 -18895.0 
-18655.0 -19455.0 
-18730.0 -19398.0 
-18941.0 -19256.0 
-19370.0 -18590.0 
-19505.0 -18250.0 
-18917.0 -19262.0 
-18655.0 -19455.0 
-19071.0 -19105.0 
-18862.0 -19313.0 
-18967.0 -19239.0 
-18772.0 -19389.0 
-18697.0 -19402.0 
-19321.0 -18753.0 
-18669.0 -19452.0 
-18941.0 -19256.0 
-19228.0 -18895.0 
-19411.0 -18516.0 
-18772.0 -19389.0 
-19127.0 -19036.0 
-18909.0 -19276.0 
-19253.0 -18857.0 
-19287.0 -18798.0 
-18867.0 -19305.0 
-19287.0 -18798.0 
-19401.0 -18527.0 
-18909.0 -19276.0 
-19278.0 -18832.0 
-19439.0 -18402.0 
-19416.0 -18505.0 
-19434.0 -18413.0 
-19055.0 -19132.0 
-19385.0 -18584.0 
-19321.0 -18753.0 
-19361.0 -18620.0 
-19098.0 -19081.0 
-18730.0 -19398.0 
-18748.0 -19394.0 
-18862.0 -19313.0 
-19292.0 -18771.0 
-19103.0 -19054.0 
-18748.0 -19394.0 
-19439.0 -18402.0 
-19357.0 -18636.0 
-18762.0 -19391.0 
-19370.0 -18590.0 
-19343.0 -18695.0 
-19361.0 -18620.0 
-18762.0 -19391.0 
-18917.0 -19262.0 
-19352.0 -18639.0 
-19048.0 -19169.0 
-19385.0 -18584.0 
-19359.0 -18625.0 
-18867.0 -19305.0 
-19334.0 -18700.0 
-19003.0 -19174.0 
-19359.0 -18625.0 
