0.30871746662642086 0.6898010247467014 0.18730824608641727 0.9630066398644603 0.858456413532615 0.7644868383160504 0.8844207456449532 0.48596162745703597 0.8129574161174118 0.74404321563109 0.20403431556001073 0.8404499491182662 0.042690401585931625 0.21731177899925547 0.6860896669511115 0.07881342729410035 0.862390568969547 0.3874362855804928 0.6952073956868455 0.7415998619447014 
0.9478888083365324 0.33923136998296044 0.6688708960245843 0.23975967158634914 0.30903911421555397 0.7095025023056045 0.5317293847839568 0.7386616263540541 0.6680832025367627 0.08878290420987411 0.956029203473313 0.5875643250745683 0.7458899664008508 0.9420464513200215 0.13129077835701453 0.6808998982365324 0.3447458839945612 0.05781752623752512 0.372179333902223 0.6527814324879915 
0.7074765484482515 0.7748725711609856 0.6568406699958846 0.8282734508888742 0.4001200565456977 0.7544227530602482 0.5207208168992236 0.014072308977416847 0.07320430494247121 0.24324203632481978 0.544233726018259 0.5596701074274315 0.8990313044370682 0.7843493466238256 0.7211531415518525 0.9439110583458505 0.24526179476639576 0.8317158615074458 0.17755651529608263 0.41974095432148917 
0.8266032194074281 0.11378229355481295 0.16017598362942032 0.03656666718283852 0.4291617443990251 0.18360927912238156 0.21441695069705746 0.8171917224535578 0.9316669138908633 0.5580926103948768 0.8483182599921302 0.3142319806380216 0.45196535936202575 0.19736613592644237 0.38821870090910093 0.4402000655458922 0.8845215494007587 0.4916927436942018 0.5878859726637015 0.765591443959754 
0.28646759001756106 0.9069457648466083 0.49052668724068005 0.669041949888385 0.1294259840658849 0.4737820315197554 0.5857139827714305 0.905479784137183 0.7021290339579894 0.49729061911415084 0.13032893329750372 0.24062580378396736 0.4405124200113597 0.09468882209311469 0.8591582884561213 0.460640590522964 0.2048753106338589 0.6309073149624318 0.011901355636596778 0.314222687514356 
0.6361992674984649 0.522379565283215 0.48531833227876975 0.4776505923650658 0.257766136000698 0.6527243425808232 0.4085046171963882 0.11530739673544066 0.2473711100320971 0.35819707557442004 0.33978201062921276 0.12958682754945638 0.6802658961819318 0.28941202102398544 0.5859774156234607 0.6732698735434532 0.06548716153630563 0.17740837872671722 0.9685211538760611 0.9787339684885227 
0.5835096357346257 0.805290366816961 0.6174442263765073 0.9218933428964119 0.3259386947089151 0.8289136483592519 0.97431476699696 0.9395999999257444 0.7354943583282777 0.031695448349503996 0.769214152665318 0.8730517998679393 0.34051486263160435 0.40739436838533394 0.9466855793883483 0.7773589372971519 0.8102607910587483 0.3796299288643995 0.5434485684424242 0.8005121579763022 
0.5202268212351249 0.7280714054104658 0.7336078800819283 0.5185566506256282 0.5468192975628781 0.4353354369670064 0.8230681936348524 0.1727954791967028 0.5332195937472062 0.6317269421637122 0.23056054363689893 0.6913073150366874 0.2764069973083191 0.282527239164852 0.8669851148331469 0.6493277654152757 0.1448034696471654 0.07025622397973186 0.3110805566123497 0.8753654052836713 
0.5982438261376399 0.7356774678710412 0.44685895205579496 0.8379702543392952 0.611710605218747 0.39597894746752804 0.16170924555630362 0.7425927234611074 0.15064197865645435 0.8502016799086008 0.8926916823396028 0.644188784979511 0.3367942117123489 0.7481734248516237 0.8922023206979383 0.5288833695086419 0.3349169872116553 0.05490822806326501 0.6766109292936394 0.6841101787120865 
0.9040585430172281 0.6285194433133947 0.8601289530446063 0.43345162221186406 0.03353668479427685 0.7978594244841011 0.8936559105758094 0.5694241140460388 0.3349749741696013 0.38137998982962384 0.6485515455024446 0.6370372054032921 0.39280658978596983 0.9503104780677013 0.627535138895522 0.08388262043095474 0.39681366836957943 0.7703832257740044 0.6546169768649398 0.9064520674583645 
0.4881512064231971 0.11788725113343779 0.8566086644535668 0.9476167634516257 0.32650200061967083 0.0627878717232927 0.41627804426371273 0.8490756169529879 0.83344843003887 0.8514683409311746 0.251147559071356 0.5008321099336931 0.9761055824427484 0.4939854154540475 0.9496922806351953 0.09864026246774904 0.49654847398809365 0.21043511544377314 0.5278279847877922 0.9991652790979486 
0.3913260197822992 0.08797574659616758 0.24418991119808986 0.36205047348540376 0.774804431206165 0.7875801205259443 0.3891774482607232 0.4216714242319529 0.8294144489746456 0.11260532524492917 0.48584137025866736 0.22145979802439497 0.8251425883624648 0.43296261964073046 0.403226433083535 0.6524138608706463 0.36614353759055884 0.4837593415766688 0.9348964223265278 0.11547363888623263 
0.39710743658771575 0.35898899860226563 0.8071469893818091 0.38221471073167523 0.25722552572014545 0.5490614588071245 0.14861667858787997 0.5882600045822975 0.852730707689357 0.29630249990501045 0.007636220108856229 0.3487118015420515 0.8252025278902942 0.7938467422134353 0.0023098361645297327 0.8964274531090428 0.03146607609110197 0.5146541438108952 0.9232755675361358 0.41037401085264635 
0.05013450667315389 0.36531627537631917 0.8985520077123422 0.735994702044942 0.8540401224836403 0.14184311133142746 0.1689585930609393 0.11177070472237227 0.6924667549150498 0.5495788036606245 0.9082884694057961 0.35770440775441614 0.2315254848827818 0.9915290589890924 0.04261421824024769 0.26277321870587333 0.45034316898465454 0.359740637320874 0.8783769780971222 0.7561140444348423 
0.874523304449828 0.4983958566958171 0.4190404381219992 0.06247081857177528 0.1205250948823482 0.32290779031205274 0.0891478863175228 0.5789224971570902 0.26138332175210754 0.48345526780970705 0.25437283286818657 0.791292586661619 0.3853176186659033 0.5817045318762442 0.48881896718191964 0.0012845908478494872 0.5756215044990273 0.39068565174258285 0.21461130747989776 0.2862882401012512 
0.6982735096032254 0.22851936726142352 0.9743537295922348 0.5401884554701681 0.13311291565902827 0.8503159448462344 0.40616208976829504 0.73137592364166 0.8817847412821815 0.5735196627969901 0.9423181897735792 0.935731646653805 0.6618922457840283 0.9269187430429393 0.7957616738049673 0.5740236887147002 0.5132343890464389 0.15429017016869784 0.3652211553017206 0.14055852048357798 
0.593337088561912 0.7210850529797894 0.47785544743515207 0.2632905635593733 0.6797691021443726 0.3833506781621814 0.6913370294126137 0.8584161433300641 0.19229827339401329 0.8566111289375783 0.7189672453429945 0.4779558960386925 0.30485731530013216 0.8137958546612631 0.9387916577960229 0.8365036109117888 0.4921216950790599 0.26670914476680796 0.546501406167648 0.8096734012656138 
0.934857716148825 0.2137013418553696 0.12082480126852957 0.890118179247795 0.5332877798883972 0.3134371392264669 0.12202705510653 0.7462089344694811 0.8090498650375471 0.6179339126856681 0.8842844750864136 0.5322695084125187 0.022313034085884476 0.4296771111636729 0.9793062642602309 0.750563471222731 0.6694964142921026 0.726392600808905 0.19432125786300536 0.013812333934445586 
0.9140403946892351 0.4646667788748521 0.33528333511453356 0.7638462615313762 0.007460473624754216 0.7220303047984354 0.5410674445154987 0.03680056379514429 0.26247389391657017 0.26058654948823334 0.3912073339399089 0.4080812356992167 0.5561712902641736 0.5226246077979099 0.7090526134754984 0.18881554456727068 0.4555424133492676 0.8336134523957004 0.9292056309216415 0.7138542638700788 
0.9649444286037087 0.6640948854670587 0.1784859394595677 0.9425707342483431 0.2543004664681424 0.14267256092415892 0.5410110537687559 0.8063353810365089 0.21676135299758748 0.2954361663962901 0.4553211312839156 0.004235250850237793 0.28591485667941463 0.4184660673257049 0.5267764804496082 0.657530051591196 0.5982001934706197 0.1810655657722966 0.3444722353211265 0.8578947258771993 
0.2884136027108296 0.890019601322949 0.8798442341159055 0.9040796488155893 0.919340046482705 0.86817462294546 0.8438270946263168 0.48710637691532976 0.7250057977920885 0.6078909102985721 0.1284853605233467 0.9200572197723961 0.9775599048654179 0.7183761675381555 0.45871926340531954 0.4604315280246143 0.049368478435118934 0.34538019420567134 0.480683993175146 0.0645002532072394 
0.942867251044879 0.8557349980228477 0.9180016585954437 0.40269182361103406 0.10279373122907931 0.5180616343762677 0.676327056148268 0.6185449589823205 0.7897125669927935 0.3206409216218107 0.6117153187229508 0.34650707548037063 0.3213147206230694 0.5853689033467321 0.044887208831312586 0.6865349806016409 0.4601097719214122 0.4838514708430236 0.7938689384435281 0.09330408248903999 
0.19563085956308457 0.32565138786136294 0.15226109979034808 0.3525689153514111 0.5995861332610679 0.0862335922547941 0.8832230330683806 0.3156723360966256 0.008714846073340499 0.981202995442928 0.9796552344882992 0.39135299877950314 0.023831313699315793 0.24617940715424846 0.941906527230459 0.7588360659685054 0.5585295134928361 0.31871074546885725 0.8744528376513924 0.18163964234381913 
0.38371732270490455 0.003254906072306163 0.9311368593485604 0.5145868278095321 0.9328545009602621 0.5944058319110331 0.8252988050750698 0.36580725218674437 0.8591331301442516 0.3741979357698202 0.16614544536673836 0.02970785810904575 0.4719691471018055 0.0832972577643114 0.9632120165565798 0.46438199924334456 0.8941703448961279 0.1565124164567856 0.16088720399862033 0.7592255684077623 
0.11779754265543196 0.2998342135134633 0.9152597293414011 0.13900127927799155 0.22799799601804627 0.34325216940806447 0.8067278928135373 0.65251440238647 0.45048137692027945 0.8612361755265711 0.09430251973466786 0.624718340698772 0.41967100267370794 0.9271586371223016 0.16592300145403882 0.8536822407595575 0.06896384202603667 0.38935689879483126 0.13520413401772335 0.1920632473586662 
0.726710616611595 0.15478513209800526 0.24948927766557816 0.863405452787496 0.6798210209748359 0.47609326943810204 0.8848300344213242 0.018181411136202197 0.5986543578223945 0.5587893899626222 0.7518016206792988 0.6661963430823873 0.4239714607311129 0.3204034668172481 0.2894148029702367 0.3785365653735342 0.5114658566748524 0.5874281906872305 0.7669314995062233 0.7407235911514757 
0.7563349630490331 0.9764503533919131 0.7239289961265283 0.182134688411154 0.4394348287551434 0.8749227260110405 0.22247986943622733 0.21989180497681537 0.28339099558174397 0.9882887298052425 0.00934031047480366 0.1383310053205834 0.5622328461762258 0.20043617844514017 0.3659959219761332 0.633637870431076 0.4912882686102882 0.8185978124607435 0.9385831930478096 0.9647156040345303 
0.21929970212630678 0.8855829028802467 0.7097577857688038 0.10490121247753792 0.11785216634275475 0.9007893445722437 0.23753631426255395 0.48772380836715823 0.29100027544299834 0.6312023713233301 0.8490720370492213 0.1059659032130873 0.14691540421248084 0.18272293688386254 0.5883796112910116 0.5925522859217794 0.04905309922043799 0.49740953081136285 0.04618315054375988 0.9848050008278139 
0.06623222196058076 0.07959821808839262 0.6339387537878642 0.8702085706315914 0.532501918552992 0.7806134402021406 0.7142136749623091 0.21550225433971015 0.17156263662748195 0.4777472208012905 0.2739295424122985 0.09970438232007228 0.47593122406322497 0.10952121982814556 0.9072629259998118 0.8704844501788258 0.5770135919140474 0.9994117515272914 0.8510552174641318 0.28237044008926104 
0.17342677021578934 0.7224822741654525 0.2372078450379841 0.0034837289774286573 0.9431080885142229 0.058732787232190775 0.9282940923883616 0.33022760781354876 0.8334940034231412 0.8530244302289354 0.777074593647979 0.6030955581210333 0.7670205564203276 0.48696838323323977 0.1195953198062345 0.4096516788170217 0.6002365659406582 0.19763828647772608 0.24736771616392894 0.32377575265819625 
0.2381245627352625 0.6366685909030264 0.008629835353737292 0.4577756011075408 0.12658976288376877 0.8687580581751032 0.14343167523505218 0.23961484836963964 0.5296468240588208 0.6642581935334179 0.7188254914068892 0.6639155273882217 0.1931587203148245 0.20773040717983482 0.46313666383954744 0.312577661668065 0.14697037055462447 0.45555729371285913 0.4129065987467575 0.37096176138511894 
0.11397710902165092 0.017863967861984076 0.924194920463553 0.15397146814309426 0.035804979677036 0.46303579141704587 0.4673013887094877 0.6517456187206048 0.7806731631160431 0.0017263920037225988 0.43358191667899526 0.7597969031576518 0.321408393405311 0.6181122465558432 0.4546012788089001 0.05856674677723084 0.04404912472315958 0.7957533217975938 0.47997142467467546 0.7461551255641258 
0.7813237218337371 0.8746703141006896 0.42058740467638367 0.48206266884381643 0.6630974846263281 0.5852315902590493 0.8428256359567746 0.3329969150901455 0.6565595283891886 0.942350290107534 0.9484909472200534 0.416965123361683 0.24564132416020634 0.890193835979201 0.4783276595776107 0.3152601974977154 0.3905175887978941 0.003174322298640675 0.06802301610653794 0.8247089334519436 
0.34767835343745834 0.7596434236949642 0.783491698494695 0.8829344716996808 0.8441551773061996 0.243328122711838 0.7110960514710081 0.5446329225535067 0.8779050735804982 0.4697520257112904 0.813973455464479 0.07671099647116286 0.7563470703575689 0.4286114712775849 0.16548616180159748 0.6008988445003011 0.6785535963033467 0.26377763216389327 0.5574773200994253 0.14777559391933048 
0.07678379991159356 0.6485712964219641 0.7126501470095051 0.17701745855177897 0.08590356324153692 1.5347946268762236E-4 0.537916694910616 0.7351777748561624 0.6104461015027005 0.8152386240653928 0.3329530732521515 0.25112039924408713 0.6020663510941773 0.2764030998528354 0.9673502663692581 0.7979593176295268 0.6642403343188148 0.05345119756623151 0.49761132282473064 0.9843327457587482 
0.16427203965342796 0.06921928292625223 0.5087839344698581 0.8655664901959405 0.29991965079808935 0.7043149763521779 0.06862386560842737 0.8042902727376641 0.4781741801149231 0.7773435025870994 0.6553398139417317 0.39272822079594016 0.2527843920411451 0.4917558601997921 0.09655795419337121 0.1575770726007869 0.5070885986418596 0.9155842053304226 0.046195859676672835 0.5790877883930232 
0.6576448539047766 0.047021599728776065 0.89357232782175 0.3054799860578624 0.7447541725382267 0.2553420193288919 0.24756313588771073 0.5630449810816445 0.8655665110035081 0.8965838681481232 0.6099297306949193 0.4594873594262292 0.07930313998450222 0.3704320913322311 0.4214439859698619 0.25584307562602393 0.45986575496836 0.6852615983519869 0.9893456090481657 0.8425764068619007 
0.030828096268756378 0.8195935695257398 0.5642502418260277 0.2361508356723696 0.675308219347375 0.20409879951531107 0.7084940232724273 0.970923113794973 0.2225960938310314 0.5426172983006349 0.41667719843110407 0.49040621648458704 0.6320448118212225 0.087748877610625 0.5543423089585087 0.609731923500023 0.13835184313762705 0.4441225042260786 0.044076575172065424 0.24444922138381786 
0.3833622672564405 0.8149446636894984 0.6355977732530224 0.746515406318343 0.8357462444159919 0.8284779789699125 0.016633556368775504 0.8164476408524172 0.8924591546780601 0.44908304932835963 0.5361654848468866 0.6929881114993912 0.503578561376038 0.16241058996191915 0.16723863742018952 0.41497678790755355 0.805823450211125 0.7511376770993538 0.1350222490382037 0.5132761821711231 
0.10921129275008368 0.1189224768555659 0.8214899358314427 0.6521346467643053 0.22656746343847878 0.6445426957367308 0.44370536673147987 0.6239166850138881 0.58569774155387 0.42736509665611144 0.4432321985995845 0.8688139574995697 0.09688645437010557 0.3934933575335411 0.49466261142186974 0.1266054580263486 0.06067168044998972 0.07374024571045046 0.5080695819271854 0.7891220116077575 
0.9026705730613023 0.21978543669561923 0.0875738447928277 0.029341116129511735 0.3074659056810204 0.37148373962902115 0.8105548759897798 0.43561423084631967 0.3277748455200299 0.9651892277632922 0.514435158123739 0.8584247626722086 0.616711478515954 0.8012170227842333 0.5145483097568708 0.7180582093193928 0.24210441571948127 0.2518527948964733 0.7091407863896433 0.7678062985199228 
0.942893310658325 0.30837805892523174 0.10333714307030262 0.5464124762670574 0.3163800481512674 0.6054142667065635 0.4742374452465262 0.8549446842808988 0.7957548977911684 0.6044219119177737 0.37020921936480533 0.42336283157932386 0.1698330212749115 0.21491571174483426 0.5947761346263447 0.2604977141833573 0.20477845731548872 0.850917623980072 0.712019153681608 0.926484486417338 
0.2016009510119986 0.3720638901174148 0.8765569551642267 0.6595587981361887 0.5003388879412595 0.560435898574338 0.993549311299803 0.8470808812664837 0.17828256327060232 0.5211911913197851 0.5864342352034635 0.2187955614295517 0.7123146841360171 0.1847000996899838 0.5324613536964969 0.7964226051162954 0.9177408235179162 0.8144254043846775 0.7126897710546757 0.11098602544566383 
0.6057764186742911 0.5846966068662477 0.6157556918384219 0.03870474134595414 0.14237126800632416 0.9818678075079819 0.9571526803797653 0.3008781348429739 0.9541124111825329 0.7245088980195898 0.39502353445299754 0.07357023162587095 0.1879495950698582 0.18137206331645928 0.7240977492287733 0.5960633747892147 0.9186370433803188 0.013951122570560415 0.519957443034972 0.6876734431886473 
0.6598120408618487 0.14225491322622308 0.6847688723455045 0.9986454932434826 0.7855126124985576 0.8076071397409019 0.13112827992895737 0.11815619233054397 0.45240486662002055 0.27862990667537546 0.2476257769357234 0.5500394891370981 0.7579067424990751 0.2019755883977482 0.8065774165590011 0.29849365849154386 0.6886073600943685 0.4781867348197294 0.7762411387124861 0.9643725237851233 
0.07491226791948413 0.8331297586959233 0.6583251202356303 0.8335177481311378 0.9266221943416147 0.07654064820332862 0.02754581179051252 0.18605460644650118 0.7469487411979393 0.9888154653753934 0.7866125435889588 0.6962692120541335 0.26028490443465513 0.8323561187702884 0.3581506417385677 0.03465711772914959 0.8578489493393469 0.8367291529482059 0.8438776095147803 0.29326044741361335 
0.4789659455600359 0.5246369961304878 0.9897398873974096 0.6495966301001057 0.5618937757570742 0.4152451113902407 0.35443184693872043 0.25474986897484453 0.6475571010254447 0.5685175629987022 0.7325824369338176 0.2670023813726211 0.5311419776595786 0.9010608995996885 0.9635428288077152 0.881970008791568 0.8524127535752162 0.6404948515049149 0.750855494769408 0.9497581904015551 
0.29439912698075144 0.8279740894752547 0.6085272571052402 0.9853694592617621 0.7686598313756875 0.02540249300661035 0.7681668551016655 0.5523789582976425 0.24468364080192684 0.8832485471013032 0.3341755131556481 0.22343686584488487 0.1286840376870414 0.39585496078642113 0.3423298309856665 0.5661273773233022 0.12718314257605168 0.9324568485314493 0.9630793655338995 0.19457063941176067 
0.17513305821529634 0.5455597549415863 0.9960932464285313 0.039057274973838374 0.4922134166082074 0.8682951225788788 0.6517576473294149 0.8469866595085263 0.5894908103628802 0.00925462472253924 0.08968209423768136 0.28435019465056344 0.9606290624134771 0.9590849342579653 0.25552907971515104 0.39595295844344636 0.5938849266109885 0.3072667991144392 0.995766398433772 0.288061968814189 
0.42197499840727115 0.29167050344094503 0.45298646161368405 0.3933845047834058 0.18702268199223138 0.27090913494408986 0.4920847026857402 0.4088474829914811 0.09524770622883649 0.23021236146215307 0.005426094066689924 0.05100404114203472 0.7416008700468688 0.8600760961638737 0.010048932330187998 0.7824756274218924 0.6478981946917631 0.026284525003796855 0.5131307516605365 0.629449534563164 
0.17428192849067703 0.24511215918320328 0.24891724236815482 0.5951865782871142 0.9122005147483769 0.9317663624039398 0.6756975760733573 0.00247045600301532 0.15530714899343512 0.29521824237921235 0.6350984398903115 0.5236093655399682 0.867831659305063 0.9643582779496076 0.16970696414860642 0.49455571379955154 0.25449237638166244 0.17898117880996467 0.4821644842780194 0.08581949515698639 
0.00385945263765175 0.8207021345047294 0.07636005870234375 0.37980509015937525 0.9154001657470043 0.039238035467360155 0.36544248412636293 0.046884419509588326 0.3237627173112112 0.720255382370089 0.5914144706079731 0.1519596501210041 0.7005481560545597 0.6529635289238775 0.898365632867303 0.423838844135882 0.48862818366407645 0.2236775406347994 0.6924669681926798 0.016416758562427414 
0.31310352387577556 0.9266829987134617 0.009428211071850101 0.22635290882450132 0.18472395956196053 0.974643982439691 0.36179577988749356 0.9446759304168694 0.9708108968628278 0.9858944077366848 0.2824557105654002 0.9794001054942085 0.18936803434932525 0.909194152193075 0.5828674578827039 0.09315250906219918 0.5483690863135952 0.9422230493632366 0.013834881881073957 0.5079275182680578 
0.1870693924092809 0.7787929153682159 0.4628401808007553 0.27880148381678493 0.3219949160145359 0.5969263668265065 0.8584034482332129 0.7380053691251063 0.9849830045866459 0.5199117313598606 0.8926965964941689 0.2343052483930953 0.5113535874151915 0.0999250874203016 0.7214037420722516 0.8413020290105209 0.8869920243530185 0.47061093796630027 0.33253270786430045 0.946085526405161 
0.4232194347631263 0.03304953762851437 0.8158351990431534 0.5331859899608081 0.8126215552397572 0.6891194693202488 0.42174667223777473 0.33096861290934165 0.3014392660407965 0.5654353959026691 0.7506228145389702 0.2386945360481535 0.17255523683281926 0.12372016206825853 0.07879827548268026 0.41532941129827017 0.9095031236515485 0.5049491667522498 0.34342193055143966 0.08765195808667248 
0.8911848419211933 0.6121432225525689 0.024725370457666873 0.7376822743650724 0.8592362758022739 0.9463505678656942 0.3735328353061719 0.37600816223226685 0.7702459026429467 0.4040330397419504 0.12662241407582042 0.611254436453895 0.7123956158402774 0.9424921223653887 0.4364465778703107 0.5400983793200624 0.290284943967936 0.1550813217485264 0.24319664053185563 0.1815969555282363 
0.9489003245816644 0.2330562023728565 0.6415610740352062 0.4322597732731881 0.0015117545729755877 0.6221620258405264 0.4866282169575247 0.3622428130552292 0.8621674662699776 0.8949514611448267 0.5134591890468466 0.09460277573403342 0.5622868052213538 0.5420524866632106 0.8119649983092313 0.32065392178823693 0.8733430766777647 0.09673941209049741 0.27252317591969477 0.3988345253523128 
0.26666535048924833 0.08777197237748602 0.11984231051256022 0.6165350713210047 0.5175666121661137 0.5971334620129473 0.7402954635596312 0.12220840749528294 0.4566362496421539 0.9287011943407455 0.5472603105963193 0.6427817004822721 0.44847046940661295 0.5741927690398259 0.7965820661871599 0.04985641733121515 0.4826728837944563 0.6160925550692804 0.04727127749304261 0.6256966460774572 
0.5001897586284072 0.27926875014176944 0.4977227267232519 0.005198514389637587 0.8599570635865721 0.523482464076409 0.5925533053277172 0.325957051044384 0.918879965704197 0.9429649173071152 0.5499894804083049 0.03287291425324346 0.7865603908897018 0.2528957611874908 0.4016400139853451 0.5902745018905844 0.1930906046285933 0.8580670042333622 0.2049296883858157 0.5723056085093112 
0.0039553331630683974 0.7461502579859488 0.814896188776935 0.2692548150673695 0.01326943041843942 0.815334025592264 0.06456407849810186 0.536853972273573 0.28848253423282233 0.7281006164605197 0.5473860256333807 0.17785944638630036 0.3295582586125796 0.8488450449440079 0.23379243623600487 0.30121158148778426 0.8669465493250694 0.2148950573356596 0.9272921102755293 0.40404285738435397 
0.8822284593262689 0.9172787191094672 0.8843306411328427 0.9247458611776771 0.8011100526103705 0.8278855117053371 0.17921565433924347 0.5609233386213864 0.9812480405948959 0.9852923388331133 0.9458189115208833 0.3544598993600605 0.7587887432602203 0.8975960296169375 0.9528037329950265 0.10140930375546908 0.16816446811067232 0.15635346944562967 0.6261646273505672 0.2222708825886247 
0.7256067560026478 0.11106199370872438 0.9915878554286678 0.5389220599227612 0.6677610210820359 0.11559419514377622 0.9022297497568591 0.3281499000098137 0.6005299613749746 0.7623889901852473 0.013874950289349819 0.2971436656119758 0.2236816477909198 0.5870132696761979 0.05813642164218513 0.3916903586258883 0.05610744551671476 0.37165878545043196 0.0604656974234129 0.7139247218367949 
0.8963996103874295 0.38050050282794334 0.06621165164419762 0.0024938604578719215 0.4363240319246563 0.18627159095763257 0.7906361986898184 0.18108402386197198 0.11819824109222865 0.39898183173092516 0.5387966493152557 0.614365095960685 0.16490312009028196 0.39016790709500415 0.5850847937142931 0.6935970713185474 0.2973173714566447 0.866609439535492 0.4094196939844822 0.7717780661886223 
0.8075568688888115 0.5004576411979735 0.267323318758101 0.08889272844568374 0.5653184086929399 0.7189918710014078 0.6925770916160227 0.8951021691590656 0.5164797010703702 0.9151377127978365 0.37752826942085393 0.9752694455836577 0.5079663862583386 0.8232890508576995 0.18681010668739206 0.4966968977480394 0.8266847353383858 0.14875415282775706 0.08267622736774283 0.4219971238252288 
0.6049123783002144 0.46154046047432173 0.19111026739049242 0.990610923996625 0.2063180814005383 0.7966860244140023 0.9563583290328188 0.4981205412305142 0.4928180129492452 0.6726984876244805 0.3635303539006921 0.47655661629136636 0.5439859963530427 0.7987870090389584 0.5188713409665756 0.40523105724428565 0.24292260078649808 0.8156837537704799 0.9396271341766169 0.35958685561924675 
0.6418820458620613 0.09840779649422915 0.6962011172669998 0.7940694534307108 0.07725618884093399 0.4232548285701926 0.17429219609365698 0.18384982569446584 0.7883987693002908 0.7372387422857286 0.7991968302261305 0.37379142658624676 0.7367212063600017 0.4082477122879302 0.33100025259744514 0.9564716448449309 0.4685363097191426 0.5700213874791081 0.16008735144865427 0.5914902289010937 
0.4496544908295246 0.07941841538858574 0.5768525668937533 0.5555508571785898 0.7356462235587926 0.8768616490894285 0.8117652689913387 0.029219597426988764 0.10955391784645807 0.07344206917784679 0.6523925392447288 0.9649043271332912 0.294277458067452 0.6847583815395002 0.8057155480740839 0.08774903388807498 0.4543890610304907 0.5823632117086948 0.8753178288030932 0.8402143795690714 
0.4878220193136762 0.9280991537514061 0.33273066150059094 0.08120825872338677 0.9138758630711675 0.3971382009027806 0.9671334294592894 0.24323615186036862 0.783225117407783 0.5283694081548571 0.2137030033595093 0.7061298359240218 0.8661850649987701 0.7071943163745179 0.6769777187287701 0.8041303384267772 0.011442735727499653 0.9883539053566269 0.989507154952859 0.9688657675397019 
0.5919289843849622 0.3085319968913727 0.9481843897312194 0.24941672297205242 0.8710976764747245 0.041060765085655815 0.6555129476366149 0.4943718492167627 0.9338620516946645 0.9893382153856415 0.225300157858774 0.7867962700713251 0.6317179432937972 0.2757538557921183 0.23595148747001526 0.37328857946456395 0.7106675018949832 0.8483565408040719 0.058668504830022505 0.07273131066265137 
0.8003225332638391 0.040865692070361836 0.12004676289359906 0.10457630163814491 0.06046355485976662 0.6563723302419185 0.34609306833623255 0.4353416585674478 0.9346178715993594 0.046688268802419164 0.7988761133938758 0.08799136249193207 0.9414557771084286 0.8508761641834299 0.2625218614549022 0.14130288368008093 0.7010127182067938 0.8054544029312685 0.6779243756011523 0.023849621438216673 
0.2564659275643062 0.39487961105629676 0.7245566125777605 0.45563809749220574 0.17283731128914748 0.5860830730304227 0.7616087633606252 0.6467307615147513 0.02060538848685156 0.4580372700905446 0.5761010771600519 0.05373603375726754 0.9428188861504398 0.16998965414582612 0.5039376218930302 0.367076219782944 0.0973082255477895 0.9868948615171502 0.7297947927946435 0.34004804687886203 
0.8500585447053465 0.8164474736156104 0.9100124302564478 0.7328722878213353 0.8304205468024772 0.06223965749356464 0.17607984580159142 0.760340015946982 0.06311417618086779 0.7872055064341412 0.949058738534358 0.20162577928932057 0.038063116343170944 0.6146940405721067 0.2242214561037872 0.9871296583130943 0.1772278767431592 0.9345866474923188 0.5565259329667365 0.2892961104589745 
0.24878484278844304 0.44844679705029755 0.20482307880471584 0.7066402219235571 0.9488175686885293 0.27154388887632164 0.0314433468519808 0.11800387636209464 0.43210131465242496 0.07906322618651629 0.5249328724052024 0.04511438698428649 0.6148101994202845 0.23664411500407545 0.30740718902994824 0.1932538317669762 0.6864934962345896 0.840944056920099 0.18570765297605318 0.4088551962872635 
0.8270221158683064 0.09020482854801481 0.731309278027877 0.20925242730210158 0.12765428010975433 0.8489129549525517 0.23617866422688272 0.22117208545729683 0.23239373301670851 0.3356328729309632 0.9793043491856949 0.5547935468647253 0.6507315666081273 0.8151151744736597 0.80494415772106 0.20163727419532596 0.6733683152523724 0.42546509879138705 0.637166715035501 0.3757461612589751 
0.3351357888814924 0.4691476322056328 0.8774065232048146 0.3783503101468777 0.12203662266605153 0.11142095074130576 0.3067538383152939 0.40544161327000516 0.09656717599403286 0.1382167033605426 0.9410492125162765 0.713414562035022 0.32413219995002795 0.9536632375280113 0.2694804936027482 0.8936532501855723 0.5540915121965886 0.8915250474498975 0.1438734109674693 0.06990661468099568 
0.3580750315996084 0.6925387775707076 0.7949345996169239 0.7033170649275412 0.18979708352370994 0.5759667547786537 0.7374036762154699 0.8582938048571978 0.1853705663638967 0.08183288102567043 0.37973965791929565 0.43550244365009383 0.04749094961551059 0.46780598377098703 0.11360755383328447 0.7660726285979869 0.7776460404998657 0.9397719336993534 0.23400102992418204 0.2948214427559631 
0.34465361677698525 0.07729867448982752 0.16248711833571283 0.9775578413313548 0.2867655716149873 0.7598589472478013 0.947414501680586 0.6253180909499497 0.22897740294240632 0.4642335979798561 0.8150745103951746 0.24009453242749035 0.5553338340098306 0.9960065033396794 0.8996333452313986 0.27452242445831654 0.829915573589304 0.9105443263758907 0.008429068832767062 0.3453483221433189 
0.5291077978154282 0.46566967957065175 0.8625661460698508 0.8433952606045795 0.5963955957392912 0.6361158875451944 0.16164508161431512 0.9761053961966565 0.9827149219877609 0.13379430293777095 0.6066770105160025 0.26620695649994774 0.914896008025063 0.6056730167011396 0.5430005212044338 0.45244424514321724 0.2396007656070933 0.7073105615878618 0.29016373829231135 0.30144433032033713 
0.9074881026261659 0.9477494784813071 0.17694149753112964 0.7364845588823515 0.8506318601038675 0.9698327640794421 0.20409568901093111 0.8714103880316958 0.47749166628809003 0.6044275469836717 0.8015406443032093 0.9570570117115925 0.10020672698641109 0.6881444322399606 0.0784466602770375 0.16240266646476453 0.5568141016345732 0.43455732012692105 0.83432132647177 0.520258181640708 
0.2401039400927243 0.3351543526576384 0.9275330726220692 0.5567454953536902 0.8673250319138676 0.0631530348963607 0.8188492751274791 0.14537464323581195 0.9298005811519565 0.9424633627808511 0.6258198845783729 0.039133938344194874 0.530937402544677 0.7409207751596472 0.7275671535122189 0.5086126678590592 0.7623594190834397 0.1552508283646189 0.5179489354622537 0.4737132210804299 
0.6048309799797419 0.5415480760697354 0.14839359551599085 0.6135361212970629 0.36657307042327825 0.9310526038423094 0.9873629354029938 0.048927521347449376 0.6756754892905662 0.38929121024685653 0.42075149047961424 0.5619359183520498 0.36036315714035483 0.35898096753948605 0.28166821804779296 0.9086155401371122 0.6460040949864526 0.9955637837227044 0.12306470659164859 0.46122009622038285 
0.048844860646312216 0.35346145256944206 0.0037784452076601305 0.9995965670039298 0.25999256823347383 0.8086634161956017 0.48667060568934817 0.32157136181668233 0.14739405643472814 0.17503973106177073 0.5078865802871239 0.7588818308363549 0.4450301162249135 0.09950669116109379 0.6781680217406745 0.9747911955172835 0.5685521050825831 0.27507727730589726 0.9587094917767554 0.4171489399099081 
0.8232854914047747 0.022309936644163364 0.46858048493157367 0.37276372018682535 0.5769750239320607 0.6856724857747528 0.5271589573370169 0.7413242081557173 0.46757458527874507 0.6999492516634576 0.27568881339409157 0.8336794665479366 0.3705548790275256 0.29867349001865917 0.09694439969261803 0.7826662452333806 0.7033634792910773 0.5140294301359691 0.6884050486826038 0.9562614083250258 
0.41881083032041067 0.7738502440415521 0.7169659975138108 0.9721422703369484 0.5974659990748395 0.5396259817078864 0.8917826722087812 0.9862172473526607 0.7046931941157323 0.2229430543623594 0.11884513764943572 0.25423957556698706 0.6554901213129035 0.7612708445569253 0.21516539409837565 0.9829065735419165 0.705104955189001 0.9026521673113118 0.47732632300009326 0.10529993690452433 
0.972641175553379 0.6331663131340786 0.19113264810970232 0.7562289007413601 0.7340363362455717 0.041915833322544005 0.47288784588796506 0.5020406920862542 0.13854204003278803 0.08300852330850239 0.5823348577299224 0.570384083190165 0.735766437414396 0.2983038022604724 0.5690459158377876 0.36681981533125985 0.7073096403746484 0.0787528909868912 0.36180962983368503 0.7027659122328364 
0.8220540021480159 0.8386720408444055 0.9902482622786518 0.5946493147589332 0.30304763784071254 0.200513153413858 0.17942223091782328 0.5424445892772991 0.3629080634470463 0.7407504119108366 0.23047563340311228 0.011988738049714898 0.5498630086498157 0.8732528850165234 0.8364759725904882 0.20346616085138713 0.9811995600994149 0.6738384680764761 0.02842008323705192 0.1728061663766266 
0.18447303183413277 0.9074643563657695 0.34288356428204725 0.520177142129523 0.2967911355014198 0.41556753472258157 0.6652418590342517 0.16662152979799205 0.014652240684517648 0.8034843426240932 0.16266036591170185 0.5397441038642655 0.7365759110892567 0.874824303501412 0.9606524375036641 0.08330330448426282 0.3178797630931789 0.9197529281508718 0.5305701753941846 0.060716273223129114 
0.799049377811489 0.4736206088492023 0.9657358736561614 0.8985354914743696 0.6748705013641529 0.22750051890811773 0.21558929528487292 0.0015126667590525944 0.15347838111520606 0.7015779562970081 0.5406881105766563 0.08778969962766958 0.3471573891491674 0.8992815696087432 0.6593936362363141 0.29892793698014 0.25367235118939513 0.7198250112575212 0.3423952003370484 0.11720984892959518 
0.8615424678246444 0.6226916611264273 0.8323378880528617 0.6800341386877075 0.4314262555916233 0.5383681292005126 0.5841271349936543 0.9747173935421538 0.16160547122633528 0.9759656419432694 0.765610264814542 0.6723258013174235 0.8749417021218459 0.47122821007961846 0.6437849212574764 0.8196746567380999 0.9957261751328799 0.6208955725207799 0.6373974992651057 0.11663959774244159 
0.4115695078448566 0.44679651854047087 0.8974423917549225 0.9419418747994488 0.5399687047852746 0.7074062158114038 0.05654177240154923 0.44339804790978876 0.42228430830315156 0.4991761694906085 0.3431623695510251 0.7581474569245366 0.5546045334509152 0.29510600840858714 0.12672357649406552 0.5986789067273565 0.49450766357654297 0.2547505702168932 0.855195844626053 0.23177434377523787 
0.594693722764093 0.3641151674939469 0.03683878337276447 0.29000844845215157 0.09389159203618547 0.43922170860549636 0.4497149973942449 0.9573396948092944 0.1194249314510395 0.5915217211687361 0.1971305787878459 0.2764269633477324 0.9201108920338968 0.6180336794389867 0.5183800982736193 0.8645442042018907 0.2777333546019465 0.3849281302791203 0.30470267909755777 0.9396892224731561 
0.08961947141711135 0.7199668233252606 0.30640962660028226 0.7441912981680315 0.17091654205044893 0.3082106338234766 0.8381029187490814 0.1812197616274669 0.549893329221291 0.38045294813260355 0.546011177738635 0.6635558777114855 0.5179725678140662 0.5251178765737055 0.21443892905701067 0.17036955519273844 0.2794087123159358 0.4235617765258295 0.6754245005833839 0.42967286120945736 
0.6716136421224289 0.138695368812231 0.48259508582999544 0.40955669807349715 0.6231955462257645 0.4517378303242543 0.8104132352828837 0.12418946635813821 0.8185129426705889 0.7605759879782751 0.3132879019490761 0.7048572409956022 0.4747428964934495 0.6857631660366029 0.9311378450526075 0.8461425996798807 0.511720906799059 0.0755695193951409 0.923522036843447 0.71076460961722 
0.17030628507830914 0.5337779182834649 0.4440004308676556 0.16184885995927878 0.525516936665417 0.13773159453550143 0.4375158062039014 0.20847698136548953 0.8951845520478549 0.4128063738776364 0.4673201193190628 0.2607386639209821 0.48618973642696883 0.17911323449488104 0.7763315694680353 0.015109582329658422 0.8316667301068328 0.05842813213142861 0.23977869699784138 0.4620680341435959 
0.32638201195002237 0.105650242232326 0.626371292377844 0.6696883385153836 0.3757048926603258 0.12977795942802062 0.07397213694641058 0.3632690166144267 0.6889219923915937 0.03263796065723701 0.07093173095044625 0.5283772244779746 0.26261812670574747 0.9623527418903945 0.4108749782014468 0.6525056323852622 0.3034818513351144 0.6332251286054619 0.608085963896106 0.6200711002174215 
0.7519851031514551 0.8844107693602968 0.35644490852699307 0.4341939760282527 0.20763765971675008 0.07848594861775826 0.8050545579780659 0.3100582733762771 0.8013598856245869 0.7721704627334701 0.14845189018463234 0.3866475270035472 0.89088407618621 0.419823316832845 0.09937455412786289 0.005400693805490242 0.18138230416190815 0.19949611806888423 0.11464195846397018 0.4852259621502393 
0.134033954868787 0.5752518527600277 0.2870985881517488 0.7927352736602149 0.7153350161676078 0.37632789456068527 0.12974482789997577 0.7449192584666283 0.5686939097512852 0.9366236337119002 0.026612172128766876 0.7483698587551515 0.43841881137325445 0.6898975714101258 0.17793012176539003 0.7190027152287788 0.7354872161916339 0.24986502168253855 0.2763303385324629 0.12437726562253038 
0.8925898327845024 0.16377289854554244 0.5742800339276235 0.5474119985069977 0.4956798781904186 0.24127863632622581 0.46988285304553257 0.2470177257227868 0.03454708364076153 0.5227608044852864 0.5585625928684861 0.06453121885417668 0.6714623301842059 0.5934589280886546 0.003615244396303563 0.4459919579870424 0.6665473371168673 0.2562638542628627 0.4886349444879713 0.34299873242612433 
0.5551895362955274 0.0337279348438142 0.6769826200020566 0.8795806299489677 0.9846789916390899 0.8123674930759237 0.3434720776792123 0.26291597891725704 0.6036946759374443 0.7641220574792644 0.7114994511163756 0.9524783923460974 0.08009487482320865 0.9624651576649529 0.5754713620003009 0.510720633905851 0.615636257967543 0.19927634557156026 0.7117197717713042 0.9303359365736429 
0.46319749078310846 0.48865540420376563 0.08005896526331391 0.5936249012857758 0.4714226358332395 0.7146419239113373 0.7614361913711979 0.8103169414611581 0.19325113012630013 0.9066352221528551 0.39201513851242165 0.9869490427652815 0.6726356625950186 0.36025520814326595 0.18109038166812685 0.211294506199445 0.49418515910441485 0.5849468408420448 0.9849592442845676 0.6256423783586829 
