0.0	1.1283920709986281
0.9995536751517381	0.24050360859068096
0.9995536751517381	0.24050360859068096
0.7005979229686432	0.694225257952666
0.7174870340059395	0.674093974196343
0.6565348821886094	0.7564206738314626
0.6803178767839783	0.7186991541134365
0.8317007012433443	0.5144722506727989
0.6321096074036078	0.7738277695833208
0.8182245194187077	0.5378153868904987
0.43527089709373684	0.9603859505192006
0.9502049283619981	0.3275947216750996
0.17068636879099547	1.1026997383449477
0.5249098783896228	0.884824346487698
0.21633414824804453	1.087332624444284
0.4836742500620461	0.9212599775266243
0.731961679478057	0.655351855722403
0.5841382208644949	0.8254651637865914
0.8674616557961496	0.45935555565808595
0.3205163968279312	1.0387085705991308
0.09992174094020456	1.1192770601251991
0.07633604504535502	1.1230581058970859
0.898349700172274	0.4144560307402801
0.39311694056158697	0.9909940558430941
0.26687354948216624	1.0669367093596585
0.7558799383082349	0.6220272563272211
0.6633574663534807	0.7385160143662525
0.9369388911215653	0.3490795432095563
0.9109284711200776	0.3940271541779147
0.9624700235057635	0.30768223228033925
0.5675043983823942	0.8411307711632039
0.5032360394348331	0.9048111763185892
0.7470237520284796	0.635710091507333
0.14614245138343873	1.1094066862219085
0.11916953737336505	1.116255862259612
0.8576679128143093	0.47631681058445463
0.5068900802003695	0.9013719177081807
0.6250933811584796	0.7827118974489554
0.3563209103974813	1.0166751948416584
0.46460271554486493	0.9376670858872558
0.9263797052432687	0.3700261336350857
0.7863922521150417	0.5814651401645691
0.4153161837301214	0.9770027279373704
0.7964263441304616	0.5686969209259519
0.3717118267251122	1.005684250787673
0.33259216088684856	1.0312643858547423
0.34476242070789487	1.0244425610326835
0.8528339091756183	0.4856386783336888
0.7658568092683793	0.6106907861513299
0.6021281612874685	0.8076758701459708
0.19016810379983223	1.0974653102839664
0.6730497541771401	0.7295378222781164
0.05816682191278949	1.126092114246436
0.2286907943206069	1.0828264397640368
0.8096298265541251	0.5483538588393826
0.9731100000595637	0.28957085984336806
0.47709958415913845	0.9287742351898886
0.5335358226172074	0.8760305757764829
0.7378864041331121	0.6462453431421882
0.5426287458580569	0.8673807098896396
0.042797734482310335	1.1280343797799157
0.7785049762428831	0.5907501094751276
0.5566842329701547	0.8537933455754407
0.8768467122645108	0.4474622024560008
0.8022672157322392	0.558020993112529
0.7714341242940133	0.6004025808709993
0.8813651620092299	0.43954004956885795
0.24793108465774777	1.0740218766011231
0.13607990163868977	1.1121020211589372
0.9572242761361367	0.3165901719322575
0.5785261705079741	0.8326078822384122
0.45281323735231344	0.9459530041015306
0.9339246765544061	0.3545116016542766
0.40038151562207747	0.9873261949576868
0.44710677595982484	0.9524913619777049
0.3018967512393925	1.0489826137661311
0.919587911741252	0.38027572066055815
0.29883800958436046	1.049248970656697
0.8887967290718403	0.4271779100176033
0.9761722566570323	0.28608433610168904
0.2810158119041557	1.0584252704207833
0.5512115096543688	0.8588292819118769
0.24344198823970237	1.0769485741733615
0.8420717253584166	0.4995023069483425
0.612517849907361	0.7956276139964759
0.9924136435641089	0.2557337524283747
0.3701519702386129	1.0078347112567998
0.9832987187803627	0.2716469099425415
0.41272489965694537	0.9781751389755856
0.8426415168480874	0.498420446876382
0.02392661125159251	1.128164969259271
0.18886069744860068	1.0978753099374012
0.9930672604575277	0.25526947153298396
0.01733944734394216	1.1283266570073456
0.9153006745742162	0.38832816637776923
0.8934446001269516	0.4223798268694765
0.2805386384946741	1.059299460460197
0.9830916276468709	0.2719834336551222
0.6115767064533425	0.7962380216294425
0.6028293596040106	0.8069265521721452
