-18216.0 -19436.0 
-19132.0 -18705.0 
-18216.0 -19436.0 
-19132.0 -18705.0 
-18410.0 -19378.0 
-18887.0 -19015.0 
-18265.0 -19419.0 
-18725.0 -19170.0 
-18501.0 -19327.0 
-18333.0 -19403.0 
-18576.0 -19271.0 
-19107.0 -18714.0 
-18829.0 -19055.0 
-18265.0 -19419.0 
-18920.0 -18967.0 
-19029.0 -18789.0 
-18685.0 -19174.0 
-18799.0 -19075.0 
-18513.0 -19291.0 
-18436.0 -19347.0 
-18872.0 -19029.0 
-19078.0 -18720.0 
-18468.0 -19333.0 
-18760.0 -19132.0 
-19062.0 -18776.0 
-18532.0 -19272.0 
-18368.0 -19393.0 
-18760.0 -19132.0 
-18596.0 -19244.0 
-19072.0 -18742.0 
-18335.0 -19395.0 
-19020.0 -18848.0 
-18659.0 -19222.0 
-18368.0 -19393.0 
-18849.0 -19030.0 
-18436.0 -19347.0 
-19027.0 -18817.0 
-18938.0 -18940.0 
-18682.0 -19185.0 
-19027.0 -18817.0 
-18910.0 -18986.0 
-18725.0 -19170.0 
-18957.0 -18921.0 
-18938.0 -18940.0 
-19072.0 -18742.0 
-18991.0 -18874.0 
-18910.0 -18986.0 
-18527.0 -19288.0 
-19052.0 -18786.0 
-18776.0 -19098.0 
-18999.0 -18859.0 
-18973.0 -18898.0 
-18977.0 -18897.0 
-18991.0 -18874.0 
-18625.0 -19241.0 
-18663.0 -19205.0 
-18765.0 -19119.0 
-18793.0 -19091.0 
-18946.0 -18924.0 
-18644.0 -19226.0 
-18665.0 -19191.0 
-18639.0 -19238.0 
-18456.0 -19334.0 
-18835.0 -19047.0 
-18765.0 -19119.0 
-18581.0 -19251.0 
-18795.0 -19077.0 
-18835.0 -19047.0 
-18583.0 -19247.0 
-19062.0 -18776.0 
-18333.0 -19403.0 
-18456.0 -19334.0 
-18914.0 -18975.0 
-18957.0 -18921.0 
-18664.0 -19201.0 
-18501.0 -19327.0 
-18625.0 -19241.0 
-18973.0 -18898.0 
-18776.0 -19098.0 
-18513.0 -19291.0 
-18977.0 -18897.0 
-18849.0 -19030.0 
-18531.0 -19277.0 
-19012.0 -18849.0 
-18914.0 -18975.0 
-19052.0 -18786.0 
-19078.0 -18720.0 
-18785.0 -19094.0 
-18785.0 -19094.0 
-18946.0 -18924.0 
-18531.0 -19277.0 
-19003.0 -18856.0 
-18581.0 -19251.0 
-18644.0 -19226.0 
-19003.0 -18856.0 
-19009.0 -18851.0 
-18639.0 -19238.0 
-18665.0 -19191.0 
-19009.0 -18851.0 
-19020.0 -18848.0 
