-18490.0 -19342.0 
-19122.0 -18754.0 
-19122.0 -18754.0 
-18490.0 -19342.0 
-18641.0 -19305.0 
-18570.0 -19322.0 
-18644.0 -19254.0 
-18554.0 -19337.0 
-19057.0 -18876.0 
-19019.0 -18930.0 
-18694.0 -19252.0 
-19052.0 -18907.0 
-19018.0 -18965.0 
-19094.0 -18800.0 
-19000.0 -18971.0 
-18980.0 -19011.0 
-18861.0 -19139.0 
-19090.0 -18836.0 
-19078.0 -18860.0 
-18832.0 -19140.0 
-18962.0 -19017.0 
-18863.0 -19116.0 
-18955.0 -19041.0 
-18938.0 -19042.0 
-18913.0 -19072.0 
-18735.0 -19216.0 
-18728.0 -19230.0 
-18882.0 -19102.0 
-19090.0 -18836.0 
-19052.0 -18907.0 
-19078.0 -18860.0 
-19107.0 -18757.0 
-18766.0 -19193.0 
-18826.0 -19149.0 
-18914.0 -19050.0 
-18980.0 -19011.0 
-19000.0 -18971.0 
-18917.0 -19045.0 
-18706.0 -19232.0 
-18750.0 -19209.0 
-19019.0 -18930.0 
-18882.0 -19102.0 
-18809.0 -19152.0 
-19100.0 -18787.0 
-18779.0 -19173.0 
-18806.0 -19156.0 
-19102.0 -18770.0 
-18892.0 -19091.0 
-18779.0 -19173.0 
-18554.0 -19337.0 
-18641.0 -19305.0 
-18780.0 -19163.0 
-18704.0 -19236.0 
-18895.0 -19078.0 
-18751.0 -19199.0 
-18863.0 -19116.0 
-18766.0 -19193.0 
-18791.0 -19161.0 
-19100.0 -18787.0 
-19102.0 -18770.0 
-18893.0 -19079.0 
-18732.0 -19226.0 
-18704.0 -19236.0 
-18962.0 -19017.0 
-18789.0 -19162.0 
-18892.0 -19091.0 
-18694.0 -19252.0 
-18759.0 -19196.0 
-18759.0 -19196.0 
-18826.0 -19149.0 
-18750.0 -19209.0 
-18895.0 -19078.0 
-19107.0 -18757.0 
-18955.0 -19041.0 
-18913.0 -19072.0 
-18791.0 -19161.0 
-18732.0 -19226.0 
-18914.0 -19050.0 
-18917.0 -19045.0 
-18808.0 -19155.0 
-18644.0 -19254.0 
-18751.0 -19199.0 
-18706.0 -19232.0 
-18861.0 -19139.0 
-18808.0 -19155.0 
-18780.0 -19163.0 
-18893.0 -19079.0 
-18882.0 -19102.0 
-18892.0 -19091.0 
-18694.0 -19252.0 
-18750.0 -19209.0 
-18791.0 -19161.0 
-18644.0 -19254.0 
-18706.0 -19232.0 
-18893.0 -19079.0 
-18808.0 -19155.0 
-18750.0 -19209.0 
-18694.0 -19252.0 
-18644.0 -19254.0 
-18694.0 -19252.0 
