-19707.0 -19579.0 
-19094.0 -20194.0 
-19094.0 -20194.0 
-19707.0 -19579.0 
-19130.0 -20150.0 
-19238.0 -20148.0 
-19669.0 -19675.0 
-19617.0 -19829.0 
-19579.0 -19898.0 
-19669.0 -19675.0 
-19534.0 -19908.0 
-19528.0 -19941.0 
-19621.0 -19760.0 
-19653.0 -19718.0 
-19631.0 -19744.0 
-19265.0 -20120.0 
-19426.0 -20035.0 
-19584.0 -19831.0 
-19329.0 -20100.0 
-19360.0 -20064.0 
-19342.0 -20080.0 
-19581.0 -19856.0 
-19296.0 -20109.0 
-19394.0 -20037.0 
-19653.0 -19718.0 
-19296.0 -20109.0 
-19265.0 -20120.0 
-19502.0 -19952.0 
-19468.0 -20008.0 
-19238.0 -20148.0 
-19581.0 -19856.0 
-19344.0 -20070.0 
-19492.0 -19978.0 
-19450.0 -20022.0 
-19379.0 -20055.0 
-19438.0 -20023.0 
-19468.0 -20008.0 
-19329.0 -20100.0 
-19480.0 -19986.0 
-19393.0 -20047.0 
-19500.0 -19964.0 
-19628.0 -19757.0 
-19450.0 -20022.0 
-19477.0 -19996.0 
-19381.0 -20049.0 
-19492.0 -19978.0 
-19534.0 -19908.0 
-19500.0 -19964.0 
-19477.0 -19996.0 
-19438.0 -20023.0 
-19502.0 -19952.0 
-19480.0 -19986.0 
-19379.0 -20055.0 
-19344.0 -20070.0 
-19621.0 -19760.0 
-19628.0 -19757.0 
-19584.0 -19831.0 
-19381.0 -20049.0 
-19393.0 -20047.0 
-19394.0 -20037.0 
-19468.0 -20008.0 
-19450.0 -20022.0 
-19492.0 -19978.0 
-19500.0 -19964.0 
-19477.0 -19996.0 
-19393.0 -20047.0 
-19468.0 -20008.0 
-19468.0 -20008.0 
-19468.0 -20008.0 
-19468.0 -20008.0 
-19477.0 -19996.0 
-19468.0 -20008.0 
-19468.0 -20008.0 
-19492.0 -19978.0 
-19468.0 -20008.0 
-19450.0 -20022.0 
-19468.0 -20008.0 
-19468.0 -20008.0 
-19468.0 -20008.0 
-19468.0 -20008.0 
-19468.0 -20008.0 
-19468.0 -20008.0 
-19468.0 -20008.0 
-19468.0 -20008.0 
-19450.0 -20022.0 
-19468.0 -20008.0 
-19468.0 -20008.0 
-19468.0 -20008.0 
-19468.0 -20008.0 
-19468.0 -20008.0 
-19468.0 -20008.0 
-19468.0 -20008.0 
-19393.0 -20047.0 
-19468.0 -20008.0 
-19468.0 -20008.0 
-19477.0 -19996.0 
-19468.0 -20008.0 
-19468.0 -20008.0 
-19468.0 -20008.0 
-19468.0 -20008.0 
