-19880.0 -19357.0 
-19255.0 -20035.0 
-19255.0 -20035.0 
-19334.0 -20018.0 
-19493.0 -19945.0 
-19875.0 -19454.0 
-19537.0 -19914.0 
-19836.0 -19542.0 
-19616.0 -19846.0 
-19548.0 -19872.0 
-19841.0 -19484.0 
-19382.0 -20015.0 
-19398.0 -19993.0 
-19449.0 -19966.0 
-19449.0 -19966.0 
-19569.0 -19852.0 
-19742.0 -19765.0 
-19832.0 -19585.0 
-19631.0 -19814.0 
-19752.0 -19715.0 
-19809.0 -19636.0 
-19658.0 -19811.0 
-19812.0 -19609.0 
-19398.0 -19993.0 
-19674.0 -19777.0 
-19704.0 -19776.0 
-19784.0 -19650.0 
-19773.0 -19664.0 
-19875.0 -19454.0 
-19841.0 -19484.0 
-19770.0 -19691.0 
-19665.0 -19788.0 
-19569.0 -19852.0 
-19832.0 -19585.0 
-19812.0 -19609.0 
-19726.0 -19766.0 
-19764.0 -19703.0 
-19760.0 -19706.0 
-19795.0 -19647.0 
-19752.0 -19715.0 
-19631.0 -19814.0 
-19665.0 -19788.0 
-19795.0 -19647.0 
-19704.0 -19776.0 
-19719.0 -19767.0 
-19773.0 -19664.0 
-19719.0 -19767.0 
-19770.0 -19691.0 
-19742.0 -19765.0 
-19674.0 -19777.0 
-19658.0 -19811.0 
-19841.0 -19484.0 
-19875.0 -19454.0 
-19812.0 -19609.0 
-19770.0 -19691.0 
-19742.0 -19765.0 
-19841.0 -19484.0 
-19841.0 -19484.0 
-19841.0 -19484.0 
-19841.0 -19484.0 
-19875.0 -19454.0 
-19841.0 -19484.0 
-19841.0 -19484.0 
-19841.0 -19484.0 
-19770.0 -19691.0 
-19841.0 -19484.0 
-19875.0 -19454.0 
-19841.0 -19484.0 
-19841.0 -19484.0 
-19841.0 -19484.0 
-19841.0 -19484.0 
-19841.0 -19484.0 
-19841.0 -19484.0 
-19841.0 -19484.0 
-19841.0 -19484.0 
-19841.0 -19484.0 
-19841.0 -19484.0 
-19841.0 -19484.0 
-19841.0 -19484.0 
-19841.0 -19484.0 
-19841.0 -19484.0 
-19841.0 -19484.0 
-19875.0 -19454.0 
-19841.0 -19484.0 
-19841.0 -19484.0 
-19841.0 -19484.0 
-19841.0 -19484.0 
-19841.0 -19484.0 
-19841.0 -19484.0 
-19841.0 -19484.0 
-19841.0 -19484.0 
-19841.0 -19484.0 
-19841.0 -19484.0 
-19841.0 -19484.0 
-19841.0 -19484.0 
-19841.0 -19484.0 
-19875.0 -19454.0 
-19841.0 -19484.0 
-19841.0 -19484.0 
-19841.0 -19484.0 
