6.624402214109183229e-03
2.173760421839022322e-03
3.650959504592731376e-03
1.144926259106708631e-03
3.990140402390279610e-03
1.429732851144351578e-03
4.698459683538922828e-03
2.587024205091090646e-03
1.451604544245509989e-03
7.080642372714008800e-03
1.631407002397651388e-03
5.021532982476930099e-03
7.447464131385120659e-03
6.416662741024244630e-03
3.410312079835345778e-03
2.619581623390087113e-03
7.012635534960118440e-03
3.809800761735011778e-03
2.259422000671666361e-03
2.830117299873007985e-03
3.537583146151373082e-03
1.603203313400711075e-03
1.514723793775962215e-03
8.115493866528454558e-03
4.340699444862822741e-03
5.658599421849999644e-03
6.790491155337421807e-03
4.225813318401224795e-03
3.519994159529388645e-03
5.367516086283562887e-03
7.673249633883853435e-04
