1.579273167027467473e+01
6.829491668246783220e+00
7.047783307094335647e+00
6.798134426895454219e+00
1.702997150053352016e+01
1.641444581683597903e+01
1.441685542715205237e+01
1.583064360751557409e+01
1.539634771779504696e+01
1.550242284122607650e+01
7.773817255703263207e+00
1.754825200646271099e+01
1.534818663075585476e+01
1.552312766487787066e+01
1.523848541529000933e+01
1.644667232769965892e+01
6.902539521264984934e+00
1.452668387068881195e+01
1.542867313477651336e+01
1.589039381367461345e+01
1.425231966960926222e+01
1.434480780641751174e+01
1.492236204233206642e+01
1.484820486510714233e+01
1.560380672243911526e+01
1.667660978813281503e+01
8.435215772111614996e+00
1.580497846698762032e+01
1.510870590589668616e+01
1.612076162274310676e+01
6.776387503323536343e+00
