-17476.0 -18672.0 
-18766.0 -17512.0 
-18766.0 -17512.0 
-17476.0 -18672.0 
-18721.0 -17562.0 
-18105.0 -18282.0 
-18555.0 -17805.0 
-17599.0 -18604.0 
-18159.0 -18280.0 
-18261.0 -18125.0 
-18360.0 -18071.0 
-18612.0 -17731.0 
-18712.0 -17617.0 
-17828.0 -18481.0 
-18595.0 -17780.0 
-18441.0 -17954.0 
-18234.0 -18196.0 
-17701.0 -18559.0 
-18597.0 -17734.0 
-18549.0 -17838.0 
-18240.0 -18168.0 
-17801.0 -18496.0 
-18646.0 -17709.0 
-18506.0 -17872.0 
-18258.0 -18154.0 
-18191.0 -18213.0 
-18028.0 -18369.0 
-18062.0 -18341.0 
-18478.0 -17908.0 
-17579.0 -18637.0 
-17757.0 -18529.0 
-18028.0 -18369.0 
-18669.0 -17677.0 
-18095.0 -18304.0 
-18752.0 -17537.0 
-18746.0 -17547.0 
-17894.0 -18419.0 
-17857.0 -18449.0 
-18711.0 -17622.0 
-18693.0 -17651.0 
-18414.0 -17998.0 
-18306.0 -18121.0 
-18377.0 -18036.0 
-17774.0 -18520.0 
-17788.0 -18508.0 
-18313.0 -18090.0 
-17879.0 -18435.0 
-17506.0 -18668.0 
-18533.0 -17860.0 
-17702.0 -18542.0 
-18669.0 -17677.0 
-17991.0 -18393.0 
-17948.0 -18404.0 
-18062.0 -18341.0 
-17663.0 -18592.0 
-18646.0 -17709.0 
-18693.0 -17651.0 
-17551.0 -18647.0 
-18080.0 -18313.0 
-18336.0 -18084.0 
-17991.0 -18393.0 
-18476.0 -17929.0 
-17849.0 -18471.0 
-18432.0 -17982.0 
-17506.0 -18668.0 
-17724.0 -18533.0 
-18308.0 -18117.0 
-17672.0 -18581.0 
-18538.0 -17854.0 
-18439.0 -17980.0 
-17545.0 -18648.0 
-17627.0 -18602.0 
-18340.0 -18073.0 
-18176.0 -18238.0 
-18393.0 -18027.0 
-17627.0 -18602.0 
-18176.0 -18238.0 
-17924.0 -18409.0 
-18494.0 -17887.0 
-17924.0 -18409.0 
-18582.0 -17787.0 
-17672.0 -18581.0 
-18166.0 -18259.0 
-18211.0 -18208.0 
-18582.0 -17787.0 
-18465.0 -17937.0 
-18396.0 -18007.0 
-17883.0 -18425.0 
-18494.0 -17887.0 
-17851.0 -18461.0 
-17579.0 -18637.0 
-18166.0 -18259.0 
-18465.0 -17937.0 
-18211.0 -18208.0 
-17966.0 -18401.0 
-17545.0 -18648.0 
-18398.0 -18002.0 
-18080.0 -18313.0 
-18377.0 -18036.0 
-17966.0 -18401.0 
