-15977.0 -16623.0 
-16581.0 -15973.0 
-15977.0 -16623.0 
-16581.0 -15973.0 
-16028.0 -16584.0 
-16010.0 -16615.0 
-16537.0 -16106.0 
-16260.0 -16445.0 
-16503.0 -16194.0 
-16070.0 -16581.0 
-16568.0 -15978.0 
-16148.0 -16537.0 
-16561.0 -16026.0 
-16098.0 -16545.0 
-16509.0 -16151.0 
-16518.0 -16123.0 
-16391.0 -16302.0 
-16547.0 -16067.0 
-16079.0 -16556.0 
-16221.0 -16458.0 
-16365.0 -16337.0 
-16273.0 -16431.0 
-16327.0 -16361.0 
-16561.0 -16026.0 
-16475.0 -16209.0 
-16351.0 -16358.0 
-16552.0 -16060.0 
-16448.0 -16248.0 
-16391.0 -16302.0 
-16421.0 -16253.0 
-16457.0 -16220.0 
-16304.0 -16381.0 
-16509.0 -16151.0 
-16475.0 -16209.0 
-16365.0 -16337.0 
-16415.0 -16278.0 
-16319.0 -16377.0 
-16282.0 -16403.0 
-16400.0 -16291.0 
-16518.0 -16123.0 
-16212.0 -16459.0 
-16178.0 -16487.0 
-16273.0 -16431.0 
-16221.0 -16458.0 
-16400.0 -16291.0 
-16358.0 -16343.0 
-16503.0 -16194.0 
-16416.0 -16262.0 
-16097.0 -16547.0 
-16282.0 -16403.0 
-16194.0 -16483.0 
-16291.0 -16382.0 
-16457.0 -16220.0 
-16449.0 -16238.0 
-16079.0 -16556.0 
-16449.0 -16238.0 
-16162.0 -16514.0 
-16547.0 -16067.0 
-16284.0 -16392.0 
-16173.0 -16503.0 
-16552.0 -16060.0 
-16157.0 -16520.0 
-16162.0 -16514.0 
-16153.0 -16531.0 
-16209.0 -16470.0 
-16415.0 -16278.0 
-16358.0 -16343.0 
-16148.0 -16537.0 
-16173.0 -16503.0 
-16070.0 -16581.0 
-16319.0 -16377.0 
-16568.0 -15978.0 
-16327.0 -16361.0 
-16351.0 -16358.0 
-16202.0 -16478.0 
-16290.0 -16386.0 
-16421.0 -16253.0 
-16153.0 -16531.0 
-16157.0 -16520.0 
-16097.0 -16547.0 
-16416.0 -16262.0 
-16209.0 -16470.0 
-16098.0 -16545.0 
-16194.0 -16483.0 
-16284.0 -16392.0 
-16204.0 -16476.0 
-16176.0 -16494.0 
-16204.0 -16476.0 
-16198.0 -16480.0 
-16290.0 -16386.0 
-16198.0 -16480.0 
-16176.0 -16494.0 
-16178.0 -16487.0 
-16175.0 -16498.0 
-16448.0 -16248.0 
-16175.0 -16498.0 
-16568.0 -15978.0 
-16098.0 -16545.0 
-16204.0 -16476.0 
-16568.0 -15978.0 
