-16037.0 -16712.0 
-16037.0 -16712.0 
-16392.0 -16422.0 
-16471.0 -16322.0 
-16107.0 -16690.0 
-16551.0 -16174.0 
-16423.0 -16409.0 
-16485.0 -16226.0 
-16424.0 -16355.0 
-16201.0 -16603.0 
-16502.0 -16191.0 
-16483.0 -16269.0 
-16483.0 -16269.0 
-16070.0 -16701.0 
-16415.0 -16416.0 
-16457.0 -16338.0 
-16372.0 -16443.0 
-16485.0 -16226.0 
-16363.0 -16460.0 
-16214.0 -16570.0 
-16111.0 -16665.0 
-16332.0 -16477.0 
-16231.0 -16568.0 
-16316.0 -16499.0 
-16372.0 -16443.0 
-16528.0 -16189.0 
-16057.0 -16709.0 
-16471.0 -16322.0 
-16294.0 -16513.0 
-16159.0 -16625.0 
-16268.0 -16530.0 
-16178.0 -16619.0 
-16426.0 -16352.0 
-16119.0 -16656.0 
-16134.0 -16649.0 
-16070.0 -16701.0 
-16539.0 -16177.0 
-16178.0 -16619.0 
-16202.0 -16587.0 
-16210.0 -16586.0 
-16523.0 -16190.0 
-16142.0 -16640.0 
-16278.0 -16523.0 
-16155.0 -16632.0 
-16453.0 -16347.0 
-16345.0 -16461.0 
-16502.0 -16191.0 
-16263.0 -16541.0 
-16442.0 -16349.0 
-16323.0 -16489.0 
-16232.0 -16558.0 
-16057.0 -16709.0 
-16343.0 -16462.0 
-16142.0 -16640.0 
-16255.0 -16544.0 
-16134.0 -16649.0 
-16119.0 -16656.0 
-16323.0 -16489.0 
-16107.0 -16690.0 
-16328.0 -16478.0 
-16442.0 -16349.0 
-16539.0 -16177.0 
-16277.0 -16528.0 
-16170.0 -16620.0 
-16111.0 -16665.0 
-16294.0 -16513.0 
-16170.0 -16620.0 
-16343.0 -16462.0 
-16155.0 -16632.0 
-16278.0 -16523.0 
-16363.0 -16460.0 
-16243.0 -16554.0 
-16316.0 -16499.0 
-16253.0 -16552.0 
-16251.0 -16553.0 
-16239.0 -16556.0 
-16263.0 -16541.0 
-16423.0 -16409.0 
-16523.0 -16190.0 
-16328.0 -16478.0 
-16453.0 -16347.0 
-16239.0 -16556.0 
-16214.0 -16570.0 
-16210.0 -16586.0 
-16243.0 -16554.0 
-16255.0 -16544.0 
-16253.0 -16552.0 
-16251.0 -16553.0 
-16345.0 -16461.0 
-16277.0 -16528.0 
-16232.0 -16558.0 
-16202.0 -16587.0 
-16485.0 -16226.0 
-16278.0 -16523.0 
-16363.0 -16460.0 
-16306.0 -16512.0 
-16294.0 -16513.0 
-16375.0 -16423.0 
-16560.0 -16143.0 
-16560.0 -16127.0 
