8.119591385680370310e-01
2.977928368184123639e-02
6.031540645941308593e-02
7.601143462145885099e-01
3.759857980189466875e-02
8.736109651812145049e-01
6.982586705390468884e-01
2.406972746558140308e-01
8.530702438158481726e-01
1.505391290284175954e-01
1.134520091612691156e-01
6.992673091674944663e-01
7.738248093923871807e-02
1.202679040126382881e-01
7.592858307186118871e-01
1.611704041746119531e-01
8.481484142715910446e-01
8.897411970076350013e-03
2.060578810092786595e-01
1.592997558834350347e-01
1.523143397072890259e-01
8.907767113745413967e-01
8.357555537791702682e-02
6.939971312797567071e-01
7.015461918212292369e-01
7.133421344832775457e-01
6.912765706517433051e-01
6.560129439739945667e-01
4.261068000678245454e-02
8.110649456536285495e-02
1.245550622711827371e-01
