183.80809438494563	33.698771318246386
145.58424170770934	33.423388058846136
16.362926862910296	202.07484488805815
55.8825449347416	164.47056234223504
122.0273391888571	12.682917420833924
131.93440407633378	41.021340401824474
201.7003913998711	95.02765549596904
74.76040460819436	91.69765552621288
145.27443060879924	101.56777737344726
99.74502585105252	176.0946357302329
5.2004193536882575	156.75705796662018
205.2313073175329	5.4067425057204686
96.96506035092258	208.59816624314834
41.98012257941568	140.5874005224587
90.24224769664927	131.21689834403568
140.26019564141586	202.85115984585963
161.7891906596679	111.77822471101628
161.05095586463375	28.712327534267214
80.83600891633066	128.3430279196056
271.13837489335464	55.738999342713726
167.91160729890936	20.294674684282935
36.57157383785192	170.27588366677168
21.013400342553993	167.42149857450391
175.40134868088	132.62335921775053
141.95431400713983	31.08228623853343
127.8810520036096	24.112282310103986
29.03868285508757	139.82481354654985
135.86183265982234	68.69240800043161
50.047295437275444	149.97485722605327
147.05070393804166	5.103312762323614
186.72906372057147	157.0247109624462
119.26030473739654	22.662831196375887
15.42859375744922	115.18152505487332
255.51391062954923	23.422017294978314
182.38604114416992	2.97468528040504
161.48897716082342	24.683634098074187
29.208713306482363	124.88902747669869
98.74003742307083	107.52121690878798
81.08491711466934	174.45537613604716
44.34349727934534	118.74149027981896
102.10944828376009	141.74358786317325
26.32913678783771	172.7625154160981
143.84336267050324	135.0115037424188
74.70827068688453	150.5202461276764
63.780858329666295	115.1052941987786
143.6853309362338	54.05583189399181
80.79308529543037	197.19949093066742
131.89857872109488	184.58857920969479
180.33655857856562	91.68538677080276
183.242357080567	4.043292812100635
186.38707808514138	38.673107435374895
144.47687205559933	15.729710024328785
0.5241435025943612	110.96969844556357
80.17570842807578	113.89906170172979
119.88360062322866	151.0944904216444
76.11080502697352	141.51187855410532
13.397719556855254	284.07163884817436
160.814980043572	76.96898692276554
146.10695994885535	40.56905719193638
100.63298932417493	183.33623840058223
31.387863639780992	125.16304650909676
38.35925645317863	167.83450054354992
106.91862758057214	22.02839687211433
149.2548180442953	26.628994339220792
52.10124211316939	210.31784114953948
203.99705405017733	173.9288802541841
181.72998599685346	135.26807461710032
85.61555620767054	134.58455393638266
64.40663580464853	142.42906717929213
150.89524223019845	96.15445373215272
170.09519440999455	74.52590142643025
338.2883881709619	42.99048327900883
122.15328762032601	56.71795226272007
238.00591437677895	46.02831668862484
112.53583390410843	146.72084353943023
118.8285239236552	200.25267797591252
41.8527523066572	177.9699800892837
147.19005873113252	159.0210880994868
163.45290741925353	88.27626849959833
19.45320649210701	155.638759250453
238.07944085787113	6.913794381352609
66.55767136920667	233.56198476816675
167.9257070884355	153.89913109287863
107.47768762796198	194.37087074054637
220.2725202685025	15.9927963531711
68.66018932538086	186.24620720245716
134.76162514335425	124.14550339777792
153.5690086902387	2.5809840249445095
218.3119639277054	37.23626295736836
106.40273946558622	175.41497554050213
85.69709573554856	54.38255996269781
103.97266811107131	102.4758738604454
185.0065076480326	102.02761537189215
174.46853813220838	92.60257054310483
132.4421949826055	126.12287811882305
79.84058070156499	113.87846134808538
157.55952608086753	126.32665581415358
156.2457322621132	65.88541010633338
203.48536605854503	147.521293377071
101.18328854036062	120.73203503326636
