186433.69241378698	87507.5205853499
142669.5679811252	4940.0972402996385
42269.638472573926	152846.83527070607
116696.50520595489	114469.17140181256
152640.10664412138	212.94333742613554
78006.63587998578	159977.58667845684
162578.50180824712	82877.86663511663
41535.73000478469	166653.52069628704
38497.66063319234	159575.37369200884
60842.31142285641	114000.4163243845
91493.18393660804	102557.60714084734
11314.80395564279	191439.1122185405
140925.79525882856	99299.13901450708
99477.04566002582	133061.47070318644
139589.42048373114	56113.125838468026
180496.92099177517	30112.03422747666
84713.77923232365	119901.06131330162
133823.40692798689	118974.74536212225
148654.79624159998	89341.12339030561
139949.75757385822	102580.97258349914
115156.97524205539	139715.0674262724
56461.01118284745	139029.80206831227
102861.29755398643	92507.88676334896
164277.61169670708	44361.1209914262
129786.5899691735	563.8616798082319
127465.917879236	47878.087769183345
132188.7729240628	58244.64521251792
104938.01071759191	94716.00356096639
170483.62881034455	37507.662979231325
174025.04767764302	16138.009246234064
49381.908931482285	132134.76702208054
41301.07322207603	159639.8064984011
156817.25279597167	116041.9581140173
141085.72342610906	35794.32531528665
144503.03336334138	89888.55071128024
139442.94306430724	102044.94630542099
49185.94864925686	133686.43500050757
167544.41289129003	35252.307710805304
139605.78091182912	44444.56334899347
80244.30660125604	123138.78920060623
103396.07524093286	117085.22429253656
16249.896692542681	161626.02352455992
77285.3074472436	146353.8938660265
18893.51699437709	165026.18201096563
108232.50013818535	92841.33789284228
181536.50829267825	55260.40140997326
153723.1064746162	63408.85489585068
114230.19079643593	89684.66118632109
66121.88476133624	203107.49961941378
24191.3443843911	149948.26041915923
2532.077203335044	153298.62631342583
138176.61955943523	57609.6629106637
100208.9421616475	89136.27643064852
156420.70339410525	63674.718980633326
152954.5576597469	73337.603141206
83673.23552992955	193865.73092651286
87404.97277439221	159226.19295042192
204137.3267984732	13534.54049223272
36020.743028024604	165817.37871494226
24436.48318460996	166732.5264975539
121548.97677120932	150443.45242505416
66387.0859979114	125855.45702257821
53659.59510039304	150180.57395990792
128338.76019785076	41161.91979137382
116182.57421279118	137872.79557461714
88729.03022807231	124858.353778563
34584.216651275354	148969.5137080977
148893.53706738315	1367.2432637549625
165883.323933816	20144.552804319857
55888.715403251816	159911.6140602288
184637.94753863552	57894.11696893492
56288.114727991655	119250.51921014443
63166.997902707444	163113.32905641163
155884.47678218994	25541.832442550556
79040.11237045635	133862.85209475068
120289.06961224826	107922.59351612245
66707.32988980543	143036.5875351707
182819.9571384864	30258.847971666542
102642.8852495135	127391.82463510016
110723.28853316915	28177.162986010713
136114.26921791342	22204.783505784464
120382.42386077301	84410.4225469247
161808.2271539309	108074.60913118803
157461.05406453757	47046.910009025974
155258.1650658786	39882.394484454715
155832.50365318256	53471.33205372392
76448.44807071237	154282.2694193605
172673.82783956794	17988.186096021953
115226.39620203096	89598.45871347301
145555.30543657584	7890.143428511863
43550.831016008895	184048.8407895258
88740.14820700798	150130.16394293754
141654.73482305123	24524.12537201439
58318.22102767685	127136.34356232376
57577.872404282934	132087.43460499236
77807.1377920692	127175.51812050465
122041.7955434432	125517.32335081774
76339.95208723456	135648.56707664893
11463.774713073475	164591.19086760387
117830.42792628301	131885.4139305974
