83198.5977418069	143069.84014668
24947.55581866859	157354.3783462557
162367.0567698201	5975.472928207786
177573.4374839998	94565.08800399932
72987.4303939713	128589.15852709506
21516.632731432153	149673.34999651078
59235.36564934954	145847.2859280969
32136.701728288896	154401.9411604884
56099.321417285	158850.89692144693
65296.58269895183	134790.5683069746
67093.62367420686	150682.69060585156
130456.58957378769	20442.803989351418
116496.20844427799	97004.9914712603
78021.1032363166	99569.74993500921
170985.8709177177	82983.29894104436
156786.75573656484	82369.18983397886
139598.10414252203	103881.33020432806
190320.32699960386	28773.30494566356
153983.53263438644	98251.03974528114
141443.4319632044	18325.811718651374
106808.02164172442	72506.88694143874
140250.33519379716	72069.95103004885
108803.70352890802	45627.412042698044
50541.07620842348	154740.44856465462
139322.70319863313	4145.038471479499
125804.81927794445	164762.99073797595
57325.54714182972	177808.18370180417
161818.77208789508	18552.09943487225
64293.536484809876	167372.33086874252
24917.255551110327	157152.07824401188
91194.52797956718	118650.67857378638
181371.84829160917	45504.871715064175
163022.39737518821	81385.59252970379
119672.50036955504	148124.72793454016
134467.06704077998	79961.04774121613
191711.27774275764	55942.941079303004
34297.14613485496	149457.99785950358
161020.6030067749	19922.78256039961
157561.22471405202	1869.625806941164
79091.45839991095	168537.15452980003
61239.5563583136	146814.08494903694
59314.69573729992	199564.60166772688
107891.82636774737	149985.71223519227
30568.00150009319	221029.63742871
118048.97988234073	84202.65604568143
147187.69193898363	119406.14254670036
41442.55502717534	164350.37615428562
176139.7857382989	21929.442002066924
123134.91532948459	98026.50100446882
162417.68453153613	109494.32844274124
6142.305724037058	160596.0337647775
135443.92628079792	26918.64170101828
18496.503208963622	196865.66036732795
169244.3245848186	19778.483186548365
134845.09565139923	61349.46679736346
170440.6563422138	36091.260565951685
31153.25505018697	124484.3811830939
74148.84993846234	125519.11485814242
105882.50692438222	51752.247557635885
98755.62532312032	132738.1242309056
11841.100620399138	188414.08933254317
63242.357794349104	193109.23951859094
47148.96792510919	159480.84720258653
125578.38942196146	72824.05092284447
180686.28852969495	89976.59197181436
61169.52590982171	159193.7330810782
26950.58098226996	126302.56316741448
15387.223007321518	145923.31621096
171986.49568788277	87580.37425042236
191901.8964105207	15465.138326578623
14529.369287502202	174944.51430111149
122259.58569310667	104644.86954775933
167020.32657781788	2791.5793632696186
124137.23017691137	133418.20381853453
106253.76174653666	109535.67145612395
3632.980424231198	185170.5536294283
146213.61045820668	85355.48088353511
59960.012143948814	179111.4944131596
156619.06287731114	15789.617318706449
167369.07203490686	26699.851772139773
190644.95557124566	21280.72270573632
123919.4832767183	33228.04311456002
45490.13165906686	122095.48253466378
128841.93817149657	118669.21367207631
186481.117706346	45642.249050251856
133677.83514422286	31853.19042050601
141004.2102223083	135842.98131832542
122294.6568005204	50179.74695502441
143199.6381443291	43175.8872901787
149878.60454694243	63166.87043112922
46521.254316222854	127523.4959740846
76310.61389756958	173338.48285193267
134838.13438749788	103696.9713548241
164009.33931805677	34449.86708190025
85313.9675452641	113370.60404005561
116540.00956071446	59502.5363196367
163305.85103315336	73274.84304747112
60980.02255560866	131023.56597388473
105172.31840193881	118201.42518827955
96881.80942469228	128810.54688208674
