-18242.0 -19519.0 
-19044.0 -18813.0 
-19044.0 -18813.0 
-18242.0 -19519.0 
-18354.0 -19489.0 
-18398.0 -19460.0 
-18754.0 -19247.0 
-18537.0 -19407.0 
-18947.0 -19030.0 
-19013.0 -18890.0 
-18884.0 -19116.0 
-18806.0 -19181.0 
-18354.0 -19489.0 
-18788.0 -19185.0 
-18981.0 -18958.0 
-19030.0 -18837.0 
-18717.0 -19268.0 
-19001.0 -18903.0 
-18472.0 -19433.0 
-18472.0 -19433.0 
-18898.0 -19065.0 
-18765.0 -19212.0 
-18577.0 -19397.0 
-18709.0 -19296.0 
-18910.0 -19042.0 
-18963.0 -18984.0 
-18436.0 -19447.0 
-18549.0 -19405.0 
-18838.0 -19156.0 
-18582.0 -19369.0 
-18681.0 -19306.0 
-18438.0 -19434.0 
-18681.0 -19306.0 
-19030.0 -18837.0 
-18765.0 -19212.0 
-18647.0 -19325.0 
-18963.0 -18984.0 
-18601.0 -19360.0 
-18903.0 -19059.0 
-18838.0 -19156.0 
-18710.0 -19270.0 
-18852.0 -19122.0 
-18856.0 -19117.0 
-19001.0 -18903.0 
-18947.0 -19030.0 
-18607.0 -19343.0 
-18641.0 -19331.0 
-18847.0 -19139.0 
-18964.0 -18964.0 
-18647.0 -19325.0 
-19007.0 -18894.0 
-18619.0 -19333.0 
-18981.0 -18958.0 
-18847.0 -19139.0 
-18898.0 -19065.0 
-18910.0 -19042.0 
-18436.0 -19447.0 
-18601.0 -19360.0 
-18582.0 -19369.0 
-18884.0 -19116.0 
-18617.0 -19337.0 
-18577.0 -19397.0 
-18969.0 -18963.0 
-18607.0 -19343.0 
-18709.0 -19296.0 
-18969.0 -18963.0 
-18617.0 -19337.0 
-18641.0 -19331.0 
-18856.0 -19117.0 
-18619.0 -19333.0 
-18710.0 -19270.0 
-18438.0 -19434.0 
-18964.0 -18964.0 
-18242.0 -19519.0 
-19044.0 -18813.0 
-18354.0 -19489.0 
-19030.0 -18837.0 
-18765.0 -19212.0 
-18963.0 -18984.0 
-18838.0 -19156.0 
-19001.0 -18903.0 
-18436.0 -19447.0 
-18582.0 -19369.0 
-18884.0 -19116.0 
-18607.0 -19343.0 
-18709.0 -19296.0 
-18969.0 -18963.0 
-18617.0 -19337.0 
-18438.0 -19434.0 
-18884.0 -19116.0 
-18617.0 -19337.0 
-19030.0 -18837.0 
-18617.0 -19337.0 
-18607.0 -19343.0 
-18617.0 -19337.0 
-18884.0 -19116.0 
-18436.0 -19447.0 
-18354.0 -19489.0 
-18354.0 -19489.0 
-18242.0 -19519.0 
