-19481.0 -20761.0 
-20220.0 -20047.0 
-20164.0 -20131.0 
-20164.0 -20131.0 
-19564.0 -20685.0 
-20213.0 -20054.0 
-20151.0 -20190.0 
-19985.0 -20402.0 
-19739.0 -20601.0 
-19649.0 -20660.0 
-19809.0 -20532.0 
-19498.0 -20740.0 
-20023.0 -20343.0 
-20213.0 -20054.0 
-19749.0 -20587.0 
-20128.0 -20220.0 
-19603.0 -20677.0 
-19987.0 -20365.0 
-20049.0 -20325.0 
-19899.0 -20450.0 
-19501.0 -20701.0 
-19619.0 -20662.0 
-19926.0 -20441.0 
-19948.0 -20404.0 
-19526.0 -20687.0 
-20142.0 -20203.0 
-19681.0 -20619.0 
-20068.0 -20260.0 
-20118.0 -20233.0 
-19703.0 -20604.0 
-19754.0 -20562.0 
-20091.0 -20253.0 
-19793.0 -20551.0 
-20056.0 -20293.0 
-20030.0 -20328.0 
-19651.0 -20628.0 
-20091.0 -20253.0 
-20118.0 -20233.0 
-19828.0 -20513.0 
-19931.0 -20424.0 
-19650.0 -20632.0 
-20002.0 -20356.0 
-19897.0 -20461.0 
-19769.0 -20554.0 
-19875.0 -20464.0 
-19828.0 -20513.0 
-19498.0 -20740.0 
-19796.0 -20540.0 
-19999.0 -20364.0 
-19603.0 -20677.0 
-20056.0 -20293.0 
-20055.0 -20304.0 
-19872.0 -20479.0 
-19856.0 -20498.0 
-19685.0 -20608.0 
-19931.0 -20424.0 
-19944.0 -20410.0 
-19944.0 -20410.0 
-19885.0 -20462.0 
-19619.0 -20662.0 
-19526.0 -20687.0 
-20075.0 -20258.0 
-19859.0 -20487.0 
-20055.0 -20304.0 
-19510.0 -20692.0 
-20002.0 -20356.0 
-19693.0 -20605.0 
-19926.0 -20441.0 
-19845.0 -20504.0 
-19839.0 -20507.0 
-20068.0 -20260.0 
-19681.0 -20619.0 
-19703.0 -20604.0 
-19765.0 -20556.0 
-20147.0 -20197.0 
-19839.0 -20507.0 
-19845.0 -20504.0 
-20075.0 -20258.0 
-19501.0 -20701.0 
-19796.0 -20540.0 
-19754.0 -20562.0 
-19865.0 -20484.0 
-19690.0 -20607.0 
-19651.0 -20628.0 
-19508.0 -20693.0 
-19765.0 -20556.0 
-20147.0 -20197.0 
-19865.0 -20484.0 
-20030.0 -20328.0 
-19856.0 -20498.0 
-19872.0 -20479.0 
-19508.0 -20693.0 
-19510.0 -20692.0 
-19769.0 -20554.0 
-19881.0 -20463.0 
-19793.0 -20551.0 
-19859.0 -20487.0 
-19948.0 -20404.0 
-19650.0 -20632.0 
-19881.0 -20463.0 
