-19664.0 -20631.0 
-19664.0 -20631.0 
-20283.0 -19946.0 
-19863.0 -20557.0 
-20282.0 -20038.0 
-19913.0 -20472.0 
-20079.0 -20328.0 
-20233.0 -20067.0 
-19904.0 -20523.0 
-19790.0 -20569.0 
-20175.0 -20164.0 
-20004.0 -20418.0 
-20056.0 -20369.0 
-19968.0 -20468.0 
-20171.0 -20217.0 
-20094.0 -20307.0 
-19775.0 -20583.0 
-20273.0 -20047.0 
-19754.0 -20609.0 
-20111.0 -20278.0 
-19974.0 -20455.0 
-19755.0 -20585.0 
-19904.0 -20523.0 
-19974.0 -20455.0 
-20025.0 -20387.0 
-20056.0 -20369.0 
-20120.0 -20246.0 
-19698.0 -20621.0 
-20153.0 -20230.0 
-20225.0 -20094.0 
-20026.0 -20385.0 
-20216.0 -20119.0 
-20006.0 -20405.0 
-20225.0 -20094.0 
-20190.0 -20149.0 
-19729.0 -20615.0 
-20097.0 -20291.0 
-20130.0 -20233.0 
-20273.0 -20047.0 
-19790.0 -20569.0 
-20198.0 -20132.0 
-19729.0 -20615.0 
-19698.0 -20621.0 
-20190.0 -20149.0 
-20111.0 -20278.0 
-20153.0 -20230.0 
-19711.0 -20620.0 
-20006.0 -20405.0 
-20207.0 -20122.0 
-19711.0 -20620.0 
-20198.0 -20132.0 
-20120.0 -20246.0 
-20171.0 -20217.0 
-20026.0 -20385.0 
-20097.0 -20291.0 
-19913.0 -20472.0 
-20128.0 -20238.0 
-20216.0 -20119.0 
-20207.0 -20122.0 
-19968.0 -20468.0 
-20128.0 -20238.0 
-19754.0 -20609.0 
-20130.0 -20233.0 
-19755.0 -20585.0 
-19904.0 -20523.0 
-19974.0 -20455.0 
-20056.0 -20369.0 
-20225.0 -20094.0 
-19790.0 -20569.0 
-19729.0 -20615.0 
-20190.0 -20149.0 
-20111.0 -20278.0 
-20198.0 -20132.0 
-20120.0 -20246.0 
-20171.0 -20217.0 
-20026.0 -20385.0 
-20097.0 -20291.0 
-19913.0 -20472.0 
-20216.0 -20119.0 
-19968.0 -20468.0 
-20128.0 -20238.0 
-19754.0 -20609.0 
-20130.0 -20233.0 
-19974.0 -20455.0 
-20198.0 -20132.0 
-19968.0 -20468.0 
-19913.0 -20472.0 
-20026.0 -20385.0 
-20111.0 -20278.0 
-19968.0 -20468.0 
-19968.0 -20468.0 
-20225.0 -20094.0 
-20120.0 -20246.0 
-19913.0 -20472.0 
-19968.0 -20468.0 
-20225.0 -20094.0 
-19968.0 -20468.0 
-20056.0 -20369.0 
-19968.0 -20468.0 
-19968.0 -20468.0 
