-18362.0 -19349.0 
-19226.0 -18477.0 
-19226.0 -18477.0 
-18362.0 -19349.0 
-19189.0 -18487.0 
-19186.0 -18603.0 
-19160.0 -18613.0 
-19069.0 -18828.0 
-18493.0 -19314.0 
-18980.0 -18924.0 
-18782.0 -19091.0 
-18830.0 -19084.0 
-18940.0 -18973.0 
-18439.0 -19319.0 
-19083.0 -18769.0 
-18886.0 -19035.0 
-19029.0 -18868.0 
-18991.0 -18872.0 
-19110.0 -18718.0 
-18400.0 -19348.0 
-18942.0 -18951.0 
-18845.0 -19036.0 
-19034.0 -18854.0 
-18921.0 -18995.0 
-19132.0 -18658.0 
-19123.0 -18678.0 
-18985.0 -18883.0 
-19132.0 -18658.0 
-18650.0 -19209.0 
-18894.0 -18998.0 
-18417.0 -19327.0 
-19069.0 -18828.0 
-18768.0 -19118.0 
-18500.0 -19297.0 
-18833.0 -19055.0 
-19083.0 -18769.0 
-19087.0 -18729.0 
-18555.0 -19271.0 
-19096.0 -18721.0 
-18779.0 -19105.0 
-18610.0 -19236.0 
-18733.0 -19130.0 
-18520.0 -19282.0 
-18710.0 -19162.0 
-18617.0 -19216.0 
-19034.0 -18854.0 
-18520.0 -19282.0 
-18660.0 -19197.0 
-18580.0 -19257.0 
-18713.0 -19156.0 
-19130.0 -18677.0 
-18955.0 -18931.0 
-18439.0 -19319.0 
-18538.0 -19272.0 
-18749.0 -19129.0 
-18615.0 -19225.0 
-18595.0 -19238.0 
-18700.0 -19176.0 
-18730.0 -19143.0 
-18893.0 -19008.0 
-18631.0 -19210.0 
-18770.0 -19113.0 
-18564.0 -19264.0 
-19086.0 -18747.0 
-18921.0 -18995.0 
-18677.0 -19186.0 
-18500.0 -19297.0 
-18660.0 -19197.0 
-19086.0 -18747.0 
-18749.0 -19129.0 
-18688.0 -19185.0 
-18892.0 -19022.0 
-18412.0 -19333.0 
-18953.0 -18933.0 
-18538.0 -19272.0 
-18580.0 -19257.0 
-18700.0 -19176.0 
-18677.0 -19186.0 
-18412.0 -19333.0 
-18592.0 -19244.0 
-18725.0 -19148.0 
-18843.0 -19043.0 
-19110.0 -18718.0 
-18564.0 -19264.0 
-18985.0 -18883.0 
-18592.0 -19244.0 
-18832.0 -19069.0 
-18832.0 -19069.0 
-18631.0 -19210.0 
-19123.0 -18678.0 
-18843.0 -19043.0 
-18892.0 -19022.0 
-18400.0 -19348.0 
-18688.0 -19185.0 
-18953.0 -18933.0 
-18725.0 -19148.0 
-18955.0 -18931.0 
-18580.0 -19257.0 
-18592.0 -19244.0 
-18953.0 -18933.0 
