-19131.0 -18654.0 
-19131.0 -18654.0 
-18331.0 -19436.0 
-18331.0 -19436.0 
-18585.0 -19333.0 
-19125.0 -18715.0 
-18663.0 -19255.0 
-18435.0 -19393.0 
-18937.0 -18995.0 
-18526.0 -19342.0 
-18981.0 -18955.0 
-18838.0 -19119.0 
-18360.0 -19408.0 
-18645.0 -19278.0 
-18389.0 -19402.0 
-19000.0 -18920.0 
-18775.0 -19174.0 
-18854.0 -19103.0 
-19102.0 -18725.0 
-18932.0 -19029.0 
-18722.0 -19235.0 
-18888.0 -19085.0 
-18693.0 -19245.0 
-19010.0 -18886.0 
-18894.0 -19066.0 
-19071.0 -18770.0 
-19027.0 -18835.0 
-19092.0 -18752.0 
-18606.0 -19317.0 
-18860.0 -19091.0 
-18497.0 -19355.0 
-19026.0 -18868.0 
-18983.0 -18933.0 
-18917.0 -19045.0 
-18746.0 -19175.0 
-18389.0 -19402.0 
-19055.0 -18806.0 
-18917.0 -19045.0 
-18965.0 -18976.0 
-18360.0 -19408.0 
-18467.0 -19357.0 
-18621.0 -19298.0 
-18635.0 -19296.0 
-18728.0 -19192.0 
-19078.0 -18755.0 
-18821.0 -19128.0 
-18606.0 -19317.0 
-18695.0 -19241.0 
-19047.0 -18825.0 
-18460.0 -19376.0 
-18790.0 -19140.0 
-18637.0 -19281.0 
-18894.0 -19066.0 
-18782.0 -19160.0 
-19054.0 -18810.0 
-18798.0 -19136.0 
-18727.0 -19213.0 
-18461.0 -19361.0 
-19020.0 -18884.0 
-18445.0 -19383.0 
-18821.0 -19128.0 
-18727.0 -19213.0 
-19000.0 -18920.0 
-18951.0 -18978.0 
-19076.0 -18768.0 
-18739.0 -19177.0 
-18782.0 -19160.0 
-18932.0 -19029.0 
-18515.0 -19345.0 
-18515.0 -19345.0 
-19102.0 -18725.0 
-18526.0 -19342.0 
-19055.0 -18806.0 
-18497.0 -19355.0 
-18965.0 -18976.0 
-19071.0 -18770.0 
-19026.0 -18868.0 
-18445.0 -19383.0 
-18949.0 -18983.0 
-18621.0 -19298.0 
-19032.0 -18833.0 
-18728.0 -19192.0 
-19125.0 -18715.0 
-18798.0 -19136.0 
-18983.0 -18933.0 
-19047.0 -18825.0 
-18949.0 -18983.0 
-19032.0 -18833.0 
-19092.0 -18752.0 
-18739.0 -19177.0 
-18888.0 -19085.0 
-18860.0 -19091.0 
-18790.0 -19140.0 
-19010.0 -18886.0 
-18722.0 -19235.0 
-18460.0 -19376.0 
-18695.0 -19241.0 
-19020.0 -18884.0 
-18467.0 -19357.0 
-19102.0 -18725.0 
