7.786609440901076E-16 0.0 12.716498252920625 
12.658439424108568 0.0 0.0 
4.5308166034958E-32 7.399385041712159E-16 12.084112818265476 
7.484461900051133E-16 12.223053871960644 0.0 
3.566561648351887E-16 6.952792899130774E-16 12.761553862952697 
0.6024838275705009 11.418421346394659 1.4843315561472976 
3.2958539920615735 10.428415253193664 3.034151091478435 
3.899444211106657 12.044386740953371 0.03888764782295026 
11.784273301253002 0.1255652130298333 2.5857257133074403 
3.628196060390146 8.215873799273258 7.095343479463337 
7.133731055345716 7.052864982738691 6.803284548263184 
3.4309107402449692 10.757593576265895 1.815434521355697 
9.095057388512878 3.8610869600862525 5.812477533840711 
4.346364788389583 6.313353387540964 9.779596259679696 
10.706871772932585 1.251670492079076 3.744796858518981 
9.809134215768841 5.982799912825658 0.22825406561331052 
5.394136396771814 5.96702763785146 9.427451759692024 
4.56318150984881 10.418840934672549 0.5453299064043088 
4.833886779144845 2.948290518278948 10.054717492376785 
11.545931795439339 0.5496746492845159 0.1957897324962183 
1.269094284830753 4.066328647244634 10.801970216603415 
7.429670179520676 6.716976642538556 5.616609595215325 
9.491907996614609 0.4354281313464248 6.41104673226146 
6.984428446218177 7.680661777743289 4.2973422621462625 
0.09620077047008883 0.10664242668518509 11.292992607376306 
7.891077388362993 8.747576945002459 1.2658161133607226 
1.8051361405518274 10.222363061233608 4.825994340744096 
10.738727089646353 1.7692109298894076 3.6014877837224057 
6.628238701236183 4.351796075736144 8.14809547135783 
2.450440606325488 8.327651342024144 7.489718358121245 
2.336484692156077 7.270537827815911 8.758626050416604 
5.770928739054388 9.892029291952438 0.3688702156009235 
1.1040803204878689 10.835823061064781 4.033881046010828 
3.970989416863372 4.242877497563834 10.767727349535082 
11.20891695456211 2.4095759192357327 1.0125390870789392 
8.298577039888427 4.524230858378242 6.2898979923679565 
4.377206687093872 2.6494398560204373 10.466715011381288 
12.246936872866511 2.03691536298132 0.0 
1.646049268712293 4.681700325323579 10.557973063668767 
10.125473284099495 5.162404569654262 2.03442309897219 
0.38097131636113385 9.570711343384664 6.019272324674043 
9.423456023655572 3.6631443098801344 4.981141776404355 
10.443472532627776 0.8618777653533215 4.95432131032217 
6.12267777251793 9.00831512440505 3.3487022432391162 
11.006263511231522 3.2018914795966156 0.6058148155814372 
12.069049204187936 2.7922952830743344 0.0 
6.352081056869106 9.285144977947313 1.2087762010101901 
2.5876704267029766 9.729376818337732 5.539350562419449 
10.993953853915633 3.101977734548081 1.0088480181235604 
0.10245608584676288 8.701951443318055 8.347554009338214 
8.930556450958518 2.4572299910485547 6.532065812089659 
5.547121949130058 6.8939693514343245 7.355675974297369 
10.089692314183171 2.9075325188173817 4.48637862199228 
6.345074067200213 4.133571706438847 8.685217002023 
0.47543866939641005 11.296844318988793 1.8481928293945098 
10.678396251994542 0.9550967523519053 3.898557310100912 
11.14370390583588 1.8563614076836963 2.405740321190222 
3.0479628659417055 11.072001635375985 0.07882711974107275 
8.245489176585085 8.152020510432537 3.5477827407142803 
0.6378421433506076 6.149247149218946 9.80859126510442 
3.5273711381725263 8.622698133800206 6.570041486370833 
5.1088733740448635 3.1938826398350133 9.88579747145842 
11.046743960085855 3.1201199405609845 0.750338089632917 
12.622490464296314 0.30995984325845183 0.22750179986626767 
1.1237312111803717 11.028683644289556 3.2202758840665635 
2.0911916710562823 6.427114027916343 9.117277032022447 
11.332695254527028 0.7256398841966495 2.24409120892681 
7.974011561340891 6.244076067233197 5.423797625704705 
0.21122872022610406 0.0 11.563709936736409 
7.3398846577228465 5.7809192065504575 6.588926004326868 
9.326033564389196 3.6649052645102764 5.128630774596728 
6.416038437862783 8.011212177249984 5.657468077084997 
8.480533616042138 4.561760189497559 6.0509287111478045 
10.244904981348254 0.06303789982053619 5.245135436860668 
6.787303727115532 5.479467577919752 7.409149863919049 
3.949874743115861 9.475500460541843 4.638836338589934 
2.862660850029871 7.462370199065569 8.027238626989764 
6.263373730480694 7.827669502659788 5.6850717715966965 
2.142814179360911 6.728303665636927 8.992944050689143 
7.003855211721321 8.753088383507372 2.233956694010935 
5.98050371444558 5.706563546312133 7.622412440542737 
8.72878261570101 7.3423448539132385 1.2264633890567664 
0.9136382823128951 5.278080202170676 10.121516839633657 
6.843744833246525 7.525954308517045 4.718163667140803 
5.571126335326503 1.5240326814737188 9.967570090276661 
5.231154548849647 0.2545773006486801 10.194675787628032 
8.047575871487226 4.914956716789526 6.650058856613713 
4.85595265148663E-16 5.391714753939006E-16 11.85009673758555 
9.181764576687879 2.07323148287444 6.638187552188168 
1.4258052176024938 11.194521441502994 2.4696018040331364 
2.7645780100638797 9.85399001955796 5.189684721187757 
6.0540963226816915 5.46923346158111 7.7439068519352166 
5.537981940575016E-16 9.044210860520396 8.223035666904282 
1.212656638494308 6.512260253693966 9.37789420578464 
10.644416307723858 0.06414868484572851 4.433014894193692 
2.971841195478964 9.922279228970119 4.868287765312735 
1.9151342601313994 6.528843985168686 9.181341711602382 
8.799017441765617 6.930137365899195 2.541830720327584 
2.5407334006033637 7.808745370511749 7.836160625750024 
7.074686450012352 4.275573671267851 7.9177138135822895 
