1.0314487869825707E-7 0.0 4.5842500528392565 
1.8010312579574704E-32 2.941307255629E-16 4.80351928029674 
2.512614578459322E-16 4.103411008314728 0.0 
5.272036656919806 8.540121168777648E-5 1.8510976507204978E-8 
4.536753310011174 0.0 0.0483836926270247 
2.9671933570844047 2.465235420716675 0.16562683360337224 
1.357763949748115 3.145419068892544 1.1880181446445937 
2.8264718948979097 0.41252299284075267 2.0250768197544944 
3.2690942376094374 0.7920392258541947 1.2608818791237106 
1.388847402756544 3.442289121021033 0.5923101933452457 
4.221110303709003 0.0 1.6996307361144236 
3.8026490651227443 0.0034949924293330974 0.8317122661641367 
2.635671385621532E-16 3.679298485047476E-20 4.304378067435286 
0.0024996377364211496 3.830515379453378 3.753397352026251E-8 
2.388901310109623 1.317392093072682 2.5688403644495987 
2.6693779215071536 1.094653987123313 2.6964781650253244 
0.5657725708710305 1.6976673847679242 3.0496364029073075 
0.2889152107252106 3.0039779617838738 2.121680484024392 
2.887381830911936 0.8173104192936541 1.838322962857175 
6.747042915157807E-8 6.216534878216287E-8 4.077498965325843 
1.874336687436703 2.6840584437640413 1.9588928848543443 
0.7731643123015727 2.681901148537305 2.2865061164449565 
3.784362714520403 1.2111474587398743 0.027401315702341 
3.0854237950728414 2.8352870825246788 0.02319816671825735 
4.0075748876386985 0.0012984009415805335 0.0 
1.8168469984315156 2.877293171256319 1.3091710064634121 
0.9815875967153764 1.632661177548951 2.996705223459278 
3.380132785981378 1.0049340997490066 0.6207396350900973 
0.017516964215349134 3.0875097505313476 2.460502252020278 
0.33172354240800533 3.636902090372506 0.02222781648095416 
1.1128196379065893 3.304890515013625 0.7080403722432865 
0.07285054023053969 0.0 4.5498764320520575 
1.6006939693005657 2.1255080717480634 2.54236654848612 
1.1871221484095125 0.3226789293907056 3.346287496629067 
2.261562828901478 0.0076380385157999815 3.191226142831705 
2.2705602571230004 2.0550827421908253 1.8760936690046404 
1.404774183737067 1.2908885007545052 2.999165082304107 
3.5336094746994138 0.1888631748680203 2.086257293152112 
1.723467020500677 0.9771913443471886 2.8868451093589993 
1.4881505386374234 2.2396648319385757 2.4991881813001595 
1.9702070406256078 2.608676716200707 1.5326742568851854 
1.2442686948218742 3.4760597636334323 0.0961567483259294 
1.7873056316644498 1.9367282694187753 2.7677661048404336 
2.8271821560246067 0.21169275904254042 2.679921435312876 
1.1291724633104818 3.508758194121818 0.09599867010306203 
4.388953700167072 7.109623631767541E-5 0.7270372167987259 
0.02129833976616075 3.7540084508781537 1.5698873668701816 
3.7130052212700697 0.13060601295546537 0.058026025444872724 
0.025616932996224345 0.019915242738599678 3.664890640125538 
3.165059101364769 0.9048830350810015 1.2296164627225519 
0.24093284832953415 2.64150434837494 2.5089190911529626 
4.6643150137944964E-9 8.449579575832205E-8 3.7611133448941785 
2.1681648179890365 1.9923907085456498 2.1052615519599778 
1.1746685590415828 3.194010944078702 1.3055038553394183 
0.873161429391953 2.3256858141978736 2.8158613958744687 
0.5265530491658112 3.676893576339445 0.0 
2.13654240564403 1.942848104680206 2.3673780891022425 
0.09301027370228222 1.682792467281635 3.0829068388499796 
3.556935585409224 0.0028889978344621195 1.6047591250224398 
2.9128696130589544 0.24943396029947706 2.072656866847347 
2.520278820969567 2.284313495290167 1.308613769896286 
2.32803150666757 1.4172847524004373 2.232757505424325 
1.1674820914587198 0.02475701402855452 3.3749166128021746 
1.4866420769508302 2.581947627376203 2.0124046534147797 
0.16233706517750043 3.3129388420342996 1.3376355951185142 
3.8790037796605814 0.022530009346942863 0.0 
3.1629567484033525 0.9042819772594533 1.233146536504628 
2.6290706596751177 1.449836744836665 2.227950640224279 
2.4910391734987254 1.496245613689673 2.0932437393420167 
1.5430350761648408 2.4848115798653723 2.0967677511977847 
3.685494228651127 1.403551197331702 0.05500457326384079 
2.0639838836194326 2.7328430915066853 1.246497224463717 
0.0793066831147017 1.7539251667759213 3.0766783242457807 
1.6785727118623734 2.3953370294593372 2.0967677511977847 
4.388953700167072 7.109623631767541E-5 0.7270372167987259 
4.921220669335082E-8 7.41430921159414E-8 3.955094648569802 
2.7650215910859774 1.6013503401928402 1.5131027924051075 
2.7730803517935643 1.829276551354403 1.24790576958654 
2.73327427238355 2.546438243725604 0.02655033103008939 
3.6199646065942335 0.10247203863986731 1.4376121566872022 
0.01541529818473833 1.839589063565282 3.0687767321639776 
0.08184581977733939 0.026757112999554977 3.5579109924379293 
0.8783742072813909 2.59413267536909 2.1620731612123283 
0.022686942993395524 0.03642697117971444 3.5089502522974327 
0.9036861272790988 2.549962711317708 2.544190572005337 
0.03587524477689564 3.648430438527429 1.413261950631867 
2.0655924082104526 0.050566047277447304 2.8290324017261987 
8.891926647325245E-5 2.066178398671939 3.2882322106698427 
3.3427496407550357 0.9938198625954762 0.6954584969932469 
0.7984194185423297 2.7631430841215594 2.1193126258774555 
3.2974307547604664 0.27740926709393315 1.551425607211071 
0.18112373899427434 3.3420618120081107 1.2876509019924607 
0.0514507528289636 3.358014487378089 1.2920530389149734 
0.13126879131889274 2.111504442800729 2.823114910871145 
1.5757712133313164 2.436226090216133 2.0799124530489848 
6.94157558030371E-8 5.327945343717014E-8 3.8891703508986937 
0.41244377009050837 1.4306576275100282 3.2518908714898878 
0.8151071538681471 1.9813264557639523 2.902207780105611 
0.061547453134812795 2.2649991599526893 2.9419911528629523 
2.891251570554218 0.010335036692602663 2.3685458227722695 
