-19554.0 -20604.0 
-20134.0 -20065.0 
-19554.0 -20604.0 
-19577.0 -20602.0 
-19796.0 -20555.0 
-20067.0 -20257.0 
-19671.0 -20582.0 
-19949.0 -20391.0 
-19813.0 -20496.0 
-20070.0 -20186.0 
-20016.0 -20314.0 
-19730.0 -20557.0 
-19866.0 -20485.0 
-19992.0 -20324.0 
-19671.0 -20582.0 
-20100.0 -20100.0 
-20099.0 -20151.0 
-19972.0 -20352.0 
-19730.0 -20557.0 
-19972.0 -20352.0 
-19909.0 -20405.0 
-20122.0 -20082.0 
-19889.0 -20455.0 
-19866.0 -20485.0 
-19889.0 -20455.0 
-20122.0 -20082.0 
-19895.0 -20418.0 
-20088.0 -20154.0 
-19813.0 -20496.0 
-19891.0 -20442.0 
-19909.0 -20405.0 
-20100.0 -20100.0 
-19796.0 -20555.0 
-20076.0 -20175.0 
-19891.0 -20442.0 
-20076.0 -20175.0 
-20083.0 -20164.0 
-20083.0 -20164.0 
-19900.0 -20411.0 
-19895.0 -20418.0 
-19900.0 -20411.0 
-20067.0 -20257.0 
-20099.0 -20151.0 
-19671.0 -20582.0 
-19730.0 -20557.0 
-19866.0 -20485.0 
-19813.0 -20496.0 
-19909.0 -20405.0 
-20100.0 -20100.0 
-19891.0 -20442.0 
-20076.0 -20175.0 
-19895.0 -20418.0 
-20067.0 -20257.0 
-20099.0 -20151.0 
-20099.0 -20151.0 
-20076.0 -20175.0 
-20076.0 -20175.0 
-20076.0 -20175.0 
-20100.0 -20100.0 
-20076.0 -20175.0 
-20076.0 -20175.0 
-20099.0 -20151.0 
-20067.0 -20257.0 
-19909.0 -20405.0 
-20100.0 -20100.0 
-20067.0 -20257.0 
-20076.0 -20175.0 
-20076.0 -20175.0 
-20067.0 -20257.0 
-20099.0 -20151.0 
-20076.0 -20175.0 
-20099.0 -20151.0 
-20099.0 -20151.0 
-20099.0 -20151.0 
-20076.0 -20175.0 
-20067.0 -20257.0 
-20100.0 -20100.0 
-20099.0 -20151.0 
-20100.0 -20100.0 
-20099.0 -20151.0 
-20099.0 -20151.0 
-20076.0 -20175.0 
-20099.0 -20151.0 
-20099.0 -20151.0 
-20099.0 -20151.0 
-20038.0 -20310.0 
-19918.0 -20402.0 
-20067.0 -20257.0 
-20099.0 -20151.0 
-19891.0 -20442.0 
-20099.0 -20151.0 
-19813.0 -20496.0 
-20076.0 -20175.0 
-20076.0 -20175.0 
-20099.0 -20151.0 
-19813.0 -20496.0 
-20083.0 -20164.0 
-20099.0 -20151.0 
-20104.0 -19996.0 
-19654.0 -20523.0 
