-19597.0 -20607.0 
-20181.0 -20099.0 
-19597.0 -20607.0 
-20181.0 -20099.0 
-20139.0 -20132.0 
-20129.0 -20200.0 
-20045.0 -20319.0 
-19996.0 -20366.0 
-20066.0 -20270.0 
-20100.0 -20230.0 
-20169.0 -20126.0 
-19957.0 -20372.0 
-19861.0 -20459.0 
-19916.0 -20443.0 
-20073.0 -20237.0 
-19868.0 -20451.0 
-19836.0 -20473.0 
-19743.0 -20552.0 
-19999.0 -20339.0 
-19934.0 -20410.0 
-20129.0 -20200.0 
-19635.0 -20594.0 
-20056.0 -20291.0 
-19800.0 -20521.0 
-19706.0 -20558.0 
-19934.0 -20410.0 
-20100.0 -20230.0 
-19898.0 -20448.0 
-20056.0 -20291.0 
-19766.0 -20543.0 
-19800.0 -20521.0 
-19836.0 -20473.0 
-19779.0 -20535.0 
-19743.0 -20552.0 
-19820.0 -20493.0 
-19816.0 -20505.0 
-19941.0 -20393.0 
-19779.0 -20535.0 
-20070.0 -20248.0 
-19820.0 -20493.0 
-19635.0 -20594.0 
-19956.0 -20391.0 
-20020.0 -20336.0 
-20020.0 -20336.0 
-20015.0 -20337.0 
-19916.0 -20443.0 
-19766.0 -20543.0 
-19816.0 -20505.0 
-19898.0 -20448.0 
-20169.0 -20126.0 
-20070.0 -20248.0 
-19693.0 -20570.0 
-19703.0 -20564.0 
-19951.0 -20392.0 
-19695.0 -20568.0 
-19996.0 -20366.0 
-19941.0 -20393.0 
-19957.0 -20372.0 
-19706.0 -20558.0 
-19705.0 -20559.0 
-19703.0 -20564.0 
-19695.0 -20568.0 
-19951.0 -20392.0 
-19999.0 -20339.0 
-19705.0 -20559.0 
-19956.0 -20391.0 
-20181.0 -20099.0 
-19597.0 -20607.0 
-19934.0 -20410.0 
-20100.0 -20230.0 
-19836.0 -20473.0 
-19743.0 -20552.0 
-20169.0 -20126.0 
-19941.0 -20393.0 
-19706.0 -20558.0 
-19999.0 -20339.0 
-19705.0 -20559.0 
-19934.0 -20410.0 
-19934.0 -20410.0 
-19836.0 -20473.0 
-19836.0 -20473.0 
-20100.0 -20230.0 
-20100.0 -20230.0 
-20100.0 -20230.0 
-19743.0 -20552.0 
-19743.0 -20552.0 
-20169.0 -20126.0 
-20181.0 -20099.0 
-19706.0 -20558.0 
-19706.0 -20558.0 
-19999.0 -20339.0 
-19692.0 -20592.0 
-19779.0 -20535.0 
-19705.0 -20559.0 
-19703.0 -20564.0 
-19793.0 -20478.0 
-20138.0 -20079.0 
-19950.0 -20246.0 
-19647.0 -20589.0 
-19647.0 -20589.0 
