0.0 55.73135053467206 
0.0 55.73139872646391 
0.0 55.733782717666884 
0.0 55.73384717943992 
0.0 55.73385335568969 
0.0 55.7343842042423 
0.0 55.73485250069632 
0.0 55.73525091259165 
0.0 55.73531746142419 
0.0 55.73535941881289 
0.0 55.73537999546943 
0.0 55.73538226445879 
0.0 55.735420038028394 
0.0 55.73542451443552 
0.0 55.73542456106429 
0.0 55.73542846186177 
0.0 55.735428610131066 
0.0 55.73542867749484 
0.0 55.735429275096806 
0.0 55.7354328814414 
0.0 55.735436646622816 
0.0 55.73543732661432 
0.0 55.735439958741665 
0.0 55.73544029594012 
0.0 55.73544183498234 
0.0 55.73544199241434 
0.0 55.735442237525035 
0.0 55.73545404178168 
0.0 55.73547888634266 
0.0 55.73549100274715 
0.0 55.73549127543032 
0.0 55.73550065609578 
0.0 55.73554886629603 
0.0 55.73555220368377 
0.0 55.73558500869234 
0.0 55.735630831436254 
0.0 55.73563467772652 
0.0 55.73564382870012 
0.0 55.73564751916115 
0.0 55.73564839376013 
0.0 55.7356490857556 
0.0 55.73566234286852 
0.0 55.73566284073843 
0.0 55.73570109405091 
0.0 55.735719016431176 
0.0 55.735724336948294 
0.0 55.735745298582515 
0.0 55.73577784374953 
0.0 55.735777856107006 
0.0 55.73578479862118 
0.0 55.73582841389958 
0.0 55.73582841389958 
0.0 55.73583526633263 
0.0 55.73584489393579 
0.0 55.73584489393579 
0.0 55.7358474427769 
0.0 55.73584840774214 
0.0 55.73585070067111 
0.0 55.73585070067111 
0.0 55.73588543924694 
0.0 55.735895369492425 
0.0 55.73590840139167 
0.0 55.73591713509535 
0.0 55.735920682410494 
0.0 55.73594111136879 
0.0 55.73594693496068 
0.0 55.73594693496068 
0.0 55.73594956629671 
0.0 55.735969956221254 
0.0 55.73598374210724 
0.0 55.735987821030164 
0.0 55.735987821030164 
0.0 55.735995065286204 
0.0 55.73599977961686 
0.0 55.73600101345511 
0.0 55.73600224647288 
0.0 55.73614589414473 
0.0 55.736430791755765 
0.0 55.737126397985094 
0.0 55.73715314545706 
0.0 55.73716793815635 
0.0 55.73717516664675 
0.0 55.73724539904714 
0.0 55.737308698545064 
0.0 55.73730872797796 
0.0 55.73732189886846 
0.0 55.73732804836732 
0.0 55.73733285791752 
0.0 55.737347431960416 
0.0 55.7373509471617 
0.0 55.737354202236816 
0.0 55.737371747424106 
0.0 55.737409139057036 
0.0 55.737409139057036 
0.0 55.737415931116345 
0.0 55.73744789292027 
0.0 55.73745606982152 
0.0 55.737457133327894 
0.0 55.7374575394893 
0.0 55.7374792273132 
