4.8736877761188115E-4 54.963657114706415 
0.0 54.97203284859188 
0.0 54.97214469466866 
0.0 54.972175511608384 
0.0 54.97415484478688 
0.0 54.974197876068956 
0.0 54.975118137089794 
0.0 54.9751682833533 
0.0 54.975170743756394 
0.0 54.975180839859206 
0.0 54.975269389278935 
0.0 54.97547243175421 
0.0 54.97586790895741 
0.0 54.97593456865894 
0.0 54.97610400572478 
0.0 54.9763992579164 
0.0 54.97677284236562 
2.435612762312237E-7 54.97753650037572 
0.0 54.977580476318906 
0.0 54.9777422597694 
2.435612762312237E-7 54.97771639304898 
0.0 54.97797801925316 
7.657075084532196E-8 54.97804507957807 
0.0 54.978282151109454 
0.0 54.97833581947407 
0.0 54.978338005402065 
0.0 54.97835624403143 
0.08205663329572277 54.978342525212454 
0.0 54.978395587416 
0.0 54.978417179605515 
0.0 54.97848039172965 
0.0 54.97851385027303 
0.0 54.97851697442428 
0.0 54.97854131088491 
0.0 54.978541372144264 
0.0 54.9785461219721 
0.0 54.9785691722455 
0.0 54.978579505708865 
0.0 54.978600954197304 
0.0 54.978604306047544 
0.0 54.97860549313344 
0.0 54.97860876255237 
0.0 54.97860893119531 
0.0 54.978610319296706 
0.0 54.97861815496128 
0.0 54.97861821165844 
0.0 54.97862112880421 
0.0 54.978676093824106 
0.0 54.97882582757961 
0.0 54.97888382186966 
0.0 54.978906314283506 
1.266849823460673E-8 54.97904363544308 
0.0 54.979057821527476 
7.657075084532196E-8 54.978970866302404 
0.0 54.979059913641436 
0.0 54.97906300406737 
0.0 54.97906300406737 
0.0 54.97907170367 
0.0 54.979072744097664 
0.0 54.979074477015445 
0.0 54.97908188167122 
0.0 54.979084679751 
0.0 54.97908487351765 
0.0 54.97908487351765 
0.0 54.97908487351765 
0.0 54.97908526483906 
0.0 54.97908640756265 
0.0 54.979096619874724 
0.0 54.97910068777048 
0.0 54.97910674942915 
0.0 54.9791499660177 
0.0 54.9791499660177 
0.0 54.979206518476985 
0.0 54.97922625456664 
0.0 54.97958001618207 
1.533376549605613E-8 54.979463351426375 
0.0 54.97975875652156 
7.242205618933985E-8 54.97964798826729 
0.0 54.97977237404996 
4.8735445636550616E-4 54.97974118766712 
7.252278065085248E-8 54.98000358527986 
1.7564894913486347E-6 54.97988037416536 
0.0 54.98001004736801 
0.0 54.98004838146397 
0.0 54.98004838146397 
0.0 54.98004838146397 
0.0 54.980193853140406 
0.0 54.98048735162547 
0.0 54.98048735162547 
8.241538727637446E-8 54.98031520407409 
4.8735445636550616E-4 54.98026529447662 
0.0 54.980525378831544 
1.7138612442811076E-6 54.98042230737269 
4.8735445636550616E-4 54.98029032666397 
0.0 54.98060177045562 
4.8735445636550616E-4 54.98051803958448 
4.67030090669467E-11 54.98065527762202 
0.0 54.98075435597315 
1.7564894913486347E-6 54.98068626972264 
0.0 54.980870386533525 
