2.047186742177965020e-04
3.525957169536049723e-04
2.079049670233804460e-04
1.885196918102140706e-04
2.117555119427990198e-04
2.044119889722208401e-04
3.925439175444789524e-04
2.032258031238268214e-04
2.043933863653647840e-04
1.998572704317891390e-04
2.040395003407569335e-04
1.887980289706892956e-04
3.370033332962814147e-04
1.988338026717245634e-04
1.986580158121116241e-04
2.065165155173378966e-04
3.495198493568175838e-04
1.881321288779676042e-04
1.912199040323548217e-04
1.866861232644602517e-04
1.934511324714012547e-04
2.008390698866472973e-04
1.946163211676943221e-04
1.903827343397740553e-04
2.026726711857283476e-04
1.824735448199341482e-04
2.039765716541327219e-04
1.894038355870013540e-04
4.842140427067922678e-04
1.990319277614224953e-04
3.330372703541554613e-04
