4.717222521031480846e-04
3.903394204832016066e-04
3.835946820420419443e-04
3.554316595623803173e-04
5.610876080655175782e-04
3.576615573753393540e-04
3.519620290503754838e-04
3.649533526034937666e-04
2.929068041141812779e-04
4.706588328209568295e-04
4.448294601716998374e-04
3.932725549941704242e-04
2.874095014085687708e-04
3.755181870201310221e-04
4.530380178123524586e-04
4.515338118809342281e-04
3.884169838070030290e-04
3.638485671620637365e-04
4.244862867316975905e-04
5.347701328999287509e-04
3.988860561875834918e-04
3.624514282692078743e-04
3.934264621940765198e-04
3.799191597655166182e-04
2.439903759399681749e-04
3.066770681893066230e-04
4.129451165384361391e-04
4.264385466771654083e-04
5.753000515941907771e-04
3.452941409381154038e-04
3.542413053914992378e-04
