-19209.0 -18483.0 
-19209.0 -18483.0 
-18433.0 -19320.0 
-18433.0 -19320.0 
-19068.0 -18789.0 
-19155.0 -18569.0 
-19151.0 -18642.0 
-19079.0 -18736.0 
-19031.0 -18792.0 
-18787.0 -19126.0 
-18569.0 -19250.0 
-18759.0 -19142.0 
-18996.0 -18891.0 
-18625.0 -19221.0 
-18723.0 -19148.0 
-18533.0 -19266.0 
-18569.0 -19250.0 
-18605.0 -19241.0 
-19007.0 -18854.0 
-19178.0 -18535.0 
-18914.0 -18974.0 
-19168.0 -18541.0 
-19200.0 -18500.0 
-18681.0 -19184.0 
-18454.0 -19319.0 
-19162.0 -18563.0 
-18956.0 -18919.0 
-18619.0 -19233.0 
-18533.0 -19266.0 
-19200.0 -18500.0 
-18709.0 -19172.0 
-18839.0 -19092.0 
-19030.0 -18813.0 
-19149.0 -18657.0 
-18480.0 -19273.0 
-19091.0 -18720.0 
-18948.0 -18948.0 
-18503.0 -19268.0 
-18796.0 -19112.0 
-18759.0 -19142.0 
-19007.0 -18854.0 
-19091.0 -18720.0 
-18866.0 -19043.0 
-18886.0 -19026.0 
-18457.0 -19303.0 
-18715.0 -19162.0 
-18924.0 -18970.0 
-19021.0 -18821.0 
-18903.0 -18993.0 
-18681.0 -19184.0 
-18851.0 -19066.0 
-18661.0 -19208.0 
-18460.0 -19291.0 
-18896.0 -19013.0 
-18470.0 -19286.0 
-18924.0 -18970.0 
-19178.0 -18535.0 
-18811.0 -19105.0 
-18663.0 -19198.0 
-19109.0 -18694.0 
-19016.0 -18830.0 
-19109.0 -18694.0 
-19079.0 -18736.0 
-18886.0 -19026.0 
-18866.0 -19043.0 
-18972.0 -18916.0 
-19132.0 -18661.0 
-18503.0 -19268.0 
-18903.0 -18993.0 
-18948.0 -18948.0 
-18646.0 -19211.0 
-18646.0 -19211.0 
-18981.0 -18894.0 
-18975.0 -18912.0 
-18977.0 -18896.0 
-19111.0 -18684.0 
-18605.0 -19241.0 
-18478.0 -19280.0 
-18792.0 -19121.0 
-18851.0 -19066.0 
-19112.0 -18673.0 
-18722.0 -19152.0 
-18815.0 -19103.0 
-18952.0 -18936.0 
-18856.0 -19056.0 
-18896.0 -19013.0 
-18839.0 -19092.0 
-19151.0 -18642.0 
-18826.0 -19099.0 
-19016.0 -18830.0 
-18709.0 -19172.0 
-18856.0 -19056.0 
-18826.0 -19099.0 
-19132.0 -18661.0 
-19119.0 -18670.0 
-19119.0 -18670.0 
-18952.0 -18936.0 
-18663.0 -19198.0 
-19068.0 -18789.0 
-18996.0 -18891.0 
