-19060.0 -18826.0 
-19060.0 -18826.0 
-18440.0 -19371.0 
-18440.0 -19371.0 
-19027.0 -18869.0 
-18973.0 -18964.0 
-18976.0 -18911.0 
-18496.0 -19341.0 
-18538.0 -19329.0 
-18998.0 -18874.0 
-18904.0 -19039.0 
-18642.0 -19265.0 
-18691.0 -19234.0 
-18851.0 -19096.0 
-18871.0 -19067.0 
-18951.0 -18972.0 
-18441.0 -19363.0 
-18875.0 -19050.0 
-18496.0 -19341.0 
-18748.0 -19188.0 
-18871.0 -19067.0 
-18925.0 -19005.0 
-18984.0 -18891.0 
-18937.0 -18987.0 
-18725.0 -19189.0 
-18650.0 -19246.0 
-18769.0 -19158.0 
-18905.0 -19021.0 
-18666.0 -19238.0 
-18471.0 -19352.0 
-18570.0 -19292.0 
-18844.0 -19099.0 
-18937.0 -18987.0 
-18463.0 -19357.0 
-18712.0 -19211.0 
-18623.0 -19274.0 
-18976.0 -18911.0 
-18925.0 -19005.0 
-18563.0 -19309.0 
-18661.0 -19243.0 
-18701.0 -19226.0 
-18713.0 -19199.0 
-18776.0 -19144.0 
-18851.0 -19096.0 
-18761.0 -19159.0 
-18951.0 -18972.0 
-18827.0 -19101.0 
-18800.0 -19116.0 
-18599.0 -19284.0 
-18623.0 -19274.0 
-18996.0 -18882.0 
-18471.0 -19352.0 
-18612.0 -19280.0 
-18910.0 -19017.0 
-18887.0 -19047.0 
-18749.0 -19177.0 
-18695.0 -19228.0 
-18812.0 -19112.0 
-18599.0 -19284.0 
-18910.0 -19017.0 
-18642.0 -19265.0 
-18984.0 -18891.0 
-18582.0 -19289.0 
-18540.0 -19323.0 
-18557.0 -19316.0 
-18706.0 -19216.0 
-18756.0 -19167.0 
-18756.0 -19167.0 
-18818.0 -19106.0 
-18582.0 -19289.0 
-18538.0 -19329.0 
-18612.0 -19280.0 
-18572.0 -19290.0 
-18890.0 -19046.0 
-18563.0 -19309.0 
-18463.0 -19357.0 
-18784.0 -19140.0 
-18720.0 -19197.0 
-18792.0 -19128.0 
-18724.0 -19196.0 
-18547.0 -19321.0 
-18749.0 -19177.0 
-18547.0 -19321.0 
-18996.0 -18882.0 
-18973.0 -18964.0 
-18789.0 -19134.0 
-18557.0 -19316.0 
-18818.0 -19106.0 
-18800.0 -19116.0 
-18776.0 -19144.0 
-18650.0 -19246.0 
-18827.0 -19101.0 
-18793.0 -19125.0 
-18890.0 -19046.0 
-18706.0 -19216.0 
-18812.0 -19112.0 
-18793.0 -19125.0 
-18789.0 -19134.0 
-18784.0 -19140.0 
-18666.0 -19238.0 
