1.2788071206199422E9	4.712736029614606E10
7.693023230043212E8	4.499172660669541E10
1.4511122583124342E10	2.7040661242408096E10
2.9865686828728817E10	6.42471991253864E9
1.1625933594474426E10	3.941596482266845E10
2.5917109770020798E10	9.454704576418646E9
1.783678538669349E10	2.933346734609259E10
4.070545736966878E10	8.327946777070727E9
7.828813843476638E9	2.237593239075027E10
1.2650147116485008E10	3.4625482572458725E10
1.8962164395001476E10	1.6724685429888731E10
4.1583052501379616E10	4.234048243103828E7
1.4755965344724808E10	2.343511336634944E10
4.384798983036965E10	2.4909763062953117E10
1.6594963718745787E10	3.339340399390451E10
3.7893704460563474E9	4.147189756128155E10
1.8652914226206413E10	3.5258789770635185E10
2.4540804990139866E10	2.8983695036934994E10
2.7592464520374798E10	1.945298445213988E10
4.871925106097004E10	5.638293806115529E9
2.169392425665075E10	2.649408628990734E10
2.0995698057871E10	3.754533556464556E10
3.050565931011435E10	3.131614414526899E10
2.460159022508904E10	2.8537635464117058E10
3.9016754239675606E10	6.49953092359821E9
3.8387288859129845E10	2.369136948351199E10
3.837847162454596E8	3.82344428906973E10
1.6578984749984404E10	2.61922303015488E10
4.192768509877947E10	9.874872632966501E9
2.0778322781832844E10	3.111478526406303E10
1.0110523808096405E10	3.440324242937273E10
1.6479752826422812E10	2.7255872447959244E10
1.9087763594823856E10	2.7854438626351383E10
6.049856083410152E9	3.0806141823515244E10
2.250049921088243E8	4.484211135846351E10
2.4179938879654007E10	3.4099884913266525E10
9.987816813013033E9	3.2249880307570324E10
2.3944155479514637E10	1.4157513684706678E10
3.3586156986098457E10	2.699048109855547E10
1.9134813906510063E10	3.2591016504157276E10
3.3306789034678383E10	2.941961887577102E9
3.016746263851262E10	3.8677159226636047E9
1.332274714125743E10	4.157786966446066E10
3.687126515173783E10	7.611225412747403E8
2.342755977045375E10	2.7398265310111877E10
2.9586124024314995E10	1.4786650557945333E9
1.9629905192337048E10	4.579896556704229E10
2.934667378631064E10	3.656727846256475E10
4.548261875101965E10	4.243506705858535E10
3.867071524648339E10	1.6945289161229334E10
2.1745888617403717E10	1.3293085625374134E10
1.7773612695464494E9	4.442127172091423E10
9.688477981233044E9	3.2810719633629906E10
2.728782069340687E10	2.71739257856133E10
1.9229585011403E10	3.093687694191207E10
4.795572099688794E9	2.9193483413524574E10
2.4898501162560963E10	2.4506910967256027E10
1.6334469152551653E10	3.208965418959185E10
2.4956905885550774E10	3.1282701851453587E10
1.774856344471023E10	5.67921925108587E10
1.9962863987042633E10	3.04971982868089E10
2.801663091384035E10	2.3643632206864357E10
3.635161991790669E10	2.246684327082411E9
3.3976170403601368E10	2.888023067296749E9
2.527277373418457E10	3.262408836943323E10
3.206179406891234E10	2.3207529468810516E10
1.734655496273771E10	3.3633786516224567E10
3.758045918246191E10	1.6620107976393005E10
2.67894558956098E10	2.568237082459237E10
2.788726747574838E10	1.5874957288376646E10
9.118550670038826E9	3.813406677085487E10
2.5071715174471947E10	9.122338629202515E9
2.111647400215089E10	2.138398994744604E10
2.010416671840616E10	2.4878948017530426E10
4.2631759700149475E10	1.4620159683179085E10
7.976786196953695E9	2.96413840695931E10
2.9068950105033924E10	3.0571480106143593E10
3.569610190805496E10	2.761694889927755E10
5.916164326094643E8	3.248134761182869E10
4.069115735911487E10	1.0234001390468777E10
2.0671964513861153E10	3.2648823345040478E10
3.1449511400093136E10	1.1634323959016897E10
2.0575097288481213E10	3.869495839407631E10
3.904898973580938E10	6.990304463196199E9
3.878518738954562E10	8.720283011588846E9
1.834633981923252E10	1.919282652629308E10
1.86050047581156E10	3.7008424656116356E10
3.1466974427841003E10	2.9124172353064056E10
3.2703030772964165E10	2.3518222630107155E10
3.320302822336217E10	8.873976381814625E9
5.598487784988444E9	2.92011872505364E10
2.9284000205088024E9	3.675557563110778E10
9.396057902581732E9	2.725418537395978E10
2.1183971977057087E10	2.4888196529874153E10
2.5529353173948868E10	3.4107509045090103E10
1.6718319147237267E9	3.3209685587384136E10
3.791580103801115E10	2.694094175722772E10
2.589091261982356E10	1.0233299334145966E10
3.939748011117642E10	1.2888769111911089E10
4.322368804896384E10	1.933247302004362E10
