-20862.0 -22627.0 
-21869.0 -21726.0 
-20862.0 -22627.0 
-21869.0 -21726.0 
-21865.0 -21751.0 
-21482.0 -22265.0 
-21593.0 -22170.0 
-21596.0 -22127.0 
-21845.0 -21799.0 
-21190.0 -22481.0 
-21751.0 -21883.0 
-21651.0 -22077.0 
-21383.0 -22342.0 
-21177.0 -22508.0 
-21822.0 -21804.0 
-21142.0 -22516.0 
-21551.0 -22182.0 
-21497.0 -22221.0 
-21009.0 -22593.0 
-21045.0 -22585.0 
-21399.0 -22315.0 
-21799.0 -21873.0 
-20960.0 -22599.0 
-21654.0 -22041.0 
-21363.0 -22344.0 
-21506.0 -22212.0 
-21093.0 -22557.0 
-21135.0 -22541.0 
-21818.0 -21833.0 
-21611.0 -22085.0 
-21689.0 -22004.0 
-21818.0 -21833.0 
-21704.0 -21973.0 
-21744.0 -21911.0 
-21215.0 -22480.0 
-21342.0 -22374.0 
-21288.0 -22429.0 
-21417.0 -22298.0 
-21453.0 -22266.0 
-21071.0 -22566.0 
-21717.0 -21955.0 
-21262.0 -22434.0 
-21009.0 -22593.0 
-21788.0 -21878.0 
-21740.0 -21941.0 
-21689.0 -22004.0 
-21093.0 -22557.0 
-20892.0 -22619.0 
-20877.0 -22626.0 
-21749.0 -21905.0 
-21325.0 -22380.0 
-21741.0 -21940.0 
-21403.0 -22309.0 
-21543.0 -22201.0 
-20907.0 -22618.0 
-21071.0 -22566.0 
-21603.0 -22102.0 
-21421.0 -22284.0 
-21704.0 -21973.0 
-21045.0 -22585.0 
-21139.0 -22532.0 
-21665.0 -22040.0 
-20932.0 -22612.0 
-21673.0 -22027.0 
-20923.0 -22614.0 
-21228.0 -22473.0 
-21673.0 -22027.0 
-21628.0 -22079.0 
-21547.0 -22186.0 
-21717.0 -21955.0 
-21431.0 -22279.0 
-21350.0 -22361.0 
-21313.0 -22399.0 
-21350.0 -22361.0 
-21528.0 -22202.0 
-21603.0 -22102.0 
-21245.0 -22449.0 
-21845.0 -21799.0 
-21497.0 -22221.0 
-21799.0 -21873.0 
-21431.0 -22279.0 
-21313.0 -22399.0 
-21453.0 -22266.0 
-21528.0 -22202.0 
-21240.0 -22457.0 
-21288.0 -22429.0 
-21262.0 -22434.0 
-21305.0 -22411.0 
-21177.0 -22508.0 
-21135.0 -22541.0 
-21245.0 -22449.0 
-20947.0 -22605.0 
-21307.0 -22409.0 
-21240.0 -22457.0 
-20947.0 -22605.0 
-21228.0 -22473.0 
-20960.0 -22599.0 
-21305.0 -22411.0 
-21628.0 -22079.0 
-21325.0 -22380.0 
