-21097.0 -22345.0 
-21925.0 -21721.0 
-21097.0 -22345.0 
-21277.0 -22334.0 
-21158.0 -22340.0 
-21898.0 -21725.0 
-21894.0 -21777.0 
-21853.0 -21820.0 
-21833.0 -21868.0 
-21158.0 -22340.0 
-21694.0 -22051.0 
-21498.0 -22215.0 
-21448.0 -22228.0 
-21595.0 -22118.0 
-21371.0 -22286.0 
-21575.0 -22159.0 
-21869.0 -21802.0 
-21869.0 -21802.0 
-21765.0 -21949.0 
-21590.0 -22142.0 
-21769.0 -21932.0 
-21622.0 -22111.0 
-21666.0 -22054.0 
-21853.0 -21820.0 
-21654.0 -22080.0 
-21793.0 -21920.0 
-21703.0 -22031.0 
-21717.0 -22018.0 
-21281.0 -22311.0 
-21401.0 -22250.0 
-21547.0 -22163.0 
-21658.0 -22057.0 
-21334.0 -22290.0 
-21724.0 -21998.0 
-21833.0 -21868.0 
-21894.0 -21777.0 
-21817.0 -21881.0 
-21435.0 -22237.0 
-21724.0 -21998.0 
-21448.0 -22228.0 
-21638.0 -22097.0 
-21735.0 -21980.0 
-21748.0 -21953.0 
-21416.0 -22247.0 
-21796.0 -21907.0 
-21590.0 -22142.0 
-21801.0 -21883.0 
-21799.0 -21888.0 
-21386.0 -22269.0 
-21435.0 -22237.0 
-21703.0 -22031.0 
-21499.0 -22206.0 
-21735.0 -21980.0 
-21622.0 -22111.0 
-21642.0 -22087.0 
-21291.0 -22305.0 
-21717.0 -22018.0 
-21416.0 -22247.0 
-21638.0 -22097.0 
-21532.0 -22180.0 
-21537.0 -22171.0 
-21386.0 -22269.0 
-21740.0 -21969.0 
-21740.0 -21969.0 
-21513.0 -22198.0 
-21575.0 -22159.0 
-21796.0 -21907.0 
-21528.0 -22181.0 
-21769.0 -21932.0 
-21515.0 -22193.0 
-21384.0 -22274.0 
-21291.0 -22305.0 
-21401.0 -22250.0 
-21793.0 -21920.0 
-21817.0 -21881.0 
-21308.0 -22298.0 
-21371.0 -22286.0 
-21498.0 -22215.0 
-21515.0 -22193.0 
-21384.0 -22274.0 
-21747.0 -21957.0 
-21326.0 -22291.0 
-21537.0 -22171.0 
-21547.0 -22163.0 
-21308.0 -22298.0 
-21528.0 -22181.0 
-21595.0 -22118.0 
-21314.0 -22297.0 
-21314.0 -22297.0 
-21326.0 -22291.0 
-21334.0 -22290.0 
-21642.0 -22087.0 
-21654.0 -22080.0 
-21513.0 -22198.0 
-21747.0 -21957.0 
-21281.0 -22311.0 
-21499.0 -22206.0 
-21799.0 -21888.0 
-21898.0 -21725.0 
-21658.0 -22057.0 
