1.373261082513248E-8 207.73809489640644 
209.19253299762954 5.701814422311822E-13 
1.373261082513248E-8 207.73809489640644 
0.39473295468146546 206.71203081367065 
34.3485698596681 205.77697605219512 
206.8496445659271 6.729078277982535 
181.03704938964387 97.83427089477958 
205.33766751182864 27.536280501730705 
186.50600987755226 85.4503633604397 
58.78252871656679 199.38202012067094 
97.89412265389666 181.85763311545747 
202.35196292157187 43.47710328750702 
199.43908901689463 56.04025773005685 
88.47689724536302 186.25432162903644 
194.0480895618929 65.66353851201637 
47.154931515118825 199.6560725307484 
106.53862849204673 177.03220664856983 
170.72079913614465 113.17761545872831 
190.53442268951872 80.12914731964663 
155.26439389588998 135.97991513482108 
192.8127320157513 75.0018103236578 
178.9828179555901 104.49908955814686 
203.7819518408495 34.002025743497796 
74.70033745414418 194.81819700262386 
159.86353718324654 132.9790407865932 
39.3869180350921 202.51136589996668 
201.38044361719284 48.259470061061506 
65.05423106671732 197.66567371919479 
198.0473891797339 60.744231581546224 
111.08534886476093 174.22857574606326 
130.2853749360275 160.8095406228504 
142.682999175795 147.4709403296173 
122.58727713088379 165.37524788087043 
147.01523020422744 146.14790308149165 
85.50726939978651 189.44761513126585 
81.212873101755 190.47204308942463 
127.0659239060599 163.74412758478704 
168.47613192601406 120.67559123376196 
142.52695695295918 151.05185594933323 
45.946007617859806 201.9095051300544 
66.95915623598827 197.31520919620965 
163.50588892240916 125.40102908958025 
205.29555234096324 29.93589843554234 
133.2203593080808 158.1068346062729 
137.2426916799224 155.87739908249353 
154.27992285233603 139.68111697782356 
163.1972405576491 128.96479979001916 
149.9302981010325 141.78068118471518 
149.23013472384034 144.84511786544007 
37.134124488514814 203.5516475852813 
206.8620622646004 1.974049869379706 
152.05611676721205 140.26099741750565 
192.8127320157513 75.0018103236578 
127.30160529321248 161.60364759939773 
75.61511521568488 192.6620242568981 
177.88725682256256 106.15652145438992 
201.49593321538208 47.77786420733897 
139.2688801756672 152.81857354236845 
189.28780572410713 84.15072155551017 
203.7819518408495 34.002025743497796 
120.98039798956827 166.988366138568 
117.83828742171643 170.77167555860194 
195.6485640735353 62.99235985920955 
173.18631818520538 112.13845964516942 
101.9286680203117 179.37214141410277 
139.46546385106961 152.43976416853906 
35.21545137324197 205.53325576922845 
116.40845173280523 171.38436445779837 
100.67276696965989 181.07549600072915 
86.6495396315715 187.00576250641043 
176.34991601195597 107.66182626764746 
114.04572668077175 171.99565056975888 
166.3736609157951 124.10590353514371 
118.98957743486847 168.4819753401135 
196.5219325139337 62.866482019632336 
78.47855293468018 192.0977588018732 
161.51322407528212 130.82235837452376 
168.47613192601406 120.67559123376196 
66.95915623598827 197.31520919620965 
78.53800070412701 191.0039800805289 
173.97832659842115 111.27678041948349 
207.45449811142257 0.41900845442174767 
174.9911025388834 109.59422906264504 
189.05283564607547 84.28733336994159 
135.17390019567262 156.64601684930875 
160.97574200692355 131.25641232584366 
167.51921706595894 122.85616873691525 
120.1863195615287 168.47182737026594 
46.745508146091 201.76412666738906 
134.64853275220133 157.2311979512608 
101.9286680203117 179.37214141410277 
175.89268507341518 108.93618660784618 
74.81579199747534 194.38004092054626 
100.92947796775398 179.88635916349878 
113.35236920167247 173.0570827853751 
112.51147245043738 173.56395089278286 
87.46262192020377 186.47950117250662 
167.1006977667485 122.95196315046103 
166.49144518315234 123.72528507956544 
112.65129660437987 173.2090360664063 
