-18593.0 -19289.0 
-19163.0 -18683.0 
-19163.0 -18683.0 
-18593.0 -19289.0 
-18654.0 -19255.0 
-19147.0 -18706.0 
-19130.0 -18746.0 
-18743.0 -19208.0 
-18685.0 -19210.0 
-19098.0 -18847.0 
-18833.0 -19129.0 
-19007.0 -18961.0 
-18821.0 -19148.0 
-19127.0 -18776.0 
-18793.0 -19166.0 
-18663.0 -19234.0 
-19022.0 -18948.0 
-19061.0 -18909.0 
-18793.0 -19166.0 
-19111.0 -18809.0 
-18979.0 -18991.0 
-18750.0 -19190.0 
-19036.0 -18920.0 
-18770.0 -19182.0 
-18937.0 -19040.0 
-18991.0 -18969.0 
-19068.0 -18883.0 
-19076.0 -18869.0 
-19111.0 -18809.0 
-18770.0 -19182.0 
-18939.0 -19022.0 
-18920.0 -19055.0 
-18821.0 -19148.0 
-18959.0 -19000.0 
-18882.0 -19085.0 
-19022.0 -18948.0 
-19116.0 -18777.0 
-18920.0 -19055.0 
-19076.0 -18869.0 
-18985.0 -18988.0 
-18882.0 -19085.0 
-19094.0 -18851.0 
-18868.0 -19093.0 
-19094.0 -18851.0 
-18682.0 -19221.0 
-19068.0 -18883.0 
-19114.0 -18790.0 
-18849.0 -19106.0 
-18861.0 -19101.0 
-18897.0 -19071.0 
-18844.0 -19114.0 
-18844.0 -19114.0 
-19045.0 -18919.0 
-18909.0 -19068.0 
-19045.0 -18919.0 
-18897.0 -19071.0 
-18672.0 -19229.0 
-19061.0 -18909.0 
-18937.0 -19040.0 
-18952.0 -19012.0 
-19114.0 -18790.0 
-19036.0 -18920.0 
-18672.0 -19229.0 
-18868.0 -19093.0 
-18750.0 -19190.0 
-18959.0 -19000.0 
-18991.0 -18969.0 
-18909.0 -19068.0 
-18861.0 -19101.0 
-18939.0 -19022.0 
-18682.0 -19221.0 
-18952.0 -19012.0 
-18849.0 -19106.0 
-18953.0 -19009.0 
-18743.0 -19208.0 
-18985.0 -18988.0 
-18953.0 -19009.0 
-18903.0 -19069.0 
-18903.0 -19069.0 
-18685.0 -19210.0 
-19163.0 -18683.0 
-18593.0 -19289.0 
-19111.0 -18809.0 
-19094.0 -18851.0 
-18844.0 -19114.0 
-19045.0 -18919.0 
-18897.0 -19071.0 
-18937.0 -19040.0 
-18672.0 -19229.0 
-18750.0 -19190.0 
-18959.0 -19000.0 
-18991.0 -18969.0 
-18952.0 -19012.0 
-18985.0 -18988.0 
-18685.0 -19210.0 
-18897.0 -19071.0 
-18991.0 -18969.0 
-18897.0 -19071.0 
-19111.0 -18809.0 
-18937.0 -19040.0 
