-18422.0 -19360.0 
-19151.0 -18550.0 
-19151.0 -18550.0 
-18915.0 -19005.0 
-19118.0 -18763.0 
-19035.0 -18844.0 
-19130.0 -18679.0 
-19149.0 -18600.0 
-19082.0 -18806.0 
-18971.0 -18951.0 
-19148.0 -18617.0 
-19082.0 -18806.0 
-19065.0 -18831.0 
-19130.0 -18679.0 
-18894.0 -19040.0 
-18974.0 -18923.0 
-19121.0 -18717.0 
-18704.0 -19202.0 
-18595.0 -19263.0 
-19018.0 -18888.0 
-18764.0 -19156.0 
-18670.0 -19211.0 
-18921.0 -18979.0 
-18845.0 -19057.0 
-18656.0 -19242.0 
-18775.0 -19127.0 
-18864.0 -19043.0 
-18615.0 -19257.0 
-19118.0 -18763.0 
-18836.0 -19102.0 
-19121.0 -18717.0 
-19018.0 -18888.0 
-18943.0 -18952.0 
-18550.0 -19294.0 
-18744.0 -19163.0 
-19148.0 -18617.0 
-18450.0 -19329.0 
-18813.0 -19107.0 
-18430.0 -19348.0 
-19011.0 -18910.0 
-18629.0 -19254.0 
-18495.0 -19310.0 
-19065.0 -18831.0 
-19035.0 -18844.0 
-18840.0 -19084.0 
-19000.0 -18912.0 
-18535.0 -19300.0 
-18569.0 -19272.0 
-18513.0 -19305.0 
-18430.0 -19348.0 
-18629.0 -19254.0 
-18550.0 -19294.0 
-18569.0 -19272.0 
-18576.0 -19266.0 
-18668.0 -19224.0 
-18744.0 -19163.0 
-18479.0 -19321.0 
-18894.0 -19040.0 
-18656.0 -19242.0 
-18450.0 -19329.0 
-18513.0 -19305.0 
-18792.0 -19122.0 
-18840.0 -19084.0 
-18704.0 -19202.0 
-19000.0 -18912.0 
-18874.0 -19042.0 
-18727.0 -19178.0 
-18798.0 -19116.0 
-18535.0 -19300.0 
-18727.0 -19178.0 
-18813.0 -19107.0 
-18464.0 -19326.0 
-18717.0 -19186.0 
-18668.0 -19224.0 
-18926.0 -18967.0 
-18464.0 -19326.0 
-18845.0 -19057.0 
-18764.0 -19156.0 
-18717.0 -19186.0 
-18933.0 -18960.0 
-18479.0 -19321.0 
-18775.0 -19127.0 
-18933.0 -18960.0 
-18798.0 -19116.0 
-18490.0 -19312.0 
-18974.0 -18923.0 
-18490.0 -19312.0 
-18874.0 -19042.0 
-18926.0 -18967.0 
-18943.0 -18952.0 
-18792.0 -19122.0 
-18670.0 -19211.0 
-18576.0 -19266.0 
-18721.0 -19182.0 
-19011.0 -18910.0 
-18836.0 -19102.0 
-18721.0 -19182.0 
-19035.0 -18844.0 
-18430.0 -19348.0 
-18479.0 -19321.0 
