-18558.0 -19283.0 
-19288.0 -18485.0 
-18781.0 -19155.0 
-18736.0 -19203.0 
-19285.0 -18543.0 
-18674.0 -19226.0 
-19127.0 -18834.0 
-18736.0 -19203.0 
-18620.0 -19230.0 
-18674.0 -19226.0 
-18602.0 -19264.0 
-19097.0 -18848.0 
-18982.0 -18976.0 
-19173.0 -18699.0 
-19128.0 -18793.0 
-19060.0 -18868.0 
-19171.0 -18745.0 
-19140.0 -18791.0 
-18795.0 -19135.0 
-19157.0 -18754.0 
-18858.0 -19090.0 
-19090.0 -18859.0 
-18822.0 -19118.0 
-18864.0 -19058.0 
-18993.0 -18953.0 
-19194.0 -18656.0 
-18603.0 -19243.0 
-18914.0 -19039.0 
-19228.0 -18616.0 
-19237.0 -18589.0 
-19010.0 -18949.0 
-19262.0 -18569.0 
-18867.0 -19057.0 
-18795.0 -19135.0 
-19262.0 -18569.0 
-19228.0 -18616.0 
-19058.0 -18888.0 
-18944.0 -18994.0 
-18933.0 -19015.0 
-19218.0 -18637.0 
-19186.0 -18680.0 
-19285.0 -18543.0 
-18889.0 -19053.0 
-18914.0 -19039.0 
-18901.0 -19047.0 
-19026.0 -18914.0 
-19028.0 -18900.0 
-18822.0 -19118.0 
-18855.0 -19092.0 
-19021.0 -18920.0 
-18933.0 -19015.0 
-18839.0 -19096.0 
-19020.0 -18934.0 
-19165.0 -18753.0 
-19210.0 -18643.0 
-18831.0 -19104.0 
-18620.0 -19230.0 
-18968.0 -18991.0 
-18939.0 -19005.0 
-19210.0 -18643.0 
-19194.0 -18656.0 
-19257.0 -18577.0 
-19140.0 -18791.0 
-18969.0 -18985.0 
-18602.0 -19264.0 
-19157.0 -18754.0 
-19245.0 -18583.0 
-18831.0 -19104.0 
-19218.0 -18637.0 
-19090.0 -18859.0 
-18935.0 -19006.0 
-19020.0 -18934.0 
-18993.0 -18953.0 
-19237.0 -18589.0 
-18956.0 -18993.0 
-19127.0 -18834.0 
-19010.0 -18949.0 
-19186.0 -18680.0 
-19245.0 -18583.0 
-18956.0 -18993.0 
-18603.0 -19243.0 
-19045.0 -18896.0 
-19181.0 -18686.0 
-19037.0 -18899.0 
-18839.0 -19096.0 
-19181.0 -18686.0 
-19045.0 -18896.0 
-19053.0 -18891.0 
-18889.0 -19053.0 
-19175.0 -18694.0 
-19257.0 -18577.0 
-19060.0 -18868.0 
-19053.0 -18891.0 
-18896.0 -19048.0 
-19171.0 -18745.0 
-19175.0 -18694.0 
-18969.0 -18985.0 
-19037.0 -18899.0 
-18896.0 -19048.0 
-19128.0 -18793.0 
