-18333.0 -19514.0 
-19051.0 -18737.0 
-19051.0 -18737.0 
-18333.0 -19514.0 
-18968.0 -18986.0 
-19017.0 -18929.0 
-18436.0 -19466.0 
-19035.0 -18805.0 
-19018.0 -18852.0 
-18978.0 -18950.0 
-18711.0 -19293.0 
-19035.0 -18805.0 
-19007.0 -18940.0 
-18824.0 -19174.0 
-18914.0 -19063.0 
-18624.0 -19375.0 
-18501.0 -19443.0 
-18626.0 -19354.0 
-18824.0 -19174.0 
-18401.0 -19489.0 
-18665.0 -19328.0 
-18457.0 -19455.0 
-18728.0 -19244.0 
-18588.0 -19382.0 
-18798.0 -19207.0 
-18926.0 -18996.0 
-18887.0 -19096.0 
-18711.0 -19293.0 
-18724.0 -19279.0 
-18371.0 -19496.0 
-19019.0 -18851.0 
-18871.0 -19116.0 
-18401.0 -19489.0 
-18919.0 -19020.0 
-18897.0 -19077.0 
-18535.0 -19413.0 
-18660.0 -19333.0 
-18746.0 -19243.0 
-18665.0 -19328.0 
-18532.0 -19423.0 
-18845.0 -19139.0 
-18751.0 -19221.0 
-18558.0 -19409.0 
-18871.0 -19116.0 
-18371.0 -19496.0 
-18798.0 -19207.0 
-18920.0 -19003.0 
-18571.0 -19397.0 
-18346.0 -19511.0 
-18848.0 -19134.0 
-18501.0 -19443.0 
-18346.0 -19511.0 
-18571.0 -19397.0 
-18456.0 -19462.0 
-18845.0 -19139.0 
-18517.0 -19432.0 
-18660.0 -19333.0 
-18517.0 -19432.0 
-18779.0 -19211.0 
-18588.0 -19382.0 
-18626.0 -19354.0 
-18919.0 -19020.0 
-18848.0 -19134.0 
-18766.0 -19216.0 
-18978.0 -18950.0 
-18914.0 -19063.0 
-18766.0 -19216.0 
-18724.0 -19279.0 
-19019.0 -18851.0 
-18558.0 -19409.0 
-18779.0 -19211.0 
-18926.0 -18996.0 
-18892.0 -19087.0 
-18896.0 -19086.0 
-18457.0 -19455.0 
-19017.0 -18929.0 
-18751.0 -19221.0 
-18624.0 -19375.0 
-18746.0 -19243.0 
-18892.0 -19087.0 
-18728.0 -19244.0 
-18456.0 -19462.0 
-18896.0 -19086.0 
-19018.0 -18852.0 
-19035.0 -18805.0 
-18401.0 -19489.0 
-18665.0 -19328.0 
-18501.0 -19443.0 
-18766.0 -19216.0 
-18558.0 -19409.0 
-18926.0 -18996.0 
-18751.0 -19221.0 
-18892.0 -19087.0 
-18456.0 -19462.0 
-18401.0 -19489.0 
-18456.0 -19462.0 
-18766.0 -19216.0 
-18401.0 -19489.0 
-18456.0 -19462.0 
-18456.0 -19462.0 
