-18349.0 -19414.0 
-18349.0 -19414.0 
-19073.0 -18666.0 
-19073.0 -18666.0 
-18475.0 -19391.0 
-18941.0 -19007.0 
-19066.0 -18756.0 
-18977.0 -18917.0 
-19023.0 -18813.0 
-18945.0 -18959.0 
-18603.0 -19328.0 
-19068.0 -18686.0 
-18493.0 -19360.0 
-19021.0 -18853.0 
-18893.0 -19023.0 
-18807.0 -19131.0 
-18686.0 -19265.0 
-18641.0 -19293.0 
-18795.0 -19166.0 
-18989.0 -18866.0 
-18534.0 -19357.0 
-18603.0 -19328.0 
-18559.0 -19341.0 
-18641.0 -19293.0 
-18844.0 -19086.0 
-19039.0 -18783.0 
-18722.0 -19227.0 
-18701.0 -19233.0 
-18754.0 -19179.0 
-18742.0 -19188.0 
-18864.0 -19084.0 
-18991.0 -18855.0 
-18538.0 -19347.0 
-18475.0 -19391.0 
-18948.0 -18932.0 
-18874.0 -19050.0 
-18559.0 -19341.0 
-18800.0 -19155.0 
-18831.0 -19108.0 
-19066.0 -18756.0 
-19040.0 -18782.0 
-18825.0 -19117.0 
-19040.0 -18782.0 
-18742.0 -19188.0 
-18893.0 -19023.0 
-18666.0 -19268.0 
-18722.0 -19227.0 
-18680.0 -19267.0 
-18989.0 -18866.0 
-18831.0 -19108.0 
-19068.0 -18686.0 
-18957.0 -18926.0 
-18660.0 -19281.0 
-18493.0 -19360.0 
-18754.0 -19179.0 
-18883.0 -19038.0 
-18825.0 -19117.0 
-18664.0 -19279.0 
-18701.0 -19233.0 
-18800.0 -19155.0 
-18795.0 -19166.0 
-18714.0 -19230.0 
-18883.0 -19038.0 
-18874.0 -19050.0 
-18660.0 -19281.0 
-18957.0 -18926.0 
-18746.0 -19182.0 
-18856.0 -19085.0 
-18877.0 -19044.0 
-18864.0 -19084.0 
-18714.0 -19230.0 
-18951.0 -18927.0 
-18856.0 -19085.0 
-18877.0 -19044.0 
-18534.0 -19357.0 
-18746.0 -19182.0 
-18951.0 -18927.0 
-19021.0 -18853.0 
-18991.0 -18855.0 
-18666.0 -19268.0 
-18603.0 -19328.0 
-18893.0 -19023.0 
-18722.0 -19227.0 
-18831.0 -19108.0 
-19068.0 -18686.0 
-18701.0 -19233.0 
-18800.0 -19155.0 
-18874.0 -19050.0 
-18957.0 -18926.0 
-18856.0 -19085.0 
-18534.0 -19357.0 
-18666.0 -19268.0 
-18534.0 -19357.0 
-18874.0 -19050.0 
-18893.0 -19023.0 
-18701.0 -19233.0 
-19068.0 -18686.0 
-18666.0 -19268.0 
-18701.0 -19233.0 
-18701.0 -19233.0 
