2.946143600725101199e-04
2.375308030402058766e-04
3.029830274256416147e-04
2.381424312730499307e-04
2.541903726324720291e-04
2.510784235505372644e-04
2.509539183744073317e-04
2.788568774120952511e-04
3.348499849933201625e-04
2.419198006205928249e-04
2.854718301440098264e-04
3.063746169222995321e-04
3.017424864597632850e-04
2.773378899749451439e-04
2.643955625069139919e-04
2.353533945177713378e-04
2.806505737822369111e-04
3.592052005342371928e-04
2.718747263488276752e-04
2.677112811968074420e-04
3.591526106548032058e-04
2.905185472618691486e-04
3.031866460746137780e-04
2.727701606870422640e-04
2.302422443200893289e-04
2.766613922485794148e-04
2.519647271409987009e-04
3.177033509146334148e-04
2.570833505787640627e-04
3.338211975475767002e-04
2.750632741893971854e-04
