0.0 1.1087630527917318 
0.0 1.1087630527917318 
0.9982175296393541 0.1877982075105731 
0.9463809325201222 0.2878426391634959 
0.7342867456943833 0.6048532393591519 
0.8038376881973479 0.5086076840163142 
0.8514400784355165 0.4428803683529149 
0.9589650017570628 0.26005360257655924 
0.8190127164546531 0.48489883914085086 
0.2734909072854675 1.0335311001504792 
0.6945689819526946 0.657970572871828 
0.7176937880132659 0.6290416178220569 
0.5108130243313932 0.8591576461512206 
0.8351838576995995 0.4677547845755769 
0.008674964519156975 1.1002122836003874 
0.04420813834297782 1.1001660088019107 
0.1460157839020125 1.078245960076287 
0.886655728731347 0.38093329042550345 
0.2946077980002214 1.0228424938498715 
0.9126145058784445 0.33775265137254207 
0.6489882560781454 0.7125493414183244 
0.22452309526278813 1.0513644310385788 
0.9311695763001345 0.30594770534173354 
0.639214717543353 0.7338059280187584 
0.9047983136596455 0.3586112146846308 
0.6796057939387257 0.6761927491852759 
0.3758534254328544 0.9680053915044164 
0.8997174648822128 0.36708058288772244 
0.9201251556703256 0.32698075375228863 
0.4995400509313319 0.8690531721748912 
0.17887534151527937 1.0724306790183789 
0.7742448370048265 0.551060703418842 
0.46957221649982206 0.8955483582851808 
0.5721231641728528 0.8010220952519077 
0.31692541584054995 1.0096122437171375 
0.3899884479279558 0.9632496576608386 
0.4858501546390708 0.8813563578231006 
0.968492787531569 0.24953435840866278 
0.15925868440655927 1.0742492401659907 
0.4560876016493213 0.9134426092164498 
0.7931613986793471 0.5233092244974559 
0.36223698719973413 0.9767748227229938 
0.3575076250800836 0.9866012360736481 
0.7054679996525636 0.6429761930865635 
0.8786582189793057 0.39392492121350525 
0.44500123470986885 0.9173695210168894 
0.7804418203923544 0.5413901905634513 
0.30572491544385616 1.0174281739600721 
0.2508620393304263 1.0395829912179657 
0.32976108962045453 1.0027436492188047 
0.1894792324824521 1.0640787978151625 
0.827083642130685 0.47288733781004355 
0.5323543274434708 0.8446431047965185 
0.5860286988709638 0.7904570801537962 
0.7574944647178675 0.5758163126181404 
0.9278595251914596 0.31345993791845844 
0.8568306642386123 0.4277501355066801 
0.671180064534739 0.6923608357872177 
0.5983445436426327 0.7765939818885718 
0.08235904072363154 1.0956013096224304 
0.7474639791000851 0.5885974592700769 
0.7882845905167533 0.5300040197138587 
0.9736768808129951 0.23354286931204818 
0.24479408465861321 1.0471649446121247 
0.20817583094676873 1.057942016801524 
0.9935447331014148 0.1979027495950635 
0.8709507517193997 0.413104573316961 
0.05911858350164709 1.0987519774714392 
0.9891395761141106 0.20807228142097206 
0.8619060162294654 0.4215790239159158 
0.0956034010232572 1.08928892929844 
0.11927391998324577 1.0843178653634884 
0.3437332609407917 0.9950088219965618 
0.10307102928305543 1.08717177582498 
0.5617146187425854 0.8118102827228482 
0.8724343052871428 0.40276221283961083 
0.983407973310692 0.21671744172097435 
0.6642659802879811 0.7010682459777697 
0.656210155549469 0.7047230469809216 
0.41628754352895936 0.9395406227792131 
0.4896975250128349 0.8779246686019359 
0.7680438329087638 0.5678143141254903 
0.07106796731440508 1.0966567347582694 
0.4018429947952064 0.9557900990224858 
0.5480141086617483 0.8238027246782741 
0.6782568198935924 0.6837481341085305 
0.41027490710682807 0.948690831339071 
0.6196706284005563 0.7527145531694438 
0.5388277097676337 0.8326397640701947 
0.4364078012206734 0.9300686327414714 
0.46502522883498953 0.9000310050898019 
0.11927391998324577 1.0843178653634884 
0.6292405119407504 0.7369862971257136 
0.33938696398929746 0.9973632817042966 
0.7495471772907372 0.5843647901737171 
0.5323543274434708 0.8446431047965185 
0.6019407119473057 0.7672447780601247 
0.6093286690427726 0.7593205546095453 
0.7660592569565845 0.5682209656730911 
0.5409946030618639 0.8298270073887672 
