2.541284271738456E-10 1.025504182351223 
1.025752978820624 2.3303078724336006E-13 
0.5346613451932972 0.8749275089639855 
0.5839262576288519 0.8430885473847528 
1.0023664744284309 0.21310118011801307 
0.513456597396711 0.88812876645787 
1.0112656992964548 0.16787264985728811 
0.9570923084355316 0.36626348413964616 
0.8026877665888309 0.6404619433007818 
0.48508802681369256 0.9037159545104985 
0.8208817949957478 0.6228692469069793 
0.9039869715101364 0.4840006012013079 
0.9973811849249661 0.23750533123209996 
1.0186334544083748 0.11542901025418287 
0.8265299965055787 0.6081532167272471 
0.8783866669563835 0.5342990212641853 
0.6026324469468017 0.8329602790600894 
0.32171607731995866 0.9734620802324392 
0.7362831990081782 0.7133733740734087 
0.9130574115474851 0.4659695754683961 
0.8444513849335064 0.5820404863525688 
1.0249782252734638 0.013117320925096088 
0.9672577087384902 0.33927645447804905 
0.46132327592113276 0.915742056258504 
0.9354486325652979 0.4205490179222201 
0.14786881528369097 1.0147667163425194 
0.8433044324258661 0.5921754675009459 
0.11803779344608384 1.01820473499743 
0.8590854050339704 0.5619057981355235 
0.06937559610633758 1.023272095836506 
0.22096510847417725 1.0010128268434157 
0.640732427593391 0.8007034613966117 
0.9855604157295857 0.28223650152042024 
0.8866804347436371 0.5154755371009508 
0.7786267904687351 0.667131492799811 
0.9403075368873061 0.408728451555671 
0.7145012781184188 0.7358262115266566 
0.8671018836266355 0.5475332727655412 
0.7027856410403547 0.7469250651946304 
0.3721432848223517 0.9547041765681653 
0.2578727622802089 0.9924744919062036 
0.19196965396565235 1.00701090874872 
0.6948390464663022 0.7551874883028089 
0.7690182680572858 0.6795333031318214 
1.0169113762894262 0.1352784123735635 
1.0209534635921407 0.08606160598148892 
0.9484421766741937 0.39377569947493407 
0.33271616760620576 0.970320594040044 
1.0231482412657862 0.056430828231772465 
0.6825641771451154 0.7649325209401088 
0.9526159415011437 0.38374889458416184 
0.9759478123814143 0.3149968324604378 
0.4765804771424602 0.9085067810658356 
0.4269184238201693 0.9323551703152648 
0.8945291089343385 0.5020030300607544 
0.6676511614569616 0.7785093445674618 
0.20626703019753218 1.0042141037733319 
0.29680640979337086 0.9811935811193561 
1.0242663583823948 0.043864013032492294 
0.3967518871362609 0.9460122106068994 
0.9273577768811035 0.4400293278929328 
0.7523211220154883 0.6965181928591943 
0.1347340391008986 1.0163077692375553 
0.7523211220154883 0.6965181928591943 
0.9697580120814715 0.3338619740112361 
0.990513289206377 0.26242039654974375 
0.35512521804749636 0.9616450537859396 
0.4491032076391181 0.9254508706428299 
1.0221824585866661 0.08118222348573685 
0.02241049978911415 1.0254062666429138 
0.9926177175948733 0.25664218123388116 
0.9838973954682202 0.2967142312010057 
0.34944809578340835 0.9644503464562493 
0.7226047118575903 0.7271623036787286 
0.17265068472125955 1.0101666382205787 
0.27762844942545767 0.9874263155653268 
0.09332793611052596 1.0205256483318752 
0.6753156969593271 0.7718295835029049 
0.7887695822140937 0.6544423546156388 
0.6530663562475681 0.7911591362517723 
0.7929883057624825 0.6530484253686643 
0.7297998109182239 0.7202441642944882 
0.6566625928308412 0.7883576526725726 
0.09576802091815834 1.0202421506970176 
0.9782737482330506 0.30655935725435707 
0.030816337929963137 1.0245163088409528 
0.24078153357411664 0.9969838766458026 
0.2953702298286007 0.9817391635137467 
0.6298028356876825 0.8093638989689838 
0.2723875067505118 0.9882554985902289 
0.6128332301875743 0.82341721942854 
0.04704387441089425 1.0240707943881273 
0.6262606885418665 0.8113292316894682 
0.41123389607160227 0.9393685683460022 
0.05469631600446105 1.0238768757217387 
0.17378396649393923 1.0101383528111787 
0.8610493518190148 0.5563241962416302 
0.7710089355421623 0.6773270185345327 
1.0135013717114068 0.1556200451389574 
0.24221098666398233 0.9965643445128769 
