-19596.0 -19473.0 
-19033.0 -20096.0 
-19596.0 -19473.0 
-19594.0 -19553.0 
-19503.0 -19775.0 
-19134.0 -20062.0 
-19504.0 -19717.0 
-19446.0 -19881.0 
-19367.0 -19965.0 
-19333.0 -19992.0 
-19451.0 -19812.0 
-19197.0 -20043.0 
-19566.0 -19592.0 
-19271.0 -20022.0 
-19217.0 -20026.0 
-19538.0 -19596.0 
-19286.0 -20004.0 
-19154.0 -20048.0 
-19459.0 -19808.0 
-19428.0 -19887.0 
-19333.0 -19992.0 
-19368.0 -19920.0 
-19515.0 -19682.0 
-19515.0 -19682.0 
-19535.0 -19631.0 
-19525.0 -19648.0 
-19134.0 -20062.0 
-19459.0 -19808.0 
-19386.0 -19898.0 
-19208.0 -20033.0 
-19566.0 -19592.0 
-19276.0 -20014.0 
-19407.0 -19889.0 
-19383.0 -19914.0 
-19367.0 -19965.0 
-19525.0 -19648.0 
-19407.0 -19889.0 
-19286.0 -20004.0 
-19142.0 -20060.0 
-19535.0 -19631.0 
-19154.0 -20048.0 
-19371.0 -19917.0 
-19142.0 -20060.0 
-19217.0 -20026.0 
-19386.0 -19898.0 
-19446.0 -19881.0 
-19271.0 -20022.0 
-19451.0 -19812.0 
-19538.0 -19596.0 
-19383.0 -19914.0 
-19371.0 -19917.0 
-19368.0 -19920.0 
-19333.0 -19992.0 
-19459.0 -19808.0 
-19566.0 -19592.0 
-19367.0 -19965.0 
-19525.0 -19648.0 
-19407.0 -19889.0 
-19286.0 -20004.0 
-19154.0 -20048.0 
-19142.0 -20060.0 
-19446.0 -19881.0 
-19271.0 -20022.0 
-19538.0 -19596.0 
-19371.0 -19917.0 
-19383.0 -19914.0 
-19383.0 -19914.0 
-19383.0 -19914.0 
-19371.0 -19917.0 
-19154.0 -20048.0 
-19383.0 -19914.0 
-19367.0 -19965.0 
-19383.0 -19914.0 
-19154.0 -20048.0 
-19383.0 -19914.0 
-19407.0 -19889.0 
-19383.0 -19914.0 
-19383.0 -19914.0 
-19333.0 -19992.0 
-19383.0 -19914.0 
-19407.0 -19889.0 
-19383.0 -19914.0 
-19383.0 -19914.0 
-19383.0 -19914.0 
-19407.0 -19889.0 
-19383.0 -19914.0 
-19383.0 -19914.0 
-19407.0 -19889.0 
-19525.0 -19648.0 
-19383.0 -19914.0 
-19383.0 -19914.0 
-19383.0 -19914.0 
-19383.0 -19914.0 
-19383.0 -19914.0 
-19407.0 -19889.0 
-19367.0 -19965.0 
-19383.0 -19914.0 
-19383.0 -19914.0 
-19383.0 -19914.0 
-19383.0 -19914.0 
