-16001.0 -16664.0 
-16614.0 -16153.0 
-16001.0 -16664.0 
-16614.0 -16153.0 
-16122.0 -16639.0 
-16062.0 -16663.0 
-16289.0 -16497.0 
-16144.0 -16608.0 
-16062.0 -16663.0 
-16181.0 -16589.0 
-16463.0 -16323.0 
-16500.0 -16294.0 
-16488.0 -16317.0 
-16191.0 -16558.0 
-16305.0 -16461.0 
-16426.0 -16365.0 
-16144.0 -16608.0 
-16433.0 -16341.0 
-16355.0 -16429.0 
-16371.0 -16418.0 
-16549.0 -16226.0 
-16555.0 -16199.0 
-16233.0 -16525.0 
-16259.0 -16517.0 
-16394.0 -16376.0 
-16518.0 -16254.0 
-16453.0 -16333.0 
-16345.0 -16450.0 
-16279.0 -16508.0 
-16583.0 -16177.0 
-16181.0 -16589.0 
-16583.0 -16177.0 
-16510.0 -16264.0 
-16259.0 -16517.0 
-16448.0 -16340.0 
-16537.0 -16245.0 
-16388.0 -16391.0 
-16408.0 -16369.0 
-16336.0 -16451.0 
-16373.0 -16397.0 
-16190.0 -16572.0 
-16233.0 -16525.0 
-16501.0 -16283.0 
-16575.0 -16191.0 
-16218.0 -16534.0 
-16321.0 -16452.0 
-16541.0 -16236.0 
-16355.0 -16429.0 
-16208.0 -16546.0 
-16501.0 -16283.0 
-16190.0 -16572.0 
-16279.0 -16508.0 
-16488.0 -16317.0 
-16218.0 -16534.0 
-16305.0 -16461.0 
-16549.0 -16226.0 
-16581.0 -16178.0 
-16208.0 -16546.0 
-16510.0 -16264.0 
-16371.0 -16418.0 
-16311.0 -16459.0 
-16210.0 -16541.0 
-16537.0 -16245.0 
-16311.0 -16459.0 
-16426.0 -16365.0 
-16517.0 -16258.0 
-16567.0 -16192.0 
-16539.0 -16237.0 
-16345.0 -16450.0 
-16378.0 -16395.0 
-16321.0 -16452.0 
-16388.0 -16391.0 
-16561.0 -16195.0 
-16555.0 -16199.0 
-16402.0 -16372.0 
-16210.0 -16541.0 
-16561.0 -16195.0 
-16378.0 -16395.0 
-16433.0 -16341.0 
-16517.0 -16258.0 
-16402.0 -16372.0 
-16374.0 -16396.0 
-16575.0 -16191.0 
-16581.0 -16178.0 
-16567.0 -16192.0 
-16405.0 -16370.0 
-16405.0 -16370.0 
-16539.0 -16237.0 
-16373.0 -16397.0 
-16062.0 -16663.0 
-16583.0 -16177.0 
-16355.0 -16429.0 
-16190.0 -16572.0 
-16549.0 -16226.0 
-16537.0 -16245.0 
-16373.0 -16397.0 
-16373.0 -16397.0 
-16537.0 -16245.0 
-16537.0 -16245.0 
-16537.0 -16245.0 
