-15856.0 -16739.0 
-16534.0 -16191.0 
-15856.0 -16739.0 
-16534.0 -16191.0 
-16216.0 -16529.0 
-16234.0 -16509.0 
-16008.0 -16675.0 
-16469.0 -16267.0 
-16479.0 -16237.0 
-15949.0 -16705.0 
-16191.0 -16545.0 
-15966.0 -16691.0 
-15896.0 -16710.0 
-16102.0 -16624.0 
-16025.0 -16656.0 
-16423.0 -16311.0 
-15896.0 -16710.0 
-15910.0 -16706.0 
-16048.0 -16646.0 
-16108.0 -16596.0 
-16089.0 -16628.0 
-16282.0 -16444.0 
-16256.0 -16479.0 
-16008.0 -16675.0 
-16071.0 -16631.0 
-16505.0 -16223.0 
-16048.0 -16646.0 
-16157.0 -16557.0 
-16408.0 -16314.0 
-16241.0 -16482.0 
-16370.0 -16356.0 
-16138.0 -16579.0 
-16139.0 -16564.0 
-16025.0 -16656.0 
-16526.0 -16198.0 
-16513.0 -16215.0 
-16114.0 -16586.0 
-15966.0 -16691.0 
-16479.0 -16237.0 
-16306.0 -16427.0 
-16308.0 -16420.0 
-16193.0 -16542.0 
-16071.0 -16631.0 
-16379.0 -16354.0 
-16352.0 -16384.0 
-16505.0 -16223.0 
-16448.0 -16282.0 
-16448.0 -16282.0 
-16157.0 -16557.0 
-16277.0 -16453.0 
-16513.0 -16215.0 
-16336.0 -16395.0 
-16461.0 -16275.0 
-16326.0 -16400.0 
-16296.0 -16432.0 
-16401.0 -16321.0 
-16430.0 -16295.0 
-16526.0 -16198.0 
-16357.0 -16373.0 
-16365.0 -16367.0 
-16432.0 -16291.0 
-16240.0 -16493.0 
-16317.0 -16406.0 
-16240.0 -16493.0 
-15958.0 -16699.0 
-16261.0 -16467.0 
-16391.0 -16333.0 
-16401.0 -16321.0 
-16130.0 -16581.0 
-16108.0 -16596.0 
-16265.0 -16462.0 
-16193.0 -16542.0 
-16391.0 -16333.0 
-16339.0 -16392.0 
-16461.0 -16275.0 
-16325.0 -16404.0 
-16147.0 -16562.0 
-16148.0 -16558.0 
-16277.0 -16453.0 
-16294.0 -16435.0 
-15958.0 -16699.0 
-15910.0 -16706.0 
-16265.0 -16462.0 
-16383.0 -16345.0 
-16313.0 -16411.0 
-16352.0 -16384.0 
-16130.0 -16581.0 
-16294.0 -16435.0 
-16432.0 -16291.0 
-16339.0 -16392.0 
-16365.0 -16367.0 
-16357.0 -16373.0 
-16114.0 -16586.0 
-16430.0 -16295.0 
-16387.0 -16339.0 
-16383.0 -16345.0 
-16387.0 -16339.0 
-16313.0 -16411.0 
-16261.0 -16467.0 
-16102.0 -16624.0 
