-15972.0 -16669.0 
-16626.0 -16042.0 
-15972.0 -16669.0 
-16626.0 -16042.0 
-16601.0 -16091.0 
-16518.0 -16268.0 
-16098.0 -16646.0 
-16144.0 -16599.0 
-16536.0 -16238.0 
-16349.0 -16433.0 
-16017.0 -16659.0 
-16169.0 -16591.0 
-16316.0 -16450.0 
-16394.0 -16386.0 
-16219.0 -16551.0 
-16486.0 -16275.0 
-16062.0 -16651.0 
-16134.0 -16629.0 
-16291.0 -16492.0 
-16396.0 -16361.0 
-16098.0 -16646.0 
-16197.0 -16557.0 
-16538.0 -16208.0 
-16601.0 -16091.0 
-16017.0 -16659.0 
-16225.0 -16530.0 
-16164.0 -16597.0 
-16564.0 -16156.0 
-16519.0 -16253.0 
-16355.0 -16396.0 
-16436.0 -16317.0 
-16042.0 -16657.0 
-16139.0 -16623.0 
-16464.0 -16304.0 
-16584.0 -16118.0 
-16384.0 -16392.0 
-16268.0 -16494.0 
-16353.0 -16419.0 
-16454.0 -16313.0 
-16466.0 -16296.0 
-16429.0 -16327.0 
-16246.0 -16517.0 
-16546.0 -16200.0 
-16570.0 -16127.0 
-16062.0 -16651.0 
-16316.0 -16450.0 
-16185.0 -16573.0 
-16595.0 -16103.0 
-16134.0 -16629.0 
-16425.0 -16341.0 
-16185.0 -16573.0 
-16042.0 -16657.0 
-16466.0 -16296.0 
-16566.0 -16148.0 
-16560.0 -16174.0 
-16349.0 -16433.0 
-16595.0 -16103.0 
-16485.0 -16277.0 
-16485.0 -16277.0 
-16557.0 -16183.0 
-16309.0 -16461.0 
-16309.0 -16461.0 
-16584.0 -16118.0 
-16557.0 -16183.0 
-16360.0 -16395.0 
-16546.0 -16200.0 
-16300.0 -16474.0 
-16251.0 -16509.0 
-16536.0 -16238.0 
-16295.0 -16480.0 
-16192.0 -16563.0 
-16190.0 -16567.0 
-16434.0 -16324.0 
-16228.0 -16527.0 
-16405.0 -16357.0 
-16236.0 -16520.0 
-16519.0 -16253.0 
-16353.0 -16419.0 
-16253.0 -16506.0 
-16258.0 -16500.0 
-16410.0 -16353.0 
-16417.0 -16349.0 
-16233.0 -16521.0 
-16300.0 -16474.0 
-16373.0 -16394.0 
-16454.0 -16313.0 
-16567.0 -16138.0 
-16560.0 -16174.0 
-16567.0 -16138.0 
-16570.0 -16127.0 
-16425.0 -16341.0 
-16219.0 -16551.0 
-16417.0 -16349.0 
-16268.0 -16494.0 
-16373.0 -16394.0 
-16139.0 -16623.0 
-16258.0 -16500.0 
-16538.0 -16208.0 
-16295.0 -16480.0 
-16406.0 -16354.0 
