0.0 0.0 0.5085973941770645 0.4892640146167118 0.3904673856551628 0.5219756076425023 0.45989107336276824 0.5628651940598498 0.49412210741035434 0.554473519154968 0.49586335313402624 0.571823368049421 0.5158782497586559 0.44435750173690314 0.5395038693615783 0.49171293647345565 0.324326215994967 0.5612164274327537 0.47418156524694993 0.5091522032058233 
0.9886759886287856 0.9723665259614076 0.5086388077782604 0.48993895923461195 0.3910237206453156 0.5220291240534757 0.45986179523676995 0.562870182179782 0.4941229924546945 0.5545164360277054 0.49586342267204897 0.5727910905800117 0.5158782973202061 0.44433982715011183 0.5395049151875572 0.491712942750709 0.32432012382729825 0.5614035734740704 0.47419925584294215 0.5100503153125778 
0.057107190674192954 0.03286942110203084 0.5086600454014215 0.49031074854582124 0.39102907178649515 0.5220296640635574 0.4600704154421968 0.5628705631678228 0.49412564652205415 0.5545849542709319 0.4958643436508504 0.5727850600163124 0.515878522800013 0.44433770904491987 0.5395049086010028 0.4917168809360967 0.32431379822875395 0.5613843616977141 0.474202760542603 0.5091522032058233 
0.23633211179182947 0.015002284496918393 0.5080738920661165 0.490099986885367 0.3910224048702077 0.5220080637833002 0.4598497666609146 0.5628635919836369 0.4941242795852124 0.554528500366477 0.4958639621085072 0.5728279437010557 0.5158782640775207 0.4443482473456674 0.5394952022430921 0.49171294258128967 0.3243259560949082 0.5612215506734888 0.47419865318494725 0.5091522032058233 
0.36291928136831286 0.10695480648759076 0.5086365696910535 0.4901002013609759 0.39100911438295066 0.5220085669771914 0.46048420431015485 0.5629161458457353 0.4941219304919847 0.5545189192990351 0.49586338726867507 0.5727832726925611 0.5158784903454816 0.4443333475168464 0.539504240115324 0.4917128530229998 0.3243149356292471 0.5612176945126186 0.47419925584294215 0.5091522032058233 
0.990082088597065 0.6760487512894878 0.508063412448211 0.4902893580547277 0.39102367372241476 0.522031191019339 0.4605152274955853 0.5628677046516883 0.4941573695694257 0.5546116418796966 0.49587702306961706 0.5728373890861086 0.5158782962314682 0.4444170863870506 0.5395054547627948 0.49171692030514774 0.32433709426968976 0.5613945184897462 0.47419488983492447 0.5100639222076095 
0.9619486473346855 0.8601328691146649 0.508063412448211 0.49026728812259174 0.3910287181250896 0.5220304191549132 0.4605116028314984 0.5628687578674987 0.49415613411201675 0.5553030735596167 0.49586426013523355 0.5737231926963452 0.5158784902764749 0.44441486223701837 0.5395049198352532 0.4917129565375495 0.32432602365319996 0.561391126218687 0.47421506333346086 0.5100696180439999 
0.8440432465356603 0.7270785130266777 0.5086374229843779 0.49026489371031395 0.3910320513435709 0.5220310210626643 0.4605326144215661 0.5628696896916057 0.49412333849136375 0.5545632176003533 0.49586405025818875 0.5736481372696851 0.5158782597875045 0.4443410035888841 0.5395043337592472 0.49171293399686106 0.3243259551395019 0.5612383770449679 0.47420314237915545 0.5091522032058233 
0.14840769122728742 0.38026630721235716 0.5086394568964615 0.4901002442221356 0.39102332084670005 0.5219873618886732 0.46051081123785365 0.5629170046963251 0.49415620678756844 0.5545630242841817 0.4958645573218952 0.573606011776874 0.5158782599698011 0.4444176609589209 0.5395051538937101 0.4917129312413436 0.3243260352195782 0.5612187454478382 0.4742016433795947 0.5091522032058233 
0.9969172700811311 0.708010791218878 0.508063412448211 0.4902685779740056 0.3910287181250896 0.522029859869373 0.4605116028314984 0.562868753448578 0.4941572214230531 0.5545508280820857 0.4958635696860161 0.57372950666243 0.5158784972845176 0.444410908633713 0.5395053739592875 0.4917130071320223 0.32432723929302115 0.5613914902354031 0.4742156045753416 0.5101590782320905 
0.9835484239285265 0.9084267397294961 0.5086431649781796 0.4902708408088716 0.3910163857685992 0.5220308486610102 0.4598243033797196 0.562871869875777 0.49415614096282945 0.5546106322198293 0.4958725927029881 0.5727622814827193 0.515878309531911 0.4444176270195941 0.5395052067925424 0.49171690454548656 0.32432856358999623 0.5613895342722446 0.47420383089070894 0.5091522032058233 
0.00425980301344215 0.012164912118032844 0.5086366144576725 0.4901019512317351 0.39102882633882075 0.5220291026172482 0.4600662878111937 0.5628122071202334 0.49412419325076706 0.5545214787048968 0.495872266547236 0.5727850795225239 0.5158784875438288 0.4443376396713077 0.539504895377174 0.4917168810242884 0.32432594991561875 0.5613824090591369 0.47419450280389924 0.5091522032058233 
0.884772927429369 0.6516593454063261 0.5086398928874182 0.4902838701498288 0.391029130560363 0.522005189127472 0.460863420076214 0.5628723038985993 0.4941240816513769 0.5545674580995652 0.4958632622131128 0.5735165935633924 0.5158784968990061 0.4443399456812892 0.5395049202328159 0.4917169783634221 0.32432605418449045 0.5612214552363202 0.47420297224815344 0.5091522032058233 
0.8739719222391288 0.23965439161071883 0.5086396360309274 0.4902661368810865 0.39106849531962184 0.5220284996385227 0.45985999709254965 0.5628679310253599 0.4941250321187878 0.5545184621674145 0.49586412404382374 0.5736129844646551 0.515878264642793 0.44433643307229026 0.5395048800255686 0.49171294202381877 0.32432579708583675 0.5612206144666034 0.4742051781608012 0.5091522032058233 
0.9381038786970828 0.8592674460353144 0.5086663833699907 0.49031047454554183 0.39103884307838965 0.5220312175198002 0.46048983024611606 0.5628696737557394 0.4941558152724327 0.5546112164122896 0.49587202001562136 0.5735154348149442 0.5158784921990672 0.44441609721674796 0.5395049266323269 0.4917171216650886 0.3243260328602205 0.5613961585986177 0.47420348753050967 0.5091522032058233 
0.23633211179182947 0.7100445864895464 0.5080738920661165 0.49034006255524504 0.39145650852492586 0.5220080637833002 0.4598497666609146 0.5628635919836369 0.4941242795852124 0.554528500366477 0.49586394398390665 0.5728263958921617 0.5158782640775207 0.44434835982457893 0.5395040745707974 0.49171293982349523 0.3243261429843616 0.5613835473133726 0.47419865318494725 0.5091522032058233 
0.9015145495104101 0.8644030925249395 0.5086608967713779 0.49026874664898457 0.3910287181250896 0.5220298533675912 0.46051158770338435 0.5628687578674987 0.4941572099758814 0.5553030735596167 0.4958635697253628 0.5737160140768313 0.5158785042626293 0.44441498941114327 0.5395353745688023 0.49171300706930743 0.32432603272026816 0.5613893076912927 0.47421576589320025 0.5101074070469094 
0.97323958847451 0.9407838963177281 0.5086592927551028 0.4902701446534939 0.39102397165266156 0.5220300737689909 0.4598487388270065 0.5628679362804833 0.4941258992465937 0.554589309147389 0.495876206769943 0.5728295252224935 0.5158784956878703 0.44441302391944554 0.5395342330100845 0.49171297953743665 0.324334663013397 0.5613966368077873 0.4742056348880525 0.5091522032058233 
0.23742982020668807 0.030887451561302404 0.5080654598362586 0.4902687616560857 0.3910218911266876 0.5220080637833002 0.45984438365151087 0.5628630976311234 0.49412442047165733 0.5545287257023294 0.4958760935737285 0.5728295252224935 0.5158782951932404 0.4443482473456674 0.5394952022430921 0.49171297829615374 0.3243260401638154 0.5614093636982385 0.47419870749781856 0.5091522032058233 
0.7174807059848809 0.3232551199936493 0.5086601606456755 0.4903106662340888 0.3922413397590018 0.5220309139748286 0.46007843480598004 0.562872465230017 0.4941250598848801 0.554580950951719 0.4958634844771682 0.5736578024934328 0.5158785020137253 0.44433760578837184 0.5395049106848918 0.49171695779041696 0.3243266477470523 0.5613889668442603 0.47421555110996055 0.5091522032058233 
0.690649748723183 0.2250633943109142 0.508656169714362 0.4902661862754249 0.3910102396936209 0.52202995829792 0.4605053014725557 0.562867953885128 0.4941246793406448 0.5545185819370859 0.4958641190423337 0.5736130912076357 0.5158784820198018 0.4443358320780409 0.5395048804717482 0.49171294212892985 0.3243256355600755 0.5612206512755371 0.47420517965628595 0.509103203850356 
0.9162934476857697 0.2643104630993082 0.5086577487164072 0.4902696376929872 0.39102983120108714 0.5220299356122402 0.45987013767161156 0.5628700003693967 0.49415795254616995 0.5545183386127939 0.49586410409510356 0.5735566501836089 0.5158782428777069 0.44433837886408434 0.5395048954880094 0.49171295437629997 0.32432730375446805 0.5613908156382669 0.4741986793121449 0.510060316174483 
0.3468326651112147 0.030229259127632226 0.5086682268212533 0.49034343615978093 0.3910228200129994 0.5220296640635574 0.4605222180768202 0.5628710950726987 0.4941256132931146 0.554569496834784 0.4958643436508504 0.5736869769908767 0.5158785121254066 0.4443377587657472 0.5395051192506806 0.49171663397862664 0.32432764017547033 0.5614064787345545 0.47420295091830567 0.5091522032058233 
0.7219711369974653 0.26606764109793374 0.5086394956975637 0.4902644274319324 0.39145988037124296 0.5220305114386985 0.4598131888059431 0.5628686973460268 0.4941240952438292 0.5545189698655865 0.49586417886912293 0.5728552473271685 0.5158782743186453 0.4443359771334757 0.5395048509419743 0.4917128870521169 0.324326146304957 0.5612206796232804 0.4741992423448974 0.5091522032058233 
0.8720668166608792 0.7418504515840953 0.5086701076218555 0.4903106607145915 0.3910353260641904 0.5220299800083653 0.46049657504042857 0.5629212301517889 0.4941570127419803 0.5552924152946616 0.4958641884221296 0.5737563438118648 0.5158784909533346 0.4443360063583983 0.5395362739801813 0.49171296401767944 0.32432563327034375 0.5613829240533794 0.4742051762155752 0.5091522032058233 
0.08997086614199323 0.3232551199936493 0.5086597334888003 0.4903121596593907 0.3909352929403693 0.5220067517024307 0.46006384350058865 0.5628724315203533 0.49412236575902285 0.554580950951719 0.4958634844771682 0.5727832473314827 0.5158785020137253 0.44433760578837184 0.5395049106848918 0.49171695779041696 0.32431294926261417 0.561388360119652 0.47421543961938095 0.5091522032058233 
0.9957490412613312 0.7329233666603738 0.5086407524472745 0.4903179038130293 0.3914810208027963 0.5220307291971453 0.4598624512638963 0.5628693726732763 0.4941248781039751 0.5545870910518903 0.4958765500012363 0.5728088185745007 0.5158782972178044 0.4444168422873249 0.5395054534060657 0.49171300516351163 0.3243253834590627 0.5613949846831924 0.47420289481202216 0.5091522032058233 
0.9963904550012035 0.2613531585847733 0.5086399871826818 0.4903442881358092 0.391013338354806 0.5220068275992549 0.46051564613521206 0.5628701626078275 0.4941223692745881 0.5545192603948558 0.4958634844771682 0.5736808744858567 0.5158785020137253 0.44434270583907975 0.5395051213345697 0.4917125398927258 0.32432680256932056 0.5612171876385683 0.47421564438574276 0.5091522032058233 
0.8690163677244371 0.7249440418473919 0.5080638812167104 0.4902698810801675 0.3910320513435709 0.5220309888719287 0.4605326144215661 0.5628683237831851 0.4941247487924105 0.5545910737267796 0.4958642350390371 0.5728192696208546 0.5158782889343382 0.4443381919491092 0.539504335186458 0.49171293399686106 0.32432599505538046 0.5613953410054819 0.4742153785697669 0.5091522032058233 
0.6965925245766564 0.7295062556205673 0.5086395262064932 0.49026881148147194 0.39149416808509335 0.5220293481645799 0.4605114175521715 0.5628687526311854 0.49412466062050564 0.5553055963142736 0.4958756493180476 0.5737269368607326 0.5158785160451803 0.4444141198487912 0.5395049044696999 0.49171686129295333 0.3243260761915241 0.5613950520101147 0.47420372530565913 0.5100527622387895 
0.08712226988790556 0.23653480214030487 0.5086396360309274 0.49026808103447544 0.39106849531962184 0.5220080781850377 0.45984864629355304 0.5628679314417159 0.49412253657962485 0.5545245615650121 0.4958645625486426 0.5728496781485035 0.515878264642793 0.44441163292548336 0.5395052034606713 0.4917129547584624 0.32432579708583675 0.561223075692944 0.4742054525261713 0.5091520857462295 
0.9760374263887369 0.3913838573645534 0.508063412448211 0.4902893580547277 0.39102367372241476 0.522030234949621 0.4605201138417077 0.5628677046516883 0.49415736849422737 0.5545891481352349 0.4958769335539381 0.5728373890861086 0.5158782962314682 0.4444170863870506 0.5395054621751177 0.49171297879696496 0.3243260401602436 0.5613945184897462 0.47419488983492447 0.5100414708042051 
0.56103095338081 0.062479115624324844 0.508637006625755 0.4901011132725886 0.3910292328858018 0.5220096613065628 0.46084888476640445 0.5628699222489884 0.494123548283879 0.5545183124103896 0.4958634257137499 0.5727832726925611 0.5158784902840038 0.444341956142901 0.5395053820868487 0.4917129496042558 0.3243157562864672 0.5612180117686255 0.4741992529606888 0.5091522032058233 
0.9172818040493469 0.8384444304083927 0.5086393672212208 0.49026548128284414 0.39100896298583987 0.5216209602123948 0.46052017392067696 0.5628698903699093 0.4941493882409278 0.5545852802376784 0.4958643335686397 0.57362603541369 0.5158785193713145 0.4443386788169555 0.5395053715637098 0.4917166659440015 0.32432622610897305 0.5612176664571956 0.4742053026941733 0.5091522032058233 
0.67058230079606 0.049858275061155866 0.508637006625755 0.49010110680613705 0.3910292328858018 0.5220085207247971 0.4608648074226467 0.5629161458457353 0.49412411905331305 0.5545199399534636 0.4958635596321485 0.5727832726925611 0.5158784902840038 0.4443400230937863 0.5395053821268112 0.4917169673401952 0.32431576099038356 0.5612259749077204 0.47419925584294215 0.5091522032058233 
0.7673700915945748 0.6531472229546588 0.5086595492640803 0.49009912573703973 0.39101607728246224 0.5220312156060349 0.46048617117800306 0.5628721528780831 0.4941544468832598 0.5546097471297301 0.4958641115560538 0.5728252821749121 0.5158782969770478 0.4443696246187357 0.5395049189148403 0.49171687763161936 0.3243374076594632 0.5613917073561083 0.47420335040877104 0.5091522032058233 
0.9559572258612955 0.8643175024938474 0.5086431245577323 0.4903171399471739 0.39149520163759005 0.5220327285628589 0.4608656091102997 0.562869689881937 0.49415656921997736 0.554578143427755 0.4958640280189296 0.5735918290044935 0.5158784968008716 0.4443385289010893 0.5395049282058776 0.49171298321138496 0.3243260096526536 0.5613997229328025 0.4742148318484886 0.5091522032058233 
0.5625319597192053 0.7264192935412794 0.508627516084155 0.49010795381436334 0.39100938655287415 0.5220284923071996 0.45984018037208685 0.5628694105221593 0.49412239817653475 0.5545281044698591 0.49586342910186204 0.572758027814375 0.5158782953230742 0.4443385505904781 0.5395048191738009 0.49171284737676685 0.32431575565598375 0.5612170588582444 0.4741993817363319 0.5091522029210102 
0.9877553639754059 0.8601328691146649 0.508063412448211 0.49026874664898457 0.3910287181250896 0.5220304191549132 0.4605116028314984 0.5628687578674987 0.49415718108390394 0.5553030735596167 0.4958635696860161 0.5737397631570434 0.515878490465075 0.44441486223701837 0.5395049198818583 0.4917129565375495 0.32432602365319996 0.5613914902354031 0.47421506333346086 0.5101101283957307 
0.37111324260028183 0.29922527945391264 0.5086585959063792 0.4902830403019754 0.3910076375585666 0.522030197835755 0.45983756630664324 0.5629219194829596 0.4941571177316384 0.5546210062542647 0.4958643140755738 0.5728091700721294 0.515878497775683 0.44441524223683454 0.539505319289587 0.49171326980318186 0.3243260510791708 0.5623030111706653 0.474195893605788 0.5091522032058233 
0.5531231901675668 0.02956339258307719 0.5086678060383256 0.4901119508320965 0.39104215664152964 0.5220285576070384 0.46048971764859387 0.5628696737557394 0.4941242793543159 0.554568054581953 0.49586455563776505 0.5727784411390893 0.5158784875151915 0.444416024730266 0.539504899670627 0.49171295392777825 0.3243259496084887 0.561246153555262 0.4741991289901973 0.5091522032058233 
0.9776510848495501 0.8982538747607427 0.5086394644463725 0.49026877969643606 0.39102905374443436 0.5220308486610102 0.4598243033797196 0.5628715300199716 0.49415723817436413 0.5546095956781214 0.4958725927029881 0.5727622814827193 0.5158782599698011 0.44441433575175304 0.5395052067925424 0.49171690501909754 0.3243251971543109 0.5613936510466856 0.4742036757551243 0.5091522032058233 
0.10713489121081232 0.933513249369632 0.5086588256710788 0.4899786030277604 0.3910226221875069 0.5220048629976969 0.4600384024738455 0.5628488171185785 0.49405513057925765 0.5545693982605783 0.49586396781678804 0.5728185857645463 0.515878296416225 0.4443673746130272 0.5395049150103604 0.4917131217086548 0.32432605602464587 0.5612181854739073 0.4741969085621432 0.5091537144989379 
0.08019289175670716 0.2651924136747046 0.5086388077782604 0.48993895923461195 0.39101278839074993 0.5220089643481655 0.45986179523676995 0.5628701338867467 0.4941229924546945 0.5545164360277054 0.49586342267204897 0.5727910905800117 0.5158782973161519 0.44433982715011183 0.5395049151875572 0.491712942750709 0.32432012382729825 0.5612176555557432 0.47419925584294215 0.5091522032058233 
0.9734727822136127 0.948210660812668 0.5086407734513316 0.4902701446534939 0.39102268789647926 0.5220300703187345 0.4598487388270065 0.5628679362804833 0.49412443661030536 0.5545870667824209 0.4958760935737285 0.5728295252224935 0.5158782958722941 0.444412473031411 0.5395054593485848 0.49171297831104627 0.3243260401638154 0.5614093636982385 0.47419870749781856 0.5091522032058233 
0.7219711369974653 0.860544101654218 0.5086414694752748 0.4902688592603441 0.3910391267516632 0.5220304540623817 0.4598467251888182 0.5628686973460268 0.4941250546580397 0.554567463698541 0.49586417886912293 0.5728562588514056 0.5158782640420475 0.44436650920703713 0.5395049188290567 0.49171289215309183 0.32432604889941175 0.5612207462532482 0.4741992422622108 0.5091522032058233 
0.7462448835269108 0.26960622310962384 0.5080740686170522 0.4902667233494352 0.3910247413351967 0.5220304191549132 0.4605126151293763 0.5628695165460478 0.4941225652665363 0.5545216020452308 0.4958640704607668 0.5728545214284089 0.5158784977144413 0.44441486223701837 0.5395049115827686 0.49171295307539137 0.32432608499881227 0.5612207724638402 0.4742052566662976 0.5101002772954215 
0.5529394255446396 0.33011800796977436 0.5086388575529732 0.49007744783118506 0.39102274268605786 0.5220284638896384 0.45985609240072217 0.5628648452218935 0.49412408164588434 0.5545227611273303 0.49586357351516486 0.5728285203027619 0.515878289042935 0.4443040818348935 0.5395052080662538 0.49171286508244144 0.3243228020134129 0.5612176557531244 0.47414726987468286 0.5091522032058233 
0.7846681155193901 0.8522582299291422 0.5086393398953447 0.4903270097843682 0.39147389426742535 0.5220307453971411 0.45986510318380786 0.562869412619338 0.4941247028483297 0.5546069923992377 0.49586345005831967 0.5727781463853623 0.5158782972770783 0.44433559680705026 0.5395053796649647 0.49171692145721957 0.32431553132467245 0.5613964566730375 0.47420305864235757 0.5091522032058233 
0.8987272062840204 0.17929317177850745 0.5086587040300428 0.4902691887256699 0.3910077954943948 0.5220294598326264 0.46051158770338435 0.5628687581471448 0.4941563371363832 0.5553030735596167 0.49586356521711855 0.5737160140768313 0.515878490465075 0.44441486223701837 0.539506083168844 0.4917129731373414 0.3243260236315126 0.5613877523017624 0.4742039224640325 0.5101074070469094 
0.3624228686969424 0.8624391488164098 0.5086643374616175 0.4902812072117108 0.3910289032929043 0.5220286894930243 0.45983706176092665 0.5628694402604995 0.49415902454795446 0.5545267365176485 0.4958636371561101 0.5734763518535001 0.5158782956480334 0.444311475590803 0.5395347877622553 0.49171326370458257 0.324326041023886 0.5614367363742353 0.47421659280983447 0.5100540236362814 
0.9205415309398923 0.38026630721235716 0.5086390777659765 0.4900703074376988 0.39102899370053223 0.5220297044903341 0.4598885470452672 0.5628693481025148 0.49415722044813204 0.5552829499592151 0.4958645573218952 0.5735539963830465 0.5158782599698011 0.4444182408183281 0.5395048966678903 0.4917128265845589 0.3243260147997372 0.5612187454478382 0.4741448306225535 0.5100606485264648 
0.7505129670466764 0.7260905921426899 0.5086394584634526 0.49029864541290685 0.3910238962425619 0.5220044674652139 0.46052989742974976 0.5628693470685228 0.49415403424216436 0.5545519476606142 0.4958640470768654 0.5735268465010894 0.5158784962223963 0.44433809567122645 0.5395051450419646 0.491712933519023 0.32432620735973455 0.5613994181856872 0.47419816576060825 0.5091522032058233 
0.08997086614199323 0.8555967845386889 0.5086597334888003 0.4903121596593907 0.3909352929403693 0.5220041469412126 0.460059836007579 0.562869302020597 0.49412241805701335 0.554580950951719 0.49586330392433303 0.5727833922640541 0.5158785020137253 0.44433760578837184 0.5395048754473102 0.49171296092266736 0.3243134942906543 0.561222061348456 0.47421543961938095 0.5091522032058233 
0.16409441912813882 0.6531472229546588 0.5086411092083429 0.49009970082625987 0.3909327172671963 0.5220312156060349 0.4600336597022513 0.5628721528780831 0.4941544468832598 0.5546107151000274 0.49586411425164384 0.5728254283366353 0.5158782969770478 0.4443666635772307 0.5395049189148403 0.49171687763161936 0.3243374076594632 0.5613931750615319 0.47420349321137123 0.5091522032058233 
0.9760270812228833 0.9606043172959347 0.5086407734513316 0.49028930551800004 0.3910236710139515 0.5220300703187345 0.4598487388270065 0.5628679290444831 0.4941588904193227 0.5545891459141563 0.4958760935737285 0.5728295252224935 0.5158782958722941 0.444412473031411 0.5395054593485848 0.49171297831104627 0.3243260401638154 0.5614093194602747 0.47419870749781856 0.5100597816999958 
0.3771759050700419 0.42842063693812427 0.5086372365268672 0.48999999352732765 0.390931692697336 0.5220296967059671 0.46049348024541137 0.562869267809559 0.4941245001930726 0.5545233531031223 0.4958634263694368 0.5728277677156007 0.5158782915301829 0.4443359495547328 0.5395048738308351 0.4917130555504548 0.32432536530832645 0.5612174729605418 0.47419925475562896 0.5091522032058233 
0.67058230079606 0.7852283193835404 0.5086372538984422 0.49007507766416014 0.3910292328858018 0.5220285856069417 0.4605154519513308 0.5628712754882568 0.49412476905278424 0.5545799774027939 0.49586342315156295 0.5727831920336877 0.5158784963768742 0.44433770312644916 0.5395049519022391 0.4917168835091243 0.32431380193851717 0.5612176353130073 0.47419923797964736 0.5091522032058233 
0.9584048682027291 0.3913838573645534 0.5080687684344145 0.490073146745656 0.39103147773742236 0.5220304191549132 0.46051109501924087 0.562868753448578 0.4941572214230531 0.5545220960833769 0.49586354040665187 0.5727873446673575 0.5158782633107767 0.44436795388824485 0.5395049105380014 0.4917129578540563 0.32432579777573006 0.5613914902354031 0.47420517778105875 0.5091520504678334 
0.6668979186797983 0.7313683067649533 0.5086413985961918 0.4899755430353424 0.3910660680350484 0.5220041216298984 0.4605022791585686 0.5628686875687461 0.4940513178781544 0.5545695807586549 0.49586434734153806 0.5728562588514056 0.5158782640420475 0.4443665055575072 0.5395052291736223 0.4917170402471375 0.3243260479353402 0.561382905603937 0.4742037248555493 0.5091537734836119 
0.3771759050700419 0.2741612559765405 0.5086393663868383 0.4903125312432186 0.39093575732685926 0.5220296967059671 0.46049348024541137 0.562869267809559 0.49415705355320144 0.5545239134167874 0.4958635831941932 0.5728277677156007 0.5158783130157785 0.4443359495547328 0.5395048750831495 0.49171300709358856 0.32432536530832645 0.5612224953372855 0.47420358403769375 0.5091522032058233 
0.9815932722833083 0.38026630721235716 0.5086390777659765 0.49007868545274363 0.3910290074571131 0.5220297044903341 0.46048819964226995 0.5628693481025148 0.49415721924395334 0.5552829499592151 0.4958645573218952 0.5736250269275966 0.5158782599698011 0.4444182408183281 0.5395051528378573 0.4917128265845589 0.3243260352195782 0.5612187454478382 0.4741448306225535 0.5100980146730385 
0.22811045794272422 0.9084267397294961 0.5080851071090329 0.49027023683848187 0.3910163857685992 0.5220075607173426 0.45985023844437184 0.562871869875777 0.49415614096282945 0.5545495675952089 0.4958725927029881 0.5727622009136828 0.515878309531911 0.44434789346349235 0.5395052067925424 0.49171690454548656 0.32432856358999623 0.5613901559497633 0.47419850527115237 0.5091522032058233 
0.7494849912587014 0.7213668897830837 0.5086372657092534 0.49027325185086484 0.3910241941810226 0.5220296727310537 0.45981352495402844 0.5628696804995754 0.4941250212413305 0.5545237635853171 0.495638351400899 0.5728019388137658 0.5158782382629391 0.44433953127938686 0.5395055500939167 0.4917129542069762 0.3243264639805417 0.5612252203796182 0.4742029593431917 0.5091522032058233 
0.9745537208071375 0.030887451561302404 0.5086608775956709 0.49034376482474823 0.391022006921189 0.5220080637833002 0.45984438365151087 0.5628630976311234 0.49412445527282756 0.5545806800841719 0.49587557685326317 0.5736855198263614 0.5158782951932404 0.4444226759583085 0.5395048443823905 0.49171297829615374 0.3243260401638154 0.5614092864549178 0.47419870749781856 0.5091522032058233 
0.08997086614199323 0.8378496378038991 0.5086597334888003 0.4903121596593907 0.3909352929403693 0.5220067517024307 0.46006384350058865 0.5628724315203533 0.49412236575902285 0.554580950951719 0.4958634844771682 0.5727832473314827 0.5158785020137253 0.44433760578837184 0.5395049106848918 0.49171695779041696 0.32431294926261417 0.561388360119652 0.47421543961938095 0.5091522032058233 
0.3624228686969424 0.7264200613256029 0.5086388160532008 0.4902800413584998 0.3910289032929043 0.5220286894930243 0.4598368166101501 0.5628694124284236 0.49412474575007354 0.5545266829459375 0.4958636371561101 0.5726852668717445 0.5158782956731793 0.444311475590803 0.5395347877622553 0.49171326370458257 0.324326041023886 0.5614367363742353 0.4742034595830866 0.5100540236362814 
0.004080751192369447 0.0019601363008955805 0.5086388557578081 0.49010179988877123 0.3904806772961896 0.5220096295086701 0.4608966397407993 0.5628115628713535 0.4941241930874482 0.5542238422129939 0.495864109997819 0.5728041054701049 0.5158783101206037 0.4443098664624942 0.5395048955400505 0.49171688844056777 0.3243286231802901 0.5612177024413575 0.47419416320581026 0.5091522032058233 
0.9208693894899045 0.2876563250976255 0.5086690597515504 0.49007744783118506 0.3910279696232321 0.5220302518976071 0.4598766050132292 0.5628698075289713 0.49415599124207604 0.554522388656684 0.49586410220589333 0.5728496989742826 0.5158782958072232 0.4443040419230741 0.5395052125079337 0.49171295450854796 0.3243263746731435 0.5612251225948726 0.47414078577542723 0.5091522032058233 
0.9536899575907041 0.9895612223183506 0.5086408136037384 0.4902965338498771 0.39102268789647926 0.5220293219679129 0.4598487388270065 0.5628693046153155 0.49412559804178807 0.5545870667824209 0.4958760935737285 0.5728296106915565 0.5158782958722941 0.444412473031411 0.5395054593485848 0.49171297831104627 0.3243260401638154 0.5614093636982385 0.47419870749781856 0.5091522032058233 
0.3632502356847637 0.2643104630993082 0.5086577487164072 0.4902696376929872 0.39102983120108714 0.5220299356122402 0.4598769228254215 0.562869651257935 0.49415795254616995 0.5545183386127939 0.4958642934956232 0.5728016669883664 0.5158782503293967 0.4443360116636054 0.5395048954880094 0.49171295437629997 0.324325964317314 0.5613908156382669 0.4741986793121449 0.510060316174483 
0.9963904550012035 0.32068197774268214 0.5086686620698516 0.4903442881358092 0.391013338354806 0.5220067517024307 0.46051564613521206 0.562872344229072 0.49412236575902285 0.554580950951719 0.4958634844771682 0.5736808744858567 0.5158785020137253 0.4444169985519535 0.5395051213345697 0.4917169579305925 0.3243267912093305 0.5614049696719254 0.47421564438574276 0.5091522032058233 
0.8680178792147669 0.7656803519070072 0.5086679899096167 0.49027325185086484 0.3910237612567264 0.5220296908210498 0.45982594082850287 0.5628696804995754 0.4941250212413305 0.5545237635853171 0.4958635434798194 0.5728432061824957 0.5158782485337213 0.44433953127938686 0.5395049062234495 0.49171295411629257 0.3243264639805417 0.5612252203796182 0.4742029593431917 0.5091522032058233 
0.1364425678160297 0.26930712759169395 0.508639511998206 0.4899755430353424 0.3910391267516632 0.5220050725763342 0.4598467251888182 0.5628686899891606 0.4940513178781544 0.5545695807586549 0.49586353827861424 0.5728562588514056 0.5158782640420475 0.4443356480076875 0.5395049188290567 0.49171289215309183 0.3243260479353402 0.5612207462532482 0.474199242262295 0.5091522015418812 
0.6919136710967584 0.030229259127632226 0.5086682268212533 0.49034343615978093 0.3910228200129994 0.5220296640635574 0.4605216916375849 0.5628711424283406 0.4941256132931146 0.5545772433675527 0.4958643438020949 0.5736875060327599 0.5158785121013231 0.4443377587657472 0.5395051192506806 0.49171663397862664 0.32432764017547033 0.5614064787345545 0.47420295091830567 0.5091522032058233 
0.9766193452073085 0.35121468577132114 0.5086739026374754 0.4902739030299423 0.39102899530044094 0.5220329719480346 0.46089047605016803 0.5628687732556448 0.4941552437337017 0.5552928121450871 0.4958762654545957 0.573752300611043 0.5158782833910565 0.44436566528233573 0.5395357409515051 0.4917131356140287 0.32432578385699623 0.5613860891876059 0.47421579857576734 0.5101177561724671 
0.7673629895260089 0.7316624208719344 0.508639426626129 0.4903173847243134 0.39149520163759005 0.5220327285628589 0.4608779339228744 0.562869689881937 0.4941259180621661 0.554578143427755 0.4958640280189296 0.5735918290044935 0.5158784968008716 0.4443385289010893 0.5395042713698965 0.49171298321138496 0.32432524683157626 0.5613997229328025 0.4741990518400222 0.5091522032058233 
0.8830420140642757 0.2691153606665828 0.5080740686170522 0.4902667233494352 0.39106816487921614 0.5220304191549132 0.4605126151293763 0.5628679308263482 0.49412499965463513 0.5545212549966262 0.4958640704607668 0.573618859087246 0.5158784932202775 0.44441486223701837 0.5395049112528877 0.49171295467899995 0.32432608499881227 0.5612207724638402 0.47420545220991933 0.5091357232836287 
0.7673629895260089 0.7316624208719344 0.508639426626129 0.4903173847243134 0.39149520163759005 0.5220327285628589 0.4608779339228744 0.562869689881937 0.4941259180621661 0.554578143427755 0.4958640280189296 0.5735918290044935 0.5158784968008716 0.4443385289010893 0.5395042713698965 0.49171298321138496 0.32432524683157626 0.5613997229328025 0.4741990518400222 0.5091522032058233 
0.1303686071435572 0.6466040895896451 0.5086414694752748 0.4902688592603441 0.3910391267516632 0.5220304540623817 0.45985064878942083 0.5628686973460268 0.4941261128332093 0.554567463698541 0.49586417886912293 0.5728562588514056 0.5158782636058663 0.4443665154830801 0.5395049188255531 0.4917130184065606 0.32432610489832725 0.5612207462532482 0.4741992422622108 0.5091522032058233 
0.37105355530442313 0.2949722566401522 0.5080584342665325 0.4902772709803058 0.3910076375585666 0.522030197835755 0.45983756630664324 0.5629221159524873 0.4941571177316384 0.5546210062542647 0.4958635937609048 0.5720743011800422 0.515878497775683 0.44441596286580115 0.5395049531356199 0.49171295984908103 0.3243260330813704 0.5623148492333442 0.4741957186624348 0.5091522032058233 
0.023661603208279758 0.7314395811342048 0.5080870047781926 0.49004225679006 0.3910238303165557 0.5220032556847035 0.4605102286589521 0.5628694282089035 0.4941250961304104 0.5545122533718176 0.4958633917707762 0.5727812050878149 0.5158784962099038 0.44436964422159686 0.5395049878761611 0.4917128914415006 0.3243259813018374 0.5612205658710406 0.4741969346409278 0.5091522032058233 
0.9969172700811311 0.7202527284384457 0.508063412448211 0.49026874664898457 0.3910287181250896 0.522029859869373 0.4605116028314984 0.562868753448578 0.4941572214230531 0.5545508280820857 0.4958635696860161 0.5737292353189658 0.5158782591722989 0.444410908633713 0.5395049541763264 0.4917130071623074 0.32432603312982977 0.5613914902354031 0.4742158263436828 0.5101759654536748 
0.22811045794272422 0.9300610162470564 0.5080851071090329 0.49027759131233584 0.3910163857685992 0.5220075351342802 0.45985023844437184 0.5628719090854813 0.49415614096282945 0.5545700206506194 0.4958726151001384 0.5728541424493903 0.515878309531911 0.44434789346349235 0.5395051952869957 0.49171690454548656 0.32432856358999623 0.5613901559497633 0.47419850527115237 0.5091522032058233 
0.011765875189521158 0.0019601363008955805 0.508184550426756 0.49010115012759725 0.3904806772961896 0.5220096295086701 0.4608966397407993 0.5628117232481841 0.49412547923558187 0.5542244408939402 0.49586411752604975 0.5728041054701049 0.5158783101206037 0.4443098664624942 0.53950493381963 0.49171688844056777 0.3243286231802901 0.5612177024413575 0.47419416320581026 0.5091522032058233 
0.7846681155193901 0.8644536481921157 0.5086648613037613 0.4903190696662403 0.3914453900314693 0.5220307327312632 0.4598653483345845 0.562869440451414 0.4941580541958457 0.5545832976904067 0.49586420154516386 0.5734802056145244 0.515878296310548 0.4443359760461724 0.5395048763342796 0.49171289292202675 0.3243263545381284 0.5613831014343281 0.4742161918691055 0.5091522032058233 
0.01641663168766233 0.7269770413391352 0.5086373785786352 0.49005175927857075 0.39102397950144296 0.5220035055657848 0.4605102286589521 0.5628666311604663 0.49412347385620703 0.5545104182537561 0.4958633921962706 0.5727811261518593 0.5158784962099038 0.44434124407018444 0.5395043014089157 0.4917128914415006 0.3243258097880868 0.5612205658710406 0.47419696405129524 0.5091522032058233 
0.3624228686969424 0.1829572123069172 0.5086587156070037 0.49028164928839607 0.3910079806622095 0.5220286894930243 0.45983706176092665 0.5628694405401454 0.49415901274529056 0.5545267365176485 0.4958636356190489 0.5734763518535001 0.5158782956480334 0.444311475590803 0.5395049116960678 0.49171327262520204 0.3243260410021987 0.561435180984705 0.4742054519404061 0.5100540236362814 
0.9208693894899045 0.2876563250976255 0.5086690597515504 0.49007744783118506 0.3910279696232321 0.5220302518976071 0.4598766050132292 0.5628698075289713 0.49415599124207604 0.554522388656684 0.49586410220589333 0.5728496989742826 0.5158782958072232 0.4443040419230741 0.5395052125079337 0.49171295450854796 0.3243263746731435 0.5612251225948726 0.47414078577542723 0.5091522032058233 
0.5625319597192053 0.7282991603744291 0.5086270465891786 0.4901081125090697 0.39101059164005714 0.5220284908602515 0.46001165173355657 0.5628699177625964 0.49412239817653475 0.5545799842859499 0.49586342910186204 0.572758027814375 0.5158784962464006 0.4443385505904781 0.5395052099685632 0.49171284628208867 0.32431586424424164 0.56121719647071 0.47419926287439546 0.5091522029210102 
0.14631421699799002 0.7086860035279021 0.5086588256710788 0.48998011048457385 0.39104967674226093 0.5220049546640918 0.46003838707242234 0.5628726280265504 0.49405509932958436 0.5546103987058395 0.49586357055960606 0.5728351562252444 0.5158782971681645 0.4443673746130272 0.5395049146763898 0.4917131305253815 0.32432615052412694 0.5613799373042854 0.4742035809645009 0.5091927135575542 
0.022820361169225367 0.7617726697049598 0.5086600150322947 0.4902818446274103 0.39102898635425 0.5220036862886732 0.4605102286589521 0.5629171512091261 0.4941241401201513 0.5545120247046893 0.49586339224436005 0.5735253884458171 0.5158784962099038 0.44437086110030144 0.5395049443241539 0.4917128914415006 0.3243260598169641 0.5612214989528626 0.47418123846335675 0.5091522032058233 
0.9062247555932419 0.33011800796977436 0.5086584938239804 0.4902763456848063 0.3910246485132945 0.5220286809717595 0.4604548736783323 0.5628648452218935 0.4941568290325035 0.5545567377803514 0.49587183533318385 0.572828323273795 0.5158782959029491 0.4444103276360287 0.5395052041983939 0.4917132749183616 0.3243271797177595 0.5614009472528529 0.47420533048238006 0.5091522032058233 
0.9432692243186983 0.8592674460353144 0.5086661916997501 0.49031047454554183 0.3910385111113605 0.5220312175198002 0.46048983024611606 0.5628696610092826 0.4941558152724327 0.5552826835980468 0.49587218010150325 0.5737247747601261 0.5158784921845777 0.44441609721674796 0.5395049266323269 0.49171721631341264 0.3243260330158199 0.5613961585986177 0.47420348753050967 0.5101110091438118 
0.9015145495104101 0.8587817380091435 0.5086643258846566 0.49026874664898457 0.3910287181250896 0.5220294598326264 0.46051158770338435 0.5628687578674987 0.49415634893904714 0.5553030735596167 0.49586356675417975 0.5737160140768313 0.515878490465075 0.44441486223701837 0.5395359592350313 0.49171296421672195 0.32432602365319996 0.5613893076912927 0.47421506333346086 0.5101074070469094 
0.5529394255446396 0.3283443903917162 0.5086388575529732 0.49026206031967895 0.39102274268605786 0.5220299439036883 0.45985609240072217 0.5628679497727286 0.4941246945855218 0.5545229852452187 0.49586357351516486 0.5736232531555782 0.515878289042935 0.44433547761853975 0.5395052080662538 0.4917129421602488 0.32432557034223064 0.5612176557531244 0.4742047996291281 0.5091504918977193 
0.6630503477692334 0.8587817380091435 0.508664683622741 0.490273705022542 0.3910287181250896 0.5220299729353499 0.46051158770338435 0.5628687578674987 0.49415636627071435 0.5552876032225776 0.49586356675417975 0.5737160140768313 0.5158784962673334 0.4444165587999092 0.5395359592350313 0.49171296421672195 0.32433454320694455 0.5613860065484055 0.4742152870212345 0.5101095402518564 
0.22811045794272422 0.9084267397294961 0.5080851071090329 0.49027023683848187 0.3910163857685992 0.5220075607173426 0.45985023844437184 0.562871869875777 0.49415614096282945 0.5545495675952089 0.4958725927029881 0.5727622009136828 0.515878309531911 0.44434789346349235 0.5395052067925424 0.49171690454548656 0.32432856358999623 0.5613901559497633 0.47419850527115237 0.5091522032058233 
0.7570517787004725 0.6531472229546588 0.5086595492640803 0.49009912573703973 0.39101607728246224 0.5220312156060349 0.46048617117800306 0.5628679035626035 0.4941246114539184 0.5545219879746798 0.4958641115560538 0.5728252821749121 0.5158782641861527 0.4443696246187357 0.5395049323817954 0.4917129661289309 0.3243374076594632 0.5612328173944479 0.47420342688418465 0.5091522032058233 
0.1351773282212857 0.7012103761717005 0.5086414694752748 0.4899755430353424 0.3910391267516632 0.5220041216298984 0.4598467251888182 0.5628686898632902 0.4940513178781544 0.5545695807586549 0.49586356871001475 0.5728562588514056 0.5158782640420475 0.4443665055575072 0.5395049188290567 0.49171289215309183 0.3243260479353402 0.5612207462532482 0.4741992422622108 0.5091537734836119 
