2.850418102420092E-16 6.814286485981531E-17 0.5288966946483825 0.46939087454345935 0.4108313477336671 0.5027666616611617 0.4558603799122855 0.5602904155312023 0.47044044903650895 0.5277889810609436 0.49300024062181713 0.5554143429819562 0.5056369080086607 0.4710705313153183 0.533932606216145 0.5056332052560116 0.32552628506767695 0.5687191628251681 0.46448157072854473 0.47023982003485953 
0.0 0.0 0.5288934147574431 0.4693103312452009 0.41081782246016707 0.5027666321927694 0.45586036961996546 0.5602895104360803 0.47041113814253427 0.52777725897241 0.4929366175348983 0.5554339245582796 0.505574547995906 0.47098809976288425 0.5339379637743905 0.505642859470701 0.3255252261309599 0.5687191623419912 0.46448160865594584 0.4702402699605456 
0.0 2.462507362712078E-16 0.5288964473620933 0.46931826949658356 0.4108324936598556 0.502765572610949 0.45586035678911946 0.5602904192874131 0.47038197344354443 0.5277629810516223 0.4929972695803797 0.5554128316253117 0.5056373346165675 0.47108745524670925 0.5339418996660432 0.50563415991004 0.325524432225857 0.5687191650092707 0.4644815709333565 0.4702398598799732 
8.034465755105759E-6 1.8062929353473265E-14 0.5288964432578377 0.46939203386659845 0.41083203663659446 0.5027664916712317 0.45586034894159155 0.5602904343542798 0.47041560151644995 0.5277830510500192 0.4929797717045431 0.5554128316253117 0.5056378329873281 0.4711275446440181 0.5341480496872324 0.5056435391553368 0.3255244400370961 0.5687191409960662 0.4644815709333565 0.4702399565786344 
8.083567305512168E-6 2.462507362712078E-16 0.5288966860220646 0.46938564309140396 0.41280292636843674 0.5027663449394865 0.45586000628186607 0.5602904164752552 0.470425550109818 0.5277884262074637 0.49299518182482444 0.5554119832376048 0.5056370935031993 0.4711395831097451 0.5339384716799503 0.5056437656461368 0.32552462063704357 0.5687191635993576 0.4644815690930764 0.47023994939394137 
2.850418102420092E-16 2.462507362712078E-16 0.5288964473620933 0.46931826949658356 0.4108313477336671 0.5027666702439527 0.45586035678911946 0.5602904099659957 0.47040684875226063 0.5277635527878353 0.4930003113834776 0.5554143429819562 0.5056367519802012 0.4710705313153183 0.533932606216145 0.5056332052560116 0.325524432225857 0.5687191622549287 0.4644815709333565 0.47023981287398037 
0.0 6.386935005398738E-17 0.5288952732479728 0.46932438363201456 0.4108172617904723 0.5027461670712825 0.4558507777721426 0.5602895788668989 0.4694965365775104 0.5276915880355001 0.4929539952441309 0.5553114154140448 0.5055766874239921 0.4703413282166904 0.5339372988049471 0.5056356300371753 0.3255253833330618 0.5687191553078467 0.46447415988594487 0.47018804194067204 
0.0 6.814286485981531E-17 0.5288967953500597 0.46931925750374215 0.41276695216535186 0.5027663456165542 0.4558605007417903 0.5602904583121898 0.4694968600975764 0.5277564450872485 0.4929367841440923 0.5557355480599909 0.5056093178147271 0.4712064489152058 0.534147396890658 0.5056433232005141 0.32552677922514883 0.5687191420754099 0.4644815314974727 0.470240053068275 
0.0 5.907441544548433E-19 0.5288933028935768 0.46939280453613824 0.4108177541513943 0.5027663437335539 0.4558509359419962 0.560290126276788 0.46949660713065466 0.5277661319473754 0.49293748241691204 0.555363155583875 0.5055746715297447 0.47098775505509854 0.5339324401440972 0.5055601255421072 0.32550805164309965 0.5687191463779201 0.4644815304862542 0.4702353219228108 
0.0 0.0 0.5288137554592216 0.4693173807471844 0.4108178481081048 0.5027663937925055 0.45586028566662784 0.5602901264740116 0.4694968465368693 0.5277626064354267 0.4929377661047552 0.5553865166670604 0.5055308275520508 0.4711345050731325 0.5341754842952751 0.5056371229301837 0.325508194862201 0.5687191624391684 0.46448139033388314 0.4702400358965847 
8.083567305512168E-6 2.462507362712078E-16 0.5288966890353426 0.46938918069646035 0.41280292636843674 0.5027663449394865 0.45586000628186607 0.5602904163755809 0.4704167159996264 0.5277884262074637 0.49299518182482444 0.5553864960081305 0.5055299830433166 0.4711273211653368 0.5339350861355094 0.5056437656461368 0.32552462063704357 0.5687191628397184 0.4644815304862542 0.4702398555597135 
2.850418102420092E-16 2.198106935821103E-14 0.5288964473620933 0.46931826949658356 0.4108310076978427 0.5027666718349575 0.45586051629271773 0.5602904099659957 0.47041096986742165 0.5277768541150019 0.4930003113834776 0.5554323097273957 0.5056367519802012 0.4710705313153183 0.533937687644157 0.5056425212990807 0.32552598296558916 0.5687191623420649 0.4644815709333565 0.47023981287398037 
2.850418102420092E-16 2.462507362712078E-16 0.5288966979877845 0.46939280453613824 0.4108311342718751 0.5027663439191072 0.4558509509530287 0.560290126276788 0.4704028516409761 0.5277661319473754 0.49299518182482444 0.5554147995584303 0.5055297778668992 0.4711273124966882 0.533932570803516 0.5056327629848614 0.325524733158722 0.568719160639666 0.4644815304862542 0.4702353219228108 
0.0 6.386935005398738E-17 0.5288964508099255 0.469317078071569 0.4128209705154608 0.5027666336101951 0.45585967072282324 0.5602904102252995 0.4694632515990701 0.5277629979343553 0.4929952525864849 0.5554133371755262 0.5055298270148572 0.4711273211653368 0.533932766357867 0.5056438106909079 0.3255062744437916 0.5687191622694188 0.46448153069106596 0.47023881685749463 
0.0 6.386935005398738E-17 0.5288964508099255 0.469317078071569 0.4128209705154608 0.5027666336101951 0.45585967072282324 0.5602904102252995 0.4694632515990701 0.5277629979343553 0.4929952525864849 0.5554133371755262 0.5055298270148572 0.4711273211653368 0.533932766357867 0.5056438106909079 0.3255062744437916 0.5687191622694188 0.46448153069106596 0.47023881685749463 
0.0 6.814286485981531E-17 0.5288966980962148 0.46938926856953245 0.4128163478294305 0.5027663740249061 0.4558602853164741 0.5602904157905062 0.46949685188331847 0.5277893225171901 0.4929925441446979 0.5557543627631721 0.5055299830433166 0.47120935212499526 0.5339326722675163 0.5056437938528319 0.32550812417229885 0.5687191703066585 0.46448139087801804 0.4702392811953563 
1.7401950777949352E-16 2.462507362712078E-16 0.5288964473620933 0.46931826949658356 0.41083203327409595 0.5027663982981635 0.45586035678911946 0.5602904351090978 0.4703919480122597 0.5277628777266892 0.4929998731311938 0.5554125475819203 0.5056569074413617 0.4710705541019293 0.5338237336949061 0.5056346445793097 0.32552443221905075 0.5687191612501157 0.4644815709333565 0.4702398598799732 
0.0 0.0 0.52889679675316 0.46931925750374215 0.41083323468957256 0.5027663456165542 0.4558605007417903 0.5602894304890897 0.4694968600975764 0.5277564450872485 0.4929367841440923 0.5553392480531002 0.5056093911077487 0.4711264487041833 0.534147396890658 0.5056433232005141 0.3255271762260677 0.5687191420754099 0.4644815314974727 0.47024003854437163 
8.27455800956646E-6 1.848345763805219E-14 0.5288964432578377 0.46939203386659845 0.4108308615552532 0.5027664916712317 0.45586034894159155 0.5602904099659957 0.47041560151644995 0.5277830510500192 0.4929797717045431 0.5554128316253117 0.5056378329873281 0.4711275446440181 0.5341624398727801 0.5056434834702871 0.3255244400370961 0.5687191409960662 0.4644815709333565 0.4702399565786344 
8.27455800956646E-6 1.3522843380869215E-16 0.5288964473620933 0.46931821227226034 0.41083142865401895 0.5027664901634823 0.4558607038172917 0.5602904084557373 0.4704281634407433 0.5277830510500192 0.4929797717045431 0.5554163820148459 0.5056378329873281 0.47106880366607906 0.5339382502407551 0.5056372143465392 0.3255244400370961 0.5687191409960662 0.46448157183299776 0.4702400480209683 
7.888218652942392E-6 2.0507714359607558E-16 0.5288923977196446 0.46938922791070653 0.41279416811806896 0.5027665911802797 0.45585957767654744 0.5602904730738352 0.46949682159415285 0.5277641494450735 0.49299631362714336 0.5553848539180817 0.5055299842222424 0.47064415394527387 0.5339379637743905 0.505643719398726 0.3255247735183167 0.5687191628133609 0.4644815313859954 0.4702400094736349 
3.666269770245588E-7 8.050376131867967E-16 0.5288964473620933 0.46931826949658356 0.4108308581927547 0.5027663982981635 0.45586035678911946 0.5602904107208135 0.4703919480122597 0.5277628777266892 0.4929998731311938 0.5554125475819203 0.5056569074413617 0.4710705541019293 0.5338381238804539 0.50563458889426 0.32552443221905075 0.5687191612501157 0.4644815709333565 0.4702398598799732 
0.0 6.814286485981531E-17 0.5288966980962148 0.4693896831184448 0.41280292636843674 0.5027663449394865 0.45586000628186607 0.5602904157905062 0.46949685188331847 0.5277884262074637 0.49299518182482444 0.5553864960081305 0.5055299830433166 0.4711273211653368 0.533932570803516 0.5056438106909079 0.3255081272856115 0.5687191628397184 0.4644815304862542 0.47023884909803193 
0.0 6.814286485981531E-17 0.5288966980962148 0.4693896831184448 0.41280292636843674 0.5027663449394865 0.45586000628186607 0.5602904157905062 0.46949685188331847 0.5277884262074637 0.49299518182482444 0.5553864960081305 0.5055299830433166 0.4711273211653368 0.533932570803516 0.5056438106909079 0.3255081272856115 0.5687191628397184 0.4644815304862542 0.47023884909803193 
2.850418102420092E-16 2.462507362712078E-16 0.5288964473620933 0.46931826949658356 0.41083203327409595 0.5027663982981635 0.45586035678911946 0.5602904351090978 0.4703919480122597 0.5277628777266892 0.4929998731311938 0.5554125475819203 0.5056569074413617 0.4710705541019293 0.5338237336949061 0.5056346445793097 0.32552443221905075 0.5687191612501157 0.4644815709333565 0.4702398598799732 
0.0 0.0 0.5288143725425692 0.4693181152137757 0.410817718146461 0.5027663937925055 0.45586050249823645 0.5602904419231292 0.4694968622043954 0.5277645002643137 0.49293813931465 0.555388462152719 0.5056092734865446 0.47120846582795756 0.5341754842952751 0.5056371229301837 0.3255272794439617 0.5687191624391684 0.4644814208081158 0.4702400358965847 
0.0 0.0 0.5288143725425692 0.4693181152137757 0.410817718146461 0.5027663937925055 0.45586050249823645 0.5602904419231292 0.4694968622043954 0.5277645002643137 0.49293813931465 0.555388462152719 0.5056092734865446 0.47120846582795756 0.5341754842952751 0.5056371229301837 0.3255272794439617 0.5687191624391684 0.4644814208081158 0.4702400358965847 
7.888218652942392E-6 2.0507714359607558E-16 0.5288111995865148 0.46930912801781843 0.41279416811806896 0.5027665911802797 0.4558509356824033 0.5602904730738352 0.46949658848134734 0.5277641494450735 0.4929962973834768 0.5553848539180817 0.5055298920913927 0.47064415394527387 0.5339379637743905 0.505643719398726 0.3255245522852914 0.5687191628133609 0.46448153139327175 0.47024004871470515 
0.005549799950953463 1.9254034137966666E-14 0.5288958996156096 0.46939069334342454 0.4128163478294305 0.5027663449472284 0.45586095630768375 0.5602904384652756 0.46949685212785436 0.5277886512304074 0.4929925441446979 0.5556177511654077 0.5055961733876868 0.471129014073466 0.5339326722675163 0.5056437938528319 0.3255270173810868 0.5687191897839606 0.46448139087801804 0.4702392811953563 
0.0 6.814286485981531E-17 0.5288966980962148 0.469390621697889 0.4128163478294305 0.5027663449394865 0.4558602853164741 0.5602904157905062 0.46949685188331847 0.5277884262074637 0.4929925441446979 0.5553864960081305 0.5055299830433166 0.4711273211653368 0.5339326722675163 0.5056437938528319 0.32550812417229885 0.5687191716567214 0.46448139087801804 0.4702392811953563 
0.0 2.462507362712078E-16 0.5288966959115714 0.46939089718576954 0.4128161861208561 0.5027663535222775 0.4558602779670235 0.5602904102252995 0.4694957932201003 0.5277879527022108 0.4929951868909922 0.5553864960081305 0.5055299833205178 0.4711273211653368 0.533932570803516 0.5056438106909079 0.3255062744437916 0.5687191713570673 0.46448153069106596 0.47023926526632315 
2.850418102420092E-16 2.462507362712078E-16 0.5288964473620933 0.46931826949658356 0.41083132199242967 0.5027664592150568 0.45586035678911946 0.5602904099659957 0.4704257001086749 0.5277628777266892 0.4929998731311938 0.5554128316253117 0.5056373346165675 0.4710705313153183 0.5338237336949061 0.5056346445793097 0.325524432225857 0.5687191611726726 0.4644815709333565 0.4702398598799732 
0.0 0.0 0.5288966994993151 0.46938926856953245 0.41088263035365125 0.5027663740249061 0.4558602853164741 0.5602893879674061 0.46949685188331847 0.5277893225171901 0.4929925441446979 0.5553580627562814 0.5055300563363382 0.47112935191397276 0.5339326722675163 0.5056437938528319 0.3255085211732177 0.5687191703066585 0.46448139087801804 0.4702392666714529 
0.0 6.814286485981531E-17 0.5288154999630851 0.46930958322555677 0.41280292636843674 0.5027663449394865 0.45585136428772194 0.5602904157905062 0.46949661877051296 0.5277884262074637 0.49299516558115786 0.5553864960081305 0.5055298909124669 0.4711273211653368 0.533932570803516 0.5056438106909079 0.3255079060525862 0.5687191628397184 0.4644815304935305 0.47023888833910216 
0.0 2.462507362712078E-16 0.5288964473620933 0.4693184426733658 0.4108313477336671 0.5027471041276512 0.45585102485371903 0.5602864011275754 0.4695180951057947 0.5276841172823226 0.4929367331463435 0.5553116540991828 0.5055765725819604 0.47033993209884223 0.533932606216145 0.5056332052560116 0.325524432225857 0.5687190459877306 0.46447448326749136 0.47023981287398037 
8.091690161993531E-8 2.462507362712078E-16 0.5288964473620933 0.46931826949658356 0.41083132199242967 0.5027664592150568 0.45585113319530257 0.5602904099659957 0.4704257001086749 0.5277628777266892 0.49297697442004174 0.5554128316253117 0.5056373346165675 0.4710705313153183 0.5338237336949061 0.5056346445793097 0.32550814876471545 0.5687191611726726 0.4644815317126534 0.470235223278602 
2.3928774517784674E-7 0.0 0.5288964473620933 0.4693101059029396 0.4108177955045358 0.5027664974214093 0.45585098521156303 0.5602904099659957 0.4704257001086749 0.5277830510500192 0.49293426763035997 0.5554128316253117 0.5056378329873281 0.47098956983109075 0.5338005969843181 0.5056346445793097 0.325507911741416 0.5687191394418182 0.4644815709333565 0.4702399466000999 
8.358643917669896E-12 6.814286485981531E-17 0.5288976170588113 0.4693905258276735 0.41277084659754903 0.5027663449394865 0.45586005356578957 0.5602904261246876 0.4694968578811261 0.5277884262074637 0.49299518182482444 0.5553864960081305 0.5055355295769931 0.4711273211653368 0.5339381771508446 0.5056436377471615 0.32550812867049134 0.5687191628397184 0.4644815304862542 0.47023884909803193 
0.0 0.0 0.5288967713797684 0.4694076031723408 0.4108172617904723 0.5027461670712825 0.45586024584256496 0.560289962816785 0.4694965337360913 0.5276915880355001 0.4929373326592842 0.5553570685231848 0.5055766874239921 0.47108791841686987 0.5339449999234751 0.5055741813427209 0.32552544755305574 0.5687190453006535 0.46447415988594487 0.47024488626508415 
0.0 2.0507714359607558E-16 0.5288952732479728 0.46932438363201456 0.4108172617904723 0.5027461670712825 0.45585062599951537 0.5602865821166733 0.4694965337360913 0.5276915880355001 0.4929373326592842 0.5553114154140448 0.5055766874239921 0.4703413282166904 0.5339372988049471 0.5055741813427209 0.32552544755305574 0.5687190453006535 0.46447415988594487 0.47018804194067204 
0.0 1.663535732580675E-16 0.5288331384205402 0.4693103312452009 0.4108177076842302 0.5027666321927694 0.4558513948003481 0.5602895424225809 0.4694966070732039 0.5277770819359348 0.49293662410789246 0.5553883448340944 0.505574043297319 0.47098809976288425 0.5339379637743905 0.505642859470701 0.3255078121311197 0.5687191623419912 0.4644812780558649 0.4702369700682429 
0.0 2.0507714359607558E-16 0.5288952732479728 0.46932438363201456 0.4108172617904723 0.5027461670712825 0.45585062599951537 0.5602865821166733 0.4694965337360913 0.5276915880355001 0.4929373326592842 0.5553114154140448 0.5055766874239921 0.4703413282166904 0.5339372988049471 0.5055741813427209 0.32552544755305574 0.5687190453006535 0.46447415988594487 0.47018804194067204 
8.27455800956646E-6 2.462507362712078E-16 0.5288964473620933 0.46931821227226034 0.41083115501376355 0.5027664916712317 0.45586034894159155 0.5602904099659957 0.4704257001086749 0.5277830510500192 0.4929797717045431 0.5554128316253117 0.5056378329873281 0.4710645698752538 0.5338023184830909 0.5056346445793097 0.3255244400370961 0.5687191409960662 0.4644815709333565 0.4702399466000999 
8.27455800956646E-6 2.462507362712078E-16 0.5288964473620933 0.46931821227226034 0.41083115501376355 0.5027664916712317 0.45586034894159155 0.5602904099659957 0.4704257001086749 0.5277830510500192 0.4929797717045431 0.5554128316253117 0.5056378329873281 0.4710645698752538 0.5338023184830909 0.5056346445793097 0.3255244400370961 0.5687191409960662 0.4644815709333565 0.4702399466000999 
2.3928774517784674E-7 0.0 0.5288964503753711 0.469313643507996 0.4108177955045358 0.5027664974214093 0.45585098521156303 0.5602904098663212 0.4704168659984833 0.5277830510500192 0.49293426763035997 0.5553873443958375 0.5055307225274455 0.4709773078866824 0.5337972114398774 0.5056346445793097 0.325507911741416 0.568719138682179 0.4644815323265343 0.47023985276587194 
0.0 0.0 0.5288934147574431 0.4693103312452009 0.41081782246016707 0.5027666321927694 0.45585093592895926 0.5602895104360803 0.46949660707110036 0.5277772625387355 0.4929366175348983 0.555433970238846 0.505574547995906 0.47098809976288425 0.5339379637743905 0.505642859470701 0.32550794733824456 0.5687191623419912 0.4644816081202332 0.4702402356688137 
0.0 0.0 0.5288934147574431 0.4693103312452009 0.41081782246016707 0.5027666321927694 0.45585093592895926 0.5602895104360803 0.46949660707110036 0.5277772625387355 0.4929366175348983 0.555433970238846 0.505574547995906 0.47098809976288425 0.5339379637743905 0.505642859470701 0.32550794733824456 0.5687191623419912 0.4644816081202332 0.4702402356688137 
0.0 6.386935005398738E-17 0.5288952996680334 0.4693103312452009 0.410818094300403 0.5027666299484681 0.4558507728015726 0.5602895104360803 0.46949248597136367 0.5277637806087683 0.4929530212233306 0.5554141302747204 0.5055951190100278 0.47098809976288425 0.5339327915477496 0.5056334935578954 0.32550626139138755 0.5687191622548551 0.4644813787671535 0.47023689942204794 
0.0 0.0 0.5288934147574431 0.4693103312452009 0.41081782246016707 0.5027666321927694 0.45585093592895926 0.5602895104360803 0.46949660707110036 0.5277772625387355 0.4929366175348983 0.555433970238846 0.505574547995906 0.47098809976288425 0.5339379637743905 0.505642859470701 0.32550794733824456 0.5687191623419912 0.4644816081202332 0.4702402356688137 
0.0 1.663535732580675E-16 0.5288967570032267 0.4694037415504877 0.4108182209305664 0.5027663439191072 0.45586020280714823 0.5602899997755608 0.46949684596880514 0.5277836000288082 0.49299311393299733 0.555357142306288 0.5055774638545248 0.4711281915723582 0.533945015028775 0.5056425008515404 0.3255271944322374 0.5687191610976564 0.4644815304862542 0.47024496352086953 
0.0 2.0507714359607558E-16 0.5288964590168878 0.469317078071569 0.4128209705154608 0.5027663375385202 0.45585098257856604 0.5602904102252995 0.4694624005274441 0.5277622898121268 0.4929952525864849 0.5554133371755262 0.5055261596838103 0.47112737672995625 0.533932766357867 0.5056438106909079 0.3255062744437916 0.5687191622694188 0.46448153069106596 0.47023874411328204 
8.27455800956646E-6 2.462507362712078E-16 0.5288964473620933 0.46931826949658356 0.4108313203680278 0.5027664592150568 0.45586034894159155 0.5602904099659957 0.4704257001086749 0.5277628777266892 0.4929815059357083 0.5554128316253117 0.5056373346165675 0.4710645698752538 0.5338023184830909 0.5056346445793097 0.3255244400370961 0.5687191409960662 0.4644815709333565 0.4702398598799732 
3.4008254232389837E-6 2.0507714359607558E-16 0.5288524832954484 0.46932843142477915 0.41081708192901395 0.5027462822395358 0.45585062599951537 0.560286693401027 0.46949653135004327 0.5276915880355001 0.49293527835737816 0.5553114154140448 0.505576677556333 0.4703413282166904 0.5339372988049471 0.5055741813427209 0.32552544755305574 0.5687190447544814 0.46447415988594487 0.47018804194067204 
3.400288470208838E-6 1.2817356618270194E-15 0.5288959662177968 0.46938878623431735 0.4127647634179731 0.5027663449810321 0.455850698946087 0.560290126276788 0.4694968587780795 0.5277661319473754 0.4929921895382958 0.5553595707198836 0.5055298182384926 0.4711273840176206 0.5339327878534333 0.5056434751684556 0.3255081275455291 0.5687190416429703 0.4644815304862542 0.4702353219228108 
0.0 6.386935005398738E-17 0.5288952996680334 0.46931034193049204 0.410818094300403 0.5027666299484681 0.4558507728015726 0.5602895103464909 0.46949248597136367 0.5277637806087683 0.4929530212233306 0.5554154350499548 0.5055937470918309 0.47098809976288425 0.5339327915477496 0.5056394637903978 0.32550626139138755 0.5687191623352933 0.4644813787671535 0.47023689942204794 
0.0 0.0 0.5288952996680334 0.4693103312452009 0.4108093204217908 0.5027662608323732 0.4558509358033509 0.5602895066958243 0.46949658833140884 0.5277641494450735 0.4929363961209348 0.5554163847574886 0.5055742696370857 0.47098809976288425 0.5339379637743905 0.5056371837058575 0.3255078121311197 0.5687191623419912 0.46448152991736824 0.47024004812889003 
0.0 1.663535732580675E-16 0.5288967570032267 0.4694037415504877 0.4108177808323568 0.5027663439191072 0.45586020280714823 0.5602900031203883 0.46949684596880514 0.5277836003891943 0.49299311393299733 0.5553571925122209 0.5055774638545248 0.4711281915723582 0.5339458763885967 0.5056425020414448 0.3255089260451885 0.5687191610976564 0.4644815304862542 0.47024496352086953 
0.0 2.0507714359607558E-16 0.5288107164725013 0.46931063024764424 0.4108177702026153 0.5027665831144399 0.45585176583776926 0.5602895104360803 0.4694965888861978 0.5277641494450735 0.4929363645261272 0.5554163847574886 0.5055742696370857 0.4709880751312338 0.5339379637743905 0.5056371484238088 0.3255078121311197 0.5687191623419912 0.46448152991736824 0.47024004812889003 
0.0 2.462507362712078E-16 0.5288964508099255 0.469317078071569 0.41280292636843674 0.5027663535222775 0.4558599831587001 0.5602904102252995 0.4694632515990701 0.5277629979343553 0.4929952525864849 0.5553864960081305 0.5055298270148572 0.4711273211653368 0.533932570803516 0.5056438106909079 0.3255062744437916 0.568719162269479 0.46448153069106596 0.4702388419371527 
0.0 2.462507362712078E-16 0.5288964508099255 0.469317078071569 0.41280292636843674 0.5027663535222775 0.4558599831587001 0.5602904102252995 0.4694632515990701 0.5277629979343553 0.4929952525864849 0.5553864960081305 0.5055298270148572 0.4711273211653368 0.533932570803516 0.5056438106909079 0.3255062744437916 0.568719162269479 0.46448153069106596 0.4702388419371527 
0.0 2.462507362712078E-16 0.5288964508099255 0.469317078071569 0.41280292636843674 0.5027663535222775 0.4558599831587001 0.5602904102252995 0.4694632515990701 0.5277629979343553 0.4929952525864849 0.5553864960081305 0.5055298270148572 0.4711273211653368 0.533932570803516 0.5056438106909079 0.3255062744437916 0.568719162269479 0.46448153069106596 0.4702388419371527 
0.0033521331536087162 2.0507714359607558E-16 0.5288952732479728 0.46932438363201456 0.4108172617904723 0.5027461670712825 0.45585062599951537 0.5602865821166733 0.4694965337360913 0.5276915880355001 0.4929373326592842 0.5553114154140448 0.5055766874239921 0.4703413282166904 0.5339372988049471 0.5055741813427209 0.32552544755305574 0.5687190453006535 0.46447415988594487 0.47018804194067204 
0.0 6.814286485981531E-17 0.5288966954929079 0.469390621697889 0.41082535409377335 0.5027663449394865 0.4558602853164741 0.5602901138490338 0.46949684589699037 0.5277884262074637 0.4929925441446979 0.5553864960081305 0.5055322043874775 0.4711273198937867 0.5339326722675163 0.5056424825334245 0.3255085022795266 0.5687191716567214 0.46448139087801804 0.4702392811953563 
0.0 1.3522843380869215E-16 0.5288964511905332 0.4693158110472805 0.4108177124353878 0.5027663439191072 0.45585122235102904 0.560290126276788 0.4694965936960112 0.5277661319473754 0.49299518182482444 0.5553605942650333 0.5055314074218619 0.47106933823649644 0.533932570803516 0.5055675471835352 0.3255081272856115 0.5687191449713656 0.4644815304862542 0.4702353219228108 
0.0 0.0 0.5288737976498307 0.46931826949658356 0.4108316500879213 0.5027663521119189 0.4558601107938844 0.560290400854976 0.4694968343232734 0.5277253697578581 0.492936554955692 0.5552991393250236 0.5055668220254437 0.4710741979623717 0.5339352499551441 0.5056383848308529 0.325524432225857 0.5687191595475434 0.46448104671142915 0.47023972806990855 
0.0 2.0507714359607558E-16 0.5288107164725013 0.46931063024764424 0.4108177702026153 0.5027665831144399 0.4558518008304463 0.5602904199457219 0.4694965888861978 0.5277659813216665 0.4929804961939021 0.5554163847574886 0.5055742696370857 0.4712055211411126 0.5341519073687787 0.5056372345272274 0.3255273672638541 0.5687191623561494 0.46448152991736824 0.47024004812889003 
0.0 2.2116647268743566E-14 0.5288934758127039 0.4693909748086109 0.41081776976329343 0.5027663513679582 0.4558509510655015 0.5602895028220515 0.46949684596880514 0.5277645130169771 0.49299518182482444 0.5553596311064828 0.5055742695436324 0.47098674129644397 0.533933730253285 0.505639414973732 0.32552385175560117 0.5687191599875803 0.464481529949431 0.4702354789231016 
8.293505252189457E-6 1.9082850439573122E-16 0.5288964471188259 0.4693099831528889 0.4108308617710126 0.5027662687429914 0.4558604059418516 0.5602895203220559 0.46949658849003545 0.5277832586900185 0.49299518182482444 0.555412583850504 0.5056386702302773 0.4709753820327255 0.5341704432182932 0.5056373350857224 0.3255244300508891 0.5687191599176157 0.46448157045198973 0.47023601309622265 
2.850418102420092E-16 6.814286485981531E-17 0.5288966946483825 0.46939087454345935 0.4108313477336671 0.5027666334563505 0.4558508919278324 0.5602895471807543 0.46949897725153034 0.5277763833765404 0.49293669324807227 0.5554143429819562 0.5055741474265021 0.4709869923423339 0.533932606216145 0.5056332052560116 0.3255077507472943 0.5687191623513276 0.4644812764927509 0.47023982003485953 
0.0419612744676035 0.23385268256598898 0.5288956949994639 0.4693102075756509 0.4108177702026153 0.5027666321927694 0.45585093582166436 0.5602904359616783 0.46949660840424007 0.5277818714119398 0.49293599601142474 0.5554336762178096 0.5055753692421638 0.47098809976288425 0.5341647104850105 0.5056428583500536 0.32552760458450286 0.5687191639807605 0.4644816220688449 0.4702392964660805 
0.0 0.033225646943784 0.5288964508099255 0.469317078071569 0.4128209705154608 0.5027666336101951 0.45585967072282324 0.5602904102252995 0.4694632515990701 0.5277629979343553 0.4929952525864849 0.5554133371755262 0.5055298270148572 0.4711273211653368 0.533932766357867 0.5056438106909079 0.3255062744437916 0.5687191622694188 0.46448153069106596 0.47023881685749463 
0.0 1.4480257306115092E-16 0.5288967570032267 0.4694037415504877 0.4108182209305664 0.5027663435365574 0.45586020358050555 0.5602900160762613 0.4694965868094152 0.5277644936353564 0.492916913149909 0.555357142306288 0.5055780696687091 0.4711257401738257 0.533945015028775 0.5056368978161313 0.3255236559194523 0.5687191610339568 0.4644815304862542 0.47024496352086953 
0.0 1.663535732580675E-16 0.5288953333724772 0.46939280453613824 0.4108177698645001 0.5027663439191072 0.4558509509530287 0.5602901065054479 0.46949660228161405 0.5277769985961663 0.49299518182482444 0.5553626866092141 0.5055297985439179 0.4711273124966882 0.5339327360020607 0.5056441637644385 0.3255078069572631 0.5687191600582344 0.46448152952535016 0.4702353457184472 
0.0 0.0 0.5288737976498307 0.4693181991338879 0.4108316500879213 0.5027663515023484 0.4558601107938844 0.5602903572784619 0.46949687161897813 0.5277253697578581 0.4929365618638452 0.5554180953353546 0.5056206917133836 0.4710741979623717 0.5339379979176359 0.5056383848308529 0.32552445508397615 0.5687191623241703 0.46448153149404 0.47024433536600524 
0.0 2.0507714359607558E-16 0.5288967570032267 0.4694037415504877 0.4108182209305664 0.5027663439191072 0.45586020280714823 0.5602899997732058 0.46949684596880514 0.5277835293945441 0.49299311393299733 0.555357142306288 0.5055774638545248 0.4711281915723582 0.5339315615145908 0.5056424380869036 0.3255271944322374 0.5687191610976564 0.4644815304862542 0.47024496352086953 
1.6952914905336283E-9 2.2377933317888473E-14 0.5288098095110795 0.46939132290092295 0.4108172966997618 0.5027663446582279 0.45586041387323806 0.5602900929881749 0.469496845812475 0.527791238421774 0.49293639768988257 0.5556432519314746 0.5056176927421421 0.47112931433079763 0.5341612294234276 0.5056434387146239 0.3255079510759572 0.5687191623445995 0.46448143619235305 0.47023943854626293 
1.6952914905336283E-9 2.2377933317888473E-14 0.5288098095110795 0.46939132290092295 0.4108172966997618 0.5027663446582279 0.45586041387323806 0.5602900929881749 0.469496845812475 0.527791238421774 0.49293639768988257 0.5556432519314746 0.5056176927421421 0.47112931433079763 0.5341612294234276 0.5056434387146239 0.3255079510759572 0.5687191623445995 0.46448143619235305 0.47023943854626293 
3.303122138413623E-4 1.9441716615534316E-14 0.5288516987005623 0.46938883959307626 0.4108303425225972 0.5027663400127754 0.4558609465936683 0.560290438169078 0.46949683796670233 0.5277656031872975 0.4929769036409519 0.5553892088624449 0.5055960938744118 0.47112901764252896 0.5341590477976619 0.505643522512439 0.32552730496868737 0.5687190475004585 0.464474425960495 0.4702387252428737 
8.314570489936967E-6 2.0507714359607558E-16 0.5288953038007375 0.4693103312452009 0.4108311548429495 0.5027666320338983 0.4558509323051709 0.5602901287413617 0.46949660681822225 0.5277770819359348 0.4929460051823041 0.555433970238846 0.5056117415505769 0.47098809976288425 0.5341585670845308 0.5056435162329207 0.3255078121311197 0.5687191622154089 0.4644816081202332 0.4702391466005985 
8.314570489936967E-6 2.0507714359607558E-16 0.5288953038007375 0.4693103312452009 0.4108311548429495 0.5027666320338983 0.4558509323051709 0.5602901287413617 0.46949660681822225 0.5277770819359348 0.4929460051823041 0.555433970238846 0.5056117415505769 0.47098809976288425 0.5341585670845308 0.5056435162329207 0.3255078121311197 0.5687191622154089 0.4644816081202332 0.4702391466005985 
8.314570489936967E-6 2.0507714359607558E-16 0.5288953038007375 0.4693103312452009 0.4108311548429495 0.5027666320338983 0.4558509323051709 0.5602901287413617 0.46949660681822225 0.5277770819359348 0.4929460051823041 0.555433970238846 0.5056117415505769 0.47098809976288425 0.5341585670845308 0.5056435162329207 0.3255078121311197 0.5687191622154089 0.4644816081202332 0.4702391466005985 
2.6019166638821317E-4 5.079244369042674E-16 0.5288530359792306 0.4693887679475407 0.4108416583081913 0.5027663387751344 0.4558602756024587 0.5602904154943087 0.4694968377221665 0.5277682719939456 0.4929750848303899 0.5554082680967813 0.5055300903688663 0.47112413755970706 0.5341590477976619 0.505643522512439 0.3255084136697378 0.5687191628568046 0.464481410864369 0.47024005854143236 
0.0 2.1218397999878583E-14 0.5288961454253732 0.46938825016577024 0.4108313458261819 0.5027664582391276 0.455860464678587 0.5602904002609919 0.46949687492998626 0.527786845372454 0.4929219311379671 0.5553529222048279 0.5056198888515745 0.4712056636346661 0.5341530103412772 0.5056438621373682 0.3255239847009681 0.5687191621314879 0.4644816038930694 0.4702448160199871 
1.8573272309863107E-14 0.0 0.5288105217856611 0.4693094885359722 0.41084162224825516 0.5027664019656726 0.4558508885194274 0.5602895001018989 0.4694965823343758 0.5277641494450735 0.4929363834900415 0.5554163847574886 0.5055300804375599 0.47098809976288425 0.5339323574270619 0.5056397297616307 0.32550781470969786 0.5687191623419918 0.46448143383259183 0.47024004812889003 
1.8573272309863107E-14 0.0 0.5288105217856611 0.4693094885359722 0.41084162224825516 0.5027664019656726 0.4558508885194274 0.5602895001018989 0.4694965823343758 0.5277641494450735 0.4929363834900415 0.5554163847574886 0.5055300804375599 0.47098809976288425 0.5339323574270619 0.5056397297616307 0.32550781470969786 0.5687191623419918 0.46448143383259183 0.47024004812889003 
0.0 2.124916891872228E-14 0.5288952996680334 0.46938661193333664 0.4108093204217908 0.5027662608323732 0.4558509358033509 0.5602895066958243 0.46949658833140884 0.5277641494450735 0.4929363961209348 0.5554133153375638 0.5055742696370857 0.47098809976288425 0.5339379637743905 0.5056371837058575 0.32552342361876 0.5687191623419912 0.46448147984035015 0.47024004675932346 
2.850418102420092E-16 2.0507714359607558E-16 0.5288104564896404 0.4693103077217038 0.4108177959587001 0.502766462219674 0.4558518074462757 0.5602904199457219 0.4694962325167088 0.5277627828598781 0.4929804961939021 0.5554163847574886 0.5055742696370857 0.4712055211411126 0.5341519073687787 0.5056372345272274 0.32552446221601283 0.5687191611773355 0.46448152842554247 0.47024004812889003 
0.043653270755966304 0.23385268256598898 0.5288017321640244 0.4693101968903597 0.4108177702026153 0.5027666321927694 0.45585093580301217 0.5602895063617002 0.46949658904535674 0.5277657753738351 0.492936398622728 0.5554141317309619 0.5055374548310457 0.47098809976288425 0.5339423368885069 0.5056334318183631 0.32552732807934653 0.5687191622615414 0.4644815903419234 0.47023689942204794 
0.06301053240547333 0.2242617393291817 0.5288017321640244 0.4693101968903597 0.4108177702026153 0.5027666321927694 0.45585137376338214 0.5602895063617002 0.46949658904535674 0.5277657753738351 0.4929366286168036 0.5554139767175723 0.5055742277996015 0.47098809976288425 0.533942300817298 0.5056334318183631 0.32552732807934653 0.5687191622615414 0.4644815903419234 0.4702369731303043 
3.303122138413623E-4 0.23658020209547326 0.5288952687196361 0.46939111125559285 0.4108303632631407 0.5027663930586201 0.45586104104260455 0.5603077668849038 0.4694968527022064 0.5277818672125418 0.49297750574856586 0.5554339970681373 0.5055949078769594 0.47120556161047755 0.5341623066702104 0.5056434986231877 0.32552732814038 0.5687191622796393 0.4644817018096852 0.4702386876187495 
0.04156866710166923 0.23385268256598898 0.5288953454524626 0.4693102075756509 0.4108177702026153 0.5027666321927694 0.45585093576099206 0.5602895207666095 0.4694966084302548 0.5277781344906364 0.49299378760295814 0.5554331987183172 0.5055716393493128 0.47098809976288425 0.5339384185553062 0.5056430230203076 0.3255272909144953 0.5687191623419912 0.4644815901968173 0.47023689942204794 
0.05114606868702067 2.0507714359607558E-16 0.5288521892954522 0.4693908065254906 0.4108170151885994 0.502766338800101 0.4558510248283093 0.5602904466000235 0.46949685417129217 0.5277836000288082 0.49298216198402706 0.5553614832718093 0.5055956044487572 0.4711281915723582 0.5341467504702128 0.5056423695737008 0.32552730755565573 0.5687191646922644 0.4644811700402545 0.47024496352086953 
0.0 0.23150609164527042 0.5288953003453527 0.4693092366163611 0.4108177701965454 0.5027662609013299 0.45585095097430817 0.5602901065054479 0.4694965727602771 0.5277892508421352 0.49299518182482444 0.5554322307337883 0.5056187545740043 0.47098903951167664 0.5339337785586712 0.5056428944903382 0.32550792334827 0.5687191623251413 0.464481530384455 0.47023542459540746 
3.303122138413623E-4 0.23658020209547326 0.5288952687196361 0.46939111125559285 0.4108303632631407 0.5027663930586201 0.45586104104260455 0.5603077668849038 0.4694968527022064 0.5277818672125418 0.49297750574856586 0.5554339970681373 0.5055949078769594 0.47120556161047755 0.5341623066702104 0.5056434986231877 0.32552732814038 0.5687191622796393 0.4644817018096852 0.4702386876187495 
0.0 0.0 0.5288968174286721 0.46931842394161166 0.4108177702026153 0.5027666559787964 0.4558509323051709 0.5602895104360803 0.4694968662765713 0.5277770819359348 0.49293662297455937 0.5557008972449688 0.5056085816113951 0.471071864253739 0.5341424449718649 0.5056433450599794 0.32552708917373846 0.5687191621127828 0.4644816082830802 0.47024003587074165 
0.043653270755966304 0.23385268256598898 0.5288017321640244 0.4693102075756509 0.4108177702026153 0.5027666321927694 0.45585093580301217 0.5602895062721108 0.46949658904535674 0.5277657753738351 0.492936398622728 0.5554154365061962 0.5055360829128488 0.47098809976288425 0.5339423368885069 0.5056394020508655 0.32552732807934653 0.5687191623419796 0.4644815903419234 0.47023689942204794 
0.0 0.0 0.5288953720621168 0.46939206943745077 0.4108093204217908 0.5027666279998646 0.4558509358033509 0.5602895066958243 0.46949686153993686 0.5277641494450735 0.4929363961209348 0.5554163847574886 0.5055742696370857 0.4711237268665583 0.5339379698928121 0.5056371837058575 0.32552374053845085 0.5687191623419912 0.4644815899115797 0.4702399992691302 
0.0 0.23150609164527042 0.5288953727394361 0.4693909748086109 0.4108177701965454 0.5027666280688212 0.45585095097430817 0.5602901065054479 0.46949684596880514 0.5277892508421352 0.49299518182482444 0.5554322307337883 0.5056187545740043 0.47112466661535063 0.5339337846770928 0.5056428944903382 0.32552385175560117 0.5687191623251413 0.4644815903786664 0.47023537573564755 
3.209135518249512E-4 2.0378231814288748E-14 0.5288953754670372 0.4693918353299958 0.4108332986850993 0.5027666470379528 0.4558605477823833 0.5602904532936455 0.46949685314867307 0.5277770597821532 0.49297628330252574 0.5556992324789458 0.5055742696370857 0.47098809976288425 0.5341619195400493 0.505643481141108 0.32552661600761934 0.5687191623147546 0.4644821447981386 0.47023928893326167 
0.028096028507116455 0.23284477303488105 0.5288950475244663 0.4693837391191591 0.4108177587276377 0.502766634579579 0.4558509461500295 0.5602900908568953 0.4694968167831592 0.5277836000288082 0.4929836229683487 0.5553614832718093 0.5055772316292626 0.47113315496917896 0.5339424625930763 0.5056425008515404 0.3255267008273705 0.5687190447593521 0.4644815827851086 0.47024513059080203 
