-19401.0 -18410.0 
-18342.0 -19382.0 
-18342.0 -19382.0 
-18463.0 -19373.0 
-18617.0 -19306.0 
-18765.0 -19208.0 
-18847.0 -19160.0 
-18469.0 -19342.0 
-19284.0 -18636.0 
-18638.0 -19276.0 
-19291.0 -18581.0 
-18385.0 -19378.0 
-18853.0 -19117.0 
-18933.0 -19046.0 
-18918.0 -19074.0 
-18559.0 -19307.0 
-19140.0 -18834.0 
-18721.0 -19215.0 
-18640.0 -19250.0 
-18787.0 -19177.0 
-18517.0 -19339.0 
-18977.0 -19014.0 
-18795.0 -19171.0 
-18872.0 -19097.0 
-18942.0 -19026.0 
-19335.0 -18551.0 
-19103.0 -18852.0 
-19229.0 -18696.0 
-19395.0 -18433.0 
-18700.0 -19234.0 
-18673.0 -19243.0 
-18385.0 -19378.0 
-19016.0 -18962.0 
-19256.0 -18652.0 
-19173.0 -18774.0 
-19234.0 -18674.0 
-19338.0 -18520.0 
-19214.0 -18703.0 
-19380.0 -18438.0 
-18902.0 -19086.0 
-19321.0 -18568.0 
-19097.0 -18873.0 
-18541.0 -19320.0 
-19145.0 -18803.0 
-19080.0 -18887.0 
-19030.0 -18945.0 
-18860.0 -19101.0 
-19206.0 -18736.0 
-19155.0 -18784.0 
-18978.0 -19003.0 
-18674.0 -19236.0 
-18982.0 -18984.0 
-19177.0 -18763.0 
-19348.0 -18500.0 
-19066.0 -18926.0 
-19053.0 -18931.0 
-19117.0 -18843.0 
-19078.0 -18906.0 
-19018.0 -18951.0 
-19326.0 -18559.0 
-19378.0 -18457.0 
-19091.0 -18880.0 
-19153.0 -18791.0 
-19245.0 -18670.0 
-19191.0 -18758.0 
-19376.0 -18464.0 
-19256.0 -18652.0 
-19198.0 -18743.0 
-18902.0 -19086.0 
-19213.0 -18721.0 
-18533.0 -19322.0 
-18993.0 -18972.0 
-19361.0 -18486.0 
-19348.0 -18500.0 
-19338.0 -18520.0 
-19284.0 -18636.0 
-18984.0 -18975.0 
-19304.0 -18578.0 
-19117.0 -18843.0 
-19078.0 -18906.0 
-19193.0 -18750.0 
-18710.0 -19223.0 
-19045.0 -18938.0 
-19367.0 -18474.0 
-18942.0 -19026.0 
-19361.0 -18486.0 
-19304.0 -18578.0 
-18795.0 -19171.0 
-18993.0 -18972.0 
-18517.0 -19339.0 
-18559.0 -19307.0 
-18710.0 -19223.0 
-18533.0 -19322.0 
-19145.0 -18803.0 
-18847.0 -19160.0 
-19066.0 -18926.0 
-19213.0 -18721.0 
-19367.0 -18474.0 
-19045.0 -18938.0 
-19245.0 -18670.0 
