5.469944428935297 16.223059035934963 
16.388082819064323 4.39009433330953 
5.5488131430291485 16.194021059361646 
16.454526554041998 4.140720206552448 
7.376570374760134 15.343341358149257 
13.60664196370344 10.145990016897466 
13.60664196370344 10.145990016897466 
15.325777975397134 7.321139959012944 
16.65335492258703 3.329846513745431 
10.342650641281686 13.450956513239104 
16.393964458045122 4.3666285655037 
13.498958584650936 10.3182854584321 
12.84348781187769 11.109490074093767 
7.756736750119982 15.272068079441782 
6.7665056768916685 15.624286456599084 
1.9984706357535327 16.85225658891591 
1.9870545415248266 16.85790681948709 
16.636499674380136 3.3439317332927616 
10.370396626797348 13.442065515490283 
7.799483367118467 15.193546171021959 
7.771526925325768 15.270428103435432 
5.5912695185684385 16.060527041060297 
16.42297541411738 4.270093897710726 
16.871047425085635 1.8581519683542984 
16.982410181187156 0.15881078994939402 
9.660994113420525 13.962805506633742 
16.416700923175803 4.294592749651227 
16.352749687855958 4.544806112865008 
14.647970616872302 8.586218165451506 
16.50000320790633 3.9887380312301257 
4.807206836181577E-15 16.969989697457606 
1.9870545415248266 16.85790681948709 
15.45820843347476 7.020351757449721 
16.423182845150908 4.269877907610392 
16.387870307716 4.390307799495759 
7.976164737820173 15.03846796157689 
16.982410181187156 0.15881078994939402 
16.61422327279391 3.45809042267033 
0.27688201020381126 16.9689546932502 
11.118397307520596 12.824698021323313 
12.24068967291888 12.26327914286021 
16.773879529875355 2.6389244189690793 
10.342650641281686 13.450956513239104 
16.61389741202234 3.5078554601235785 
16.954647991867127 0.8276761285354416 
17.19804569655514 6.298630989548662E-14 
15.331749500867843 7.318790696033497 
16.416700923175803 4.294592749651227 
16.65335492258703 3.329846513745431 
17.19804569655514 6.298630989548662E-14 
16.366812116166383 4.506998069022295 
16.318460392707305 4.664268835844931 
10.441231763281529 13.37532071042122 
10.279178870088531 13.505208325198671 
12.741528708506666 11.22568116111197 
14.604816223757444 8.65617498102283 
11.162575380414545 12.788875615209156 
14.79722428575522 8.41264745173351 
10.027413338843488 13.707005786354276 
16.630301495980504 3.376758551331118 
10.961060229846021 12.973622239395302 
16.439074246968225 4.21233678977405 
2.0653533469050758 16.84820799762748 
11.145939453225715 12.801666418753138 
1.6219397075258366 16.893983921112927 
10.263686099735839 13.52085833314464 
13.402885172816795 10.489203216506299 
14.314563364706652 9.113956033747101 
0.8748583814887825 16.956901069448726 
9.706288485713255 13.933440295497014 
14.6337258811708 8.59636852988935 
16.872540722265466 1.8482889696415428 
9.636064389973129 13.978510264854409 
16.72914064479911 2.801905348539231 
16.360676997380533 4.527445590463492 
0.47806225867206087 16.965181646912768 
16.61422327279391 3.45809042267033 
16.939118186052166 0.9625748603789658 
6.658669885946166 15.669262223632725 
5.5912695185684385 16.060527041060297 
8.857070219386143 14.477028145668271 
16.82778712049512 2.181402188122156 
0.29758762391445037 16.96865002149302 
14.724730296672542 8.442243947204462 
12.54881456431541 11.424213334611718 
16.96779775890001 0.6691668711758013 
12.723027502217324 11.243914201752629 
4.807605732542974E-15 16.971397847215655 
17.96400811784298 6.579157901075574E-14 
1.9871978099676009 16.85912228992738 
15.326125480186766 7.321305962409666 
5.551055188418298 16.26344099696848 
16.367006350710522 4.5070515562077755 
13.607656984928019 10.146746882201851 
11.317512876783868 12.858568753315915 
14.640372382971957 8.600272920294179 
6.8885498101737985 15.906094023133678 
12.242308253234697 12.264900710170417 
14.76526417009688 8.46548354756921 
13.404729078676683 10.490646271716209 
