-19290.0 -20252.0 
-19895.0 -19853.0 
-19290.0 -20252.0 
-19597.0 -20181.0 
-19427.0 -20194.0 
-19325.0 -20207.0 
-19863.0 -19895.0 
-19684.0 -20140.0 
-19427.0 -20194.0 
-19339.0 -20196.0 
-19616.0 -20157.0 
-19759.0 -20047.0 
-19781.0 -20001.0 
-19781.0 -20001.0 
-19702.0 -20103.0 
-19808.0 -19956.0 
-19702.0 -20103.0 
-19812.0 -19920.0 
-19712.0 -20068.0 
-19785.0 -19967.0 
-19616.0 -20157.0 
-19684.0 -20140.0 
-19597.0 -20181.0 
-19735.0 -20049.0 
-19840.0 -19900.0 
-19793.0 -19957.0 
-19820.0 -19910.0 
-19759.0 -20047.0 
-19840.0 -19900.0 
-19728.0 -20061.0 
-19785.0 -19967.0 
-19812.0 -19920.0 
-19712.0 -20068.0 
-19824.0 -19907.0 
-19720.0 -20062.0 
-19339.0 -20196.0 
-19734.0 -20053.0 
-19734.0 -20053.0 
-19824.0 -19907.0 
-19793.0 -19957.0 
-19720.0 -20062.0 
-19728.0 -20061.0 
-19808.0 -19956.0 
-19823.0 -19908.0 
-19823.0 -19908.0 
-19702.0 -20103.0 
-19616.0 -20157.0 
-19824.0 -19907.0 
-19728.0 -20061.0 
-19823.0 -19908.0 
-19616.0 -20157.0 
-19824.0 -19907.0 
-19616.0 -20157.0 
-19616.0 -20157.0 
-19616.0 -20157.0 
-19616.0 -20157.0 
-19616.0 -20157.0 
-19616.0 -20157.0 
-19616.0 -20157.0 
-19616.0 -20157.0 
-19616.0 -20157.0 
-19616.0 -20157.0 
-19616.0 -20157.0 
-19616.0 -20157.0 
-19616.0 -20157.0 
-19616.0 -20157.0 
-19616.0 -20157.0 
-19616.0 -20157.0 
-19616.0 -20157.0 
-19616.0 -20157.0 
-19616.0 -20157.0 
-19616.0 -20157.0 
-19702.0 -20103.0 
-19616.0 -20157.0 
-19616.0 -20157.0 
-19824.0 -19907.0 
-19728.0 -20061.0 
-19824.0 -19907.0 
-19616.0 -20157.0 
-19616.0 -20157.0 
-19616.0 -20157.0 
-19616.0 -20157.0 
-19616.0 -20157.0 
-19616.0 -20157.0 
-19616.0 -20157.0 
-19616.0 -20157.0 
-19702.0 -20103.0 
-19616.0 -20157.0 
-19616.0 -20157.0 
-19824.0 -19907.0 
-19616.0 -20157.0 
-19616.0 -20157.0 
-19616.0 -20157.0 
-19616.0 -20157.0 
-19702.0 -20103.0 
-19702.0 -20103.0 
-19616.0 -20157.0 
-19616.0 -20157.0 
-19824.0 -19907.0 
-19616.0 -20157.0 
