5.740790965437396649e-03
4.805867415966940705e-03
6.118359143516357949e-03
3.771713866103879910e-03
5.722647992067641555e-03
6.174599461013597322e-03
5.273317147189334961e-03
4.982863909851881039e-03
4.579385931291099845e-03
4.042349372588334086e-03
3.497821318591044955e-03
5.348058886919707967e-03
3.826453115370650158e-03
5.787328682836820511e-03
5.109043739346195122e-03
4.199733558741454778e-03
6.067155221964178231e-03
4.326588209565351319e-03
4.628785059519930495e-03
3.725238680850518833e-03
4.034828927551285631e-03
3.794618391533439387e-03
5.113618079628575765e-03
3.921401955656373187e-03
4.315017518237643755e-03
3.868631176221258919e-03
3.628467266720238147e-03
4.471506069986893976e-03
4.175041628922375979e-03
5.580709747058294236e-03
5.308457883538159235e-03
