6.347026238789928556e-04
1.992982592343469218e-04
2.196550913917105752e-04
2.034502879103978730e-04
2.128753056231629101e-04
1.853443325302696430e-04
2.042027233249043205e-04
2.096824391795979240e-04
2.254102556095190636e-04
4.868896126913766984e-04
3.389108092990863433e-04
4.805569589392870650e-04
2.087109651184280729e-04
2.167438645167197762e-04
2.158602500336995384e-04
4.321881697126753533e-04
2.137436481698183990e-04
1.969784285416005044e-04
2.008105828370737394e-04
3.853888841687993908e-04
1.957337338530825679e-04
1.958283725486495322e-04
2.137635352153894567e-04
4.825767222276773714e-04
2.156717371820621545e-04
2.266673451372331141e-04
1.925006853680147182e-04
3.818618375041183516e-04
2.165974938880513192e-04
4.820981854713467002e-04
2.083089559448324734e-04
