1	0.22621802220664644
2	0.2261028735285085
3	0.22487587042972923
4	0.20032679770522577
5	0.19136118869576407
6	0.17699669862087566
7	0.1531983645018276
8	0.14981797766743274
9	0.1459140628997778
10	0.1423341091904722
11	0.1289054320089823
12	0.12459189815200566
13	0.12097560759376967
14	0.11596085693263973
15	0.1050417673406983
16	0.09937435174298094
17	0.0953472369064154
18	0.08813319614394498
19	0.08644708211705666
20	0.08291716444179838
21	0.07348320583886236
22	0.07304830037575476
23	0.07164868219303985
24	0.07028824075021374
25	0.06377845365975515
26	0.06329972010653023
27	0.059356062616243654
28	0.058482838147868955
29	0.058131649075505054
30	0.05557739789871474
31	0.055085053626689535
32	0.05376197333817818
33	0.05111606402293763
34	0.05005199589172971
35	0.04902551580309383
36	0.048613189683746984
37	0.047682894289482344
38	0.04633034823064385
39	0.0461402504745135
40	0.04553075259176574
41	0.0450298581415611
42	0.04418818479359635
43	0.04374460180261123
44	0.04310872691517602
45	0.04267086337268214
46	0.04238844185256736
47	0.04210927559209724
48	0.04159049549802163
49	0.04120839725440202
50	0.040963900667768276
51	0.0403976756200043
52	0.03984226311283016
53	0.03927327703784399
54	0.039087480619430626
55	0.03877832304698921
56	0.03852453288013066
57	0.03795534146359086
58	0.03767884563898034
59	0.03719867748348746
60	0.03678088286738487
61	0.036607484312989484
62	0.03643039494001328
63	0.036290226392097565
64	0.03625392394063714
65	0.0361160260106243
66	0.03608170560447722
67	0.03593582454108648
68	0.03584488539220577
69	0.03560015987456413
70	0.035523384330680426
71	0.03540253627450452
72	0.03530806484150164
73	0.03521425935679551
74	0.03508373176267645
75	0.03498209505428328
76	0.03486176071597881
77	0.03467699589563901
78	0.03445698999619549
79	0.03436542299993208
80	0.0342625594106565
81	0.03422519965034771
82	0.03413645929251911
83	0.03406611332421942
84	0.03402271120375626
85	0.03398280640853398
86	0.03389964016436839
87	0.033833521777974565
88	0.033819730077303725
89	0.033769996104167276
90	0.03369030595826493
91	0.033572069007837074
92	0.03352929303764642
93	0.0333986533198211
94	0.033372338910426534
95	0.033337680372237784
96	0.0333185117716672
97	0.033248203305200105
98	0.03319725195737948
99	0.033165319296679256
100	0.033108723679316734
101	0.03301989304018914
102	0.03294883011828845
103	0.03293094620090961
104	0.03292068610214265
105	0.03286839532858158
106	0.03283296801169342
107	0.03276064433405608
108	0.03275350152131743
109	0.03273226656379449
110	0.03271068950381195
111	0.03262880978023885
112	0.03255258038104338
113	0.032407986334774
114	0.0322519943962845
115	0.03221040764820313
116	0.03217333279502175
117	0.03211813372529326
118	0.03210398449910091
119	0.03205724492851811
120	0.03204660682931032
121	0.031864109984067544
122	0.031820652312852596
123	0.03127990674304196
124	0.03127401063249103
125	0.0312398570946672
126	0.030907106079160074
127	0.03021956823360775
128	0.03021093683784025
129	0.030210167822286218
130	0.02979922249945417
131	0.029776429480458
132	0.029683982955982777
133	0.02912849074531221
134	0.029044126585811233
135	0.02889700500784759
136	0.028409531659347696
137	0.02828903490772176
138	0.02818509655183766
139	0.02770935554294747
140	0.027594791921203805
141	0.02733836342464322
142	0.026928696581340245
143	0.025981223003939524
144	0.025776650245075257
145	0.0249253708062693
146	0.024705030916357746
147	0.02453364603163923
148	0.023584428209683525
149	0.02342011937711303
150	0.023401254011107927
151	0.022888581705199255
152	0.02227279463186891
153	0.02179693177097968
154	0.021460542018934624
155	0.020911884371261243
156	0.020314195729732257
157	0.018681180367796243
158	0.01857098139945959
159	0.018251400499239994
160	0.01799949963310541
161	0.01798130925872116
162	0.01746301653689439
163	0.017272590072104986
164	0.017005835469396578
165	0.016318983901021412
166	0.01578799874260516
167	0.015597501979267037
168	0.014650524271688658
169	0.014567786980383518
170	0.014567786980383518
171	0.014374023384789034
172	0.014279446992652345
173	0.014014679453106492
174	0.013648538910891114
175	0.013543699005627432
176	0.013276785188934652
177	0.012960172938723837
178	0.012473745774599419
179	0.012308969722320085
180	0.012273174994142497
181	0.011805261231232291
182	0.011787494120225787
183	0.011652916257523026
184	0.011228091464810621
185	0.011026280569895162
186	0.010915186402662197
187	0.010679567400544493
188	0.010629793629771392
189	0.010553005005002723
190	0.010443474349204852
191	0.01021210967674402
192	0.010103126711483026
193	0.009857238915110941
194	0.009546685746868186
195	0.009401856271104084
196	0.009054635600069557
197	0.008794692446938143
198	0.008363133452988059
199	0.008287712919524357
200	0.008050489854760801
201	0.007957493570824842
202	0.007565283055655169
203	0.0073923051859748875
204	0.007148994108997195
205	0.007096783698460103
206	0.00680601094287105
207	0.006638065006702358
208	0.0065243305308317154
209	0.006410293621709181
210	0.0063268466515293015
211	0.0060566656618619655
212	0.005981803943543211
213	0.005981502240284828
214	0.005910575362869902
215	0.005545161369901838
216	0.005505581076049936
217	0.005390126640682201
218	0.005142827511763262
219	0.00493690663767036
220	0.004801475427189763
221	0.004742285008363659
222	0.00465654311004831
223	0.00455991697712744
224	0.004495294122791355
225	0.0044289728739626
226	0.004322622563239145
227	0.004245690517726754
228	0.004195046921292801
229	0.004117966634659892
230	0.004034511163423073
231	0.004005563393560891
232	0.003957129817510826
233	0.003838893422847365
234	0.0037762412876791657
235	0.0036999977567621018
236	0.003643192771990423
237	0.003585222655561692
238	0.003551584671539919
239	0.003432186976222066
240	0.0033495989694084967
241	0.0033271831591886562
242	0.0032444893411586588
243	0.003189763187579044
244	0.0031709061925867606
245	0.0031485455509155536
246	0.0031253937429668757
247	0.0030905308414515315
248	0.003064097762790181
249	0.003051057748084161
250	0.003019080659545747
251	0.0029758878247205032
252	0.0029656600548565015
253	0.0029524226277885847
254	0.0029050175740248825
255	0.002848639935827161
256	0.002785718205705149
257	0.0027726154341802716
258	0.0027229208027899827
259	0.0026695941294893233
260	0.002575539013206352
261	0.0025618137211815997
262	0.0025469171615519065
263	0.0025190583094078342
264	0.002468194323839575
265	0.002419633567728067
266	0.0024036965968195316
267	0.002390897024372451
268	0.0023575320915939055
269	0.0023289426108108516
270	0.002283648688282298
271	0.0022615543279467638
272	0.0022032783814701896
273	0.0021611966484643198
274	0.002129264632620729
275	0.002102453316638716
276	0.0020440175206739683
277	0.0019993630580025902
278	0.00195318221129004
279	0.001943310534320537
280	0.0019154918901372097
281	0.0018958034480533032
282	0.0018572301622411505
283	0.0018402941117498057
284	0.0018308909439534078
285	0.0018073368484518614
286	0.0017869001374468578
287	0.001758092249791558
288	0.0017317111459502965
289	0.001713350063126146
290	0.0017096003126738377
291	0.0016827147435805124
292	0.0016726645937108554
293	0.0016611956386032762
294	0.0016463343534866802
295	0.0016366310601479794
296	0.0016118084585495065
297	0.001578473767606073
298	0.0015413580063174846
299	0.0015089299828206378
300	0.0014938586744929387
301	0.0014784556756850017
302	0.0014661685511595376
303	0.0014576791127032262
304	0.0014380072606354098
305	0.0014208502615175856
306	0.0014050619582445538
307	0.0013756911987342058
308	0.0013511672937778036
309	0.0013385125912675393
310	0.0013165968965477145
311	0.0012943646656134518
312	0.0012689091004856685
313	0.0012435492730302738
314	0.0012244830147956408
315	0.0012093022679325117
316	0.0011853110682904944
317	0.00116303643249132
318	0.0011495995670583103
319	0.0011315131401013635
320	0.0011214987022269466
321	0.0011060206891479571
322	0.0010795388936322024
323	0.0010530753062024522
324	0.0010460685747200682
325	0.0010331482052251977
326	9.994794508820827E-4
327	9.862093708613154E-4
328	9.79772855591523E-4
329	9.745087816437992E-4
330	9.548832653238175E-4
331	9.390612606378437E-4
332	9.223576973081791E-4
333	9.177419391918388E-4
334	8.994910663565854E-4
335	8.832817716459352E-4
336	8.653323745805474E-4
337	8.605042384707163E-4
338	8.540219398838009E-4
339	8.400610708090373E-4
340	8.289101660554707E-4
341	8.159105337815833E-4
342	7.986127694192633E-4
343	7.849105745016627E-4
344	7.744655458642946E-4
345	7.650542890242797E-4
346	7.556318045272667E-4
347	7.477669130063834E-4
348	7.358609427481336E-4
349	7.268325066393463E-4
350	7.200673549423437E-4
351	7.040060963449589E-4
352	6.992691179939442E-4
353	6.932859598906223E-4
354	6.939231052955522E-4
355	6.95082708859566E-4
356	6.920881443752134E-4
357	6.900639542774554E-4
358	6.845537181718714E-4
359	6.843067644848374E-4
360	6.819243616715024E-4
361	6.802711158725165E-4
362	6.766527402559562E-4
363	6.638046788375873E-4
364	6.587901105080574E-4
365	6.541690743921994E-4
366	6.453252328223674E-4
367	6.456864520405844E-4
368	6.386125018914792E-4
369	6.415439524664941E-4
370	6.347973467965792E-4
371	6.297832154832097E-4
372	6.269524912465545E-4
373	6.206521879488174E-4
374	6.177744809720019E-4
375	6.132318991085732E-4
376	6.146384397776258E-4
377	6.114132441741924E-4
378	6.083508730746282E-4
379	6.039312177870387E-4
380	6.000226586121332E-4
381	5.970486020031733E-4
382	5.872802892991935E-4
383	5.856945666594881E-4
384	5.80594865704576E-4
385	5.727723285831889E-4
386	5.635067468483656E-4
387	5.575762460004646E-4
388	5.458353657179333E-4
389	5.439700057807228E-4
390	5.313938319297821E-4
391	5.293084211738941E-4
392	5.2344050059749E-4
393	5.188265015650407E-4
394	5.166920056977564E-4
395	5.14611356112343E-4
396	5.099856011771915E-4
397	5.08465361774357E-4
398	5.062381186118455E-4
399	5.019873035504683E-4
400	4.95375603127375E-4
401	4.930184392193351E-4
402	4.8621458273621036E-4
403	4.7831845026007454E-4
404	4.768754393075205E-4
405	4.747794875264706E-4
406	4.704406161147852E-4
407	4.723132151682508E-4
408	4.699269701387678E-4
409	4.6544527580411835E-4
410	4.644831595713061E-4
411	4.695685010719506E-4
412	4.6199294559721456E-4
413	4.5809745080086336E-4
414	4.5612919399915034E-4
415	4.5252393187224764E-4
416	4.5327621218501166E-4
417	4.6227473195892374E-4
418	4.563442204175872E-4
419	4.542281614132411E-4
420	4.516816818850113E-4
421	4.5010137833079216E-4
422	4.462591770779225E-4
423	4.4356398827607297E-4
424	4.419912258844133E-4
425	4.3867670933573423E-4
426	4.263785709688955E-4
427	4.278244848532285E-4
428	4.329218450071561E-4
429	4.307776088872157E-4
430	4.305564757557392E-4
431	4.2672593001733087E-4
432	4.2161066868016516E-4
433	4.20031929357997E-4
434	4.1567977742679505E-4
435	4.1297009816984614E-4
436	4.0994089846360394E-4
437	4.1165094463286927E-4
438	4.066038294573344E-4
439	4.04344835107912E-4
440	3.9814111910780215E-4
441	3.980597838276849E-4
442	3.984184492555177E-4
443	3.971638732848669E-4
444	3.9009709889318493E-4
445	3.8550474368190236E-4
446	3.838206666482445E-4
447	3.8162150109269583E-4
448	3.7738327441104994E-4
449	3.715936987427841E-4
450	3.6833081912051354E-4
451	3.637970635374173E-4
452	3.6194255235635144E-4
453	3.598283401751048E-4
454	3.596327784932659E-4
455	3.5956055357767717E-4
456	3.5878399186032743E-4
457	3.5755496511232155E-4
458	3.5802504556960033E-4
459	3.566786924667015E-4
460	3.573322473662353E-4
461	3.5572070254765424E-4
462	3.537277312958102E-4
463	3.5470467321967316E-4
464	3.526874715775726E-4
465	3.5191706180830737E-4
466	3.499060436188751E-4
467	3.4633660582148736E-4
468	3.4922160022126135E-4
469	3.469975038928925E-4
470	3.424504522416097E-4
471	3.401741272026021E-4
472	3.402269138778697E-4
473	3.5283174662409394E-4
474	3.4753582189962594E-4
475	3.430858744077823E-4
476	3.4171168396837247E-4
477	3.408878775779866E-4
478	3.355511356076865E-4
479	3.316901215592098E-4
480	3.3126127655920524E-4
481	3.274794563716021E-4
482	3.2232118616684776E-4
483	3.23181483571222E-4
484	3.1919598525270053E-4
485	3.1341369641957225E-4
486	3.158229054196927E-4
487	3.3440203298124743E-4
488	3.3479294475142666E-4
489	3.2238472378048677E-4
490	3.285739426951771E-4
491	3.231681328133218E-4
492	3.175852770165898E-4
493	3.1418382667705276E-4
494	3.1109022541843905E-4
495	3.1943956388245416E-4
496	3.131483529765803E-4
497	3.1037237917397255E-4
498	3.078174013065204E-4
499	3.029219286633587E-4
500	3.006376670605206E-4
501	2.9962839510331186E-4
502	3.0310135746277445E-4
503	3.0040732214438586E-4
504	3.001442547501789E-4
505	2.954636064927633E-4
506	2.927464555293438E-4
507	3.0190365525535753E-4
508	3.0121666008074374E-4
509	3.164080226237754E-4
510	3.100904188447606E-4
511	3.0710609704529375E-4
512	3.022490880639001E-4
513	3.016195454551544E-4
514	3.022667180612399E-4
515	2.994459562718133E-4
516	2.9871600564941586E-4
517	2.956539147504352E-4
518	2.932371435298637E-4
519	2.9164995480678306E-4
520	2.820333002804614E-4
521	2.774872756978274E-4
522	2.786527793221921E-4
523	2.877483456847679E-4
524	2.878451361712336E-4
525	2.8644106627870644E-4
526	2.8793026285593097E-4
527	2.75765183599635E-4
528	2.730792207604547E-4
529	2.708834101789453E-4
530	2.7268697972465623E-4
531	2.6937046703171344E-4
532	2.719098353165073E-4
533	2.7661068690958644E-4
534	2.723624545355704E-4
535	2.686250412020612E-4
536	2.6624409682218575E-4
537	2.655314684672342E-4
538	2.61468384543432E-4
539	2.7698709381625774E-4
540	2.7035105826737877E-4
541	2.6775281940192897E-4
542	2.654990054270844E-4
543	2.612245110451443E-4
544	2.5602089979923065E-4
545	2.5884911087783514E-4
546	2.6356800139632847E-4
547	2.7619278615727353E-4
548	2.762984048706159E-4
549	2.828152727725295E-4
550	2.8393708596111534E-4
551	2.826232574571615E-4
552	2.720729746014608E-4
553	2.690193097417876E-4
554	2.719487444149842E-4
555	2.6958615999528123E-4
556	2.7290761765288074E-4
557	2.6993834225166625E-4
558	2.6912469677719294E-4
559	2.743133329954233E-4
560	2.737963786483589E-4
561	2.694428508456503E-4
562	2.626888493539808E-4
563	2.7368680724795493E-4
564	2.697078236648568E-4
565	2.7906221481398285E-4
566	2.685241443983162E-4
567	2.818569741398906E-4
568	2.700589101838797E-4
569	2.676185243350281E-4
570	2.713351449730412E-4
571	2.723988074201014E-4
572	2.704446343771002E-4
573	2.600635853670744E-4
574	2.569700792283362E-4
575	2.538989159391197E-4
576	2.5078455591370324E-4
577	2.493400040111919E-4
578	2.4879590330300917E-4
579	2.4748816208879304E-4
580	2.552275217427505E-4
581	2.5559142938734583E-4
582	2.5366172312244557E-4
583	2.573380506389571E-4
584	2.5940008031036656E-4
585	2.500416717146611E-4
586	2.480647594217735E-4
587	2.5102800798307344E-4
588	2.5608556772281475E-4
589	2.4900020570034313E-4
590	2.4079049100216268E-4
591	2.4720763493019533E-4
592	2.477310822187054E-4
593	2.578815873538891E-4
594	2.5915793138350665E-4
595	2.6157985000960476E-4
596	2.4974412263602865E-4
597	2.8007362739126946E-4
598	2.6019242527147577E-4
599	2.620666527031958E-4
600	2.5729439817997514E-4
601	2.5483737963542623E-4
602	2.57063638964341E-4
603	2.495450084006441E-4
604	2.4345325696829316E-4
605	2.432772861012979E-4
606	2.369272963309139E-4
607	2.372733741273278E-4
608	2.2981707659162974E-4
609	2.3604603606259603E-4
610	2.3705856672415727E-4
611	2.3792061427055564E-4
612	2.3403227348310133E-4
613	2.2811917646202554E-4
614	2.359267039802665E-4
615	2.388737868970101E-4
616	2.390956900869471E-4
617	2.3676604910913615E-4
618	2.3464012404172873E-4
619	2.3460368220975134E-4
620	2.3019760161039786E-4
621	2.3461214001001558E-4
622	2.3307436245106533E-4
623	2.3108589372362973E-4
624	2.597487060821161E-4
625	2.524418451195857E-4
626	2.4681795355349027E-4
627	2.465409658520724E-4
628	2.4324415805479721E-4
629	2.5765661395104223E-4
630	2.597099511071671E-4
631	2.5600825387209956E-4
632	2.5127251533738786E-4
633	2.486627342403083E-4
634	2.5544654726934957E-4
635	2.4223629375863838E-4
636	2.451218906244391E-4
637	2.333265856944235E-4
638	2.327589320043485E-4
639	2.3804904280717168E-4
640	2.3860618815581548E-4
641	2.3547975463292941E-4
642	2.300491612111885E-4
643	2.28636227820216E-4
644	2.2790531784219078E-4
645	2.3008254708455048E-4
646	2.3792725753007626E-4
647	2.374066953984804E-4
648	2.3682049805846887E-4
649	2.352666670452822E-4
650	2.341802993796566E-4
651	2.460502646781347E-4
652	2.3926715625009E-4
653	2.497641063504692E-4
654	2.5170317321919695E-4
655	2.471363627085269E-4
656	2.4474872279666506E-4
657	2.496401073638496E-4
658	2.543499251541116E-4
659	2.558069565758509E-4
660	2.442263814998087E-4
661	2.469217159328959E-4
662	2.448980627485287E-4
663	2.6273008113453504E-4
664	2.6379354249282514E-4
665	2.54123311859374E-4
666	2.542265998066323E-4
667	2.494789745361602E-4
668	2.404080808396116E-4
669	2.3723171229900485E-4
670	2.3399163990360319E-4
671	2.3357633245302888E-4
672	2.3423609246450583E-4
673	2.342723337876323E-4
674	2.3057578720408914E-4
675	2.353647590185385E-4
676	2.3877291178322102E-4
677	2.4149566213556571E-4
678	2.4235604314459168E-4
679	2.45500521029919E-4
680	2.435306527070442E-4
681	2.44087629871143E-4
682	2.4210790467882776E-4
683	2.4204118232765872E-4
684	2.2996242939408008E-4
685	2.2636084877488249E-4
686	2.2710896830120447E-4
687	2.358738470348103E-4
688	2.2935340981097835E-4
689	2.3510345375172192E-4
690	2.268681920905041E-4
691	2.2207228515846195E-4
692	2.155932802837379E-4
693	2.1478722261567297E-4
694	2.1388269557488213E-4
695	2.1277747495283795E-4
696	2.118644569297512E-4
697	2.128382810846203E-4
698	2.1480097052526062E-4
699	2.1828281365438663E-4
700	2.1525383151580298E-4
701	2.2469601180219803E-4
702	2.351038759075588E-4
703	2.3122067196995513E-4
704	2.2802019906577255E-4
705	2.3111394566392352E-4
706	2.2272368457996962E-4
707	2.1643463497175494E-4
708	2.1621977520926134E-4
709	2.1086603478549855E-4
710	2.0977636365530246E-4
711	2.0982524416577646E-4
712	2.1151409064178108E-4
713	2.1119408690686533E-4
714	2.176739105153899E-4
715	2.2024936657490219E-4
716	2.081330553168166E-4
717	2.014668507666825E-4
718	2.0585632125983644E-4
719	2.0690988563410687E-4
720	2.0479729990298322E-4
721	2.019791224958198E-4
722	1.9763144494728887E-4
723	2.0229005690257474E-4
724	2.0654130751477889E-4
725	2.011913318176986E-4
726	2.0139192806890868E-4
727	2.0395900067353553E-4
728	2.1266424692075443E-4
729	2.129313203973324E-4
730	2.1682144814799822E-4
731	2.117575515233972E-4
732	2.0773829230332915E-4
733	2.1208303855483837E-4
734	2.1832502737872996E-4
735	2.15929405999683E-4
736	2.145139177560345E-4
737	2.1608931444958365E-4
738	2.162520137641006E-4
739	2.1544189074402091E-4
740	2.1344929565668506E-4
741	2.142133343864798E-4
742	2.0853872637416804E-4
743	1.9795845429578687E-4
744	2.0178981296972226E-4
745	2.0943691010575906E-4
746	2.1148384181220325E-4
747	2.0353519355902584E-4
748	2.1117593296573402E-4
749	1.9649457875604853E-4
750	1.937918974532937E-4
751	1.944671464723557E-4
752	1.9399447377728673E-4
753	1.9202442186718203E-4
754	1.9543949534108209E-4
755	1.9800639123440439E-4
756	1.9961593083429882E-4
757	2.5539294606444625E-4
758	2.5709475564168304E-4
759	2.548918465138156E-4
760	2.514164931047419E-4
761	2.5291485365425777E-4
762	2.486271332881548E-4
763	2.266246012575624E-4
764	2.2841380691214903E-4
765	2.2708434518879555E-4
766	2.3117666033482245E-4
767	2.201699316269294E-4
768	1.9859933087228146E-4
769	1.9487230514524315E-4
770	2.0058484306444423E-4
771	2.0188556707162106E-4
772	1.9946085967449402E-4
773	1.8896956987542337E-4
774	1.869096177023219E-4
775	1.859675230745172E-4
776	1.9473624250970618E-4
777	1.9080544099783797E-4
778	1.9367681282037263E-4
779	1.9245205708576585E-4
780	1.8920923893923802E-4
781	1.846972658482148E-4
782	1.909410821002537E-4
783	1.8838219562461258E-4
784	1.8126866861858614E-4
785	1.9296629966539562E-4
786	2.0017002404386643E-4
787	1.9479980059471566E-4
788	1.929045212075477E-4
789	2.1049994520025423E-4
790	1.9815202746947848E-4
791	2.0241847725246186E-4
792	2.0446030549204743E-4
793	2.0930891334490007E-4
794	2.0893643771745593E-4
795	2.0421607884728402E-4
796	2.0096891764951566E-4
797	1.9559905180138897E-4
798	2.006962215455345E-4
799	1.9343111350896572E-4
800	1.8181408761457294E-4
801	1.9257603381815167E-4
802	1.9450680762524419E-4
803	1.9390824377469936E-4
804	1.9191888428279633E-4
805	1.914217746349247E-4
806	1.8982180763220171E-4
807	2.0227769413494714E-4
808	2.0308842865900053E-4
809	1.9388784517733424E-4
810	1.9086984710432847E-4
811	1.9779339382550837E-4
812	2.0397836537837163E-4
813	2.0219732436939497E-4
814	1.9959915900279838E-4
815	1.9857823955097016E-4
816	1.9090917328651446E-4
817	1.9452032079190557E-4
818	1.912207676885502E-4
819	1.9996044389710178E-4
820	1.9210208128600683E-4
821	1.8326780427543302E-4
822	1.8259116185525702E-4
823	1.9628481108779046E-4
824	1.9341077882088192E-4
825	1.8568483156479267E-4
826	1.8847580477098248E-4
827	1.9201430809249792E-4
828	1.9132473571468938E-4
829	1.8289193039227686E-4
830	1.9685465506952575E-4
831	2.015311132675016E-4
832	2.0093382427416906E-4
833	2.0030352161724658E-4
834	2.0245214793533712E-4
835	1.9615534508331164E-4
836	2.0256093425887023E-4
837	2.0299750728696372E-4
838	2.0724282362121876E-4
839	2.0022780730028557E-4
840	2.1459827762810224E-4
841	2.176752025334936E-4
842	1.9872786207063325E-4
843	1.9245081028306026E-4
844	1.933976540892715E-4
845	1.8831228084412492E-4
846	1.873796378797424E-4
847	1.817021213941297E-4
848	1.8003059225816796E-4
849	1.8130855094091524E-4
850	1.8217234012452035E-4
851	1.825084750993311E-4
852	1.8210938704491374E-4
853	1.898140268151347E-4
854	1.9247416111623398E-4
855	1.9319327708715057E-4
856	2.00066450323703E-4
857	2.1686347834721647E-4
858	2.1519209631538469E-4
859	2.1038116460467369E-4
860	2.0912816698655885E-4
861	2.122132149503005E-4
862	2.1007411837024203E-4
863	1.999779589363068E-4
864	2.0282696417456134E-4
865	2.0484944974046075E-4
866	1.9865521545017146E-4
867	1.9565051813298607E-4
868	1.8826723482370428E-4
869	1.9216668554305916E-4
870	2.082111356655694E-4
871	2.020583211553822E-4
872	2.0644141432401165E-4
873	2.0639337594598222E-4
874	2.0092325260779326E-4
875	2.0071101499163956E-4
876	1.9894513675073935E-4
877	1.95982191457845E-4
878	1.9332740884182506E-4
879	1.9098920150689746E-4
880	1.93114394845844E-4
881	2.016067858438317E-4
882	1.9659498493191632E-4
883	2.0108346568769876E-4
884	1.9196686108032937E-4
885	1.934817182687831E-4
886	1.8770987225880014E-4
887	1.8312007921568896E-4
888	1.7945929241235776E-4
889	1.8107177380998778E-4
890	1.86184537123321E-4
891	1.9181589118914897E-4
892	1.9943317226882223E-4
893	1.9994850799234313E-4
894	1.9152229819385086E-4
895	1.941981506508325E-4
896	2.1384063996715208E-4
897	2.107758723484928E-4
898	2.1428628934373325E-4
899	2.1736169444871935E-4
900	2.1157115678025327E-4
901	2.023999490805527E-4
902	1.9957405283366948E-4
903	1.9506147117419177E-4
904	1.9908666282658126E-4
905	2.002174594622751E-4
906	2.057862260799332E-4
907	2.133272781611843E-4
908	2.115239739705902E-4
909	2.1726587894743088E-4
910	2.1157982500354266E-4
911	2.1018040418371568E-4
912	1.9438706125624733E-4
913	2.020198282952784E-4
914	1.978148169808442E-4
915	2.144921428390599E-4
916	2.142288993686238E-4
917	2.0862358064967083E-4
918	1.9859712426909115E-4
919	1.9584784651621514E-4
920	2.12906830964462E-4
921	2.1758292855369562E-4
922	2.1418471719364637E-4
923	2.1680164534584304E-4
924	1.9283018219286535E-4
925	1.9724331102184865E-4
926	1.9432092452918823E-4
927	2.1202835949087032E-4
928	1.9680980438276677E-4
929	1.9548081132478092E-4
930	1.9265895226421847E-4
931	1.942260526000882E-4
932	1.8557388609928097E-4
933	1.79690412765497E-4
934	1.9492583682386607E-4
935	1.8016349280554515E-4
936	1.9275083084501003E-4
937	1.92068549970057E-4
938	1.794948686665453E-4
939	1.7671857290769925E-4
940	1.761650438080315E-4
941	1.9294137175240858E-4
942	1.9129380193507454E-4
943	1.958707638503737E-4
944	1.9392481758683297E-4
945	1.8244281903677517E-4
946	1.9022027039955545E-4
947	1.9524378533467335E-4
948	1.9344343536687443E-4
949	1.9298934917357308E-4
950	1.9681752713021224E-4
951	1.8465783113937745E-4
952	1.923095801967856E-4
953	1.9092081011042622E-4
954	1.9052664403072081E-4
955	1.880081733987029E-4
956	1.8971283885054857E-4
957	1.8695847082410261E-4
958	1.859434682085972E-4
959	1.8602602146903125E-4
960	1.871974975787925E-4
961	2.059356865102043E-4
962	2.0556864309039115E-4
963	1.9935988257946546E-4
964	1.965161376541138E-4
965	1.9317990757333406E-4
966	1.9063635187231942E-4
967	1.887703210894172E-4
968	1.871207204441531E-4
969	1.8821254352794706E-4
970	1.9228285348519788E-4
971	1.9513765248601694E-4
972	1.9746244089585772E-4
973	2.0007124800943234E-4
974	1.9265862816517177E-4
975	1.9672443976713274E-4
976	1.90854911349436E-4
977	1.9575100125242224E-4
978	2.0011379118384378E-4
979	2.1239777291259216E-4
980	2.187936497646846E-4
981	2.1581335884803573E-4
982	2.1828883235200814E-4
983	2.225658884922415E-4
984	2.2120052270748204E-4
985	2.047435443286986E-4
986	1.9420277056147176E-4
987	1.8952846219356153E-4
988	1.899344300640524E-4
989	2.0733399894673138E-4
990	2.0601346927707443E-4
991	2.04842431772534E-4
992	1.8908804638543595E-4
993	1.8466944326136394E-4
994	1.898284323621605E-4
995	2.0019088143183553E-4
996	1.9932428450904533E-4
997	1.9901539300285027E-4
998	1.9621475490817184E-4
999	1.9623163541191972E-4
1000	1.946608635183952E-4