1	0.2268990912493138
2	0.18095021044333176
3	0.18095021044333176
4	0.18061008382654628
5	0.18061008382654628
6	0.1805580946820113
7	0.1735632924813343
8	0.15942813659911473
9	0.15113333162224757
10	0.14040172614732285
11	0.13118334569813284
12	0.1305416232316772
13	0.12591814583626781
14	0.10732448991304883
15	0.10704210524503405
16	0.09914842237682332
17	0.08974313881037435
18	0.08830212624200455
19	0.08532052522800271
20	0.0800132551617827
21	0.0777801778092742
22	0.07720693060478703
23	0.07364887558875342
24	0.07280733802883743
25	0.06973128373612886
26	0.0686602798800167
27	0.06787831150993263
28	0.06492921219838167
29	0.06309958519968907
30	0.0628789958958187
31	0.06108048296343092
32	0.06035393838874612
33	0.0592512391998427
34	0.0586403765186757
35	0.05806728155614092
36	0.056803055283054245
37	0.05611279424115126
38	0.05521032909004898
39	0.05339169609788398
40	0.05312646559352006
41	0.052753086622521775
42	0.0520389740883539
43	0.05116668453850325
44	0.0506478531602442
45	0.05027926207275242
46	0.049706181553921105
47	0.04927090601912094
48	0.047594461482476494
49	0.04670101160867588
50	0.04659256819480575
51	0.04588856681791236
52	0.04496158553637423
53	0.044325166322309595
54	0.043591413860476234
55	0.042653258856613446
56	0.04185316902759632
57	0.04144337836731545
58	0.04095771373665741
59	0.04041800300894537
60	0.039957023553852666
61	0.039868943100827156
62	0.039446378853808285
63	0.03903074190405401
64	0.03870602702497495
65	0.03841788891287913
66	0.0378954376607069
67	0.03783663501650256
68	0.037811476616638424
69	0.03761008480345605
70	0.03754103991071525
71	0.03724169800177122
72	0.037154949199639395
73	0.036956276270106156
74	0.03679707039919334
75	0.03647553165800251
76	0.036095613168074026
77	0.03604724396444053
78	0.035777821426723214
79	0.03562015648908145
80	0.03557196986262344
81	0.035451785605925004
82	0.035346032125437195
83	0.035284089889625024
84	0.03518156868191867
85	0.034787008657822784
86	0.034539138923271255
87	0.034464902260106296
88	0.03441628289405904
89	0.03426824280115414
90	0.03415450491821109
91	0.03403863335280126
92	0.03395349623871991
93	0.033874470594421335
94	0.03381343728171934
95	0.033738084803767755
96	0.03369427767352063
97	0.033614417608724495
98	0.03358686276434416
99	0.033530848032539966
100	0.03348575835831231
101	0.03346111510825902
102	0.03341601232712467
103	0.0333507384750936
104	0.033291031373031806
105	0.03323416586394952
106	0.03320683784577682
107	0.033172449634915405
108	0.03311792229116955
109	0.03310193305769083
110	0.033055145081846635
111	0.03305178106102733
112	0.03292891651577353
113	0.03286437854645261
114	0.0328515010635734
115	0.03279566993597934
116	0.032779107693631966
117	0.0326503426396724
118	0.0326279856198647
119	0.03245010784196716
120	0.032428250304473306
121	0.032294371593467784
122	0.0322695981432429
123	0.032246185640261944
124	0.03208086596458677
125	0.032047540032675945
126	0.03171681097636928
127	0.031313120081990956
128	0.03126788819244377
129	0.03116003509775224
130	0.03076200873629292
131	0.030685270532923043
132	0.030503931736811863
133	0.029884264796897087
134	0.029759792347880804
135	0.02939655924817667
136	0.029325987997567034
137	0.029097564289325153
138	0.028651529964468216
139	0.028376198869541697
140	0.027880135939058418
141	0.027661706225901223
142	0.02726786336400302
143	0.027046563917112233
144	0.026266696661134105
145	0.02595963867439319
146	0.025729210848173447
147	0.024966466197304003
148	0.023400570997537184
149	0.023095373998099633
150	0.02298760048470491
151	0.022856431672412775
152	0.022598614456091334
153	0.02215832970642734
154	0.022111613245644212
155	0.02161381614762281
156	0.020997510756790152
157	0.02071943042165353
158	0.020119267801461192
159	0.019895983522699785
160	0.019526104503090835
161	0.019292499377824544
162	0.018566832860894687
163	0.01844721866896335
164	0.01787980052007467
165	0.017600777896326567
166	0.017141961750682645
167	0.017124059405429097
168	0.016771928587956477
169	0.01611674636753316
170	0.015659895571376273
171	0.015233136007776017
172	0.015126920201150596
173	0.014265073459425943
174	0.01413965131024148
175	0.013884219327925997
176	0.013467881695218254
177	0.013324672940788217
178	0.012867350937468124
179	0.012761775232488585
180	0.012324433222124793
181	0.01221467878155989
182	0.01188837900073073
183	0.011664283077849825
184	0.01158180375871758
185	0.011464513614006027
186	0.011018014869546906
187	0.010619096479469865
188	0.010561702848425593
189	0.010142418635281354
190	0.010036479823254554
191	0.00977820150930254
192	0.009644662586780215
193	0.009542239711493166
194	0.009436336552524979
195	0.00942944028669219
196	0.00936584171702103
197	0.008898338031167618
198	0.008823308823277252
199	0.008672501451532116
200	0.008580224880567429
201	0.00839097598184353
202	0.008190738848289256
203	0.007864787105379292
204	0.007659042694177862
205	0.007535643224608505
206	0.007513672483820957
207	0.007298318966382128
208	0.007125758808728163
209	0.006848449215961655
210	0.0065439800070897156
211	0.0064276657829176855
212	0.006365290516723405
213	0.006289080414622269
214	0.006080656751997107
215	0.005996509790413307
216	0.005846855247750274
217	0.005760669977363141
218	0.005604297847274048
219	0.005378651245350367
220	0.005220799292419754
221	0.005132734058323953
222	0.005104142814573859
223	0.004952626842405644
224	0.004903208584356878
225	0.0048203338009946105
226	0.004747823560633723
227	0.004658513036699812
228	0.004554097448261065
229	0.004487730272091964
230	0.004459278224515321
231	0.004413668542771655
232	0.004372569783860091
233	0.004303680413903083
234	0.004160328496026905
235	0.0040430180831760336
236	0.003993224000008146
237	0.003969897939463752
238	0.0039523597708049285
239	0.0038589090957741974
240	0.003800787760264505
241	0.0037550864896896156
242	0.00371232657336998
243	0.0036618933531986043
244	0.0035895576891599805
245	0.003551886020338154
246	0.0034986644801111738
247	0.0034659254057918124
248	0.0034211556061016636
249	0.0033318512095224604
250	0.003275873013562392
251	0.0032345737624592612
252	0.003205757587707233
253	0.003175573998222554
254	0.0031575395532947312
255	0.0031368747253675876
256	0.00311185322288887
257	0.0030913382772301302
258	0.0030816782354755315
259	0.0030601822922935833
260	0.0030379232166338906
261	0.0030171564793230483
262	0.002989214427062259
263	0.0029608099024920767
264	0.0029443855838303832
265	0.002922208887152984
266	0.002905481418869273
267	0.00285605322129083
268	0.0028231484592432226
269	0.0028049392879259914
270	0.002782491056304984
271	0.0027534957700485765
272	0.002643647641910638
273	0.0026364661219372737
274	0.0026215197115050655
275	0.002603765505744783
276	0.002538738821806281
277	0.002501634546151231
278	0.002475998749103422
279	0.0024568835538885487
280	0.0024194257048051663
281	0.002357361314831105
282	0.0023501575265257742
283	0.00233851231065444
284	0.002310045484571826
285	0.0022892701633364185
286	0.0022574231651811085
287	0.0022250792024898105
288	0.002201574973342883
289	0.0021839018274411484
290	0.0021698592373385972
291	0.0021646149979097453
292	0.00215384725052438
293	0.0021140040166476863
294	0.0020999714124053477
295	0.0020748991754882314
296	0.0020468363302111213
297	0.0020054715921384286
298	0.0019856155434531965
299	0.0019842063699137317
300	0.0019671735137738395
301	0.0019413311543462978
302	0.001934525656682181
303	0.0019246518183583525
304	0.001915442075196924
305	0.0019098804745498264
306	0.001905441837058884
307	0.0018911404808285089
308	0.001882048471384773
309	0.0018691805002332283
310	0.0018570617114395751
311	0.0018505837958674753
312	0.0018412755191818495
313	0.0018322998141567474
314	0.001831415534858147
315	0.0018070719166202248
316	0.0017852197217472325
317	0.0017743955654337105
318	0.0017500129342221322
319	0.001735815967941013
320	0.0017189931564277779
321	0.0017049994260042714
322	0.001663684072656961
323	0.0016344602753145903
324	0.001610570913186548
325	0.0015695923971727594
326	0.0015306964740793743
327	0.0014899183444356495
328	0.0014774871627705028
329	0.0014607188945734695
330	0.0014530551524584796
331	0.0014109346571234457
332	0.0013935543714357279
333	0.001367232702790559
334	0.0013417948390574315
335	0.001333271265276779
336	0.0013183581639649488
337	0.0012957405350930017
338	0.0012891947823886047
339	0.0012821353796211089
340	0.0012700701695955992
341	0.0012516740366521509
342	0.0012441492940129869
343	0.0012264057327077665
344	0.0012181730134539642
345	0.0012128098379753387
346	0.0011946367804542921
347	0.0011806785830861324
348	0.0011641105534142646
349	0.0011550175472352122
350	0.0011366281314895545
351	0.0011228155270901637
352	0.0011142964441662553
353	0.0011023977643285254
354	0.001091647456103555
355	0.0010848287184999827
356	0.0010719014091939646
357	0.0010620229028083354
358	0.0010539288445555173
359	0.0010558612833974532
360	0.0010501891153545835
361	0.0010470148827141997
362	0.0010333358823243859
363	0.0010251421437679207
364	0.0010196755002346222
365	0.0010107999736731518
366	0.0010051409477996143
367	9.935054684526885E-4
368	9.841024149091293E-4
369	9.729238355415934E-4
370	9.599499464668341E-4
371	9.517210635397521E-4
372	9.408277621871522E-4
373	9.41832418281205E-4
374	9.36878544323053E-4
375	9.339966465595127E-4
376	9.219087157856802E-4
377	9.133692547305607E-4
378	9.094782455451468E-4
379	9.080081919165576E-4
380	9.041121536148785E-4
381	8.999102427403779E-4
382	9.006913654402096E-4
383	8.923978476665789E-4
384	8.857492698304228E-4
385	8.798039577263523E-4
386	8.736331299973441E-4
387	8.721900016696969E-4
388	8.656464938830258E-4
389	8.65141609138931E-4
390	8.555506968148833E-4
391	8.5033832689595E-4
392	8.451468220418486E-4
393	8.373281305346502E-4
394	8.341858258666729E-4
395	8.30475734573166E-4
396	8.217723616383946E-4
397	8.149967534625317E-4
398	8.117562574193281E-4
399	8.056533347004135E-4
400	8.027439729033997E-4
401	7.903196247086914E-4
402	7.87496362995291E-4
403	7.853131269515246E-4
404	7.792574243806025E-4
405	7.781318021305492E-4
406	7.729852740937602E-4
407	7.657565226092287E-4
408	7.50654365253456E-4
409	7.449957922549443E-4
410	7.412198155230431E-4
411	7.44077434985123E-4
412	7.391657677738107E-4
413	7.351165617251515E-4
414	7.334573800232083E-4
415	7.302623137713945E-4
416	7.266955126243053E-4
417	7.245246141564193E-4
418	7.185411284440408E-4
419	7.171992469955347E-4
420	7.069636469703947E-4
421	7.012382256582365E-4
422	6.968247492753352E-4
423	6.925952901815295E-4
424	6.906355510825307E-4
425	6.865134775353144E-4
426	6.823631909295242E-4
427	6.818727721637056E-4
428	6.810422655985746E-4
429	6.769017908636877E-4
430	6.664861142001238E-4
431	6.625922780338252E-4
432	6.619766101406538E-4
433	6.584192957525971E-4
434	6.540547826304666E-4
435	6.552774859065807E-4
436	6.51940129474617E-4
437	6.503442966219624E-4
438	6.463483598983802E-4
439	6.46048159979732E-4
440	6.406450175703862E-4
441	6.432471102423468E-4
442	6.421122073785623E-4
443	6.399178145595169E-4
444	6.41691936178805E-4
445	6.390362737653619E-4
446	6.374070487161766E-4
447	6.354437755026805E-4
448	6.377185315294628E-4
449	6.36119179090713E-4
450	6.320267680915831E-4
451	6.306362165918343E-4
452	6.291213617835271E-4
453	6.250692977110505E-4
454	6.259134973515142E-4
455	6.287339206673617E-4
456	6.240281218944039E-4
457	6.25159415752888E-4
458	6.241837127811764E-4
459	6.268880014541411E-4
460	6.221113366582541E-4
461	6.1806735453635E-4
462	6.206503622642044E-4
463	6.178469849139693E-4
464	6.150234282964532E-4
465	6.153360133724817E-4
466	6.134787005023444E-4
467	6.055196679654254E-4
468	6.041051068539086E-4
469	6.001667784610603E-4
470	5.96501070070279E-4
471	5.961016072148343E-4
472	5.890267014430008E-4
473	5.921642428544993E-4
474	5.868422687576257E-4
475	5.83870620747146E-4
476	5.805646425438966E-4
477	5.831387652194503E-4
478	5.746784311344079E-4
479	5.732611399413821E-4
480	5.701840906035865E-4
481	5.656726876363331E-4
482	5.714780049108789E-4
483	5.684792725622067E-4
484	5.653314808290203E-4
485	5.68744672988606E-4
486	5.676657985122179E-4
487	5.602831869779899E-4
488	5.614701051242065E-4
489	5.583780149845247E-4
490	5.553559880877454E-4
491	5.517791974061091E-4
492	5.499097079012725E-4
493	5.490699622955337E-4
494	5.506082550389119E-4
495	5.486800941585216E-4
496	5.514291826293498E-4
497	5.48503186531088E-4
498	5.47273706821653E-4
499	5.489875110168428E-4
500	5.478641493106632E-4
501	5.491854908070625E-4
502	5.481319107212079E-4
503	5.408484735133715E-4
504	5.376163817900158E-4
505	5.403663567706513E-4
506	5.403406249309515E-4
507	5.333115772035709E-4
508	5.340924037098126E-4
509	5.318612682712256E-4
510	5.29091489482607E-4
511	5.316143105449949E-4
512	5.27442278190278E-4
513	5.298092047330891E-4
514	5.272794501570929E-4
515	5.276556291332583E-4
516	5.251113444750166E-4
517	5.208261905622017E-4
518	5.211128291450123E-4
519	5.168533195572513E-4
520	5.151345363934276E-4
521	5.125816257648266E-4
522	5.156239884785542E-4
523	5.134091998027024E-4
524	5.090467214970606E-4
525	5.209351402804834E-4
526	5.177858953879875E-4
527	5.104837171109569E-4
528	5.085618302662801E-4
529	5.064423460352477E-4
530	5.04128945433702E-4
531	4.988568057276486E-4
532	4.999789895946453E-4
533	5.025463941675898E-4
534	4.987793671954048E-4
535	4.97464854051873E-4
536	4.944198221479263E-4
537	4.938329328535392E-4
538	4.949175008143993E-4
539	4.894520071739818E-4
540	4.886147978848821E-4
541	4.8684905742870825E-4
542	4.944984124864685E-4
543	5.047419550449094E-4
544	5.018447990462842E-4
545	5.010675406373589E-4
546	4.92439603093428E-4
547	4.893027658104738E-4
548	4.8761806813005877E-4
549	4.888198717892562E-4
550	4.861608584901364E-4
551	4.7529222552234547E-4
552	4.756360283109541E-4
553	4.7229577318464296E-4
554	4.7381350804662247E-4
555	4.743243934364685E-4
556	4.697568425623462E-4
557	4.714279200748915E-4
558	4.743968645102505E-4
559	4.7941879641940423E-4
560	4.898116594332433E-4
561	4.94789880455342E-4
562	4.909308759913087E-4
563	4.873449004701476E-4
564	4.837246444859417E-4
565	4.83929736480872E-4
566	4.8742834570071706E-4
567	4.954918499410338E-4
568	4.99994722111704E-4
569	4.937673319941041E-4
570	4.920626623570568E-4
571	4.8332019947331284E-4
572	4.849603116559801E-4
573	4.839228950991758E-4
574	4.8270023394196587E-4
575	4.772719469681068E-4
576	4.6546887278999183E-4
577	4.648515580117054E-4
578	4.7751543436638E-4
579	4.678307549335695E-4
580	4.6649785409055134E-4
581	4.7116695323991644E-4
582	4.6796632321743204E-4
583	4.658963736758223E-4
584	4.685977501189188E-4
585	4.664028504704736E-4
586	4.6891903085126066E-4
587	4.6647133468409737E-4
588	4.6195522657829714E-4
589	4.5895169091798724E-4
590	4.5734952166844576E-4
591	4.557731131059908E-4
592	4.557451383080986E-4
593	4.5421200307278737E-4
594	4.5753530982519785E-4
595	4.547335401606042E-4
596	4.5466078288486903E-4
597	4.557014671384214E-4
598	4.567291664075103E-4
599	4.568208641076633E-4
600	4.591837443254155E-4
601	4.601520306456591E-4
602	4.603022748875717E-4
603	4.586599441080537E-4
604	4.5649487500195874E-4
605	4.566185436779347E-4
606	4.584332842930467E-4
607	4.56681777231512E-4
608	4.5664506768936306E-4
609	4.565117418637737E-4
610	4.580123313702127E-4
611	4.547073235840352E-4
612	4.553282193350403E-4
613	4.527036888767617E-4
614	4.5670630954410896E-4
615	4.569065795574583E-4
616	4.527831614444041E-4
617	4.52960025556916E-4
618	4.6479119105682064E-4
619	4.557878736374059E-4
620	4.5231830559224335E-4
621	4.5548565611811404E-4
622	4.547595652549094E-4
623	4.5316220242291487E-4
624	4.532260711282044E-4
625	4.492591473533029E-4
626	4.49896531353094E-4
627	4.512091685342132E-4
628	4.484881304358119E-4
629	4.4637742755689416E-4
630	4.447022634639855E-4
631	4.4425089842016214E-4
632	4.4187726301572386E-4
633	4.426053226128385E-4
634	4.4771040658725966E-4
635	4.5149571402920973E-4
636	4.520733779464988E-4
637	4.4790140456230884E-4
638	4.4972242202658404E-4
639	4.752526401644637E-4
640	4.6849247623687E-4
641	4.69551331096113E-4
642	4.73272533871922E-4
643	4.773755560056809E-4
644	4.77042385086075E-4
645	4.800705124823682E-4
646	4.636839308390411E-4
647	4.604152138453715E-4
648	4.5975752134608716E-4
649	4.5794041895684176E-4
650	4.5478925034110124E-4
651	4.542027856791278E-4
652	4.4712887404035065E-4
653	4.476332755143705E-4
654	4.3973790006728475E-4
655	4.365468953996211E-4
656	4.386488088300925E-4
657	4.3757238530361443E-4
658	4.3660188248620716E-4
659	4.343063247114237E-4
660	4.338479953784682E-4
661	4.3578210101482813E-4
662	4.3857033048673504E-4
663	4.382710979286591E-4
664	4.394363607787083E-4
665	4.38302432441191E-4
666	4.355469242595152E-4
667	4.3495245504895837E-4
668	4.327825963660225E-4
669	4.336796219934677E-4
670	4.327443628684613E-4
671	4.2829636791337424E-4
672	4.2616889173513055E-4
673	4.324921015318273E-4
674	4.348104655866012E-4
675	4.338025064317593E-4
676	4.401003528075303E-4
677	4.3570710093920157E-4
678	4.4018359035300804E-4
679	4.331971826100062E-4
680	4.336382357101774E-4
681	4.274416473429828E-4
682	4.309104624344721E-4
683	4.321057770175606E-4
684	4.259533010365279E-4
685	4.263577253631492E-4
686	4.248318481069705E-4
687	4.2178871911943043E-4
688	4.251869915580334E-4
689	4.253500663848568E-4
690	4.2838360785087625E-4
691	4.3045442138509526E-4
692	4.2752748382488047E-4
693	4.2581259899152974E-4
694	4.289681220222173E-4
695	4.296989885791885E-4
696	4.3381885987628496E-4
697	4.337528997330506E-4
698	4.294969529019232E-4
699	4.282711836678159E-4
700	4.468828018294027E-4
701	4.2936876187336405E-4
702	4.268087901032009E-4
703	4.233447557732453E-4
704	4.2273153267838786E-4
705	4.1694939553369836E-4
706	4.195795370111892E-4
707	4.320234119170236E-4
708	4.3300772164223047E-4
709	4.3309271454593424E-4
710	4.3328950422531217E-4
711	4.4231175470617085E-4
712	4.4304128877965945E-4
713	4.37796792465373E-4
714	4.3028969072998594E-4
715	4.3261056797862317E-4
716	4.320342134938935E-4
717	4.220076930334323E-4
718	4.191067225603271E-4
719	4.161412082111881E-4
720	4.190385237641857E-4
721	4.1575333073205664E-4
722	4.185038905672006E-4
723	4.2130188019408554E-4
724	4.2023041787438994E-4
725	4.192569810593509E-4
726	4.204026532107157E-4
727	4.185001960533375E-4
728	4.191999656408118E-4
729	4.190297552249308E-4
730	4.2092974427996265E-4
731	4.1468766979371063E-4
732	4.129341335923242E-4
733	4.141980818525765E-4
734	4.1594446052801656E-4
735	4.130267220729494E-4
736	4.139838946199716E-4
737	4.1261208273620566E-4
738	4.070130096846958E-4
739	4.0438519233896257E-4
740	4.047238507701328E-4
741	4.0393399570703227E-4
742	4.0244006955442196E-4
743	4.014334348546423E-4
744	4.03218276244598E-4
745	3.9961482923489664E-4
746	4.1004966396297624E-4
747	4.026862200517184E-4
748	4.0525446317103947E-4
749	4.04151042534231E-4
750	4.1660181130145555E-4
751	4.217127104868143E-4
752	4.238929223613842E-4
753	4.191675606325025E-4
754	4.163557087159585E-4
755	4.1384194566804845E-4
756	4.086008302075962E-4
757	4.080644391205735E-4
758	4.06768656787903E-4
759	4.069806975203864E-4
760	4.069711189036321E-4
761	4.0645220328213935E-4
762	4.0128583094431496E-4
763	3.954890589994143E-4
764	3.96812514165357E-4
765	3.975191379266798E-4
766	4.017522395323797E-4
767	4.012266542717668E-4
768	3.9560662427002023E-4
769	3.963945910121296E-4
770	3.933160318388134E-4
771	3.926644664208559E-4
772	3.91748265451692E-4
773	3.8861160430033896E-4
774	3.919733090122021E-4
775	3.9108081887815564E-4
776	4.004026487953045E-4
777	3.9756670711129066E-4
778	3.9822794875886804E-4
779	4.0020355860365386E-4
780	3.983651842879063E-4
781	3.969549031302208E-4
782	3.9932269150508005E-4
783	3.931247741300795E-4
784	3.900703531236332E-4
785	3.888253486377611E-4
786	3.982998465682668E-4
787	3.937556433785004E-4
788	3.9965201565897164E-4
789	4.069583320826859E-4
790	4.073113489156762E-4
791	4.0712745351690726E-4
792	4.067292763089301E-4
793	4.014894221600875E-4
794	3.9957577587061563E-4
795	4.0196241721410654E-4
796	3.9413510989268593E-4
797	3.94555489879753E-4
798	3.9431581374306583E-4
799	3.953017765292741E-4
800	3.9423812835962603E-4
801	3.9532685372474784E-4
802	3.928544697009152E-4
803	3.9500809994555907E-4
804	3.903335973958296E-4
805	3.8939222086647004E-4
806	3.8734027697736017E-4
807	3.902233833827811E-4
808	3.8613738836204363E-4
809	3.8359673174033954E-4
810	3.860352199438434E-4
811	3.847988370972969E-4
812	3.8520389822602376E-4
813	3.842641330494401E-4
814	3.8909513445897184E-4
815	3.8796763052283985E-4
816	3.8866126164441436E-4
817	3.88310394726522E-4
818	3.9089718001012955E-4
819	3.9309927672335294E-4
820	3.9324605412273286E-4
821	3.9747009732215796E-4
822	3.9886159422312673E-4
823	3.892678749816639E-4
824	3.9302497133819104E-4
825	3.9379666969540847E-4
826	3.9691887162608E-4
827	4.0256792531926283E-4
828	4.044991262237639E-4
829	4.0495444663910766E-4
830	4.014396680800036E-4
831	3.9699938878377426E-4
832	3.960308415934323E-4
833	3.892415291626462E-4
834	3.896776977195814E-4
835	3.9744806086289947E-4
836	3.959420339201139E-4
837	3.9396785966858014E-4
838	3.9263723003714487E-4
839	3.889634094691568E-4
840	3.916620632425842E-4
841	3.9062220915093016E-4
842	3.905035392957504E-4
843	3.9099417203825E-4
844	3.867085044344876E-4
845	3.8970590627711234E-4
846	3.8726055316543555E-4
847	3.8757179711098526E-4
848	3.8931217285970263E-4
849	3.868527020656128E-4
850	3.904627628571508E-4
851	3.918000678661485E-4
852	3.908005832447242E-4
853	3.9304842339334725E-4
854	3.897386732373816E-4
855	3.8910971974246404E-4
856	3.83730595500182E-4
857	3.8275602287435437E-4
858	3.8075618241124827E-4
859	3.8230762826829185E-4
860	3.85730677510934E-4
861	3.866171662892102E-4
862	3.878586772485897E-4
863	3.827321725534682E-4
864	3.7721093343367584E-4
865	3.9011236466853736E-4
866	3.8814957682304946E-4
867	3.891463889832713E-4
868	3.871008738886035E-4
869	3.8235336069907704E-4
870	3.841570550522522E-4
871	3.8051079852612877E-4
872	3.82009843100968E-4
873	3.7833914673609105E-4
874	3.8022599659168384E-4
875	3.8241363149103217E-4
876	3.8041498417255187E-4
877	3.8250133286514353E-4
878	3.822837699852087E-4
879	3.7896956056839037E-4
880	3.7838681400244166E-4
881	3.818391972946707E-4
882	3.765656410867879E-4
883	3.7847615921562326E-4
884	3.750324665183062E-4
885	3.744504795366403E-4
886	3.791686585172056E-4
887	3.8429017668946267E-4
888	3.780716800638286E-4
889	3.7751178962254603E-4
890	3.7501156826228696E-4
891	3.7048984287481237E-4
892	3.7881332038749765E-4
893	3.836203201333248E-4
894	3.9874365493839764E-4
895	3.9267374671425034E-4
896	3.8885877985592795E-4
897	3.823669512417681E-4
898	3.891607667041523E-4
899	3.900131988111045E-4
900	3.8957124954236503E-4
901	3.85294322359721E-4
902	3.826924207464997E-4
903	3.784148755476266E-4
904	3.815034465831759E-4
905	3.796099933660795E-4
906	3.7939840064934E-4
907	3.831335857559889E-4
908	3.882335506931022E-4
909	3.8321983791881123E-4
910	3.782071451633816E-4
911	3.764527179828932E-4
912	3.728812198531842E-4
913	3.7376254082536575E-4
914	3.717708693938284E-4
915	3.7404378645199284E-4
916	3.707667555476164E-4
917	3.7828200849204156E-4
918	3.7755453543916295E-4
919	3.7820571545431564E-4
920	3.702796146336887E-4
921	3.735068494424298E-4
922	3.7574878013949464E-4
923	3.6989984253429713E-4
924	3.668298141887506E-4
925	3.6357249959554684E-4
926	3.6371220507940504E-4
927	3.662342704860772E-4
928	3.663145563288937E-4
929	3.5975743408594464E-4
930	3.7375980615210973E-4
931	3.6617620201032986E-4
932	3.6592743258209346E-4
933	3.6769613306629213E-4
934	3.6537171079400603E-4
935	3.646202193378195E-4
936	3.644234667316809E-4
937	3.6408249438745676E-4
938	3.6907990076578013E-4
939	3.667478638865642E-4
940	3.687307701574482E-4
941	3.631160370558071E-4
942	3.6419814237760345E-4
943	3.6341849374423E-4
944	3.634318046509175E-4
945	3.6471070628220717E-4
946	3.616773987442501E-4
947	3.59539752682966E-4
948	3.553820144432147E-4
949	3.5074695111975504E-4
950	3.5386406248078195E-4
951	3.512383692330482E-4
952	3.5103842952565357E-4
953	3.521250569133651E-4
954	3.535010689093804E-4
955	3.5335580825147857E-4
956	3.536175402022172E-4
957	3.532343053487527E-4
958	3.528401366375786E-4
959	3.5000503923700315E-4
960	3.4381650787104865E-4
961	3.4270141148768507E-4
962	3.441023639239897E-4
963	3.653937417240648E-4
964	3.665637614482268E-4
965	3.662998537677184E-4
966	3.656739279552425E-4
967	3.6850550807345005E-4
968	3.6231515994348027E-4
969	3.55527425384609E-4
970	3.403330821461335E-4
971	3.414543286408126E-4
972	3.4157257503912277E-4
973	3.429716945901035E-4
974	3.421914581580131E-4
975	3.436328411540661E-4
976	3.446910132948102E-4
977	3.404389327815902E-4
978	3.4016054431150363E-4
979	3.425570379444201E-4
980	3.5934206219866E-4
981	3.627883668806142E-4
982	3.5303205570072434E-4
983	3.506766233151971E-4
984	3.556787951126249E-4
985	3.5642011755370384E-4
986	3.5777333606604747E-4
987	3.5416807125167565E-4
988	3.488114492964425E-4
989	3.4710110092608595E-4
990	3.491660769898301E-4
991	3.419199864774648E-4
992	3.397086619939856E-4
993	3.5116026764966447E-4
994	3.8885324463646634E-4
995	3.842686377416958E-4
996	3.8328335723188296E-4
997	3.8022450838908606E-4
998	3.719041484508411E-4
999	3.557823109310988E-4
1000	3.4671740058290807E-4