1	0.26984920474396873
2	0.2553706549359315
3	0.2294793746667861
4	0.20312143967334295
5	0.2030817568893342
6	0.20275941132931222
7	0.17514966750110483
8	0.17124071704547095
9	0.15550107629224874
10	0.15550107629224874
11	0.13363644307333408
12	0.1307281755181555
13	0.12099889974318517
14	0.11557547147300908
15	0.11181341688926977
16	0.10920216250999885
17	0.10267964501274425
18	0.0948399549929307
19	0.08191446429550467
20	0.08191446429550467
21	0.08029183543103774
22	0.07945828483131917
23	0.07659834988663208
24	0.06992469976925446
25	0.0696266163728085
26	0.06895619681303582
27	0.06418970799831707
28	0.06371710085835355
29	0.058594266100964174
30	0.057971414234655044
31	0.05439771522794784
32	0.05331438709163453
33	0.05210064253303904
34	0.051664168801425166
35	0.04942054238525177
36	0.04873226401634362
37	0.04671466657388941
38	0.046247143546612066
39	0.0448745356616332
40	0.04468886042767825
41	0.043769344546609835
42	0.04343155204899743
43	0.04216097803330479
44	0.041760761154328856
45	0.04129001474611014
46	0.04094816085010489
47	0.040185475308432014
48	0.039944365579731834
49	0.03916442870754227
50	0.03888868598746149
51	0.03878903624131646
52	0.038734028171073576
53	0.03831837397542573
54	0.038092277342859145
55	0.03783146378690905
56	0.03741021127325915
57	0.037149788545222634
58	0.03708652344362775
59	0.03664846917631041
60	0.03646766199725586
61	0.03623537431914689
62	0.036134915145272464
63	0.03590829698394072
64	0.035749749329575656
65	0.035559728346094076
66	0.035377146373143924
67	0.03504520645490163
68	0.03472978015057415
69	0.0346125588483481
70	0.034474786004444674
71	0.03440702269894345
72	0.0342523905588613
73	0.03417483522985787
74	0.03409625218646229
75	0.03392322504017043
76	0.03389298947564321
77	0.033792211520837216
78	0.033670587013802974
79	0.03362112063291658
80	0.03356365436194615
81	0.03346105706364424
82	0.03338335774173759
83	0.03330967866676468
84	0.03324986355477764
85	0.033182747307933066
86	0.033159605364273946
87	0.03314550076562884
88	0.03309679198759718
89	0.033067640813768714
90	0.0330603407098591
91	0.03301848005049396
92	0.03299676069451422
93	0.03297288001524091
94	0.032958721489068636
95	0.03289380089676661
96	0.032874522647696164
97	0.03272447840733737
98	0.03272274216644719
99	0.032707260268399985
100	0.03267638235517626
101	0.03265564540228729
102	0.032654908097028354
103	0.03258244300841889
104	0.03243928150230472
105	0.03242420532699438
106	0.03230021091642087
107	0.03223240008095707
108	0.0320708832750784
109	0.03187456250474377
110	0.0318387998780252
111	0.03183675389325415
112	0.03181319123429864
113	0.03167957665143456
114	0.03156278570346508
115	0.03129108281721953
116	0.031211182354904707
117	0.031009684763939276
118	0.030938126597481064
119	0.030762047655563448
120	0.0307213136277941
121	0.030298069553659816
122	0.03024647427207042
123	0.03009531368663577
124	0.02949504663483447
125	0.029196204949421965
126	0.029057376412148152
127	0.029024648320866618
128	0.027789286751174175
129	0.02703268374338979
130	0.02700230291133726
131	0.02686087141656315
132	0.02638415588899684
133	0.025631797055355225
134	0.024779471251400825
135	0.024234201563929157
136	0.023582805342469832
137	0.02342157702207505
138	0.023226338993794945
139	0.023155986325271386
140	0.02258625708782082
141	0.022322831692307313
142	0.021738765432408363
143	0.02122144645177011
144	0.021081467171488736
145	0.019961117962545148
146	0.019822466762257948
147	0.01972401557497191
148	0.019536026442622464
149	0.0190873839906553
150	0.018958855957541668
151	0.0187674584390713
152	0.01858639650376944
153	0.018003715929878105
154	0.017820526813514457
155	0.017809624224843796
156	0.017716729769350226
157	0.017562903096986483
158	0.017546746811159288
159	0.017333484569838468
160	0.017099076561737977
161	0.016732319701051327
162	0.01646801435824532
163	0.01643297613017144
164	0.016392366341413684
165	0.016272949659966132
166	0.016001256144690792
167	0.015721691791221848
168	0.015623426659602544
169	0.014862869532761839
170	0.01458192353725784
171	0.014295081102166322
172	0.013966737229986077
173	0.013416474406160877
174	0.013141550913797605
175	0.013070126560030954
176	0.012913634705436538
177	0.012828628345434781
178	0.012576623990040243
179	0.012128244072693833
180	0.011668836827666689
181	0.01160307326767332
182	0.011538923945943379
183	0.011287983809839435
184	0.010948851721447243
185	0.010295845834231144
186	0.010039137779739724
187	0.009969420147163647
188	0.009844820750286554
189	0.009566090714622276
190	0.009183437437350206
191	0.008863695523717754
192	0.008790175795249605
193	0.008687768356935837
194	0.008537366844245902
195	0.008370741996589378
196	0.008132435410180806
197	0.007863651480179458
198	0.007810275737902562
199	0.0076339803461277006
200	0.007570439796669932
201	0.007462310245947642
202	0.0072704060587665455
203	0.0071843291056105886
204	0.007040466824948004
205	0.006876633716043389
206	0.006795257307146657
207	0.006742076631214588
208	0.006556309823076517
209	0.006352876418687318
210	0.006326044954500099
211	0.006259831104482383
212	0.00614111129627434
213	0.006050773650098877
214	0.0059540577615811215
215	0.0059103841786036625
216	0.0058205195119016805
217	0.005792031248769188
218	0.005705578315558408
219	0.0056647411435187985
220	0.005519934894010923
221	0.005417809828402631
222	0.005286371008400617
223	0.005217913630124857
224	0.005107536648713362
225	0.005010560079465793
226	0.004870340843395998
227	0.00479662977240379
228	0.004669348167113716
229	0.004609726367534124
230	0.004531551610309956
231	0.004465986515186413
232	0.004338753194965031
233	0.004233055351372871
234	0.004228121665569482
235	0.004096419478331157
236	0.004025651278564444
237	0.0039729258913460816
238	0.003943635739520251
239	0.0038729553655045745
240	0.003854153228881824
241	0.003831783158523465
242	0.0037971580411825614
243	0.003681575995102178
244	0.003644130271332233
245	0.003624249149503959
246	0.003557005568481498
247	0.003517684310120048
248	0.0034695391320535055
249	0.003458610411877222
250	0.0033904928240176793
251	0.00337814095347167
252	0.0033523032990692273
253	0.003317371573790232
254	0.003304987498311771
255	0.00328686853140716
256	0.003256409543326183
257	0.0032387271290498254
258	0.003213115303810469
259	0.003199619283050635
260	0.003178880169990551
261	0.003153415715666316
262	0.003109302088634565
263	0.0030454862991360775
264	0.003019714412905748
265	0.0029984197700838482
266	0.0029751847502476883
267	0.002963878166629045
268	0.0029221401320243014
269	0.0028917178005597186
270	0.0028768749970921404
271	0.0028731177269953963
272	0.00285141490925543
273	0.0027989108879750853
274	0.002777123083606604
275	0.0027681038689453324
276	0.0027127354270944895
277	0.0026917745302121997
278	0.0026721768732221735
279	0.0026471374415946024
280	0.0026275039126739935
281	0.0026185160377255245
282	0.0026086214738923518
283	0.0025597807036282015
284	0.002517138124158156
285	0.0025019943121961344
286	0.0024765439180925056
287	0.0024349068239229287
288	0.002413520124185627
289	0.002382864559189773
290	0.0023611307523413736
291	0.002318874717073998
292	0.0022792480932019824
293	0.0022444375988207687
294	0.0022152984223833623
295	0.0022101960955280197
296	0.002183138537310902
297	0.0021669486867733315
298	0.002138690030284164
299	0.0021028004381722304
300	0.0020890990036287064
301	0.00207916627807441
302	0.002068559603318423
303	0.0020456101516448714
304	0.002025788049535409
305	0.002009041118790542
306	0.001978695990358796
307	0.001964169954631985
308	0.0019433463995535852
309	0.001925517058336567
310	0.0019105623085380085
311	0.0019080096577575908
312	0.0019008443373731366
313	0.0018876580187721463
314	0.0018839011652700167
315	0.0018706989344064388
316	0.001860331102182895
317	0.0018538938469930422
318	0.0018439346919997192
319	0.00183301518555015
320	0.001828589810533978
321	0.0018150548224837612
322	0.0017960856268190012
323	0.001783328444232688
324	0.0017762463630306557
325	0.001766952631178437
326	0.0017604581172647395
327	0.0017617903301049133
328	0.0017508909068564263
329	0.0017418224317690852
330	0.0017292250218553528
331	0.0017229244188326658
332	0.0017155085742401842
333	0.0017060546899494394
334	0.0016966816591418017
335	0.0016721043136268918
336	0.0016708321009595772
337	0.0016713436398496772
338	0.0016660935301095782
339	0.0016570188995367696
340	0.0016473352782718131
341	0.0016353115831414424
342	0.0016255145119740849
343	0.0016189882411723068
344	0.001606246886277155
345	0.0016059413799984206
346	0.0016007396348649697
347	0.0015912516645624206
348	0.0015884254653160904
349	0.0015818355176963656
350	0.0015747113884188263
351	0.0015685827991303704
352	0.0015571156322999973
353	0.0015529237069719336
354	0.0015445709407620825
355	0.0015394877245853754
356	0.001530370107739089
357	0.0015134782203259768
358	0.0015027505172255855
359	0.0014879075478130502
360	0.0014826303613544119
361	0.0014758817427970282
362	0.0014694726862973873
363	0.0014670176192808845
364	0.0014632412310307834
365	0.001453739698734319
366	0.0014407192742177412
367	0.0014319002115265609
368	0.0014289232849825698
369	0.0014162965776038311
370	0.0014073416665501789
371	0.0014040409939504509
372	0.0013988789229865037
373	0.0013933388433440671
374	0.0013880085435781394
375	0.0013808398693734268
376	0.001380025250341111
377	0.0013686720149077472
378	0.0013581200329669343
379	0.001350169424460845
380	0.0013335333284515772
381	0.0013185513138632109
382	0.0013096116653205315
383	0.0013059477939319727
384	0.001299225126945582
385	0.0012915169819325463
386	0.0012850660624053182
387	0.001280423322841698
388	0.0012726589294981177
389	0.0012674375960454896
390	0.0012678480418684807
391	0.0012639923342860043
392	0.001255371721216515
393	0.0012485383660879447
394	0.0012452804244277489
395	0.0012441321884839715
396	0.0012327310016159063
397	0.001226996255296932
398	0.0012199305386148128
399	0.0012150462806218708
400	0.0012125759793036863
401	0.0012120759167106628
402	0.0012087948452412622
403	0.0012086673786959599
404	0.0012026593542892434
405	0.001196230159773846
406	0.0011978058406531809
407	0.0011955517495316544
408	0.0011910994053067146
409	0.0011946876985515283
410	0.0011901888045420795
411	0.0011833590600668802
412	0.001179005806313277
413	0.0011727118500336395
414	0.0011696557573059065
415	0.0011649593623067845
416	0.0011594961540720458
417	0.0011544108002965298
418	0.001149998483007424
419	0.0011516523990980389
420	0.0011501921391860609
421	0.0011481899183073104
422	0.0011446834137792186
423	0.0011392311941771885
424	0.001141518417746055
425	0.0011384076759665092
426	0.0011389901098771689
427	0.0011362971722165185
428	0.001132176896888866
429	0.0011285218312522514
430	0.0011259521275115239
431	0.0011242266452421363
432	0.001122767102105409
433	0.0011204807741623927
434	0.0011179680540951502
435	0.0011152107231424864
436	0.0011155716292885302
437	0.0011130042651365383
438	0.0011121891377526255
439	0.0011106838928909093
440	0.0011069905313426153
441	0.0011031517590351424
442	0.0010990842652622893
443	0.0010972929812204462
444	0.0010961169584780212
445	0.0010939235918645993
446	0.0010915297152086496
447	0.0010889012970801632
448	0.0010854609748234322
449	0.0010840075984136705
450	0.0010844210110448273
451	0.0010781112481973976
452	0.0010701143483099165
453	0.0010651087442952146
454	0.0010597030222682096
455	0.001058755161446604
456	0.0010573143252610516
457	0.001056376297395374
458	0.0010536598092761639
459	0.0010511508516608328
460	0.0010482916708352541
461	0.0010457309433917763
462	0.0010405921286408045
463	0.0010374644822640168
464	0.0010396499383809156
465	0.0010341848695447425
466	0.0010274589209353863
467	0.0010216637060952711
468	0.0010163275402189378
469	0.0010160218064181258
470	0.001018281127790797
471	0.001010803667024682
472	0.0010049724829142668
473	9.913764496324057E-4
474	9.856719422661946E-4
475	9.804494034233982E-4
476	9.756235374201406E-4
477	9.744021601453463E-4
478	9.713286762622792E-4
479	9.68667240441405E-4
480	9.700317968479353E-4
481	9.640529816408399E-4
482	9.623370128091384E-4
483	9.612800007233915E-4
484	9.637563125874642E-4
485	9.623965782784257E-4
486	9.569667801517619E-4
487	9.543559147266671E-4
488	9.538145186430998E-4
489	9.50227754916816E-4
490	9.500713556460552E-4
491	9.478817969450869E-4
492	9.482308069997926E-4
493	9.436807130606676E-4
494	9.413927826849246E-4
495	9.391110794987006E-4
496	9.3981693896756E-4
497	9.335066754258835E-4
498	9.347195829033469E-4
499	9.307388493762093E-4
500	9.201976778456603E-4
501	9.152999253206208E-4
502	9.10640788459497E-4
503	9.099827767467594E-4
504	9.089665180362777E-4
505	9.069571541942534E-4
506	9.069565147255542E-4
507	9.043063149441237E-4
508	9.003722379851463E-4
509	8.934349192436944E-4
510	8.868451581547638E-4
511	8.856555408265E-4
512	8.859482233397699E-4
513	8.876455651900662E-4
514	8.871590173127865E-4
515	8.793808362588556E-4
516	8.820976004775613E-4
517	8.759292722836571E-4
518	8.742534135632778E-4
519	8.716519182299967E-4
520	8.698286843002296E-4
521	8.678538045579588E-4
522	8.609518127393905E-4
523	8.528524992900539E-4
524	8.505172393955567E-4
525	8.499237450825418E-4
526	8.470232393835862E-4
527	8.441551733329554E-4
528	8.43371487328609E-4
529	8.389018179962762E-4
530	8.358226633660205E-4
531	8.369008399730913E-4
532	8.352103272085268E-4
533	8.322404525565253E-4
534	8.319938926181247E-4
535	8.295873964601799E-4
536	8.287998156762782E-4
537	8.313616016404023E-4
538	8.357731856839151E-4
539	8.381413983926556E-4
540	8.355245936232637E-4
541	8.35149654401648E-4
542	8.343293432971624E-4
543	8.313998068422224E-4
544	8.257201324547239E-4
545	8.252921612303481E-4
546	8.247441459351846E-4
547	8.239467099867664E-4
548	8.164891145791326E-4
549	8.148091295044468E-4
550	8.10514952432699E-4
551	8.071472131614417E-4
552	8.045673682562535E-4
553	8.017569624404455E-4
554	8.002875816713227E-4
555	8.010344452164236E-4
556	8.005719167432533E-4
557	7.991667178915425E-4
558	7.980633672670372E-4
559	7.968173988709711E-4
560	7.963524206172451E-4
561	7.944858779402746E-4
562	7.92123686867967E-4
563	7.920032557018921E-4
564	7.887168573793119E-4
565	7.858078981933684E-4
566	7.851104572588278E-4
567	7.858037354238358E-4
568	7.868215094338169E-4
569	7.844257859877278E-4
570	7.840556941333726E-4
571	7.824778757454303E-4
572	7.78021012552535E-4
573	7.774667953436868E-4
574	7.753594238039367E-4
575	7.707462803299095E-4
576	7.724305567590882E-4
577	7.691421404928897E-4
578	7.64769199873603E-4
579	7.623964475772185E-4
580	7.623757240197555E-4
581	7.595677313829474E-4
582	7.533065552258106E-4
583	7.498050899418787E-4
584	7.475316239607784E-4
585	7.490146425964064E-4
586	7.496081815523013E-4
587	7.490544309356797E-4
588	7.455864216522948E-4
589	7.444237020248974E-4
590	7.424721360886834E-4
591	7.426150695945341E-4
592	7.416563057521792E-4
593	7.435564387609179E-4
594	7.419441226834851E-4
595	7.43798586279149E-4
596	7.463529518765394E-4
597	7.431276538560373E-4
598	7.43460742859151E-4
599	7.403285099366847E-4
600	7.394793651110372E-4
601	7.365608675517602E-4
602	7.350469172180928E-4
603	7.321279740910105E-4
604	7.29468250734077E-4
605	7.306403208693806E-4
606	7.318384575250356E-4
607	7.290500264458047E-4
608	7.303212611349222E-4
609	7.31942518760075E-4
610	7.294937893898407E-4
611	7.298397012604674E-4
612	7.301339387563717E-4
613	7.305801616636928E-4
614	7.284764918033357E-4
615	7.362592353687266E-4
616	7.342916236092765E-4
617	7.307765976509569E-4
618	7.304818407259732E-4
619	7.33088817826034E-4
620	7.31420567637275E-4
621	7.267559821244875E-4
622	7.266139497946165E-4
623	7.234625377813898E-4
624	7.22200625040373E-4
625	7.222653863406487E-4
626	7.224101626258379E-4
627	7.202307892570178E-4
628	7.188903623166182E-4
629	7.203513796962791E-4
630	7.187141679794307E-4
631	7.172448720527731E-4
632	7.206679436954312E-4
633	7.22603246846348E-4
634	7.198920803621883E-4
635	7.227993559448836E-4
636	7.30309788517082E-4
637	7.276041477791163E-4
638	7.287238482821682E-4
639	7.275323736281871E-4
640	7.252022813952155E-4
641	7.260719903359674E-4
642	7.268099888575501E-4
643	7.265906633260961E-4
644	7.23942013958294E-4
645	7.243083771646596E-4
646	7.231919406119491E-4
647	7.135721345973121E-4
648	7.128870221864277E-4
649	7.13161401492839E-4
650	7.164738640813698E-4
651	7.152512305965925E-4
652	7.148505541600043E-4
653	7.120139739655511E-4
654	7.128149894445722E-4
655	7.139206166880707E-4
656	7.152801890884459E-4
657	7.104166458980867E-4
658	7.09288893383191E-4
659	7.078869783837833E-4
660	7.106736949221236E-4
661	7.109534590174983E-4
662	7.130561480164315E-4
663	7.112162275145524E-4
664	7.101459151858588E-4
665	7.117229319492919E-4
666	7.095679927212898E-4
667	7.1002674756998E-4
668	7.078156263675997E-4
669	7.073343354455444E-4
670	7.065937331481006E-4
671	7.069554971547832E-4
672	7.050301848271476E-4
673	7.069070016182E-4
674	7.083884092393837E-4
675	7.068311488034875E-4
676	7.029274174959306E-4
677	7.034787101532311E-4
678	7.028730850730619E-4
679	7.01396086236977E-4
680	7.005002526769563E-4
681	7.004616003470234E-4
682	7.019350919891491E-4
683	7.040169491924827E-4
684	7.04434743524124E-4
685	7.049946473928918E-4
686	7.040475240883416E-4
687	7.039485241258874E-4
688	7.063595854317962E-4
689	7.06798642992134E-4
690	7.056703963907463E-4
691	7.064156402466396E-4
692	7.065747007024181E-4
693	7.075434190014507E-4
694	7.037076987477693E-4
695	7.042544107839771E-4
696	6.992660816528458E-4
697	6.994677645331055E-4
698	6.977336610924509E-4
699	6.959426589242209E-4
700	6.946645543569824E-4
701	6.947996911171421E-4
702	6.953406844660692E-4
703	6.967286758221638E-4
704	6.948656523772981E-4
705	6.957241207232335E-4
706	6.94055870639774E-4
707	6.917205551232417E-4
708	6.909699211160522E-4
709	6.888322173829695E-4
710	6.930102855583459E-4
711	6.912038091594991E-4
712	6.934169712093062E-4
713	6.906042047832641E-4
714	6.908270288254743E-4
715	6.903713493475203E-4
716	6.902475132684263E-4
717	6.906981677191116E-4
718	6.948930514948349E-4
719	6.904979484359523E-4
720	6.902449775717622E-4
721	6.899988401754443E-4
722	6.937916890367127E-4
723	6.92104394222211E-4
724	6.91465084521681E-4
725	6.922631104687006E-4
726	6.927007225871079E-4
727	6.929817519817046E-4
728	6.925590062221512E-4
729	6.89942224411312E-4
730	6.87958478506979E-4
731	6.877182595383815E-4
732	6.847488223140408E-4
733	6.861647537188099E-4
734	6.845722586612139E-4
735	6.836736308760813E-4
736	6.867317268696167E-4
737	6.875113884102187E-4
738	6.821449147413996E-4
739	6.892969978930629E-4
740	6.893648592647488E-4
741	6.840415687608321E-4
742	6.856903284624568E-4
743	6.840729618441365E-4
744	6.832913354910577E-4
745	6.825222652574891E-4
746	6.823776563036947E-4
747	6.82712666728207E-4
748	6.819854659793909E-4
749	6.817368416440743E-4
750	6.793946825165383E-4
751	6.821974043941072E-4
752	6.809898484205889E-4
753	6.848607004072777E-4
754	6.855752950085436E-4
755	6.838035718116218E-4
756	6.834315679104591E-4
757	6.825264678741815E-4
758	6.821304837951701E-4
759	6.826071326240399E-4
760	6.855360843390889E-4
761	6.842905274308036E-4
762	6.85279447840357E-4
763	6.846999090066865E-4
764	6.870831897893994E-4
765	6.854511668934789E-4
766	6.842647957302089E-4
767	6.826568009316445E-4
768	6.833142895672864E-4
769	6.822758968904953E-4
770	6.815392860111641E-4
771	6.795144616364074E-4
772	6.810430498892106E-4
773	6.817866090453628E-4
774	6.862756087567518E-4
775	6.817827082756514E-4
776	6.801377161378072E-4
777	6.817117015617686E-4
778	6.833786419386867E-4
779	6.822435048019796E-4
780	6.809135742964848E-4
781	6.804392533235836E-4
782	6.812727313956411E-4
783	6.819530975187841E-4
784	6.803782526238306E-4
785	6.783523995021497E-4
786	6.786897620317846E-4
787	6.78686740857506E-4
788	6.803032682893878E-4
789	6.8007195404723E-4
790	6.773002613729745E-4
791	6.766608942749689E-4
792	6.798802274438602E-4
793	6.790193434194652E-4
794	6.783161518961494E-4
795	6.79877516268084E-4
796	6.756564228251539E-4
797	6.761147085540638E-4
798	6.764177215814706E-4
799	6.739278993338424E-4
800	6.73816335499514E-4
801	6.766454448308988E-4
802	6.763626866752433E-4
803	6.67942899678212E-4
804	6.741543824277782E-4
805	6.748697009208542E-4
806	6.775615383601479E-4
807	6.747656083829398E-4
808	6.735351132836042E-4
809	6.70368596933334E-4
810	6.713854871182217E-4
811	6.688789210952055E-4
812	6.667852445198758E-4
813	6.673461967006167E-4
814	6.675077303749534E-4
815	6.703700305815772E-4
816	6.670750193432628E-4
817	6.663473427442332E-4
818	6.713618571333057E-4
819	6.694626356992527E-4
820	6.809628254871809E-4
821	6.778607654043785E-4
822	6.78566126975548E-4
823	6.747513975007755E-4
824	6.746259328955903E-4
825	6.738491443021684E-4
826	6.708607717636907E-4
827	6.687615322615389E-4
828	6.743036772890567E-4
829	6.740775632293005E-4
830	6.685681074320471E-4
831	6.662946984105786E-4
832	6.658242330536348E-4
833	6.643484837507847E-4
834	6.607706620334239E-4
835	6.59851008467012E-4
836	6.586514275054999E-4
837	6.589286328831579E-4
838	6.614386915550981E-4
839	6.622049502548173E-4
840	6.610463994502382E-4
841	6.599007193595659E-4
842	6.615327783644755E-4
843	6.612124645071354E-4
844	6.626017432637098E-4
845	6.606913279957772E-4
846	6.657391679500771E-4
847	6.69675421635885E-4
848	6.682888467693601E-4
849	6.656611636673838E-4
850	6.672620212493376E-4
851	6.666884241063052E-4
852	6.631751978855013E-4
853	6.631602561731459E-4
854	6.608515942202351E-4
855	6.618132543015357E-4
856	6.621550154846302E-4
857	6.628472553327078E-4
858	6.606387857238597E-4
859	6.583713456075208E-4
860	6.608017043390614E-4
861	6.679432012406026E-4
862	6.628343214497843E-4
863	6.665973132384374E-4
864	6.647595896474739E-4
865	6.620689697293598E-4
866	6.619530923567254E-4
867	6.585038236555377E-4
868	6.58044297228443E-4
869	6.608206376380952E-4
870	6.605594465788613E-4
871	6.613507561910347E-4
872	6.572229024447929E-4
873	6.611249939151294E-4
874	6.604683581425942E-4
875	6.646044892533647E-4
876	6.567444301017451E-4
877	6.578598291625718E-4
878	6.558032367475967E-4
879	6.528510084100739E-4
880	6.521558869679044E-4
881	6.539784201671151E-4
882	6.518802913790067E-4
883	6.495041771295029E-4
884	6.489952697562718E-4
885	6.504471541646192E-4
886	6.502485727122024E-4
887	6.520267550556246E-4
888	6.532552055388613E-4
889	6.538569169788407E-4
890	6.527838243679214E-4
891	6.509647871575966E-4
892	6.511430812205426E-4
893	6.52387421885571E-4
894	6.54645399640014E-4
895	6.548771862635374E-4
896	6.538094377438143E-4
897	6.54440994654033E-4
898	6.559829016867694E-4
899	6.557258213298787E-4
900	6.531888279143882E-4
901	6.533425700791305E-4
902	6.526145047527187E-4
903	6.530998952481628E-4
904	6.540798295933603E-4
905	6.504362781551543E-4
906	6.502388231985214E-4
907	6.493653906893813E-4
908	6.479786528700327E-4
909	6.501779783983501E-4
910	6.481857694524529E-4
911	6.481120124046889E-4
912	6.475873177374777E-4
913	6.487288111924768E-4
914	6.467071689079203E-4
915	6.457557686195131E-4
916	6.471140753926262E-4
917	6.459721603549188E-4
918	6.43340890284525E-4
919	6.429517326819639E-4
920	6.436917587029865E-4
921	6.459127958091107E-4
922	6.461591299986453E-4
923	6.529357677753462E-4
924	6.482428425837757E-4
925	6.467430691779753E-4
926	6.504695194037496E-4
927	6.504736964156E-4
928	6.493269569617324E-4
929	6.511643527786618E-4
930	6.439273086823544E-4
931	6.434194314637797E-4
932	6.442144016697187E-4
933	6.43625617615725E-4
934	6.442820751060743E-4
935	6.437501031694377E-4
936	6.566952058562634E-4
937	6.585819411278089E-4
938	6.602237014226144E-4
939	6.60078515922604E-4
940	6.59849937442459E-4
941	6.584855811218951E-4
942	6.553332906189997E-4
943	6.573784631356648E-4
944	6.558669885192201E-4
945	6.528907162109707E-4
946	6.520418482629025E-4
947	6.535491625786493E-4
948	6.534093596902575E-4
949	6.538815481627521E-4
950	6.526315917639414E-4
951	6.535471544731415E-4
952	6.591717656965153E-4
953	6.506526831839692E-4
954	6.48509142619042E-4
955	6.488819758344547E-4
956	6.472776654551557E-4
957	6.381161610954191E-4
958	6.358136213166588E-4
959	6.367953092276128E-4
960	6.346691120170236E-4
961	6.37808105994775E-4
962	6.376782097541022E-4
963	6.342393529644399E-4
964	6.344817545795805E-4
965	6.354300411589132E-4
966	6.275523108586111E-4
967	6.259120841163161E-4
968	6.225910717344652E-4
969	6.19908977499431E-4
970	6.191260257058776E-4
971	6.15239794656746E-4
972	6.111172081373877E-4
973	6.104698607407672E-4
974	6.07012519404981E-4
975	6.076674736753442E-4
976	5.985383611405491E-4
977	5.907799582066095E-4
978	5.847812622797681E-4
979	5.830900396598018E-4
980	5.815906582920376E-4
981	5.74436639355846E-4
982	5.609404923732635E-4
983	5.507376595005758E-4
984	5.499573049539682E-4
985	5.48084187809508E-4
986	5.30025251169371E-4
987	5.181077134652866E-4
988	5.168386771933665E-4
989	5.039060746179304E-4
990	4.937406438556988E-4
991	4.743476927677603E-4
992	4.646458475070487E-4
993	4.594427498155209E-4
994	4.5637947078608555E-4
995	4.3208891327179924E-4
996	4.3319058297419975E-4
997	4.254893068210906E-4
998	4.2630025855233255E-4
999	4.282442375445821E-4
1000	4.121873223788252E-4