2.013666318766770360e-04
1.999859101679719864e-04
2.087452192094533859e-04
2.079697737810972346e-04
2.041906028894640819e-04
2.065267280887852878e-04
2.012101424975836449e-04
2.051080081041860932e-04
1.908499684509164544e-04
1.945826823511678392e-04
2.028488887405959212e-04
1.976994172634395316e-04
1.926672352647379927e-04
1.910328823212666637e-04
1.907161812655310494e-04
1.916231651424593098e-04
1.978619418543772540e-04
2.044797250479200911e-04
2.041394250374298312e-04
1.933501146010113084e-04
2.026763344018577353e-04
1.852086168561851022e-04
1.986378625502284695e-04
1.994495215248314661e-04
1.964851575945367993e-04
1.980048059675834139e-04
2.130626736548966776e-04
2.002584398062038317e-04
1.974529177087388414e-04
1.965568488331286706e-04
1.874982775323486375e-04
