14228.737429190121 139599.12878865786 
167393.49487336166 9898.27513481768 
182253.09662420035 8361.064056965735 
2054.2527062879135 166437.35924794246 
175272.5084301188 160.1136431958108 
133784.6246202445 46129.36094845976 
175223.30613668344 75206.5542279961 
113620.53389722099 112848.1510590157 
155304.09972425818 60957.39525846174 
128652.22389685053 114850.90917165302 
68734.80490679886 152962.0171286027 
105119.57041060217 145672.82805312297 
30345.855528061915 124476.87239856835 
159722.11262425812 51646.37858896109 
172166.64367430966 64271.77731187601 
73724.18660578389 139738.81576871025 
44498.67725225357 177108.1635235079 
163550.22801678567 122485.1836236316 
168792.90015521643 29676.105830574656 
184969.8727143478 7572.02876280907 
26207.264512673235 178116.8255992561 
21676.715376066273 137543.2044059696 
146583.33419828233 113262.02497306507 
174988.21717168143 26565.193667577896 
12373.903484587614 185228.1249988713 
55349.6804142172 154462.0933088333 
14076.59178277145 169398.04098743421 
74373.8325272351 165677.65807488724 
36572.7135396892 143451.20844918332 
156629.0607718147 74308.30701977816 
32569.22163518603 95606.5735589548 
30707.538407641332 162071.60754000946 
138455.05727220132 107905.07516244003 
72139.87306611307 190271.2078283779 
79000.32619002492 121157.1382754276 
79809.87021447053 157635.68692865636 
112962.0470577431 110305.29730474131 
89989.09266339568 103546.26597169439 
135699.68777603892 130831.04026395547 
21958.284489217545 209890.57323135703 
36882.64608607562 166982.24598016386 
154415.1423200725 114076.57939121242 
114663.98892684362 123595.57149556249 
82117.0364528329 113782.25546215584 
199023.21275922214 410.02084674881564 
27281.398846115666 179076.45250875657 
127282.66494058364 3784.6480585114336 
15586.849870488066 165920.11166253744 
75038.60095631033 131657.94707162702 
157859.19147576555 50322.25702785747 
33886.89641483932 146215.71625965982 
165533.63457925452 27586.00662213355 
163487.20599780098 53198.76810327325 
59350.52513497997 149603.23786874075 
114129.66060683063 73337.82234487473 
151994.6066794529 41631.07444195777 
151379.45510262105 61890.17218364602 
32229.01271265816 172581.509240556 
103263.476006171 14392.161214659534 
99949.60706589503 164510.76340677764 
139778.06906604205 7343.191986573456 
49394.269699844415 140118.0554292741 
87717.93334321449 95486.64401935456 
91931.20197205513 163453.22409819425 
176957.4589886259 17204.599396954272 
196524.95196450292 52642.14108579637 
192467.7362641972 95740.05233726208 
45468.56759038431 154214.8039795751 
14372.836051432323 152204.2597460538 
159529.02369828956 23580.452650152292 
169538.6213141572 2899.6192668411254 
22527.68997566142 143486.552634918 
67618.56447423827 135488.8269688929 
2421.1891638721427 189091.58926167837 
164465.81703156713 52857.88236711969 
31729.937396562298 151981.6361640305 
132209.88545469826 66635.11499718305 
57141.100116869515 129329.62423388753 
123414.88068451757 47678.554048599515 
41454.690970573436 153688.15647319992 
129648.94154171017 84333.07522296594 
130240.83517409346 32771.359032095796 
121789.4744943228 131839.6953566062 
78628.19621591606 124445.16533925945 
22959.69675996357 146157.80246986367 
142739.25028804917 55871.3295123225 
209076.8776663584 30888.583321538896 
164751.95545386377 45550.793194274724 
145918.22153634136 25059.55721405387 
139824.64777245198 13152.640318355563 
61206.47296036447 137608.3222951339 
108493.70489816487 123152.77486919884 
116926.8664495746 81650.73883994912 
144367.6961809677 36123.28658286037 
128002.41224478133 56052.372960214154 
130491.60706864852 9042.182924580127 
172667.43084529653 26082.27504113374 
88089.36247094248 132067.98975891736 
102214.59633782247 100440.44951297525 
119177.68456273837 178138.4536174544 
