-18482.0 -19988.0 
-19411.0 -19157.0 
-18482.0 -19988.0 
-19411.0 -19157.0 
-19395.0 -19168.0 
-19370.0 -19261.0 
-18918.0 -19781.0 
-19291.0 -19361.0 
-18940.0 -19758.0 
-18540.0 -19951.0 
-18880.0 -19801.0 
-18613.0 -19942.0 
-19319.0 -19329.0 
-19200.0 -19530.0 
-19274.0 -19403.0 
-18709.0 -19888.0 
-18521.0 -19976.0 
-19238.0 -19465.0 
-19248.0 -19410.0 
-18657.0 -19914.0 
-18688.0 -19909.0 
-19160.0 -19535.0 
-19300.0 -19331.0 
-19073.0 -19653.0 
-18961.0 -19728.0 
-19339.0 -19298.0 
-18640.0 -19935.0 
-18767.0 -19859.0 
-19137.0 -19588.0 
-19056.0 -19673.0 
-18985.0 -19712.0 
-19079.0 -19622.0 
-19214.0 -19480.0 
-19339.0 -19298.0 
-19370.0 -19261.0 
-19005.0 -19709.0 
-18715.0 -19870.0 
-18849.0 -19805.0 
-19209.0 -19499.0 
-19355.0 -19276.0 
-18831.0 -19821.0 
-18735.0 -19865.0 
-19395.0 -19168.0 
-18613.0 -19942.0 
-18801.0 -19829.0 
-18832.0 -19813.0 
-18979.0 -19727.0 
-18789.0 -19845.0 
-19355.0 -19276.0 
-18521.0 -19976.0 
-19244.0 -19437.0 
-19146.0 -19563.0 
-19032.0 -19685.0 
-19056.0 -19673.0 
-19209.0 -19499.0 
-19245.0 -19436.0 
-18540.0 -19951.0 
-18767.0 -19859.0 
-19027.0 -19691.0 
-19073.0 -19653.0 
-19090.0 -19618.0 
-19137.0 -19588.0 
-18735.0 -19865.0 
-18789.0 -19845.0 
-18688.0 -19909.0 
-19005.0 -19709.0 
-19027.0 -19691.0 
-19118.0 -19604.0 
-19274.0 -19403.0 
-18640.0 -19935.0 
-19238.0 -19465.0 
-18657.0 -19914.0 
-19118.0 -19604.0 
-18961.0 -19728.0 
-19214.0 -19480.0 
-18849.0 -19805.0 
-19146.0 -19563.0 
-19150.0 -19552.0 
-19032.0 -19685.0 
-18800.0 -19835.0 
-19098.0 -19614.0 
-19111.0 -19607.0 
-19150.0 -19552.0 
-19098.0 -19614.0 
-19111.0 -19607.0 
-19158.0 -19541.0 
-19200.0 -19530.0 
-19158.0 -19541.0 
-18800.0 -19835.0 
-18715.0 -19870.0 
-19300.0 -19331.0 
-19248.0 -19410.0 
-19079.0 -19622.0 
-18831.0 -19821.0 
-18801.0 -19829.0 
-19244.0 -19437.0 
-18979.0 -19727.0 
-19245.0 -19436.0 
-19137.0 -19588.0 
-18482.0 -19988.0 
