1.587496630440006440e+00
1.560184111330132239e+00
1.542496054594655552e+00
1.565132385122194325e+00
1.524241982093021530e+00
1.542847816741536260e+00
1.531880465967334626e+00
1.585141151802202497e+00
1.577927637012479956e+00
1.563768341153901620e+00
1.548273241626006991e+00
1.648821129955376774e+00
1.541999333319868049e+00
1.537088970602731974e+00
1.582058234687807596e+00
1.584899287769138132e+00
1.519010954222324683e+00
1.531016782810830312e+00
1.481286347218750743e+00
1.524200307282189693e+00
1.533252883550206613e+00
1.581069653686347332e+00
1.591050747675660126e+00
1.562266882794935974e+00
1.510830073489106917e+00
1.635510824370229210e+00
1.566753147306996885e+00
1.538331622517363551e+00
1.556640511784606939e+00
1.545978177074128546e+00
1.601300974021669488e+00
