5.1296938011911145E-15	471.34758066561795
1.6074430105585358E-17	471.3607627603663
0.0	471.3807475488305
1.069446570058109E-13	471.3444940215246
1.2788967961488205E-13	471.33872182296534
1.27537123247436E-13	471.3387911726675
5.1296938011911145E-15	471.3595481724955
1.6074430105585358E-17	471.3660503846075
0.0	471.38521683806283
1.0994102677188644E-14	471.35446487255484
3.508594979690606E-14	471.34789486841555
1.07547689777023E-13	471.3449503837555
1.27537123247436E-13	471.3442458487197
1.6074430105585358E-17	471.36629615092824
0.0	471.38713655002607
0.0	471.38713655002607
0.0	471.3863147619813
3.202240136081136E-14	471.3600446638112
2.408769131649234E-14	471.36065070700045
2.3244038506293188E-14	471.36228919687574
8.496755634075656E-14	471.3497907750901
1.07547689777023E-13	471.34555738570157
1.27537123247436E-13	471.34425435713075
1.27537123247436E-13	471.34425435713075
1.27537123247436E-13	471.34425435713075
1.6074430105585358E-17	471.36797313888195
0.0	471.3872261413033
0.0	471.38649068064825
3.4296558723929894E-14	471.3631687251145
1.07547689777023E-13	471.3460459127212
1.6074430105585358E-17	471.3683631968927
0.0	471.3872589496543
0.0	471.3872589496543
0.0	471.38659767941834
3.4296558723929894E-14	471.36445708627355
1.07547689777023E-13	471.3460768062988
1.6074430105585358E-17	471.3767772830679
1.6074430105585358E-17	471.3767772830679
0.0	471.38743964531716
3.474867561673756E-14	471.36616512968527
1.07547689777023E-13	471.3588055419473
1.27537123247436E-13	471.34738648768143
1.2742682434566578E-13	471.35083503530944
1.270853681035477E-13	471.3563945001707
2.0791709501649304E-15	471.37750469426055
1.7440843591474154E-15	471.3776370116743
1.7440843591474154E-15	471.3776370116743
0.0	471.3904594405306
1.0582104516993541E-15	471.38441146013093
1.07547689777023E-13	471.360034251046
1.2742682434566578E-13	471.35088101973963
4.209240705797039E-15	471.3781323125666
2.0791709501649304E-15	471.3805249775363
0.0	471.391064037346
2.0791709501649304E-15	471.3789343497415
1.2742682434566578E-13	471.351882045857
1.2288865756191254E-13	471.3731416362091
4.1249826203863854E-15	471.3822569250181
2.498827372247192E-15	471.3822707739781
0.0	471.3913650984163
1.0365501745700804E-14	471.37840712292126
5.1296938011911145E-15	471.3817299786975
1.3069683070514513E-13	471.37213936955425
0.03258574542240693	471.36026992275214
4.1249826203863854E-15	471.3822577215938
3.434206106223263E-15	471.3848063161613
3.0000502196841593E-15	471.3860731066381
3.0000502196841593E-15	471.3860731066381
0.0	471.3918139969512
0.0	471.39167551907656
2.408769131649234E-14	471.38159900035936
2.408769131649234E-14	471.38159900035936
3.202240136081136E-14	471.38084402746773
1.3069683070514513E-13	471.3737290096649
1.2784567949035226E-13	471.37930354488003
4.177722082684343E-15	471.38437525841
4.1249826203863854E-15	471.3880005282911
0.0	471.392685472306
2.4251583384422578E-14	471.3819712299118
2.408769131649234E-14	471.38201317665647
1.3069683070514513E-13	471.37607851330347
1.9679826090335445E-13	471.37438104205
4.177722082684343E-15	471.38463342293244
3.434206106223263E-15	471.39339593450785
3.0000502196841593E-15	471.3939226974926
0.0	471.3945065681066
2.4251583384422578E-14	471.3828044056488
1.3069683070514513E-13	471.3761107638351
5.1296938011911145E-15	471.38597899828295
4.177722082684343E-15	471.3867130679549
2.4578303121736753E-15	471.3974063643949
0.0	471.40183230097733
3.288930360407351E-14	471.38467094558695
1.2708770949399668E-13	471.38350212773327
1.9679826090335445E-13	471.37816601787057
1.9679826090335445E-13	471.37816601787057
1.9679826090335445E-13	471.37816601787057
0.0	473.1812555559349
1.9679826090335445E-13	471.37829330868766
3.288930360407351E-14	471.38527283465027
