0.0	505.77719804351955
0.0	505.77719804351955
0.0	505.8078039872226
4.726122926122204E-15	505.80789130214094
0.0	505.80832265700764
4.726122926122204E-15	505.8078951203526
6.28712922876658E-17	505.80996235557876
0.0	505.8105863915142
4.726122926122204E-15	505.80820380761907
0.0	505.8107138087999
4.726122926122204E-15	505.81020856778605
0.0	505.81082720349997
0.12053800082935591	505.8099880981311
4.726122926122204E-15	505.810433483365
0.0	505.81113458996043
4.726122926122204E-15	505.81053915116746
6.28712922876658E-17	505.81123539289
0.0	505.81165042258834
4.726122926122204E-15	505.8106071307272
0.0	505.8116580926991
0.0	505.8116580926991
4.726122926122204E-15	505.8108684802805
0.0	505.81169278098355
0.11940364187398247	505.81071375099623
4.726122926122204E-15	505.81087210294544
0.0	505.81175394563166
0.0	505.81175394563166
0.0	505.81175394563166
4.726122926122204E-15	505.8109959880289
4.726122926122204E-15	505.8109959880289
4.726122926122204E-15	505.8109959880289
0.0	505.81183118342136
0.0	505.81183118342136
4.726122926122204E-15	505.811045382334
0.0	505.8120433856331
4.726122926122204E-15	505.81109067301537
0.0	505.8120521164857
4.726122926122204E-15	505.8111810902217
4.726122926122204E-15	505.8111810902217
0.0	505.8120983530619
4.726122926122204E-15	505.8111989695293
0.0	505.8125354448421
4.726122926122204E-15	505.811238830525
0.0	505.81255695796796
4.726122926122204E-15	505.81129259607656
0.0	505.8125741045165
4.726122926122204E-15	505.8119347585877
0.0	505.81265395348095
4.726122926122204E-15	505.8122859303423
0.0	505.81267814895347
0.1190036983566154	505.81217543783987
0.0	505.8126965673961
0.0	505.8127227579057
0.0	505.8127227579057
0.0	505.8127230886957
0.0	505.81273822525037
0.0	505.8128472186652
4.726122926122204E-15	505.8129336129873
0.0	505.81297548244805
0.0	505.8129792283488
0.0	505.8129792283488
0.0	505.8129792283488
0.0	505.8129792283488
0.0	505.8129792283488
4.726122926122204E-15	505.8130045519837
0.0	505.8130860808042
0.0	505.8130920205469
0.11859253882025983	505.81307142421804
0.0	505.8131188302278
0.12036119385024177	505.8130840789969
0.0	505.8131462625473
0.12036119385024177	505.81309298650126
4.726122926122204E-15	505.8131683143378
0.0	505.8132724976231
0.0	505.81327972507995
0.0	505.8132917768869
0.0	505.8132955319929
0.0	505.81329559146144
0.0	505.8133271680062
4.726122926122204E-15	505.81337692396426
0.0	505.8134058434649
0.0	505.8134533776288
0.0	505.8134580117355
0.0	505.8134580117355
4.726122926122204E-15	505.81348291278783
0.0	505.81352374566575
0.0	505.81352374566575
0.0	505.81354072093444
0.0	505.8135549718777
0.0	505.81357802923975
0.0	505.81357802923975
0.0	505.81357802923975
0.0	505.81357802923975
0.0	505.81357897053874
0.0	505.81358196803706
0.0	505.8135821575807
0.0	505.8135836499129
0.0	505.81359822309946
6.28712922876658E-17	505.8136378754446
0.0	505.81364065107203
