-20812.0 -20582.0 
-20812.0 -20582.0 
-19968.0 -21392.0 
-19968.0 -21392.0 
-20005.0 -21345.0 
-20238.0 -21261.0 
-20280.0 -21247.0 
-20082.0 -21343.0 
-20557.0 -20998.0 
-20181.0 -21306.0 
-20636.0 -20896.0 
-20097.0 -21335.0 
-20181.0 -21306.0 
-20153.0 -21309.0 
-20429.0 -21100.0 
-20568.0 -20976.0 
-20153.0 -21309.0 
-20401.0 -21155.0 
-20636.0 -20896.0 
-20665.0 -20853.0 
-20796.0 -20606.0 
-20665.0 -20853.0 
-20789.0 -20638.0 
-20361.0 -21165.0 
-20615.0 -20919.0 
-20713.0 -20769.0 
-20518.0 -21009.0 
-20097.0 -21335.0 
-20454.0 -21096.0 
-20724.0 -20741.0 
-20685.0 -20789.0 
-20297.0 -21222.0 
-20340.0 -21190.0 
-20305.0 -21202.0 
-20297.0 -21222.0 
-20683.0 -20809.0 
-20760.0 -20691.0 
-20424.0 -21123.0 
-20750.0 -20721.0 
-20796.0 -20606.0 
-20673.0 -20810.0 
-20348.0 -21172.0 
-20593.0 -20927.0 
-20762.0 -20675.0 
-20697.0 -20786.0 
-20588.0 -20936.0 
-20615.0 -20919.0 
-20713.0 -20769.0 
-20513.0 -21014.0 
-20733.0 -20729.0 
-20785.0 -20642.0 
-20669.0 -20831.0 
-20760.0 -20691.0 
-20503.0 -21031.0 
-20669.0 -20831.0 
-20462.0 -21080.0 
-20778.0 -20664.0 
-20478.0 -21067.0 
-20764.0 -20665.0 
-20321.0 -21198.0 
-20406.0 -21141.0 
-20724.0 -20741.0 
-20361.0 -21165.0 
-20321.0 -21198.0 
-20573.0 -20958.0 
-20577.0 -20945.0 
-20484.0 -21050.0 
-20488.0 -21037.0 
-20415.0 -21129.0 
-20489.0 -21034.0 
-20579.0 -20942.0 
-20484.0 -21050.0 
-20749.0 -20724.0 
-20697.0 -20786.0 
-20781.0 -20657.0 
-20573.0 -20958.0 
-20406.0 -21141.0 
-20082.0 -21343.0 
-20518.0 -21009.0 
-20340.0 -21190.0 
-20471.0 -21074.0 
-20401.0 -21155.0 
-20505.0 -21024.0 
-20348.0 -21172.0 
-20415.0 -21129.0 
-20462.0 -21080.0 
-20733.0 -20729.0 
-20593.0 -20927.0 
-20478.0 -21067.0 
-20471.0 -21074.0 
-20750.0 -20721.0 
-20505.0 -21024.0 
-20454.0 -21096.0 
-20305.0 -21202.0 
-20781.0 -20657.0 
-20424.0 -21123.0 
-20749.0 -20724.0 
-20673.0 -20810.0 
-20764.0 -20665.0 
-20297.0 -21222.0 
