-18321.0 -19283.0 
-18321.0 -19283.0 
-19046.0 -18715.0 
-19008.0 -18828.0 
-18491.0 -19235.0 
-18721.0 -19158.0 
-18342.0 -19257.0 
-18722.0 -19116.0 
-18429.0 -19250.0 
-18637.0 -19170.0 
-18541.0 -19208.0 
-19008.0 -18828.0 
-18976.0 -18871.0 
-18766.0 -19105.0 
-18782.0 -19103.0 
-18961.0 -18910.0 
-18429.0 -19250.0 
-18976.0 -18871.0 
-18590.0 -19185.0 
-18590.0 -19185.0 
-18637.0 -19170.0 
-18866.0 -19032.0 
-18544.0 -19202.0 
-18906.0 -18985.0 
-18806.0 -19079.0 
-18832.0 -19035.0 
-18824.0 -19065.0 
-18806.0 -19079.0 
-18880.0 -18987.0 
-18809.0 -19066.0 
-18928.0 -18919.0 
-18927.0 -18938.0 
-18342.0 -19257.0 
-18939.0 -18912.0 
-18872.0 -19014.0 
-18544.0 -19202.0 
-18872.0 -19014.0 
-18873.0 -18998.0 
-18914.0 -18969.0 
-18828.0 -19049.0 
-18914.0 -18969.0 
-18916.0 -18958.0 
-18922.0 -18944.0 
-18919.0 -18956.0 
-18961.0 -18910.0 
-18828.0 -19049.0 
-18934.0 -18918.0 
-18830.0 -19040.0 
-18906.0 -18985.0 
-18866.0 -19032.0 
-18878.0 -18992.0 
-18830.0 -19040.0 
-18926.0 -18941.0 
-18939.0 -18912.0 
-18878.0 -18992.0 
-18875.0 -18996.0 
-18922.0 -18944.0 
-18934.0 -18918.0 
-18832.0 -19035.0 
-18919.0 -18956.0 
-18875.0 -18996.0 
-18824.0 -19065.0 
-18926.0 -18941.0 
-18880.0 -18987.0 
-18809.0 -19066.0 
-18873.0 -18998.0 
-18928.0 -18919.0 
-18590.0 -19185.0 
-18872.0 -19014.0 
-18961.0 -18910.0 
-18906.0 -18985.0 
-18830.0 -19040.0 
-18934.0 -18918.0 
-18832.0 -19035.0 
-18875.0 -18996.0 
-18824.0 -19065.0 
-18928.0 -18919.0 
-18875.0 -18996.0 
-18824.0 -19065.0 
-18875.0 -18996.0 
-18875.0 -18996.0 
-18875.0 -18996.0 
-18824.0 -19065.0 
-18872.0 -19014.0 
-18824.0 -19065.0 
-18875.0 -18996.0 
-18824.0 -19065.0 
-18872.0 -19014.0 
-18875.0 -18996.0 
-18872.0 -19014.0 
-18872.0 -19014.0 
-18875.0 -18996.0 
-18872.0 -19014.0 
-18824.0 -19065.0 
-18824.0 -19065.0 
-18875.0 -18996.0 
-18875.0 -18996.0 
-18906.0 -18985.0 
-18830.0 -19040.0 
-18830.0 -19040.0 
