-18560.0 -19305.0 
-18904.0 -18696.0 
-18732.0 -19127.0 
-18902.0 -18755.0 
-18678.0 -19145.0 
-18882.0 -18838.0 
-18887.0 -18784.0 
-18580.0 -19255.0 
-18649.0 -19187.0 
-18696.0 -19137.0 
-18766.0 -19069.0 
-18618.0 -19190.0 
-18817.0 -18943.0 
-18746.0 -19102.0 
-18656.0 -19166.0 
-18746.0 -19102.0 
-18816.0 -18976.0 
-18595.0 -19243.0 
-18861.0 -18840.0 
-18580.0 -19255.0 
-18766.0 -19069.0 
-18777.0 -19012.0 
-18609.0 -19218.0 
-18903.0 -18711.0 
-18696.0 -19137.0 
-18789.0 -19005.0 
-18854.0 -18852.0 
-18774.0 -19037.0 
-18887.0 -18784.0 
-18774.0 -19037.0 
-18595.0 -19243.0 
-18843.0 -18879.0 
-18610.0 -19197.0 
-18843.0 -18879.0 
-18656.0 -19166.0 
-18836.0 -18916.0 
-18803.0 -18979.0 
-18854.0 -18852.0 
-18838.0 -18894.0 
-18609.0 -19218.0 
-18827.0 -18934.0 
-18800.0 -18988.0 
-18830.0 -18925.0 
-18793.0 -19000.0 
-18838.0 -18894.0 
-18793.0 -19000.0 
-18800.0 -18988.0 
-18618.0 -19190.0 
-18903.0 -18711.0 
-18649.0 -19187.0 
-18861.0 -18840.0 
-18827.0 -18934.0 
-18830.0 -18925.0 
-18836.0 -18916.0 
-18777.0 -19012.0 
-18882.0 -18838.0 
-18610.0 -19197.0 
-18803.0 -18979.0 
-18816.0 -18976.0 
-18746.0 -19102.0 
-18580.0 -19255.0 
-18766.0 -19069.0 
-18774.0 -19037.0 
-18595.0 -19243.0 
-18656.0 -19166.0 
-18609.0 -19218.0 
-18793.0 -19000.0 
-18800.0 -18988.0 
-18777.0 -19012.0 
-18610.0 -19197.0 
-18816.0 -18976.0 
-18609.0 -19218.0 
-18595.0 -19243.0 
-18746.0 -19102.0 
-18595.0 -19243.0 
-18746.0 -19102.0 
-18595.0 -19243.0 
-18609.0 -19218.0 
-18766.0 -19069.0 
-18774.0 -19037.0 
-18656.0 -19166.0 
-18595.0 -19243.0 
-18793.0 -19000.0 
-18595.0 -19243.0 
-18656.0 -19166.0 
-18746.0 -19102.0 
-18609.0 -19218.0 
-18609.0 -19218.0 
-18609.0 -19218.0 
-18656.0 -19166.0 
-18609.0 -19218.0 
-18800.0 -18988.0 
-18609.0 -19218.0 
-18656.0 -19166.0 
-18656.0 -19166.0 
-18656.0 -19166.0 
-18766.0 -19069.0 
-18595.0 -19243.0 
-18610.0 -19197.0 
-18595.0 -19243.0 
