1	0.050842440270790795
2	0.04201281698805595
3	0.04201281698805595
4	0.04177094995590261
5	0.041314089352164345
6	0.03463819761511395
7	0.03438239265836466
8	0.03359233828559044
9	0.028844188616386816
10	0.026083316339787773
11	0.024824079441076317
12	0.024035415415021844
13	0.023713885868473315
14	0.02080556584571471
15	0.02005436593562884
16	0.020022011846794287
17	0.01969163232451943
18	0.019024066292895794
19	0.018857183003515035
20	0.016902351761626466
21	0.016645528062703183
22	0.016161820613359766
23	0.015656631092244043
24	0.015297002067599987
25	0.015054882038120694
26	0.014747768925474438
27	0.014672256282610558
28	0.013995396490546852
29	0.013721968766300137
30	0.013396445502529587
31	0.013142424433346815
32	0.012622254069445143
33	0.012528220473124253
34	0.01245836114014717
35	0.012424430735915487
36	0.012395188595596306
37	0.012314656282045738
38	0.012250993101262906
39	0.012086650631787885
40	0.012010052287192248
41	0.011951112215959552
42	0.011875627184791978
43	0.011809310562105902
44	0.01173446767412979
45	0.011701766849667165
46	0.01168342450020022
47	0.011590717903344249
48	0.011618373324973032
49	0.011585644977859844
50	0.01154146165357361
51	0.011553567195696788
52	0.011458844652132033
53	0.01140606479250016
54	0.011379013483414835
55	0.011346678141186617
56	0.011305386714175105
57	0.011279726355047214
58	0.011203329083291197
59	0.011167198351220646
60	0.011158346036121593
61	0.011188469071835747
62	0.011103483490630357
63	0.011093898939215242
64	0.011031339566936617
65	0.011014345654154042
66	0.011005846816140039
67	0.011000130482718827
68	0.010999171915062942
69	0.011004936279323255
70	0.010910695157622427
71	0.010936269542063098
72	0.010914418929215476
73	0.010902818533440784
74	0.010898665689798429
75	0.010861963171774203
76	0.010851943595410838
77	0.010820832363763305
78	0.01080888850242253
79	0.010793022559766685
80	0.010799327414529604
81	0.010812999417692907
82	0.0108117894664743
83	0.010825180943884636
84	0.010820176846296355
85	0.010810723909955732
86	0.010791274317501902
87	0.010784833812153758
88	0.010793825977189616
89	0.01077297320331084
90	0.010771469120520481
91	0.010780801450196203
92	0.010772575887178363
93	0.01075397429477122
94	0.010717477205218711
95	0.010712282035802568
96	0.010679266497642627
97	0.010657119982889514
98	0.010641227759391587
99	0.010624264747547043
100	0.010605061118745186
101	0.010603436688100808
102	0.010591654683466137
103	0.01059996482543539
104	0.010608973585488705
105	0.010616671163882608
106	0.01061736983960038
107	0.010592574004045334
108	0.010570541308871995
109	0.010547460857612276
110	0.010553812066557245
111	0.010557810693387865
112	0.01053721947955631
113	0.010536577706968395
114	0.010537565363964413
115	0.010531686498710995
116	0.010518081344247155
117	0.01054601903261561
118	0.01053415945456572
119	0.01050161372844156
120	0.010498965409751945
121	0.010499963247542661
122	0.010500632972432613
123	0.010495570288195972
124	0.01044197359555104
125	0.010437227231581083
126	0.010386998991384235
127	0.010351930775400508
128	0.01035003884229399
129	0.01034875584142878
130	0.010340435006181646
131	0.010349711896083682
132	0.010354720554886074
133	0.010352875433347956
134	0.010350400105966183
135	0.010327822483923733
136	0.010315192456750034
137	0.01028760110745565
138	0.010294824502123545
139	0.01033010343972585
140	0.010298487634890571
141	0.010308170423485013
142	0.010337183267536866
143	0.010310371156019706
144	0.010360634755198566
145	0.010305431116069354
146	0.010290284223441429
147	0.010265910208444027
148	0.010233794811720886
149	0.010227038744357419
150	0.01021315612488503
151	0.01021670533289683
152	0.010240545357438215
153	0.010229081204377207
154	0.010258185971976044
155	0.010163390261798988
156	0.010188022027024042
157	0.010196619493441514
158	0.010196996794261589
159	0.010181309651080796
160	0.010170046316321383
161	0.010161996958309476
162	0.01014274724741783
163	0.01014045019062645
164	0.010120182368127737
165	0.010103902834295405
166	0.01011611762766977
167	0.010104852085902224
168	0.010072395659407039
169	0.010042511786509067
170	0.010012242611799286
171	0.01000048025414074
172	0.009956913825634576
173	0.009944145095633903
174	0.009912099072069363
175	0.009909907071264741
176	0.009848765187702313
177	0.009849498902294083
178	0.009843126374659263
179	0.009734437160851636
180	0.009104078725755804
181	0.009068818086673204
182	0.008357815677154073
183	0.008340289991472618
184	0.008337339297363874
185	0.007453600976758686
186	0.007361216777791481
187	0.007238531138890424
188	0.0071325566924146325
189	0.006492867835286718
190	0.006480442247624198
191	0.006446976561403539
192	0.006435864541839782
193	0.006291274815967902
194	0.006248543461641775
195	0.00618157704031454
196	0.006148640720190982
197	0.00592568247723285
198	0.00545626398531562
199	0.00527867051019529
200	0.0052051798020967
201	0.005205328862348096
202	0.005165173260422134
203	0.005165670593578079
204	0.005157620882445061
205	0.005047139493453555
206	0.005092110278189153
207	0.004864293479754116
208	0.0048490999968430915
209	0.004797152669017204
210	0.0047964161390398686
211	0.004675041017671194
212	0.0045997445119835435
213	0.0045070947904277585
214	0.004429125897186251
215	0.004407121715721845
216	0.004289054096221329
217	0.004167557086654326
218	0.004132576574932783
219	0.0040318879106559
220	0.00397311949638925
221	0.003908836724659134
222	0.003893232307396343
223	0.0038628705927683258
224	0.0038350040058121974
225	0.003873412256148154
226	0.003830879230727379
227	0.003770023370514598
228	0.003783754044654237
229	0.003636995341530406
230	0.003543217691145034
231	0.0035037117523966507
232	0.003505752896554558
233	0.003536528806200773
234	0.0034411162275161905
235	0.003449508560460702
236	0.003436413381597348
237	0.003413857489432437
238	0.0033850268023686314
239	0.0032978282021002797
240	0.003290117569212314
241	0.003273623292999217
242	0.0032260492535119206
243	0.003211880004751228
244	0.0031799789976437436
245	0.003169525948019032
246	0.0031321554273421913
247	0.0030909903727138334
248	0.00302949369698195
249	0.0029845831580342917
250	0.00298833654276462
251	0.0029583006344259238
252	0.00291367658195968
253	0.002886004209037143
254	0.0028646487940805565
255	0.0028120521624341688
256	0.002745888055058116
257	0.0027054836311963012
258	0.0026730701481016135
259	0.0026609117854797374
260	0.002660503091080641
261	0.0026035192363168674
262	0.0025846872446975092
263	0.002545283399569368
264	0.002548581587011206
265	0.002532917534696957
266	0.002543577211568224
267	0.0025372261615821943
268	0.0025075348818538413
269	0.002463156792657912
270	0.0024152012923418973
271	0.002454969152575126
272	0.00240309812694298
273	0.002381204160059125
274	0.0022904207138071966
275	0.002229633450169104
276	0.0022175563753973966
277	0.0022303221237119607
278	0.0022125480231189186
279	0.002203400808815473
280	0.0021955928209209164
281	0.002170250347952523
282	0.002194088756342143
283	0.0021984593778445177
284	0.002175868719215629
285	0.002160024765488075
286	0.002150412627493955
287	0.002138783568998384
288	0.0021562214928509764
289	0.0021620388050131324
290	0.002156645645068482
291	0.0021343757130214006
292	0.0021675544582908115
293	0.002078528012182046
294	0.0020830867613083693
295	0.002088096165829667
296	0.0020590083404321076
297	0.0020453179322655266
298	0.0021218597007176764
299	0.002127665273000827
300	0.0021124865304512543
301	0.002114564025902554
302	0.0020862468843606085
303	0.001993868338767809
304	0.0019847621615640045
305	0.001963864476483982
306	0.0019775811753564325
307	0.0019365409762451499
308	0.0019151304751340017
309	0.0019059502884540588
310	0.001872158323425583
311	0.0018710275769260737
312	0.0018748930040717625
313	0.0018866125738990157
314	0.0018760667044898423
315	0.0019121430479604946
316	0.0019127235357206552
317	0.0019293844835684632
318	0.001932087939372649
319	0.0019267520237572064
320	0.0019113939022789427
321	0.0019200880726328571
322	0.0019067311687602363
323	0.0018726222454811207
324	0.0018724060721539886
325	0.0018273718129268065
326	0.0018676864843814372
327	0.0018535219425774713
328	0.001857302834487718
329	0.001849209958080687
330	0.0018397618577252126
331	0.0018404390455381897
332	0.0018056260296510714
333	0.0017962066108304017
334	0.0017879121805585466
335	0.0017847373888752126
336	0.0017860589842018499
337	0.0018438321505615362
338	0.0018362207184500637
339	0.0018291378163228097
340	0.0019193685387609595
341	0.001949414808984851
342	0.0019247213543079117
343	0.0018618328291989982
344	0.001850512099452176
345	0.0017590528504849835
346	0.0017315907215705046
347	0.0016872248595308488
348	0.001713780166786873
349	0.0017261484537054572
350	0.0016932507430532297
351	0.0016945048935737735
352	0.001658950895641372
353	0.0016520995579587055
354	0.001621182070744701
355	0.001612016938981388
356	0.0016029638171147678
357	0.001630793291637474
358	0.0016119207844633437
359	0.00163621709904902
360	0.0016125787117227488
361	0.00157707809381792
362	0.0015688738372111623
363	0.0015655655884873863
364	0.00153094492266865
365	0.00152699406460969
366	0.001583826181698055
367	0.0016004359898968879
368	0.0015895836475960053
369	0.0015984444254741287
370	0.0015766173875671145
371	0.001572653535684224
372	0.0015392793658929134
373	0.0015468573110950482
374	0.0015552692230800193
375	0.0015375327221159012
376	0.0015897127064411912
377	0.0015413038281450553
378	0.0014930140037284784
379	0.0014356435255040688
380	0.0014386081264636105
381	0.0014269579924926805
382	0.001411118452539774
383	0.0014087884134420295
384	0.0014359705357218306
385	0.001440065998449437
386	0.0014004244991875606
387	0.0013627532678838002
388	0.001395090710133643
389	0.0013701734752282198
390	0.0013498326546180137
391	0.001346574785344815
392	0.0013805930355438427
393	0.0013657926289097138
394	0.001332207163230227
395	0.0013420469205854884
396	0.001375727040204744
397	0.0013203713230861033
398	0.001297205350157304
399	0.0012876231378406383
400	0.0012939984101259338
401	0.0012510668710803512
402	0.0012162089058235257
403	0.001208876321063202
404	0.0011890447776879804
405	0.0012068297577927114
406	0.0012331864420486284
407	0.0012610638666116312
408	0.0012714974693328817
409	0.0012955417983963808
410	0.0013050459944432028
411	0.0013032123236137582
412	0.0012993429524143327
413	0.0012355480708298669
414	0.0012477850266539355
415	0.001225209551440634
416	0.0012411937028246251
417	0.0012385461228866942
418	0.0012268556995456948
419	0.0012169792219078306
420	0.001185794377005141
421	0.0011924530231125989
422	0.0011728964241489782
423	0.0011607424548051107
424	0.0011732966626879888
425	0.0011452626570719882
426	0.0011336997833615327
427	0.0011520428359611185
428	0.001155160257745855
429	0.0011525242493879582
430	0.0011614305604811532
431	0.0011215329647858423
432	0.0011634982834410974
433	0.001162568257431468
434	0.0011658819357871979
435	0.001161519200904546
436	0.0011651345153088906
437	0.0011489673979181913
438	0.0011290668763044495
439	0.0011081155029704518
440	0.0011211021847768333
441	0.0011077917548316838
442	0.0010665234113121376
443	0.0010520258375096535
444	0.0010329040568277158
445	0.0010400640367388438
446	0.0010273796087800233
447	0.0010327690047359508
448	0.0010397755995018353
449	0.0010400257220408563
450	0.0010410289131279511
451	0.0010345516255937017
452	0.001068611105121441
453	0.0011022691851240278
454	0.0010903422960802935
455	0.0010836645742943979
456	0.0010797783790377053
457	0.0010643388503675676
458	0.0010637241264035465
459	0.0010601484589568464
460	0.0010783863548492602
461	0.0010857044609055276
462	0.0010821463415549334
463	0.0010875966306804542
464	0.0010853925103507863
465	0.0010777556523864557
466	0.0011112154035771782
467	0.0011114243251325914
468	0.001088177847074483
469	0.0010845055937850634
470	0.0010885776628021496
471	0.0010403770009994266
472	0.0010134134409729705
473	9.978663120154769E-4
474	9.94967611103869E-4
475	9.766852177651541E-4
476	9.80281325686887E-4
477	9.82617493597723E-4
478	9.837119534464882E-4
479	9.799525939473194E-4
480	0.001005432890800059
481	0.0010122415933425766
482	0.0010313430838254538
483	0.001026029478917947
484	0.001016629473282911
485	0.001018322835034111
486	9.87291848284364E-4
487	9.92108501747634E-4
488	9.835565639177463E-4
489	0.0010073054686948397
490	9.821044985354696E-4
491	9.641882818285141E-4
492	9.893021920315639E-4
493	9.816317430879364E-4
494	0.0010054632044288355
495	9.983673765434052E-4
496	9.819046093646581E-4
497	9.800463769445707E-4
498	0.0010199020389104678
499	0.001063993483749488
500	0.0010711807260337964
501	0.0010824762276614192
502	0.0010883839256643228
503	0.0010854596274996672
504	0.0010836375555739045
505	0.0010829985776457118
506	0.0010762049797922565
507	0.0010258487574031092
508	0.0010146152100574905
509	0.0010354209810190095
510	0.001092670885409717
511	0.0010964860379303017
512	0.0011093785280759712
513	0.001121949819107451
514	0.0011443064779580287
515	0.0010763206226413636
516	0.001049438091315124
517	0.001036354054110548
518	0.0010504175893825685
519	0.0010719544243340902
520	0.0010605196819524253
521	0.0010534351573274405
522	0.0010569549237980243
523	0.0010278834341600621
524	0.0010539600365171407
525	0.0010418700066785872
526	0.0010278497743888898
527	0.0010625748052980764
528	0.0010564526650766728
529	0.0010860631495615413
530	0.0010831913522064865
531	0.0010457991997209516
532	0.0010438967322851669
533	0.0010114797402378927
534	0.0010459201333277168
535	0.001034479531059372
536	0.0010089392455170782
537	0.001010758471185658
538	0.001033332178568239
539	0.0010193616148277513
540	0.001031473922755614
541	0.0010338451805629524
542	0.0010297257873239309
543	0.001029524668411823
544	0.0010358926182380181
545	0.0010191596977700776
546	9.96955711599647E-4
547	0.0010051949534953123
548	0.0010133468368340535
549	0.0010005949269293467
550	9.92857550400105E-4
551	9.803742720200736E-4
552	9.870259541599506E-4
553	9.626950956375099E-4
554	9.678290751201908E-4
555	9.754271484462671E-4
556	9.685607219046551E-4
557	9.734488059882387E-4
558	0.0010097970267858556
559	9.962228842173729E-4
560	0.0010042615784473727
561	9.750320367475725E-4
562	9.771483089850647E-4
563	9.985286218663237E-4
564	9.668229937385179E-4
565	9.595489027397381E-4
566	9.639713433620704E-4
567	9.664413096494393E-4
568	9.807378176543943E-4
569	9.389210687094355E-4
570	9.725223890094803E-4
571	9.224239832211305E-4
572	9.940203862783298E-4
573	9.95014335703372E-4
574	0.001008401012185883
575	0.0010014817147841859
576	0.0010012023920087348
577	0.0010232890239824748
578	0.0010156522976549971
579	9.965854118699242E-4
580	9.849186259800677E-4
581	9.46656889773017E-4
582	9.404894920344278E-4
583	9.144166058584455E-4
584	9.364183444950843E-4
585	9.233458907736706E-4
586	9.240927138247679E-4
587	8.89314457494845E-4
588	8.684972205588961E-4
589	8.763122747513886E-4
590	8.845938668874204E-4
591	8.94715325795618E-4
592	8.905790447413116E-4
593	9.307028672342134E-4
594	9.39273326039655E-4
595	9.428193498573684E-4
596	9.296954161108224E-4
597	9.392258409881117E-4
598	9.54967776315204E-4
599	9.37510050506981E-4
600	9.573055928389552E-4
601	9.594021380523034E-4
602	9.740329420875742E-4
603	9.486654731926027E-4
604	9.544988348657552E-4
605	9.555732906430399E-4
606	9.555318909064438E-4
607	9.622006707189094E-4
608	0.0010108529661286064
609	0.0010124893627760099
610	9.944884172785E-4
611	9.68980466095263E-4
612	9.831624432884891E-4
613	9.670777556510147E-4
614	9.487824764479194E-4
615	9.387394602077359E-4
616	9.365515059004645E-4
617	9.771219028339012E-4
618	9.739327996286946E-4
619	0.001012772045939472
620	0.0010016602590298092
621	0.0010066712337095285
622	9.965348494769771E-4
623	9.96068674914587E-4
624	9.588263728586579E-4
625	9.585287053984119E-4
626	9.976014201382372E-4
627	0.001006650324561735
628	9.993134534599815E-4
629	0.0010050048122427987
630	0.0010013263975893062
631	0.001021916898926717
632	0.0010276017152553065
633	9.894645305360543E-4
634	9.842343264112423E-4
635	9.237574940375108E-4
636	8.920157171030101E-4
637	9.072994289275565E-4
638	8.953612195811239E-4
639	9.401298864094979E-4
640	9.087793506929378E-4
641	9.413573233305257E-4
642	9.351754366699808E-4
643	9.221126862495314E-4
644	9.362321904674069E-4
645	8.964288390298686E-4
646	8.889630165001162E-4
647	9.289818029815056E-4
648	9.264862090751869E-4
649	9.321983886301745E-4
650	9.37921331967967E-4
651	9.360042735657255E-4
652	9.15435000365408E-4
653	9.32991061443781E-4
654	9.35481038141923E-4
655	9.225020551097288E-4
656	0.0010377970879728745
657	0.0010531498002639803
658	0.0010546396318229989
659	0.0010076783016367374
660	9.765349669342717E-4
661	9.775126700411272E-4
662	9.742371704654092E-4
663	9.61235689004248E-4
664	9.565190792381727E-4
665	9.383391231133384E-4
666	9.478035780484389E-4
667	9.638645489284758E-4
668	9.959699860532121E-4
669	9.84430742829116E-4
670	9.868991197254802E-4
671	9.914650509767245E-4
672	9.712309723855296E-4
673	9.625103120164444E-4
674	9.574357508681162E-4
675	9.66990753895985E-4
676	9.460403792555848E-4
677	9.580353964326078E-4
678	9.697411403009269E-4
679	9.657234534156729E-4
680	9.376163501166234E-4
681	9.701511089088908E-4
682	9.945200705835618E-4
683	9.839223030173195E-4
684	9.942422323722575E-4
685	0.0010345313296100734
686	0.0010190152728070355
687	0.0010267209965011436
688	9.848387076436382E-4
689	9.717254363998083E-4
690	9.971708015904899E-4
691	0.0010089502114192413
692	9.955595014406017E-4
693	9.699228365918243E-4
694	9.557218748922531E-4
695	9.531717787488964E-4
696	9.328372124173031E-4
697	9.630823510175157E-4
698	9.637646424508889E-4
699	0.0010194705868651337
700	0.0010269943581270521
701	0.0010357108976794841
702	9.752552201306372E-4
703	0.0010028477499030848
704	9.716814904818198E-4
705	9.421594373222617E-4
706	9.553021536587576E-4
707	9.684460857881847E-4
708	9.679970939665166E-4
709	9.558976212079507E-4
710	9.629197465086291E-4
711	9.705356928107555E-4
712	9.81000796229809E-4
713	9.62689147536104E-4
714	9.598712076696467E-4
715	9.419060050195956E-4
716	9.496171224724323E-4
717	9.238559885175347E-4
718	8.801013187719851E-4
719	8.845049683209328E-4
720	8.854251096526615E-4
721	8.512764184099688E-4
722	8.663977401523864E-4
723	8.475614246312741E-4
724	8.382547678023819E-4
725	8.248819311596321E-4
726	8.61150931941583E-4
727	8.842754885747958E-4
728	8.908983844916933E-4
729	8.704023494387975E-4
730	8.654087965153629E-4
731	8.816777619084583E-4
732	8.593829945187645E-4
733	8.420163395815697E-4
734	8.461693584192847E-4
735	8.531514366578546E-4
736	8.500320513103565E-4
737	8.8018476697324E-4
738	8.795912094038283E-4
739	8.610462179442647E-4
740	8.70890604601008E-4
741	8.72498529526697E-4
742	8.598704121444925E-4
743	8.574649256862751E-4
744	9.062404067334528E-4
745	8.873411339577078E-4
746	8.691194131353532E-4
747	8.562738355379196E-4
748	8.512889458837598E-4
749	8.602580997070069E-4
750	8.641463034055627E-4
751	8.720006554945865E-4
752	8.694969148239067E-4
753	8.688651849379271E-4
754	8.471562964898865E-4
755	8.544413824421465E-4
756	8.331241436308046E-4
757	8.28304138007506E-4
758	8.317619246787593E-4
759	8.177953369948848E-4
760	8.594088488812657E-4
761	8.660077376697303E-4
762	8.427004077511983E-4
763	8.389021123402461E-4
764	8.680227826716598E-4
765	8.792387394217089E-4
766	8.637489454527412E-4
767	8.648992990811535E-4
768	8.723471932376068E-4
769	8.823720668053005E-4
770	9.087388286630969E-4
771	9.314346044651938E-4
772	9.249656053772384E-4
773	9.218628053738066E-4
774	9.187874101253572E-4
775	9.310492309998619E-4
776	8.960035323834087E-4
777	8.909298204552051E-4
778	8.858405423676363E-4
779	8.736733391699398E-4
780	9.040015314058654E-4
781	8.917489954018586E-4
782	8.93538139271298E-4
783	8.908945675638611E-4
784	8.983796942755301E-4
785	9.129813647408406E-4
786	9.221647560145581E-4
787	9.452271940458166E-4
788	9.405711307610987E-4
789	9.753573610083567E-4
790	9.76794615844452E-4
791	9.666045232793186E-4
792	9.356033799788826E-4
793	9.090904851926341E-4
794	9.178390530076182E-4
795	8.651840299110273E-4
796	8.846800623582561E-4
797	8.824825479544271E-4
798	8.599419282746487E-4
799	8.788555642824864E-4
800	8.690241132789058E-4
801	8.87986608837823E-4
802	9.229057389384486E-4
803	9.269747373867147E-4
804	9.369785022260484E-4
805	9.19449595987296E-4
806	9.181408978712909E-4
807	8.908647322818483E-4
808	8.926281886313467E-4
809	8.831758560375398E-4
810	9.212700122568669E-4
811	9.039671684085112E-4
812	8.657232268607114E-4
813	9.258704081082307E-4
814	9.077899370374471E-4
815	9.054200949109676E-4
816	9.116112927538948E-4
817	8.97278144473322E-4
818	9.111231231869064E-4
819	9.017237064718184E-4
820	9.131505316011318E-4
821	8.950849973906649E-4
822	9.018886902003551E-4
823	9.016533777044401E-4
824	9.026354126922452E-4
825	9.11987286225541E-4
826	8.984212853077015E-4
827	8.800628789232821E-4
828	8.768245443678395E-4
829	8.92554860138427E-4
830	8.505119984863492E-4
831	8.859346651845179E-4
832	8.743220730958523E-4
833	8.822358082944909E-4
834	8.914718715757246E-4
835	8.789437134355368E-4
836	8.878788813323677E-4
837	8.591881844504541E-4
838	8.307654021435326E-4
839	8.199029060293121E-4
840	8.768694961409613E-4
841	8.90952726136549E-4
842	8.856251385333026E-4
843	8.778386480107685E-4
844	8.877080473359631E-4
845	9.025238849460323E-4
846	8.756139701657875E-4
847	8.658853610158198E-4
848	8.311966004172417E-4
849	8.397684461163858E-4
850	8.661094787798518E-4
851	8.679512913674115E-4
852	9.099348390284843E-4
853	8.828443165429153E-4
854	8.633388466802124E-4
855	8.602672623541622E-4
856	8.929438699471004E-4
857	8.450170337486201E-4
858	8.226517499214038E-4
859	8.211115921797148E-4
860	8.464383359813236E-4
861	8.356784431493082E-4
862	8.255844684476241E-4
863	8.484315021374225E-4
864	8.521660389257379E-4
865	9.029778546176631E-4
866	8.954617619797539E-4
867	8.76586346525529E-4
868	9.013015913370861E-4
869	9.121511091853748E-4
870	9.4397407334907E-4
871	9.377161109960108E-4
872	9.163663199017723E-4
873	9.516264335094808E-4
874	9.556778457924537E-4
875	9.521043012229542E-4
876	9.262546799101506E-4
877	9.021317433396742E-4
878	9.142541775086704E-4
879	8.802318959463026E-4
880	9.093535456280853E-4
881	9.419393683730627E-4
882	9.429238201664594E-4
883	9.783737434818438E-4
884	9.827875246060137E-4
885	0.001010560076568427
886	0.0010070754349991622
887	0.001003773325818267
888	9.475728474406938E-4
889	9.312230003345965E-4
890	9.559933162452902E-4
891	9.558226666132434E-4
892	9.517937613201048E-4
893	9.458670301193376E-4
894	9.313757834803922E-4
895	9.368678800647209E-4
896	9.141201985956933E-4
897	9.002342681371745E-4
898	9.037239831944495E-4
899	9.104127495746285E-4
900	9.030048037264484E-4
901	9.099374789063804E-4
902	9.269729046794133E-4
903	9.386269270106387E-4
904	9.124868694542449E-4
905	9.147111080051996E-4
906	9.279910180527029E-4
907	9.18319679002583E-4
908	9.066616845822107E-4
909	8.970534007667759E-4
910	9.134037643095418E-4
911	8.900000410076819E-4
912	8.946129446773188E-4
913	8.750092137674207E-4
914	9.382999922894258E-4
915	9.30994655261191E-4
916	9.295509504027047E-4
917	9.28411563991761E-4
918	9.213839343393509E-4
919	9.213869389321104E-4
920	8.788952590327852E-4
921	8.724413938286801E-4
922	8.336835275953822E-4
923	8.262608562009538E-4
924	8.138858789590595E-4
925	8.159444408835725E-4
926	8.329134964858021E-4
927	8.61433579841567E-4
928	8.532794583643897E-4
929	8.905633225785067E-4
930	9.089710153613806E-4
931	9.079715365245212E-4
932	8.987928089591517E-4
933	8.932373450456438E-4
934	8.408658386589237E-4
935	8.67453066847858E-4
936	8.809683005230828E-4
937	9.350504165799922E-4
938	9.159734622379286E-4
939	9.550858624983265E-4
940	9.590029626762033E-4
941	9.592690420550802E-4
942	9.664672645884263E-4
943	9.266918722740194E-4
944	9.27779796048428E-4
945	9.81719610045907E-4
946	9.367166223955527E-4
947	8.924487683492482E-4
948	8.862378375558084E-4
949	8.947500190427859E-4
950	8.638427569707067E-4
951	8.652267309431377E-4
952	8.846189899577709E-4
953	9.243008745688956E-4
954	9.057097399118772E-4
955	8.547419854263426E-4
956	8.634254277105198E-4
957	8.162639003685772E-4
958	8.110594228028774E-4
959	8.020516194844287E-4
960	8.032205266922107E-4
961	7.971792715627414E-4
962	7.628004441627878E-4
963	7.490297971989918E-4
964	7.44237709268403E-4
965	7.818748461959129E-4
966	8.02962243950895E-4
967	7.898477847210751E-4
968	8.054701513440636E-4
969	7.973935422288689E-4
970	7.868907745869249E-4
971	7.674194101827313E-4
972	8.198684077158655E-4
973	8.280368941689505E-4
974	8.141977762809596E-4
975	8.076021081736835E-4
976	8.325936624624884E-4
977	8.773862150631693E-4
978	8.152984191093575E-4
979	8.098275524892468E-4
980	8.179207649873318E-4
981	8.375992680398453E-4
982	8.775132458530318E-4
983	8.852935472534822E-4
984	8.77657655762601E-4
985	8.676858894232095E-4
986	7.998619836014145E-4
987	8.102939833417425E-4
988	8.146361044431746E-4
989	8.052740367101405E-4
990	8.029955701548021E-4
991	8.103296834520518E-4
992	7.977340369272025E-4
993	8.232744746046102E-4
994	8.51938392567004E-4
995	8.796132523312743E-4
996	8.981232350954135E-4
997	9.000912281807006E-4
998	8.791809152790637E-4
999	8.948084337763952E-4
1000	8.749583109899851E-4