1.960644534601268E10 3.5786776758742805E10 
2.7439496520204502E10 3.791047112963014E10 
3.115754613572223E10 2.3691667572814336E9 
1.6489164012081738E10 3.70272163291631E10 
3.625709146305994E10 2.0704611275553886E10 
3.4310326149346504E10 2.3553195119999126E10 
3.418998431181934E10 3.0006233589134438E10 
1.7121528988828852E10 3.8501750230476555E10 
4.100197532545757E10 1.9640322318578247E10 
2.713790713813602E10 2.772148364791475E10 
7.104658367473954E9 4.525901867551722E10 
1.3523427928027441E10 4.687387236127955E10 
4.423526577479725E10 6.593071834496999E9 
5.47221163508001E9 2.8507021735856785E10 
9.180038403461502E9 2.580413526946159E10 
3.2334775108001255E10 1.1393943539671692E10 
3.379706710167342E10 1.0226232230165907E10 
1.0690236121503954E10 3.318775997040986E10 
9.681658372370203E9 3.563555794884407E10 
1.638759456163171E10 4.45258787159139E10 
4.965343712914595E10 7.106481315018476E9 
3.606370462374273E9 3.962492656798557E10 
5.286420550734784E9 2.9992095333415375E10 
2.9579571775312317E10 1.6679004146442307E10 
3.3431875594808273E10 2.3380223734146927E10 
1.4032323207031816E10 3.49429128801573E10 
4.2847689849741714E10 7.789272684788343E9 
3.714072008220205E10 8.161915180377804E9 
1.308784486164919E9 3.1967530842845596E10 
2.856083370541196E10 1.5915898901972473E9 
7.286921197846055E9 3.922222035829562E10 
4.290895944194888E10 2.854884758432369E9 
5.342410880097875E9 4.3144086477582695E10 
2.6766348232077618E10 3.744614975330371E10 
3.757430478561881E10 2.157965438753316E10 
1.2662805264916983E10 4.073770016284491E10 
9.122678735552717E9 4.15006029314077E10 
6.377063723522289E9 4.685430857834201E10 
3.0173761189894474E10 2.8338931300488335E10 
3.57544694227653E10 5.233116706128637E9 
2.7595573318269886E10 7.033541917991005E9 
9.622267047610798E8 4.578140741597704E10 
3.043519999621097E10 1.872882252819699E10 
1.5145565850683695E10 3.4270891629680477E10 
3.678477080812126E10 8.98421007450766E9 
7.592825598360675E9 2.4242456909654366E10 
1.7415018957545948E10 4.743814660584814E10 
1.984030012792408E10 3.0124520983355946E10 
3.1471200012500217E10 2.1968789956916546E10 
2.2868563228907955E10 2.39062910538001E10 
3.1027181203950542E10 3.4764134620587944E10 
2.2414850271366676E10 2.4480420723227543E10 
1.8433779036835857E10 3.752842325931981E10 
2.190543062862205E10 1.0523049436487932E10 
3.920772221891983E10 1.3133069833173042E10 
4.256796849985425E10 2.012117306910837E10 
1.0231950744391216E10 4.478779976420068E10 
2.3090678362758087E10 3.0869648019267235E10 
2.2789205005005325E10 2.3460106073666924E10 
3.384347320142291E10 2.5222643644887806E10 
3.3540845182441406E10 3.948695031862721E10 
3.627508634928404E10 1.245535219743544E10 
1.80090747462569E10 3.483970666648089E10 
3.4441290532945526E10 6.775647278861833E9 
2.86755634638113E10 2.2316773372300232E10 
2.231566543550853E10 4.229493794238165E10 
1.936233275429865E10 2.7289176222378757E10 
2.331336587054578E9 2.8661742823585667E10 
3.051688780403725E10 8.679188419089375E9 
1.9838451323735252E10 3.415611866972013E10 
2.456123714843049E10 3.951606323844793E10 
6.02961956021454E9 4.257551060013084E10 
2.54860119205209E10 3.417057802348729E10 
3.809797663476275E10 1.7627941681213257E10 
5.4011334935141064E7 2.9125985014304146E10 
3.771893837647352E10 3.649749195740222E10 
2.5182484999904625E10 2.3077849742002624E8 
2.515871990145858E10 2.590542853595425E10 
8.264801031561701E9 4.391033285979329E10 
4.0357266343449926E9 4.908248722287967E10 
4.991492588378713E10 2.543487671030044E10 
3.1952919191599197E10 2.058621021208147E10 
9.246342116232082E9 5.661103328960818E10 
4.019346743338973E10 2.7458352381627174E10 
2.8660462268560215E10 2.4779967068328842E10 
3.446992697885363E10 2.1806489975245857E9 
4.0639493086006065E10 1.5102395000751078E10 
2.813650233127815E10 2.5233689060214603E10 
7.880639714947753E9 4.1890814887250374E10 
3.607303366363297E10 9.91901604783054E9 
3.405774675105813E10 2.859880931259835E10 
2.2287118666825615E10 1.1242481956580412E10 
1.0888110630239008E10 3.1529218167607185E10 
2.974902486138952E10 2.0189799090679665E10 
2.1340114482522285E10 2.7478384543609398E10 
4.10376439598148E10 2.6904332704697776E9 
2.907981797616539E10 3.969798165651656E10 
1.2746653977622414E10 4.501974792992727E10 
2.6625146491745678E10 1.3135258648833725E10 
2.9695967302795284E10 2.1437584603653572E10 
