-18791.0 -20166.0 
-18791.0 -20166.0 
-19798.0 -19077.0 
-19769.0 -19195.0 
-19135.0 -20009.0 
-19772.0 -19116.0 
-18860.0 -20118.0 
-19285.0 -19855.0 
-18931.0 -20104.0 
-19075.0 -20016.0 
-19635.0 -19461.0 
-19187.0 -19952.0 
-19043.0 -20050.0 
-19650.0 -19398.0 
-18971.0 -20056.0 
-19325.0 -19849.0 
-18836.0 -20135.0 
-19259.0 -19915.0 
-18956.0 -20094.0 
-19735.0 -19248.0 
-19541.0 -19614.0 
-19219.0 -19923.0 
-19735.0 -19248.0 
-19280.0 -19893.0 
-19139.0 -19977.0 
-19459.0 -19732.0 
-19369.0 -19798.0 
-18836.0 -20135.0 
-19769.0 -19195.0 
-19332.0 -19820.0 
-19698.0 -19292.0 
-19664.0 -19345.0 
-19153.0 -19955.0 
-19480.0 -19696.0 
-19505.0 -19651.0 
-18999.0 -20053.0 
-19398.0 -19797.0 
-19690.0 -19339.0 
-19718.0 -19286.0 
-19541.0 -19614.0 
-19505.0 -19651.0 
-19597.0 -19495.0 
-19360.0 -19813.0 
-19480.0 -19696.0 
-19772.0 -19116.0 
-19574.0 -19496.0 
-18931.0 -20104.0 
-19207.0 -19942.0 
-18860.0 -20118.0 
-19610.0 -19489.0 
-19411.0 -19779.0 
-19151.0 -19967.0 
-19624.0 -19464.0 
-19066.0 -20028.0 
-19411.0 -19779.0 
-19439.0 -19733.0 
-19496.0 -19663.0 
-19438.0 -19745.0 
-19691.0 -19325.0 
-19551.0 -19590.0 
-18999.0 -20053.0 
-19066.0 -20028.0 
-19429.0 -19757.0 
-19725.0 -19272.0 
-19429.0 -19757.0 
-19650.0 -19398.0 
-19259.0 -19915.0 
-19555.0 -19567.0 
-19562.0 -19547.0 
-19570.0 -19530.0 
-19551.0 -19590.0 
-19495.0 -19675.0 
-19043.0 -20050.0 
-19656.0 -19383.0 
-19280.0 -19893.0 
-18956.0 -20094.0 
-19725.0 -19272.0 
-19562.0 -19547.0 
-19555.0 -19567.0 
-19661.0 -19362.0 
-19459.0 -19732.0 
-19207.0 -19942.0 
-19661.0 -19362.0 
-19572.0 -19510.0 
-19495.0 -19675.0 
-19691.0 -19325.0 
-19610.0 -19489.0 
-19219.0 -19923.0 
-19656.0 -19383.0 
-19328.0 -19834.0 
-19635.0 -19461.0 
-18971.0 -20056.0 
-19570.0 -19530.0 
-19624.0 -19464.0 
-19328.0 -19834.0 
-19360.0 -19813.0 
-19075.0 -20016.0 
-19572.0 -19510.0 
-19398.0 -19797.0 
-19698.0 -19292.0 
