-18784.0 -20159.0 
-18784.0 -20159.0 
-19763.0 -19075.0 
-19277.0 -19900.0 
-19282.0 -19859.0 
-19742.0 -19181.0 
-19349.0 -19856.0 
-19620.0 -19498.0 
-19197.0 -19911.0 
-19067.0 -20023.0 
-19125.0 -19961.0 
-19172.0 -19958.0 
-19074.0 -19998.0 
-19113.0 -19993.0 
-19621.0 -19439.0 
-18834.0 -20138.0 
-19404.0 -19804.0 
-19578.0 -19544.0 
-19538.0 -19566.0 
-19377.0 -19808.0 
-19650.0 -19422.0 
-19047.0 -20055.0 
-19025.0 -20058.0 
-19742.0 -19181.0 
-19434.0 -19753.0 
-18979.0 -20083.0 
-19441.0 -19722.0 
-19674.0 -19380.0 
-19025.0 -20058.0 
-19655.0 -19394.0 
-19190.0 -19912.0 
-19680.0 -19351.0 
-18897.0 -20092.0 
-18979.0 -20083.0 
-19184.0 -19944.0 
-18924.0 -20087.0 
-19521.0 -19622.0 
-19588.0 -19504.0 
-19414.0 -19783.0 
-18865.0 -20109.0 
-19592.0 -19499.0 
-19370.0 -19826.0 
-19414.0 -19783.0 
-18960.0 -20084.0 
-18887.0 -20106.0 
-19680.0 -19351.0 
-19719.0 -19238.0 
-19531.0 -19594.0 
-19696.0 -19317.0 
-18840.0 -20127.0 
-19434.0 -19753.0 
-19370.0 -19826.0 
-19450.0 -19720.0 
-19531.0 -19594.0 
-19740.0 -19211.0 
-19631.0 -19426.0 
-19696.0 -19317.0 
-19706.0 -19249.0 
-19470.0 -19685.0 
-19719.0 -19238.0 
-18924.0 -20087.0 
-19702.0 -19268.0 
-19467.0 -19703.0 
-18865.0 -20109.0 
-19500.0 -19641.0 
-19487.0 -19664.0 
-19697.0 -19296.0 
-19556.0 -19562.0 
-19578.0 -19544.0 
-19481.0 -19676.0 
-18834.0 -20138.0 
-19697.0 -19296.0 
-19487.0 -19664.0 
-19349.0 -19856.0 
-19739.0 -19213.0 
-19458.0 -19704.0 
-19047.0 -20055.0 
-18890.0 -20096.0 
-18840.0 -20127.0 
-19506.0 -19633.0 
-19702.0 -19268.0 
-19739.0 -19213.0 
-18960.0 -20084.0 
-19500.0 -19641.0 
-19521.0 -19622.0 
-19559.0 -19561.0 
-19478.0 -19682.0 
-19674.0 -19380.0 
-19184.0 -19944.0 
-19559.0 -19561.0 
-19655.0 -19394.0 
-19197.0 -19911.0 
-19113.0 -19993.0 
-19506.0 -19633.0 
-19629.0 -19434.0 
-19277.0 -19900.0 
-19125.0 -19961.0 
-19588.0 -19504.0 
-19706.0 -19249.0 
-19458.0 -19704.0 
