-18816.0 -20103.0 
-19780.0 -19076.0 
-18816.0 -20103.0 
-19780.0 -19076.0 
-19773.0 -19198.0 
-18961.0 -20064.0 
-19737.0 -19303.0 
-18884.0 -20087.0 
-18998.0 -20023.0 
-18903.0 -20069.0 
-19155.0 -19975.0 
-19036.0 -20002.0 
-19738.0 -19238.0 
-19099.0 -19988.0 
-19169.0 -19955.0 
-19090.0 -20000.0 
-19539.0 -19600.0 
-19216.0 -19924.0 
-18998.0 -20023.0 
-19643.0 -19392.0 
-19661.0 -19388.0 
-19626.0 -19446.0 
-19627.0 -19408.0 
-19468.0 -19657.0 
-19694.0 -19351.0 
-19694.0 -19351.0 
-19386.0 -19760.0 
-19602.0 -19490.0 
-19708.0 -19334.0 
-19565.0 -19565.0 
-19169.0 -19955.0 
-19708.0 -19334.0 
-19414.0 -19727.0 
-19435.0 -19704.0 
-19447.0 -19663.0 
-19422.0 -19707.0 
-19609.0 -19463.0 
-18961.0 -20064.0 
-19036.0 -20002.0 
-19336.0 -19813.0 
-19565.0 -19565.0 
-19740.0 -19233.0 
-19661.0 -19388.0 
-19577.0 -19519.0 
-19216.0 -19924.0 
-19740.0 -19233.0 
-19539.0 -19600.0 
-19390.0 -19735.0 
-19507.0 -19609.0 
-19592.0 -19493.0 
-19478.0 -19623.0 
-19347.0 -19783.0 
-19283.0 -19853.0 
-19445.0 -19686.0 
-19362.0 -19777.0 
-19312.0 -19834.0 
-19226.0 -19887.0 
-19737.0 -19303.0 
-19362.0 -19777.0 
-19570.0 -19545.0 
-19588.0 -19511.0 
-19389.0 -19737.0 
-19494.0 -19611.0 
-18884.0 -20087.0 
-19155.0 -19975.0 
-19570.0 -19545.0 
-19267.0 -19873.0 
-19222.0 -19908.0 
-19311.0 -19841.0 
-19476.0 -19641.0 
-19245.0 -19881.0 
-19336.0 -19813.0 
-19230.0 -19884.0 
-19296.0 -19844.0 
-19275.0 -19869.0 
-19280.0 -19862.0 
-19609.0 -19463.0 
-19245.0 -19881.0 
-19507.0 -19609.0 
-19099.0 -19988.0 
-19312.0 -19834.0 
-19342.0 -19791.0 
-19222.0 -19908.0 
-19386.0 -19760.0 
-19445.0 -19686.0 
-18896.0 -20076.0 
-19489.0 -19619.0 
-18896.0 -20076.0 
-19476.0 -19641.0 
-19626.0 -19446.0 
-19627.0 -19408.0 
-19296.0 -19844.0 
-19414.0 -19727.0 
-19267.0 -19873.0 
-19341.0 -19798.0 
-19577.0 -19519.0 
-19341.0 -19798.0 
-19588.0 -19511.0 
-19090.0 -20000.0 
-19489.0 -19619.0 
