2.3303057692208107E-10	7.000697010462279
7.0088430566692725	1.7209812515853176E-12
5.02736161782699	4.876412837095859
4.857776956493854	5.0433814274520055
5.397808549915284	4.53353808521231
2.724982855996713	6.439162390052815
5.937799596364904	3.7170412230905634
0.273970179591026	6.991041915867402
1.6469586002995211	6.803411252518769
6.72843344762465	1.9214190123956485
6.905576518406338	1.139095276334557
3.7187856062622946	5.932423741986891
2.3438167415064797	6.596421615421715
0.980199229104694	6.9298646615420525
6.116053309792863	3.400642901780778
1.1603648207128274	6.905758717121283
5.13609395994891	4.75186068433718
6.779616193911825	1.7536688396205036
5.489049958185265	4.402262034170885
4.739738854538619	5.1508207630236384
5.743557317292568	4.000437847493179
6.40029783398486	2.8324282153318037
2.0786194935453217	6.6859990053529
2.1903067251945134	6.6502990271533715
6.2555778372795405	3.1398508058277566
5.835276656335522	3.8638360565423633
6.687778965900498	2.0673101859030107
6.651842047268615	2.191768709198357
1.816587900940845	6.757944216200464
5.242707498146164	4.636415194277395
1.9148507330705349	6.732146740073362
6.864254889841086	1.3575528255715692
6.956136814916817	0.7975298174661156
4.668338701702802	5.217597120271334
3.6178538909564137	5.991338584098872
2.9910057226688407	6.31987519443025
4.125624628798349	5.65169395267077
4.568755855095672	5.30331024370507
6.448295508998114	2.720425861920367
0.6656586252459191	6.975063007208946
4.335763932646034	5.498339112922024
6.604285763969766	2.3272767045814136
2.4801589116672633	6.545677388923647
6.982229484530777	0.48700793394772496
4.025747994214832	5.725116611694081
0.10934129977850243	6.9958231718664035
3.864277343747279	5.842335625715895
6.970677945974186	0.6382981322808102
6.163820793876675	3.31627245469166
6.214708895774573	3.228777309965772
6.02786875079522	3.5608864948480208
0.519804108100789	6.976942569544057
6.822989236515262	1.5510053386909572
1.321658166571438	6.894674497966474
6.997940122420028	0.061145992800012136
5.560802442020105	4.244828540450867
2.8502957506325752	6.400256586495748
6.488315975434899	2.619572821751245
6.3288682791765964	2.988350109548202
6.991638266632215	0.26063608593018106
6.937157802546502	0.9285189384637303
5.646184639867823	4.134510547604195
6.019228933951574	3.57106752581736
6.806847341353756	1.6257601999481253
2.4801589116672633	6.545677388923647
6.925846433009683	1.020203065298011
6.855091932125016	1.4124479151894946
3.961616692734216	5.7771614738974275
5.528650178352667	4.295680514057391
4.254116338125041	5.560210505415084
5.794110345790629	3.923484266829264
6.340935034726961	2.9705881400816487
6.572001181128381	2.409008188076846
1.3784179360012114	6.862158799341418
5.206114694029505	4.6790142178015985
4.205163923419329	5.596717390459892
4.5071168638760035	5.360911216146137
3.055826189334078	6.292337962773757
3.142029349909304	6.258377938894656
4.420981849731369	5.429666973218775
6.996596966262445	0.2476615779690614
3.2145400578517958	6.240795773071772
3.309851222293369	6.169992896857429
0.8145062667370848	6.951878177567447
5.637973691496588	4.145674190363871
3.407616094043317	6.114170011476891
1.4868890737405602	6.837129792862834
6.523413446942936	2.5383386602063305
6.542093953781745	2.4891729392471724
3.4293063435425797	6.103298295624423
0.8047105280003078	6.956847289823871
3.280917635420004	6.192220941956048
2.818886277377999	6.405724596792436
6.976068187324974	0.5399232906173403
3.890627722462788	5.820884645596797
4.451361523281209	5.404188967567429
3.517340662507615	6.051010834495759
3.517340662507615	6.051010834495759
0.5240601501808939	6.97693916741336
1.4868890737405602	6.837129792862834
