-18859.0 -19527.0 
-19282.0 -18935.0 
-19282.0 -18935.0 
-18859.0 -19527.0 
-19238.0 -19148.0 
-19172.0 -19262.0 
-19126.0 -19302.0 
-18902.0 -19508.0 
-19262.0 -19058.0 
-19262.0 -19058.0 
-19033.0 -19404.0 
-19186.0 -19198.0 
-19267.0 -18993.0 
-19278.0 -18981.0 
-19138.0 -19276.0 
-19209.0 -19170.0 
-19047.0 -19392.0 
-19200.0 -19196.0 
-18969.0 -19446.0 
-18998.0 -19436.0 
-19101.0 -19331.0 
-19101.0 -19331.0 
-19051.0 -19377.0 
-18906.0 -19486.0 
-19083.0 -19346.0 
-19209.0 -19170.0 
-19172.0 -19262.0 
-19012.0 -19427.0 
-19077.0 -19368.0 
-18935.0 -19476.0 
-19069.0 -19374.0 
-19138.0 -19276.0 
-19012.0 -19427.0 
-18949.0 -19467.0 
-18918.0 -19483.0 
-18935.0 -19476.0 
-18949.0 -19467.0 
-18918.0 -19483.0 
-18998.0 -19436.0 
-18960.0 -19458.0 
-19186.0 -19198.0 
-19092.0 -19339.0 
-18960.0 -19458.0 
-19092.0 -19339.0 
-19267.0 -18993.0 
-19007.0 -19431.0 
-18968.0 -19451.0 
-19083.0 -19346.0 
-19200.0 -19196.0 
-19077.0 -19368.0 
-19069.0 -19374.0 
-19007.0 -19431.0 
-18969.0 -19446.0 
-19051.0 -19377.0 
-18906.0 -19486.0 
-18968.0 -19451.0 
-18935.0 -19476.0 
-18949.0 -19467.0 
-18998.0 -19436.0 
-19092.0 -19339.0 
-18906.0 -19486.0 
-18949.0 -19467.0 
-18935.0 -19476.0 
-18998.0 -19436.0 
-18935.0 -19476.0 
-18935.0 -19476.0 
-18949.0 -19467.0 
-18935.0 -19476.0 
-18935.0 -19476.0 
-18935.0 -19476.0 
-18935.0 -19476.0 
-18935.0 -19476.0 
-18935.0 -19476.0 
-18998.0 -19436.0 
-18935.0 -19476.0 
-18935.0 -19476.0 
-18935.0 -19476.0 
-18935.0 -19476.0 
-18935.0 -19476.0 
-18935.0 -19476.0 
-18935.0 -19476.0 
-18935.0 -19476.0 
-18949.0 -19467.0 
-18935.0 -19476.0 
-18935.0 -19476.0 
-18935.0 -19476.0 
-18998.0 -19436.0 
-18935.0 -19476.0 
-18935.0 -19476.0 
-18935.0 -19476.0 
-18935.0 -19476.0 
-18935.0 -19476.0 
-18935.0 -19476.0 
-18949.0 -19467.0 
-18935.0 -19476.0 
-18935.0 -19476.0 
-18935.0 -19476.0 
-18935.0 -19476.0 
-18935.0 -19476.0 
-18935.0 -19476.0 
