-18734.0 -19660.0 
-18734.0 -19660.0 
-19192.0 -19176.0 
-18767.0 -19635.0 
-19164.0 -19234.0 
-18829.0 -19589.0 
-19017.0 -19439.0 
-19000.0 -19464.0 
-18962.0 -19526.0 
-19076.0 -19378.0 
-18904.0 -19531.0 
-19050.0 -19427.0 
-19131.0 -19290.0 
-18860.0 -19571.0 
-18941.0 -19529.0 
-18977.0 -19492.0 
-19087.0 -19338.0 
-19137.0 -19261.0 
-19147.0 -19241.0 
-19062.0 -19381.0 
-18820.0 -19602.0 
-19164.0 -19234.0 
-18792.0 -19629.0 
-18797.0 -19620.0 
-18900.0 -19545.0 
-19109.0 -19315.0 
-18862.0 -19552.0 
-19116.0 -19296.0 
-19087.0 -19338.0 
-18992.0 -19484.0 
-18820.0 -19602.0 
-19052.0 -19409.0 
-19060.0 -19399.0 
-19137.0 -19261.0 
-18883.0 -19549.0 
-18941.0 -19529.0 
-19090.0 -19316.0 
-19013.0 -19449.0 
-18797.0 -19620.0 
-18977.0 -19492.0 
-19115.0 -19311.0 
-18861.0 -19561.0 
-18883.0 -19549.0 
-19088.0 -19320.0 
-19013.0 -19449.0 
-18860.0 -19571.0 
-18962.0 -19526.0 
-19147.0 -19241.0 
-18984.0 -19485.0 
-19076.0 -19378.0 
-19050.0 -19427.0 
-19131.0 -19290.0 
-19060.0 -19399.0 
-19052.0 -19409.0 
-18792.0 -19629.0 
-18992.0 -19484.0 
-18984.0 -19485.0 
-18900.0 -19545.0 
-19116.0 -19296.0 
-18904.0 -19531.0 
-19115.0 -19311.0 
-19088.0 -19320.0 
-18862.0 -19552.0 
-19090.0 -19316.0 
-19087.0 -19338.0 
-18820.0 -19602.0 
-18797.0 -19620.0 
-18977.0 -19492.0 
-18962.0 -19526.0 
-19076.0 -19378.0 
-19052.0 -19409.0 
-19060.0 -19399.0 
-18792.0 -19629.0 
-18904.0 -19531.0 
-19088.0 -19320.0 
-19115.0 -19311.0 
-18862.0 -19552.0 
-18862.0 -19552.0 
-18962.0 -19526.0 
-19088.0 -19320.0 
-18797.0 -19620.0 
-18820.0 -19602.0 
-19087.0 -19338.0 
-19087.0 -19338.0 
-19060.0 -19399.0 
-18862.0 -19552.0 
-19087.0 -19338.0 
-18797.0 -19620.0 
-18862.0 -19552.0 
-18797.0 -19620.0 
-18797.0 -19620.0 
-19087.0 -19338.0 
-18797.0 -19620.0 
-18797.0 -19620.0 
-18962.0 -19526.0 
-18962.0 -19526.0 
-19076.0 -19378.0 
-18797.0 -19620.0 
-18820.0 -19602.0 
-18797.0 -19620.0 
