2.510693620994374972e-02
1.424484894945442226e-02
1.838845289935025010e-02
1.722710385678485369e-03
4.549459762428741810e-02
1.655519513156904904e-02
3.835383871089508012e-02
9.006330611713967566e-03
1.116435526813679092e-03
3.031007660158291026e-02
4.328458784618743546e-03
9.054998727603135594e-03
3.072234656934813481e-03
6.629083636027022219e-02
4.821549388251794577e-02
5.097949487187657461e-03
1.855628305494914573e-02
5.744828414843698022e-03
7.284041534433869335e-03
7.333447600902189001e-02
2.843482064272944906e-02
4.017616190559803596e-02
2.546526310143688160e-02
5.848365070584272268e-03
8.523180247679767313e-03
1.116399859766267072e-02
2.011583176870473944e-02
1.050514004052064375e-02
2.791355396496264518e-02
5.858132585983447799e-03
2.309974167231895054e-02
