0.0	0.0	0.5073040370099102	0.49316159422481126	0.2045159991624855	0.5677772300388039	0.3804911216700025	0.6699652205288015	0.48482788453553627	0.6885395366228076	0.5029602437924828	0.7458714199254508	0.5484364593072732	0.31882470373908667	0.6168980455621824	0.4588225927049088	2.979580280105309E-7	0.6829077876475408	0.44002057949059714	0.5481051861467116
0.9996494505312136	0.9985673310863334	0.5073040399748601	0.4931616502441731	0.20450457009362383	0.5677703110110526	0.38048827461711376	0.6699395055616635	0.48481443845770417	0.6885522388950532	0.5029763157816818	0.7458562807079719	0.548428945194991	0.3188515953598123	0.6168980477179958	0.458839005145185	4.408694556862305E-6	0.6833351597883034	0.4400240798310226	0.5481051861470105
0.16401351795636115	0.004803325244560619	0.5073040373106606	0.4931616255684573	0.2045152173449559	0.5677969548904965	0.3804934174289548	0.6699994807202385	0.48483572692958343	0.6885380288681199	0.5029911013853463	0.7458579612177691	0.5484595485908077	0.3188532942208015	0.6168980464967789	0.4588350896118361	5.0713426193830145E-6	0.6833399850897456	0.44002063896620186	0.5481051861463321
0.7892063431885847	0.9676036066838198	0.5073040393105493	0.49316024831060373	0.20451505042269855	0.5678016094131207	0.38049264066449073	0.6698870473271775	0.48480754055508324	0.6885565281398998	0.5029857888995756	0.7458726400375256	0.5484827712661724	0.3188567235994678	0.616898033050093	0.45877829640169526	6.495135928180454E-8	0.6832796098850225	0.44002241098232353	0.5481051861457994
0.6743892892850301	0.13419397291021928	0.507304039815865	0.4931604324597387	0.2045208950574319	0.5677728061348851	0.38048828287679204	0.6699510701536273	0.4848146579262785	0.688513367861617	0.5029823323857188	0.7458712935899818	0.5484583663745771	0.3188600936463275	0.6168980368624412	0.45883703708596757	1.6998680492624287E-8	0.683336884156259	0.44003077162164556	0.5481051861435005
0.07346777554519557	0.022643421263354946	0.5073040396608036	0.49316150551743027	0.20450583318889695	0.5678084768658662	0.38048832198097376	0.6698954523397704	0.484813342398823	0.688553214282842	0.5029827304247964	0.7458577416282277	0.5484292114212618	0.31885078827626573	0.6168980360407911	0.4588357353895004	6.322351270677949E-7	0.6833350172082316	0.4400338283219936	0.5481051861472548
0.8444653454168445	0.805041689532231	0.5073040374978948	0.49316050552371793	0.20454399745820612	0.5677926066702036	0.38048526822031675	0.669919712524525	0.4848433747213171	0.6885363450891769	0.5029579580617117	0.7458724212520721	0.5484545538721921	0.31885484060600755	0.6168980331577217	0.45883582721222693	4.532994280447336E-7	0.6833113475484504	0.44002230586702645	0.5481051861479533
0.6158408213317523	0.14499757544279634	0.5073040369459983	0.49316122114040845	0.20450652307133257	0.567808685441813	0.38048827039757366	0.6699665171413148	0.48479601135616424	0.6885134851981298	0.5029597378631053	0.745871893083328	0.5484543390733828	0.31885097950818864	0.6168980463569809	0.45883699124201355	3.364124170588051E-8	0.6833121968191002	0.4400061092560132	0.548105186143817
0.8756898356735603	0.9037894803969851	0.5073040368523174	0.4931643587515826	0.2045084854191582	0.5677769083685347	0.3804930742961993	0.6699646267264684	0.4848216246907468	0.6885375738993795	0.5029607663103903	0.7458840352039076	0.5484843678768453	0.318854221861539	0.616898045638198	0.4587776570289758	4.454569460091568E-6	0.683324493555608	0.4400916662006419	0.5481051861785399
0.8501160395668522	0.9816955211293039	0.5073040396762776	0.49316054037633206	0.20450589216427492	0.5678119475404887	0.3804898060792031	0.6700202036491026	0.48481202928808825	0.6885522461421025	0.5029619566919022	0.7458580576446641	0.5484889537173177	0.3188236473257324	0.6168980352545215	0.4588340243413718	4.977971333509595E-7	0.68334538819578	0.4400245822327235	0.5481051861476435
0.2265146421643952	0.8202305923613017	0.5073040370185519	0.4931616427480034	0.20454301144764703	0.5677737818568929	0.380491074766352	0.6699654556468946	0.4848273850747592	0.6885393034803912	0.5029599476317129	0.7458715623520665	0.5484322719389747	0.3188298307471685	0.6168980473782004	0.45883489490839124	4.2112305064746034E-7	0.6829076899960816	0.4400194659825094	0.5481051861459563
0.8656745317577652	0.8187320875344564	0.5073040370185519	0.4931605110623046	0.2044989489829524	0.5677926205784019	0.38049098092599504	0.6699654556468946	0.4848273755544339	0.688538882218681	0.5029603026778043	0.7458715628733027	0.5484305287003661	0.318828449506183	0.6168980473888914	0.4588336596004158	4.5020221471929374E-7	0.6829076899960816	0.44002074925740803	0.5481051861453781
0.8844077327815086	0.19784934855582137	0.5073040360687868	0.4931604407928901	0.20450647078186854	0.5678024324034077	0.3804823989569973	0.6698918371856586	0.484813623687983	0.688555150103413	0.5029853746965146	0.7458838026655783	0.5484317949049071	0.31885579298076133	0.616898035341963	0.45882088107053315	4.909918185108166E-7	0.683326623277292	0.4400253699240393	0.5481051861691291
0.8551541940882044	0.8749714756818634	0.5073040374259923	0.4931616479047426	0.20455150364705085	0.5677772355369219	0.3804929323976977	0.6699978146699545	0.48484285579068737	0.6885357571164178	0.5029589168276604	0.7458546074986141	0.5484338558849543	0.31885694371869294	0.6168980336471793	0.45878110572861175	4.69339205130506E-6	0.6829022103727849	0.4400313373685565	0.5481051861463436
0.6029292572641366	0.9717277170491984	0.5073040511600516	0.49316164805311025	0.20450703837819784	0.5678062329677287	0.3805513497027612	0.6698961615964963	0.48493116807639103	0.6885394901697857	0.5029574131402409	0.7458722154560039	0.5484368986667555	0.3188541332017674	0.616898034415225	0.4587797713256015	6.487857459266641E-8	0.6829447490162875	0.4400306113981558	0.5481051861708608
0.854608052860188	0.005946690734510762	0.5073040374091028	0.49316164126010226	0.20450842451306123	0.5677776992254986	0.38049290885172343	0.6699371373357601	0.48481467520250643	0.6885114954112551	0.5029765469539937	0.74587259236257	0.5484334404397171	0.31885088714375376	0.6168980465751767	0.4587783125720191	4.613413185895593E-6	0.683336727527334	0.44003246218278214	0.5481051861463472
0.9973200489794524	0.9787285123458354	0.5073040369475008	0.49316044044017354	0.2045135844408552	0.5678084815376626	0.3804855806153203	0.6699289684650017	0.4848404532978682	0.688555150103413	0.5029824252011494	0.7458813722101763	0.548487418726427	0.3188485158738777	0.6168980333414408	0.45883295280299974	4.972574736698357E-6	0.6833270371474026	0.4400283199371733	0.548105186144434
0.9987644561006738	0.14305976885981603	0.5073040398304606	0.49316048657646583	0.20450478305585976	0.5677922050741832	0.38049335657835515	0.6699493598800578	0.4848371433509156	0.6885400186188959	0.5029769502675253	0.745872163353977	0.5484289466155082	0.3188516224773892	0.6168980477007903	0.45883384202301825	4.455633323389511E-6	0.6833399462992844	0.44002515043234675	0.5481051861457067
0.5497122392255793	0.7196852042466271	0.5073040866310342	0.4931602055484707	0.20454413955260986	0.5677742391475255	0.38049075931862203	0.6700129494976133	0.4848414237153984	0.6885531260193178	0.5029595257399424	0.7458726009487985	0.5484562739300612	0.31882563063372193	0.6168980475778109	0.4588344146516156	1.6731006340596028E-7	0.683330543796578	0.4400308489222991	0.5481051861462741
0.3561141225087572	0.18360304114739479	0.5073040486008402	0.49316155431730907	0.2045130588493964	0.5677936997972698	0.38048532767053506	0.6699195805079549	0.4848433747213171	0.6885363997083622	0.5029579580617117	0.7458723792803793	0.5484857817882788	0.31885484060600755	0.6168980331577217	0.45877772202923817	4.282415685569988E-6	0.6833115119925183	0.4400223501195867	0.5481051861463159
0.986799135773886	0.8718135320676378	0.5073040370444367	0.493160435439643	0.2044989489829524	0.5677792858755865	0.3805513076921289	0.6698883741953112	0.48493619170439795	0.6885388732882823	0.5029606797679447	0.7458705704926054	0.5484572305896612	0.318828449506183	0.6168980332300206	0.4588324111895755	7.348837862306994E-7	0.6829022221711111	0.44002059721228437	0.5481051861691981
0.2527556161819343	0.02069753460418383	0.5073040385584193	0.4931602055448957	0.20454427346123563	0.5677658971392768	0.38049531618962606	0.6699294021396466	0.4848408592933608	0.6885524876530282	0.5029826635994094	0.7458719541120158	0.5484588561871582	0.3188484783969017	0.6168980474913409	0.4588327656984235	4.972357935874572E-6	0.6833397965304223	0.4400283059661547	0.5481051861457649
0.9870679650775964	0.9714716652293963	0.5073040511600516	0.49316164805311025	0.20451637304020517	0.5677791714032445	0.3805515501984008	0.6698961615964963	0.48493116807639103	0.6885394901697857	0.5029572145763855	0.7458721966382463	0.5484367980682155	0.3188257806308544	0.6168980344225891	0.4587798912224119	5.426478013561739E-6	0.6829397937046218	0.4400307621233812	0.5481051861695286
0.8939544628397336	0.00230937503561153	0.5073040485087252	0.49316159967945655	0.20451521934010547	0.5677953170704572	0.38049339114247005	0.6700010711671909	0.48483572728547775	0.6885495969625736	0.5029574445077736	0.7458574610059384	0.5484595143886308	0.3188533742006099	0.6168980342361313	0.45883195529313864	5.078492134049265E-6	0.6833400567855084	0.4400223144979802	0.5481051861773796
0.48440213778541713	0.8187320875344564	0.5073040370185519	0.4931604426480015	0.2044989489829524	0.5677926205784019	0.38049098092599504	0.6699654556468946	0.4848140734654378	0.6885390354066266	0.5029605216317464	0.745870582621033	0.5484305287003661	0.318828449506183	0.6168980473888914	0.4588336596004158	4.5020221471929374E-7	0.6829076899960816	0.44002064680077296	0.5481051861453781
0.29768009335798185	0.1763707788620329	0.5073040486008402	0.4931617060061136	0.2045439915682063	0.5677936997972698	0.3804810174957267	0.6699343094960745	0.4848433747213171	0.6885363428377854	0.502985323254364	0.7458728825395127	0.5484545474084065	0.31885484060600755	0.6168980333880993	0.45877771567488673	9.544784415882152E-8	0.6833115119925183	0.44002234803701484	0.5481051861767499
0.4977002707899508	0.9539230788682203	0.5073040396469984	0.4931615157459189	0.20451528125434007	0.5678109471259284	0.3804846557048796	0.6699650257989006	0.4848363846919988	0.6885500158737383	0.5029571975221125	0.7458580351131534	0.5484595397485585	0.31885255355753583	0.6168980465093398	0.4588356987364808	2.164175078631304E-6	0.6833470882699765	0.44003077799727297	0.5481051861459723
0.945481323154464	0.9695855723764473	0.5073040399300969	0.49316164749538177	0.20451637304020517	0.5677780675747134	0.380550244319543	0.6699684962603816	0.48484346490992924	0.6885395337031706	0.5029820186588431	0.7458812113237314	0.5484365017148882	0.3188257806308544	0.6168980340624206	0.4587798912224119	2.625412791864244E-7	0.6829253975676912	0.4400292397511975	0.5481051861473599
0.4961784509650392	0.9033858923098674	0.5073040399435553	0.49316148894254686	0.20450625026075786	0.5678022177362074	0.3804846072558465	0.6699650288025014	0.48479529061039306	0.6885574551370442	0.502960698137846	0.7458849228382887	0.5484574429606466	0.31885092179008095	0.6168980455686736	0.45883559151415126	5.097445852985767E-6	0.683311955451727	0.44003077799727297	0.5481051861459723
0.658878260608647	0.18360304114739479	0.5073040399942046	0.4931616521985663	0.20450642878210817	0.5677652727816553	0.380485358129463	0.6699195805079549	0.48484337658167814	0.6885363997083622	0.5029830653384633	0.74587237640964	0.5484857817882788	0.3188549067112227	0.6168980331577217	0.45877772202923817	4.3096289397956115E-6	0.6829439905814627	0.4400223501195867	0.5481051861463159
0.6743892892850301	0.05989737831298625	0.507304039815865	0.4931604324597387	0.2045208950574319	0.5677728061348851	0.38048828287679204	0.6699510701536273	0.4848146579262785	0.688513367861617	0.5029823323857188	0.7458712935899818	0.5484583663745771	0.3188600936463275	0.6168980368624412	0.45883703708596757	1.6998680492624287E-8	0.683336884156259	0.44003077162164556	0.5481051861435005
0.8505185306043491	0.676422300833605	0.5073040368418869	0.49316051633042685	0.20450589216427492	0.5677783531310274	0.3804898136668969	0.6700202036491026	0.48481202928808825	0.6885522461421025	0.502960897168886	0.7458580576446641	0.5484843431420808	0.3188236473257324	0.6168980360218295	0.4588340243413718	4.977971333509595E-7	0.6833239062408314	0.4400208696323462	0.5481051861476435
0.01970383916124957	0.025437824496870216	0.5073040403434365	0.4931643543242111	0.20450433503526377	0.5677737954927937	0.38049308211329075	0.6700110423478565	0.48484206461896107	0.688549753413943	0.5029799891749352	0.7458723943231894	0.548459542354611	0.3188573836326111	0.616898032968768	0.45883538472785157	4.49018695103964E-6	0.6833300499068691	0.44002681825116036	0.5481051861462585
0.2152884968435808	0.9563923202925801	0.5073040360933284	0.4931615974177266	0.20454424731419146	0.5677734154321835	0.38048829222985553	0.6699443753307135	0.48480580333009854	0.6885511335428584	0.5029826742512485	0.7458727315032485	0.5484320358135172	0.3188566492744868	0.61689803538127	0.45877930533407246	4.491293129686294E-6	0.6833733517195674	0.4400253124043041	0.5481051861459354
0.9973200489794524	0.9266122371569017	0.5073040369444674	0.49316044044017354	0.20451458101624614	0.5678088115975659	0.3804936632866788	0.669966800416716	0.4848135065412497	0.688540040409812	0.5029583554891702	0.7458813722101763	0.548486844528039	0.3188560896651515	0.6168980333414408	0.4588209164871564	4.465560160648654E-6	0.6833270194687764	0.44002435753337926	0.5481051861701166
0.47707381525344056	0.9938080947625464	0.5073040396762897	0.493160511476683	0.20450589216427492	0.5678085769686081	0.3804899101418707	0.6698972385103062	0.48484312232370974	0.6885376535818345	0.5029824817395915	0.7458580576446641	0.5484331546501054	0.31882525393115047	0.6168980348939304	0.4587778064453478	1.558275875864896E-6	0.6833873319124183	0.4400280745445104	0.5481051861476978
0.5223311405117829	0.9677010966362446	0.5073040360933284	0.4931615974177266	0.20451502457872184	0.5678027467330061	0.3804926414281845	0.669943758287336	0.4848067781146085	0.688511428542165	0.5029852208796444	0.7458727315032485	0.5484317464971618	0.3188566492744868	0.61689803538127	0.45877930533407246	4.491293129686294E-6	0.6833733517195674	0.4400253124043041	0.5481051861451651
0.9870679650775964	0.9590604481561285	0.5073040396558676	0.4931616506401955	0.2045062898576616	0.5678085703656359	0.3805515501984008	0.6698925192682865	0.48484346490992924	0.6885384620997798	0.5029828499032651	0.7458721351259388	0.5484320847830033	0.3188511288771835	0.6168980332796349	0.45878007930882675	7.630470937518571E-7	0.6829391875392206	0.440028299040198	0.5481051861473599
0.6207691004897141	0.7479102359242428	0.5073040356431603	0.4931602025165339	0.20450649700929688	0.5678022704647182	0.38048921769902416	0.6699356386155957	0.4847955139120125	0.6885572150376208	0.5029584725498998	0.7458714304798254	0.5484573318904489	0.3188509296934025	0.6168980476619428	0.45883397921996205	2.413454238250955E-7	0.683313944292725	0.4400226812312138	0.5481051861453853
0.9886476245076536	0.8187320875344564	0.5073040370444367	0.493160435439643	0.2044989489829524	0.5677923203238638	0.38049098092599504	0.6698882064685348	0.4848125138043886	0.6885390354066266	0.5029606797679447	0.7458705704926054	0.5484305287003661	0.318828449506183	0.616898033213588	0.45878184319495235	4.5020221471929374E-7	0.6829076899960816	0.44002064680077296	0.5481051861453781
0.976705277551229	0.14516993222004068	0.5073040396420687	0.4931614537985845	0.2045043199423178	0.5678104615650174	0.3804882700674458	0.669965486567328	0.48481207739203963	0.6885500899667567	0.5029770317829197	0.7458713939632278	0.5484630195017665	0.3188528218409938	0.6168980358641385	0.4588357369244143	4.841791116594214E-6	0.6833390644433494	0.440025081190834	0.5481051861460228
0.4822022709671226	0.22420793422708074	0.5073040481774012	0.4931604429656213	0.204506885180525	0.5677965489815786	0.3804811224522176	0.6699914350512143	0.48484343967021315	0.688555150103413	0.5029563130949442	0.7458727091830171	0.548485456883023	0.31885579298076133	0.616898033009516	0.4587828547915799	4.830798927186487E-7	0.6833114667605424	0.4400243897698296	0.5481051861792915
0.9256406487475616	0.3255748631402729	0.5073040361084719	0.4931615122776318	0.2045678117168441	0.5678166594267037	0.3804911059231513	0.6699437935640054	0.4848073383296516	0.6885100596158175	0.5029604553519182	0.7458727024147689	0.5484872227659368	0.31885238087432705	0.6168980358690035	0.4587778897289397	1.5212670989610504E-6	0.6833767586955094	0.4400254161277991	0.5481051861688421
0.10611173093420179	0.9993099158102248	0.5073040396866537	0.4931528693019986	0.20450624523555075	0.5678084024362394	0.38049339142383615	0.6700282474802729	0.48481200950474984	0.6885389183554275	0.502980992873959	0.74587360864731	0.5484864045803519	0.3188565402724775	0.6168980463569916	0.4587774491638784	7.61387557023806E-7	0.6829253740602933	0.4400242107011505	0.5481051861457544
0.42538303707831177	0.18361405729040778	0.5073040385589681	0.49316150227981437	0.2045648679279642	0.5677720167546159	0.38049105672429967	0.6699400807786392	0.4848483587202151	0.6885364178599496	0.5029802770113379	0.7458727334287442	0.548486979066978	0.31885397345710126	0.6168980322945147	0.45883425458630334	4.441372086267801E-6	0.6833528851793997	0.44002304736037023	0.5481051861403362
0.8478740229491419	0.9617724932888416	0.5073040486014092	0.49316065493674033	0.20454361303622826	0.5677931252133859	0.38049092211029223	0.6698972252131931	0.4848484139224328	0.6885388281159003	0.5029827904110717	0.7458555687878812	0.5484560423661167	0.3188554220899548	0.6168980338337413	0.4588320811559704	1.7389129214809683E-7	0.6833446336701168	0.4400223033372513	0.5481051861778181
0.21784733557628527	0.22050987258359434	0.5073040384341929	0.4931616515527214	0.20451527254948815	0.5677969469945203	0.38055525199571666	0.6699971767897471	0.48483572692958343	0.6885497509043577	0.5029574445077736	0.7458580361668573	0.5484595485908077	0.3188569453163618	0.6168980464967789	0.4588351460717948	5.078492134049265E-6	0.6833399850897456	0.4400210448320521	0.5481051861461562
0.9423512373936996	0.07889203405618972	0.5073040396866537	0.493160511476683	0.20450624642282061	0.5678084024362394	0.3804892451860089	0.6699247063680901	0.48481112789192066	0.6885515028832148	0.5029827731175306	0.7458723123155665	0.5484864045803519	0.3188547793305987	0.6168980463562569	0.4588385366828527	7.261282720648887E-7	0.6833353960211155	0.4400242107011505	0.5481051861457544
0.22022501947266188	0.6932914882362173	0.5073040394020156	0.49316015307706274	0.204506338975828	0.567808930721796	0.38049123406667323	0.6699396507424504	0.4848435982174757	0.6885525097430101	0.5029604301381108	0.7458561402178162	0.5484827236915885	0.3188534701142472	0.616898048131734	0.45877831159139537	4.8422106595099695E-9	0.6833480901798811	0.44002775570456315	0.5481051861457972
0.9987644561006738	0.2327362932907493	0.5073040398159316	0.4931605089767848	0.20450478305585976	0.5677929474575667	0.38049340452667035	0.6699493598800578	0.4848371433509156	0.6885400186188959	0.5029576395395154	0.745872163353977	0.5484289466155082	0.3188516224773892	0.6168980475706818	0.45883384505234365	4.455633323389511E-6	0.6833399801828924	0.44002059967020174	0.548105186145703
0.3536176820652513	0.8625846767447186	0.5073040489052973	0.49316150242077805	0.2045648293785531	0.5678054364402537	0.3804911395907499	0.6699190050287133	0.4848484923466717	0.688538694208756	0.5029793701966847	0.745855983921403	0.548486982577332	0.31884970552245706	0.6168980480467139	0.45883425458630334	4.2154705440429145E-6	0.6833155375021148	0.44002304736037023	0.5481051861464925
0.9889817064918388	0.7229551791647815	0.5073040396762897	0.49316047360878945	0.20450589216427492	0.5678120127332072	0.3804899101418707	0.6699725180485464	0.48481463323927415	0.688556332642184	0.5029798015767395	0.7458581655418564	0.5484858932915613	0.3188517314972009	0.6168980368357428	0.45877826106067865	4.835551880045499E-6	0.6833883479364856	0.44002263344623765	0.548105186147004
0.22096872974437054	0.7506547215542332	0.5073040396469984	0.4931615157459189	0.20451603555859826	0.5678110657230723	0.380484328326684	0.6699650257989006	0.48481207739203963	0.6885499446410251	0.5029811749101781	0.7458579844563517	0.5484287280849531	0.3188534251903803	0.6168980476567404	0.45877814126703353	4.841791116594214E-6	0.683358293263922	0.44002118669340795	0.5481051861457972
0.4969781298139613	0.9339976217112221	0.5073040385589681	0.4931602454367924	0.2045644563919512	0.5678054128355859	0.3804908686438931	0.6699420793979161	0.48475465253453603	0.6885371841500534	0.502958798323067	0.7458713560662995	0.5484869800670832	0.3188562022369531	0.616898047735033	0.45883901630393237	1.4708135889235664E-7	0.6833518690490165	0.44002318714469835	0.5481051861402367
0.6575718048418309	0.9590604481561285	0.5073040396556059	0.4931616506401955	0.2045062898576616	0.5677658523286797	0.38049526745555007	0.6699314216227423	0.4848429468360851	0.6885387753815242	0.5029830083305769	0.7458721351259388	0.5484320847830033	0.31885068116786236	0.6168980331309086	0.45877768819990056	4.975073640376292E-6	0.6829400981958383	0.440028299040198	0.5481051861473394
0.9792813965834896	0.2178213974312891	0.5073040396523801	0.49316052707670505	0.20450478305585976	0.5677929474575667	0.3804933738215769	0.669949048051899	0.4848371433509156	0.6885400457781249	0.5029829232629861	0.745872163353977	0.548432295218814	0.3188516046561514	0.6168980331703826	0.45883384505234365	4.455633323389511E-6	0.6833399801828924	0.4400207741220418	0.548105186145703
0.2527556161819343	0.1450350283894693	0.5073040385584193	0.4931602055448957	0.2045440223386379	0.5677658971392768	0.38049531618962606	0.6699297753969633	0.4848408592933608	0.6885524876530282	0.5029826635994094	0.7458719541120158	0.5484589337812795	0.3188484783969017	0.6168980351180822	0.4588327656984235	4.972357935874572E-6	0.6833398202468489	0.4400283059661547	0.5481051861460324
0.3596589148662628	0.9669118836822465	0.5073040484227934	0.49316044044017354	0.20451517415318346	0.5678084815376626	0.3804855806153203	0.669963235091715	0.484844959125132	0.688555150103413	0.5029824018008139	0.7458732270736579	0.5484375616296877	0.31885579298076133	0.6168980330252839	0.4588199166770179	4.830798927186487E-7	0.6833268720440907	0.4400243520800359	0.5481051861697873
0.013117203795878218	0.9291202266716913	0.5073040419039507	0.49315265498692284	0.20454395411220339	0.5678083999392467	0.3804882495443511	0.6699715196647548	0.48482960218956395	0.6885385398294537	0.5029801431712054	0.7458723066536275	0.5484823371590278	0.31885671647105057	0.6168980332254442	0.4587774491905036	4.711113461971876E-6	0.6829478065023221	0.44002480743588557	0.54810518614575
0.21784733557628527	0.00230937503561153	0.5073040373213126	0.4931616258306732	0.20451521934010547	0.5677953170704572	0.380493400815567	0.6699995865163597	0.48483572728547775	0.6885495969625736	0.5029574445077736	0.7458574610059384	0.5484595485908077	0.31885339805441015	0.6168980448039687	0.45883526797103213	5.078492134049265E-6	0.6833399850897456	0.44002063896620186	0.5481051861463409
0.8834202035729521	0.711477590635887	0.5073040389517094	0.49316150245559726	0.204564377730412	0.5678277552212687	0.3804855697514716	0.6698969697737388	0.48481196447524205	0.6885399905839167	0.5029581702225213	0.7458729184412044	0.548454791549439	0.3188540625300371	0.6168980451373052	0.4587783705634319	5.086176034402429E-7	0.6833052167497281	0.44002234801914164	0.5481051861477686
0.9984853787851147	0.9922001293222563	0.5073040486788619	0.4931615174609903	0.20456232953520098	0.5678106167495779	0.38048482224885255	0.6699650950997265	0.48483626705094407	0.6885501161950798	0.5029572188133827	0.7458723126190069	0.5484381324742463	0.3188557076835126	0.6168980466116725	0.45883235624159	4.857336966232627E-6	0.6833507374925719	0.4400280316124236	0.5481051861708921
0.7411086233548155	0.8879533325506679	0.5073040371408629	0.4931617262125412	0.2045650470590035	0.5677743473651509	0.3804908686438931	0.669941291353532	0.48481030462353997	0.6885386895210764	0.5029595283013122	0.7458575250400585	0.5484580939606821	0.31885131299789543	0.6168980471038941	0.45883828552071393	3.0780677366755444E-7	0.6833519537181065	0.44002314492143046	0.5481051861456104
0.0745324444031838	0.9286789157938671	0.5073040498534642	0.4931602971855546	0.2045065137563122	0.5678272747059329	0.38048831879137374	0.6698964008749313	0.4848144473786208	0.6885557444441235	0.5029565735677285	0.7458576983586966	0.5484545538721921	0.3188548482627849	0.616898035231958	0.4588171259640413	4.966849464061113E-7	0.6833339511630305	0.44003349745551085	0.5481051861688738
0.2186590684230433	0.005546558313639385	0.5073040373213126	0.4931615548537675	0.20451286243498165	0.5677937280937542	0.380493400815567	0.6699937833001166	0.48483572728547775	0.6885495969625736	0.5029574348792096	0.7458574610059384	0.5484595485908077	0.31885340895208375	0.6168980315724238	0.45883526797103213	5.078492134049265E-6	0.6833390326600566	0.44002063896620186	0.5481051861463409
0.9396791951976393	0.007831991313156428	0.507304086147124	0.4931617816542696	0.20454589861028646	0.5677735781157122	0.3804883474845902	0.6699380687609493	0.4848088100198154	0.6885531260193178	0.5029826320971316	0.7458580164270686	0.5484582323586938	0.3192340181883948	0.6168980471028868	0.4588384140043307	4.461044431481357E-6	0.683330543796578	0.4400308489222991	0.5481051861453599
0.970712868295593	0.3431847957380113	0.5073040366601895	0.49316155829061237	0.20451329024710205	0.5677731649186841	0.38048828253072614	0.6699420747060302	0.4848142225333923	0.6885085843456112	0.5029811494028162	0.7458813741164911	0.54843752187449	0.31885106751777387	0.6168980479506923	0.458783415514997	4.42633450726443E-6	0.6833336961476193	0.44002500870513084	0.5481051861459012
0.9250482428818648	0.9669118836822465	0.5073040369444674	0.49316044044017354	0.20451517415318346	0.5678084815376626	0.3804855806153203	0.6699658773815418	0.4848135065412497	0.688555150103413	0.5029824018008139	0.7458732270736579	0.5484375616296877	0.31885579298076133	0.6168980330252839	0.4588199166770179	4.830798927186487E-7	0.6833270371474026	0.4400243520800359	0.5481051861700584
0.47494633193683866	0.19784934855582137	0.5073040360687868	0.4931604429656213	0.20450647078186854	0.5678028680985201	0.38049288516934937	0.6698918371856586	0.484813623687983	0.688555150103413	0.5029853758075558	0.7458838026655783	0.5484317949049071	0.31885579298076133	0.616898035341963	0.4588178706227097	4.909918185108166E-7	0.683326623277292	0.4400253699240393	0.5481051861691291
0.2422189282910377	0.3431847957380113	0.5073040366533036	0.49316157304466995	0.20451327315911755	0.5677731862448484	0.38049110139815306	0.6699659101234308	0.484814227863248	0.6885389400589147	0.5029811569595062	0.7458713891770197	0.5484366997700274	0.3188508124864266	0.6168980479523547	0.4588189693088504	4.9487511252762865E-6	0.682925050919794	0.4400250166872103	0.5481051861462727
0.9627842139122427	0.02553908934488519	0.5073040860512081	0.493161633708214	0.20454501717708748	0.5677710717363011	0.3804883470592298	0.6700129494976133	0.4848414237153984	0.6885531260193178	0.5029823021666263	0.7458726009487985	0.548458001417585	0.31882563063372193	0.6168980477359767	0.45883347784816747	8.021160996891019E-7	0.6833351301394156	0.44003136625858413	0.5481051861471076
0.22084484657365228	0.14516993222004068	0.5073040396420687	0.4931615149234469	0.20451603555859826	0.5678099180950529	0.3804882700790102	0.6699650257989006	0.48481207739203963	0.6885499446410251	0.5029811749101781	0.7458580489451468	0.5484588122702075	0.3188528218409938	0.6168980358641385	0.4588356987364808	4.841791116594214E-6	0.6833328265668756	0.44003058125035094	0.5481051861460228
0.4560924621018752	0.18977459544072778	0.5073040385584193	0.4931616515527214	0.20454427395298225	0.5677737690161017	0.3804886552191702	0.6700124116132259	0.4848425212749538	0.6885389437100843	0.5029902022909679	0.7458725542236312	0.5484584189017236	0.31882563063372193	0.6168980470934828	0.4588349358729304	4.472345368090171E-6	0.6833255266037022	0.4400308489222991	0.5481051861459603
0.16226533235793789	0.18977459544072778	0.5073040385409787	0.4931616515527214	0.20454427395298225	0.5677733611745635	0.38049363258025726	0.6700124116132259	0.4848424382559755	0.6885380194516243	0.5029902022909679	0.7458728739418337	0.5484584599778087	0.31885326554206267	0.6168980470934828	0.4588349358729304	4.472345368090171E-6	0.6833398773838967	0.4400308489222991	0.5481051861463344
0.5258809949595992	0.985873406090022	0.5073040351803643	0.4931615122776318	0.2045678117168441	0.5678166594267037	0.38049268369589195	0.6699418786969902	0.48480734572964557	0.6885100260884544	0.5029854016016935	0.7458723178891807	0.548487049621914	0.31885647195854333	0.6168980358490026	0.45877787172152895	1.559803434359016E-6	0.6829153464631431	0.4400311100337724	0.5481051861449192
0.8707945264045551	0.679378018564002	0.5073040368523174	0.4931643587515826	0.20450616863131885	0.5677780507784802	0.3804892917015519	0.6699646267264684	0.4848486774639537	0.6885487849122826	0.5029608407537582	0.7458559894972849	0.5484843408891916	0.3188534057661325	0.616898048097322	0.4587779707501838	4.220803434764492E-6	0.6833233765686685	0.4400208672284405	0.5481051861791092
0.9150642127148625	0.9723696639847371	0.507304036090501	0.49316159746655763	0.20454424731419146	0.567772624117151	0.3804910336335984	0.6699443809792054	0.48480580333009854	0.6885511335428584	0.5029826902069898	0.7458570986074768	0.5484320358135172	0.3188566482575657	0.616898035308232	0.4587703669155302	4.491293129686294E-6	0.6833370039919532	0.44002546813810023	0.548105186146764
0.4594903530595294	0.2242440917140841	0.5073040372045152	0.4931615903807117	0.204506885180525	0.5677965458710283	0.38048113759678254	0.6699914350512143	0.48481228260469833	0.688555150103413	0.5029563049302439	0.7458728591084985	0.5484308617802657	0.31885579298076133	0.6168980330153762	0.4588357074157059	4.830798927186487E-7	0.6833397955191228	0.4400243447605373	0.5481051861792915
0.08067295329952173	0.2336997751316932	0.5073040397173538	0.4931615157459189	0.204515962971928	0.5677924411470958	0.3804930125306837	0.6699942970031827	0.4848278698648157	0.6885494563619741	0.5029800811781702	0.7458574005108709	0.5484436406565067	0.3188256633917113	0.6168980455461487	0.45877762448107506	4.858760973373228E-6	0.6829166537482476	0.4400212034233229	0.5481051861458327
0.08067295329952173	0.24524632802759078	0.5073040395944635	0.4931615157459189	0.2045187960826738	0.5677926356203842	0.3804930125306837	0.6699930861740521	0.4848278698648157	0.6885494563619741	0.5029790904505541	0.7458574005108709	0.5484436406565067	0.31882583618228316	0.6168980453129601	0.4587753101168897	4.858760973373228E-6	0.6829176313223911	0.4400212034233229	0.5481051861458404
0.4428007102789365	0.1908377034198241	0.5073040369234654	0.49316163139618024	0.20450410446196873	0.5677714477414337	0.3804855990503511	0.6699610177798625	0.48479500665577446	0.6885372191337914	0.5029906733462656	0.7458727359577699	0.5484863072362325	0.318853967644184	0.616898046710158	0.4588208415160335	4.45298008607999E-6	0.6833459983429031	0.44002515312661794	0.5481051861453817
0.22266418425791848	0.19395440868478403	0.5073040385651525	0.4931616515527214	0.20454430569007723	0.5677737685306514	0.38055883020057046	0.6700104849763441	0.48484346170884257	0.6885511442512638	0.5029588184310742	0.745872543392396	0.54845848158781	0.31885594970181286	0.6168980470898541	0.4587808038279785	2.3608892940126183E-6	0.683330269862452	0.44002112556814243	0.5481051861459696
0.47765267442855996	0.027982372513751658	0.5073040396751842	0.493163905387873	0.20450639145605767	0.5678119494615274	0.38049244628736417	0.6699421383008959	0.48481197464244297	0.6885381197430245	0.5029801265858873	0.7458722951536331	0.5484862619070651	0.3188534558390807	0.6168980358734953	0.45877831159139537	9.254775820563284E-7	0.6833352104281704	0.44002775570456315	0.5481051861457884
0.49695757933707285	0.9243385220088255	0.5073040498270485	0.4931602971855546	0.20451461101672289	0.567808987699231	0.3804928991283531	0.6699642898065722	0.4848135081256228	0.6885071957994002	0.5029577416044057	0.7458836376504232	0.5484551294519217	0.3188548482627849	0.616898033201345	0.458820867583549	4.966849464061113E-7	0.6833056093030813	0.44002228000358506	0.5481051861688738
0.22828505758385637	0.9563923202925801	0.5073040360933284	0.4931615974177266	0.20454424731419146	0.5677734154321835	0.38048829222985553	0.6699443753307135	0.48480580333009854	0.6885511335428584	0.5029826742512485	0.7458727315032485	0.5484320358135172	0.3188566492744868	0.61689803538127	0.45877930533407246	4.491293129686294E-6	0.6833733517195674	0.4400253124043041	0.5481051861459354
0.0060206821839409175	0.0	0.5073040370099102	0.4931604482392132	0.2045159991624855	0.5677772025487621	0.3804911216700025	0.6699652284526121	0.48482788453553627	0.6885395366228076	0.5029602437924828	0.7458718915594631	0.5484542481015533	0.3188509868565908	0.6168980455621824	0.45883755102724677	1.0437534813145925E-7	0.6833120421554578	0.4400061976446041	0.5481051861439763
0.615044941913526	0.746951936097842	0.5073040393089352	0.49316018966544956	0.20450649648904035	0.5678023354877558	0.3804891616633996	0.6699395005711212	0.4847955139120125	0.6885572150376208	0.5029584725498998	0.7458715055809029	0.5484573318904489	0.3188509296934025	0.6168980476619428	0.45883397921996205	2.409952596706221E-7	0.683313944292725	0.4400226812312138	0.5481051861453853
0.47765267442855996	0.033647219881532076	0.5073040396751842	0.493163905387873	0.20450639145605767	0.5678119494615274	0.3804924560248886	0.6699348788021655	0.48481197464244297	0.6885381197430245	0.5029801265858873	0.745856125544532	0.5484862871441201	0.3188534558390807	0.6168980481202108	0.45877831159139537	9.254775820563284E-7	0.6833337554678673	0.44002775570456315	0.5481051861457884
0.47707381525344056	0.931485382629331	0.5073040396762897	0.493160511476683	0.20450589216427492	0.5678085769686081	0.3804899101418707	0.6698972385103062	0.48484312232370974	0.6885376535818345	0.5029824817395915	0.7458580576446641	0.5484331546501054	0.31882525393115047	0.6168980348939304	0.4587778064453478	1.558275875864896E-6	0.6833873319124183	0.4400280745445104	0.5481051861476978
0.9889817064918388	0.8809234455997458	0.5073040396762897	0.493160511476683	0.20450589216427492	0.5678120127332072	0.3804899101418707	0.6699422326675094	0.48481467196442074	0.6885520941079115	0.5029609714790915	0.7458580576446641	0.5484858522047416	0.3188513450781897	0.6168980368357428	0.4587776115457402	1.5756182800077802E-6	0.6833883479364856	0.4400241518459589	0.548105186147004
0.8205600157249766	0.6932914882362173	0.507304037894292	0.493161741280123	0.2045063399121423	0.5678111850557032	0.38049123406667323	0.6699396507424504	0.4848433939537212	0.6885381197430245	0.502979730366303	0.7458561877930616	0.5484827236915885	0.3188549137982541	0.6168980481281653	0.45877772644043086	9.082072761147596E-7	0.6833347959012785	0.4400223621621831	0.548105186146379
0.8707945264045551	0.6797018653561526	0.5073040368523174	0.4931643587515826	0.20450616863131885	0.5677780507784802	0.3804892917015519	0.6699646267264684	0.48484895961685354	0.6885487849122826	0.5029608401810127	0.7458559894972849	0.5484843408891916	0.3188542003135419	0.6168980457347416	0.4587779826886245	4.220803434764492E-6	0.6833233765686685	0.4400208672284405	0.5481051861791316
0.854608052860188	0.8415540643446097	0.5073040389866678	0.49316163288408876	0.20450811333781213	0.5677776992254986	0.38048831561744767	0.6699371373357601	0.48481466816153457	0.6885114954112551	0.5029767544719522	0.74587259236257	0.5484334613610965	0.31885088714375376	0.6168980465798781	0.4587783125720191	4.293375806283774E-6	0.6833368256806849	0.44003246218278214	0.5481051861470083
0.24397076987525257	0.3431847957380113	0.5073040366601493	0.49316155674787426	0.2045131601106641	0.5677731641124778	0.3804882071844106	0.6699659101234308	0.484814227863248	0.6885085843456112	0.5029811569595062	0.7458813739174912	0.5484362946745628	0.3188511208214299	0.616898047952631	0.4587844107354854	4.818006692494505E-6	0.6829254356575266	0.44002500870513084	0.548105186179943
0.8756898356735603	0.7489831687920953	0.5073040368523174	0.4931601616281741	0.2045085427498648	0.5677780507784802	0.3804930742961993	0.6699646267264684	0.4848071466083332	0.6885487849122826	0.5029608407537582	0.7458840352039076	0.5484846941150275	0.3188564612519866	0.6168980456246097	0.4587781174875813	4.444689672367814E-6	0.6833243508598046	0.4400207088306607	0.5481051861792957
0.9999682239282964	0.34284846353525605	0.5073040371933801	0.49316155829061237	0.20451329712126456	0.567772510655603	0.38048828434760046	0.6699420746205357	0.4848132336737328	0.6885085843456112	0.5029835712455956	0.7458813892954897	0.548485861834818	0.3188510661164289	0.6168980482617673	0.45883328639144594	4.42633450726443E-6	0.6833336961476193	0.4400311729548082	0.5481051861462692
0.9889817064918388	0.8793670366556907	0.5073040396762897	0.4931604807612014	0.20450589216427492	0.5678020541870349	0.3804899101418707	0.6699421113581742	0.4848148296408199	0.6885520941079115	0.5029609714790915	0.7458580576446641	0.5484858522047416	0.3188509153413942	0.6168980368316682	0.4587762246985072	2.8737002723873095E-7	0.6833883479364856	0.44002268486119644	0.548105186147004
0.6101859864326972	0.7364101388300601	0.5073040393089352	0.49316018966544956	0.20451526682445456	0.5678023354877558	0.3805564425548345	0.6699395005711212	0.4847955139120125	0.6885572150376208	0.5029584725498998	0.745858189689173	0.5484574231295671	0.3188509296934025	0.6168980476467536	0.45883515037851347	2.409952596706221E-7	0.683313944292725	0.4400226812312138	0.5481051861461522
0.854608052860188	0.8433445900891052	0.5073040389444328	0.49316163288408876	0.20450811333781213	0.5677776992254986	0.38049290885172343	0.6699371373357601	0.48481477655507615	0.6885114954112551	0.5029577780124752	0.74587259236257	0.5484334404397171	0.31885088714375376	0.6168980465751767	0.4587783125720191	4.3618326755979277E-7	0.683336727527334	0.44003246218278214	0.5481051861463472
0.8834202035729521	0.7127166517550004	0.5073040389517094	0.49316150245559726	0.204564377730412	0.5678054128355859	0.38049108114965857	0.6699412832795624	0.484812192894649	0.6885399905839167	0.5029581670790256	0.7458570229182706	0.5484869693292221	0.3188540625300371	0.6168980450301601	0.4587783634540804	5.071494265442243E-7	0.6833518690490165	0.44002322989433684	0.5481051861402367
