0.0	0.0	0.4946172583635583	0.5078101013443846	0.570714158285891	0.49019486237281723	0.5361841662854846	0.45358542295164517	0.5071740824178563	0.4623519819052021	0.5039964149633238	0.45045349570587584	0.4882918071007378	0.5360623170671188	0.46996841017777247	0.507964530694459	0.6228494709685801	0.4496725728574155	0.5222863971513985	0.49912357308966754
0.9967596002785333	0.9959601832621408	0.494618099083799	0.5078101014039245	0.5706602923231027	0.49023626437187684	0.5363363029199995	0.4543190513378802	0.5071725605386741	0.4623667324316538	0.5040610983757516	0.450489939559277	0.4882916525612848	0.5360574382582238	0.47010507019209774	0.5071877006334333	0.6228491167782733	0.44956470063020976	0.5222971696103079	0.49814146049708785
0.9967596002785333	0.9959601832621408	0.494618099083799	0.5078101014039245	0.5706602923231027	0.49023626437187684	0.5363363029199995	0.4543190513378802	0.5071725605386741	0.4623667324316538	0.5040610983757516	0.450489939559277	0.4882916525612848	0.5360574382582238	0.47010507019209774	0.5071877006334333	0.6228491167782733	0.44956470063020976	0.5222971696103079	0.49814146049708785
0.008139871777855745	0.011040992968285701	0.4946162327162297	0.5078101018748354	0.5705565421361021	0.49019207184601	0.5361820343810793	0.4543182068057737	0.5072307892322024	0.4623889001766344	0.5039945958442839	0.45049040361542175	0.4882945510018633	0.5360478162848182	0.470002650362336	0.5071963892788875	0.6228464887241548	0.44966681076734805	0.5218817863664486	0.49826752185397716
0.04010734551644285	0.1285392189339261	0.49461729878786986	0.5078101014752294	0.5706616670375128	0.490197278182463	0.5361805533558293	0.45432188204433105	0.5072348442045619	0.46236568266670913	0.5040586135455505	0.4503085676682137	0.4883021488296038	0.5360618141590098	0.4699864021325065	0.5071602935465904	0.6228496792739151	0.44964132869633516	0.5223043504208617	0.4981445211284881
0.060135147180596316	0.1285392189339261	0.4946173363951842	0.5078101014752294	0.5706616670375128	0.490197278182463	0.5361830230944608	0.4543952348800691	0.5072309176079384	0.46236568266670913	0.5039972619499405	0.4503085676682137	0.4883021488296038	0.5360617931542974	0.4699716889198333	0.5071602935465904	0.6228380629147771	0.4495586371786268	0.5223014946806667	0.49806869532537734
0.09983906860343728	0.9163853816854458	0.4946303585457348	0.5078101016626316	0.5705772155403915	0.4902049514216251	0.5361836378592935	0.4543494987856325	0.5072161192781546	0.4623520780797194	0.503998303061779	0.45031811627497537	0.4882925992843072	0.5359943390914995	0.46997093224494746	0.5079645288957239	0.6228495519596995	0.4496721196370904	0.5223126700498099	0.4977839262561688
0.17218648874629155	0.1285392189339261	0.49461729878786986	0.5078101014752294	0.5706588218789779	0.4901972824996146	0.5361772227732898	0.45432188204433105	0.5072348442045619	0.46236568266670913	0.5040586135455505	0.45047652732597104	0.48829499269461396	0.5360454200121127	0.4699864021325065	0.5071602935465904	0.6228496792739151	0.44964132869633516	0.5223043504208617	0.4981445211284881
0.9257854753736892	0.6039456681448483	0.49467164879252523	0.507810101678373	0.5707026737502735	0.4902030537339842	0.5361821815915511	0.4544205765511728	0.5071726346429866	0.4623890192097357	0.5039964203058185	0.45048729144140565	0.48829188637092735	0.5360458655854893	0.4699709758274722	0.507964529686834	0.622849809827664	0.44964173261459933	0.5224951657044502	0.4977979783772652
0.2409768528008973	0.9813236659423006	0.4946165010963376	0.5078101018627288	0.5706923026763102	0.49019840739453935	0.5361824395943198	0.45440903808329325	0.5071448286055629	0.4623879542770935	0.5039997701439026	0.4504528004933046	0.48826108654553163	0.5360573576451825	0.4700029338713968	0.5079645294021566	0.6228365017367398	0.4495609955169866	0.5224918978530364	0.4978064740253742
0.0020115812481243944	0.9782173506110218	0.49461444643338315	0.5078101016669033	0.5706802110832291	0.49019487653295585	0.5361997820433917	0.4542680669649017	0.5071721432890458	0.462388995722118	0.5040612961450303	0.4504869538607583	0.4882924335771687	0.5360574684520791	0.47000585471314366	0.5079645303302285	0.6228470021127192	0.4496756384903665	0.5222859848376876	0.49781275478058595
0.036248887205934555	0.38948606542367453	0.4946300510422894	0.5078101014908917	0.5705772155403915	0.49020324570045	0.5363596405575001	0.4543498232859211	0.507211868137285	0.4623534750162973	0.50399845166633	0.450317766438342	0.4882924624711943	0.5359943390914995	0.46997165636104454	0.5079645314086247	0.6228360986464813	0.4496721196370904	0.5225153457028455	0.49823392299052244
0.6873709810390183	0.655601398979757	0.4946175212389843	0.5078101014151426	0.5706616670375128	0.4901911208118531	0.5363373254433954	0.4543952348800691	0.5072309420512346	0.46236689082106996	0.5039944551002465	0.45049035640518825	0.4883021490695215	0.5360615564466333	0.4699720725144401	0.5071602854059976	0.622838097670164	0.4495652125964385	0.5222913490183506	0.4981550616875068
0.178639391645734	0.3709717822614242	0.4946718517895511	0.5078101018860162	0.5707088566840088	0.4901981591867491	0.5363363096600247	0.4544128492970665	0.5072134693946154	0.4623890890576089	0.5039970225408377	0.4504962519297089	0.4882915393252217	0.5360490862502237	0.4700019927909999	0.5079645303276054	0.6228468423417614	0.4496022479088437	0.5223008882992355	0.4978095462645734
0.05876851621232276	0.9880286414231143	0.49461104098722564	0.5078101018752655	0.5705554729151128	0.49019207184601	0.5361820343810793	0.4543998676912317	0.5072307892322024	0.4623889001766344	0.503994677929672	0.4504904748331457	0.4882919878098253	0.5359964555889946	0.4699518858983587	0.5071963892788875	0.622836537234855	0.44966785757928035	0.522511242972171	0.49826752185397716
0.21002722562271248	0.9669505116648509	0.4946165060083355	0.5078101016688596	0.5707105304758008	0.4901535564068982	0.5361819809542737	0.45441167105762476	0.5072174955357397	0.4623900557358762	0.5039999277610506	0.4504544747382156	0.4882914561587686	0.5360585166387208	0.4700029230742242	0.5079645295647959	0.6228464600511685	0.4496781183703353	0.5224986299865257	0.4977949535274427
0.7255599791579179	0.9652075652910534	0.4946172698074445	0.5078101016755809	0.570549482226425	0.4901926542181334	0.5363250947250529	0.45383596059220654	0.5072308221187406	0.4623892004812182	0.5039945948021979	0.4504904095132583	0.4882946357369097	0.5359931674475001	0.4699716951149107	0.5079645234772454	0.6228495573917918	0.44967610056085133	0.5222969472338056	0.4978083878651423
0.1664571918346432	0.1996389676981693	0.494618423630156	0.5078101014013126	0.5706528012753682	0.4902366349850009	0.5363456725579772	0.45430121925632216	0.5072122857163797	0.4623661875704615	0.5039984914628909	0.45031781624219025	0.48826451498194373	0.5360578406957325	0.47000251757570655	0.5079634705175405	0.6228496874025008	0.4494986045961729	0.5222907084477867	0.49815236026694537
0.1792699838014884	0.6039456681448483	0.49461241027142255	0.507810101678373	0.5707026737502735	0.4902350574306216	0.5361858313359321	0.45440552570141785	0.507174921671983	0.4623890192097357	0.503996521941547	0.45048727219995083	0.48828022702389434	0.5359964942017962	0.4699709758274722	0.5079645296476359	0.6228496096751062	0.4495940856041598	0.5224951657044502	0.4977979785084423
0.8703896127174297	0.4231602098903589	0.49463098452890886	0.5078101016865632	0.5707057065828584	0.49019610881131603	0.5363460462526393	0.4543194777313475	0.5071721348548085	0.4623894092536428	0.504058103299795	0.4504830246453165	0.4882916506160738	0.5360603867223593	0.4701032068019523	0.5079645441052676	0.622849691691286	0.44963888816458475	0.5224878999871064	0.49814086562303006
0.8520669844279075	0.7470742617072517	0.4946680677944966	0.5078101014972992	0.5707071444637825	0.49012602203002614	0.5363617431409683	0.454305972308153	0.5072175456588489	0.462377219033797	0.5039957846922307	0.4504554580120316	0.4882942698489351	0.536037748413387	0.4700004848990433	0.5079645303951851	0.6228359966765478	0.44873489611944695	0.5219955742909248	0.49827447113567636
0.8742547173542261	0.6374266219502571	0.49467179213078283	0.5078101018928829	0.5705514067791969	0.49019816771738495	0.5363360332523064	0.45426809009982505	0.5071768836607538	0.46236811201866773	0.5039945911271071	0.4504534174766815	0.4882940957434065	0.5360490862502237	0.47000306481565124	0.5079645303294255	0.6228468480126934	0.4496255128880982	0.5222863994817575	0.49788615113258433
0.8231709753462675	0.9813236659423006	0.4946160976843987	0.5078101018627288	0.5705487514464778	0.4901971766699665	0.5361929998482067	0.45429999664158766	0.507146402582491	0.46236756188931843	0.5039945575781395	0.4504899815045378	0.4882610151728719	0.5360574375159545	0.4700027364197376	0.5079645294355896	0.6228365017367398	0.4495610860946857	0.5226096058342804	0.49780804874027096
0.9257854753736892	0.6380986693047248	0.4946722024298549	0.5078101016136739	0.5705479474729511	0.4902361340941676	0.5361885801382349	0.45441897399215286	0.5071768605722797	0.46238738503550525	0.5040492662619703	0.45048398161000613	0.48826322480598733	0.5360491506434426	0.4699714457042467	0.5079645303201453	0.6228491079152507	0.4496758855382884	0.5222994999587822	0.4982574552060517
0.027433219356322203	0.7958269753660281	0.4946714103105879	0.5078101014901062	0.5706769731965542	0.4901250299460174	0.5361993945790121	0.4543398886643458	0.507173045190151	0.46238718314840815	0.5039974484925615	0.4503107775622942	0.4883036006880596	0.5360477917930517	0.4699720397026306	0.5079645294239419	0.6228465660336242	0.44963039148956807	0.5219254306310365	0.49783907112316383
0.1818414472447068	0.39942984297962003	0.4946165660242443	0.5078101016717046	0.5705526392953206	0.49019260226056577	0.5361828488891608	0.45440934693914514	0.5072153532787855	0.46237131173755347	0.5040593317341984	0.45030795281575586	0.4882924048752622	0.5361184541580224	0.469952228880478	0.5079645300977096	0.6228349363487309	0.44963830792374876	0.5225115751974133	0.4981588094092106
0.1439173189843157	0.3725169105385413	0.4946304667363048	0.5078101018757858	0.5705442638395519	0.49015561362399374	0.5361827487489471	0.4544050807332602	0.5072308850375528	0.46238908616618735	0.5039970576562677	0.4504902963192693	0.4882951682662945	0.5359942791069789	0.4699709835212106	0.5079645294548863	0.62283645690671	0.4496608152300292	0.5224946061148399	0.4977989822266025
0.7226259978348115	0.5962817201701601	0.4946724414368873	0.507810101678373	0.5707042873620441	0.4902030537339842	0.5361824064009856	0.4544205765511728	0.5071726346429866	0.46238908721043315	0.503999950443558	0.45048729144140565	0.4882918671670748	0.5360458724825227	0.469969675707334	0.507964529686834	0.622849809827664	0.4496604576479971	0.5224951657044502	0.4978021220315411
0.008139871777855745	0.9186432342509495	0.4946288101282	0.5078101018748354	0.5705565421361021	0.49019207184601	0.5361820343810793	0.4543182068057737	0.5072307892322024	0.4623889001766344	0.5039945958442839	0.45049040361542175	0.4882945510018633	0.5359974533546015	0.470002650362336	0.5071963892788875	0.622836537234855	0.44966785757928035	0.522511242972171	0.49826752185397716
0.9803529702069317	0.9669505116648509	0.49461439544883706	0.5078101016655524	0.5707106465479067	0.4902333848671634	0.5361801989999514	0.45426743496979943	0.507214076562972	0.4623900557358762	0.5039950038513534	0.4504869680853277	0.4883018548268929	0.5360486488059412	0.4700079689902508	0.5079645295166766	0.6228349805800526	0.4496754662570864	0.5224999970772656	0.49824370538475804
0.9978429763311405	0.6374266219502571	0.49467179213078283	0.5078101018928829	0.5705514067791969	0.49019917346070213	0.536338109703274	0.45426808073265457	0.5071763072995797	0.46236811201866773	0.5039945911271071	0.4504534264686849	0.4882945097889896	0.5360490862502237	0.4701148402176907	0.5079645303294255	0.6228472196430155	0.44956570485588954	0.5222860479856599	0.49813290397424553
0.9754162907582639	0.9884526343952743	0.4946265939238761	0.5078101016774523	0.570714958897165	0.4902314997483228	0.5361826270539937	0.45445395707988606	0.507230794918583	0.46238949408367586	0.5039965093673862	0.4504876383270195	0.488279944844989	0.5359943275671442	0.4699690164933046	0.5079645202664657	0.6228491855944007	0.44966784281153227	0.522293663364509	0.4977844478728168
0.15136324583479244	0.5958717220479547	0.4946159584790008	0.5078101016181962	0.5705501883163546	0.49015471531625365	0.5361822491690191	0.45439416387687653	0.5071754429668645	0.4623893367027887	0.5039954531331744	0.4504906417996501	0.48830123091130284	0.5361097770608806	0.4700027364197376	0.5079645295081558	0.6228357541349273	0.44962339728405565	0.5222755129314806	0.4978406203555505
0.0866029130771529	0.38985531752871455	0.49463006380703184	0.5078101018704885	0.5705555041390169	0.49015560933760466	0.5361826203199243	0.4543886947125259	0.507230950757538	0.46238908616618735	0.5039954191888101	0.4504904037484868	0.4882916587203448	0.5359943390914995	0.469971689006313	0.5079645312354593	0.6228495614425493	0.44966785757928035	0.5224946299057894	0.49784165122760166
0.08213547714779279	0.9908317170020675	0.4946796070763746	0.5078101013494342	0.5705488008286135	0.4901958865147071	0.5361922543537142	0.4544052641647212	0.5071740034509759	0.46236279138452857	0.5039946623598062	0.45049068485793814	0.488294502187235	0.5361248998673209	0.4699697727694819	0.5079645301394007	0.622837638671383	0.4496393747153125	0.5222832374422565	0.49788615113258433
0.9942959230952567	0.400142339223067	0.4946304382838244	0.5078101013892692	0.5705540234805476	0.49015560933760466	0.536182596343101	0.4543195070801363	0.5072163209189557	0.46236780114865605	0.5040613035992406	0.45048346196308126	0.4882916506160738	0.5359943390914995	0.469971966738247	0.5071913680640602	0.6228494866269932	0.44963654823773624	0.5224946299057894	0.4981426184215894
0.8989393302249278	0.9320674254392509	0.4946721938632069	0.5078101016774523	0.570714958897165	0.4901995016962049	0.5361826183369147	0.45439444554116376	0.5072306123513592	0.46238949408367586	0.5039965149313119	0.45048758252439064	0.488279944844989	0.5359943275671442	0.4699719529809541	0.507942083197508	0.6228491855944007	0.4495628945225748	0.5222935787286714	0.49780668557583946
0.9548437735927255	0.9071766741019528	0.4946135934714738	0.5078101020510921	0.5706911074210752	0.490422172217988	0.5361835933111807	0.4544208139355794	0.5072241076903504	0.462386669091664	0.5039976251847917	0.4504905314847859	0.4882934874778124	0.535995480069736	0.4699999488492404	0.5079645294761432	0.6228494663611885	0.44964991167729346	0.5225182001734424	0.4978279794987256
0.9257854753736892	0.9200412899309245	0.49467306340176553	0.507810101660711	0.5705499907110473	0.49020490736882305	0.5361887207250119	0.45441934752947694	0.5071768605722797	0.4623517278266116	0.503995508195276	0.4504840308205967	0.48829257351382743	0.5360492813283343	0.4699709920461108	0.5079645303201453	0.622846879669096	0.44962122111288544	0.5224951657044502	0.4977992994910162
0.8017562229044185	0.9794665993993273	0.49461439459128903	0.5078101018640853	0.5705524146611393	0.4902307354902781	0.5361929998482067	0.45430582055424956	0.507146402582491	0.46236811895497576	0.5039945605949275	0.4504899815045378	0.4882939913740952	0.5360490981863811	0.4700027364197376	0.5079645294413033	0.6228349645018658	0.4495610860946857	0.5224995570983729	0.49780804874027096
0.15449818014766184	0.23788938507969157	0.49461612523732135	0.5078101018848921	0.5705498089367241	0.49019778959253474	0.5361937751955792	0.4543942229363914	0.5071444548429723	0.462373444408308	0.5039954882814796	0.4504899157192439	0.48826266461181744	0.5361072337371178	0.4700027364197376	0.507964530321311	0.6228357334873558	0.44964049893243346	0.5223011659062597	0.49784094250938704
0.8497720498241428	0.963697817669273	0.49461649955144676	0.5078101016734525	0.5706895325563124	0.4902332180082631	0.5361821220209934	0.454409673444461	0.5071329287370473	0.4623889642360038	0.5040546451971695	0.45048703134303886	0.4883019221019049	0.5360374804358836	0.47000759801694986	0.5079645236215973	0.6228361313697923	0.4496840992272688	0.52249767011255	0.498236243843687
0.17770156945572127	0.6317542690119314	0.4946717699653505	0.5078101019146049	0.5705437306562977	0.49019622377737976	0.5363259390164872	0.45441157100883045	0.5071738020684351	0.46236202605938226	0.5039946623598062	0.45049068485793814	0.4882949769928776	0.5360450631720565	0.4699709303577193	0.5079645236045782	0.6228468423417614	0.4496433967719574	0.5222832374422565	0.49788833576494657
0.9382903859733238	0.9614890561495965	0.49466964549077297	0.5078101016781168	0.5706769731965542	0.49012025988165875	0.5361988240247955	0.45434148472919994	0.50717231105658	0.46238912769066703	0.5039950539722884	0.4503083378397241	0.48829416721558566	0.5360368916320366	0.46997257615260213	0.5079645239155854	0.6228465660336242	0.44967324610689724	0.5225023581663946	0.49783907112316383
0.05876851621232276	0.6004797406380484	0.49461104098722564	0.5078101018752655	0.5705554729151128	0.49019207184601	0.5361852984250763	0.4544131442995297	0.5072307892322024	0.46238861344008897	0.5039946760907807	0.4504904772862445	0.48829194164137485	0.5359964555889946	0.4699518858983587	0.5071963892788875	0.622836537234855	0.44966826337266885	0.522511242972171	0.49826752185397716
0.9257854753736892	0.5455177583460755	0.49461646935517845	0.5078101016202402	0.5705516144982354	0.49039487296290196	0.5361865421373885	0.4544201614589319	0.5071715180686056	0.46235170087948263	0.5039954992926948	0.4504839565650005	0.4882809505796249	0.5361149650533312	0.46983851917671743	0.5079645305104028	0.6228353850241676	0.44957113095830287	0.5226117903342478	0.4977979783772652
0.8463741687808726	0.761187318226947	0.49467164879252523	0.5078101016716302	0.5706918910681809	0.4902030537339842	0.5361964395301737	0.454420587972268	0.5071726346429866	0.4623880632998395	0.503996419228923	0.45048729144140565	0.48829188637092735	0.536045846274104	0.4699709758274722	0.5079645237112328	0.6228364737735554	0.44964173261459933	0.5224951657044502	0.49829004606076105
0.9007753268186396	0.9779656495378781	0.4946183361901324	0.5078101018806218	0.570689326854852	0.4904287810397071	0.5361819792096016	0.4543481705429676	0.5071717357907322	0.4623667324316538	0.5039942504228225	0.450484551897642	0.4882639465454755	0.5360590510591394	0.4701088331373544	0.5071905613164115	0.6228369218389609	0.44963280301943154	0.522293755064533	0.49814728643851736
0.7358973997391883	0.9663653881030646	0.49461505639166686	0.5078101014825394	0.5706899669799574	0.49023309893126643	0.5361806675204835	0.4543431179491963	0.5071728467150992	0.4623890853576588	0.5040586142406831	0.45048703134303886	0.48830192072307815	0.5360491258632346	0.470008681725074	0.5079645239252176	0.6228361313697923	0.4496766192093116	0.5225014895917743	0.49824059387879244
0.07832799791173617	0.6290731318241085	0.49461732141347	0.5078101013448716	0.5706628962196928	0.49019729245635496	0.536196790943589	0.45430314591233	0.5071738020684351	0.4623627817989057	0.5039946623598062	0.4503043194587535	0.4882948224876675	0.5360618361914574	0.46996972636984136	0.5079645309186799	0.6228467753158415	0.4487106793982742	0.5222839946799851	0.49788615113258433
0.7226259978348115	0.3701457112197465	0.49462453412718815	0.507810101678373	0.5707042873620441	0.4902030537339842	0.5361949967231345	0.4544205765511728	0.5071726346429866	0.46238908721043315	0.503999950443558	0.45048729144140565	0.4882918671670748	0.5360461308917607	0.469969675707334	0.507964529686834	0.622849809827664	0.4496604576479971	0.5224951657044502	0.4981533610285127
0.7369282280861982	0.9186432342509495	0.4946290932505224	0.507810101476131	0.5706917753676372	0.49019130062361754	0.536179426578884	0.45440961996658835	0.5071420487026208	0.4623889001766344	0.5040619693202743	0.45048394710202316	0.4883020780886555	0.5359974532959323	0.470008425944014	0.5071859750230596	0.6228349727240711	0.44966789608726687	0.5224928703493849	0.49825088902220127
6.561264699910252E-4	0.01649856986610454	0.49461653004634093	0.5078101013489954	0.5707079652706875	0.4902370540607048	0.5361968948894963	0.4543847582931929	0.5072143214957606	0.4623790379774314	0.5039951460693047	0.4503042311544988	0.4882939584206555	0.5360599596175027	0.46997196213696374	0.5079645305093062	0.6228495850985016	0.44958956999159183	0.5222784088183305	0.49903989476917854
0.9033090883235447	0.5855650421699437	0.49467219500467935	0.5078101016774516	0.570714958897165	0.49020305689963783	0.5361826183369147	0.4544206287813375	0.507174954032679	0.46238949408367586	0.5039965093673862	0.4504872972697187	0.488279944844989	0.5359951303128782	0.4699708766385541	0.5079645298808602	0.6228491855944007	0.4496420762410152	0.522293663364509	0.49779799705864847
0.10334952822830046	0.20083203236294314	0.4946312052502648	0.507810101473908	0.5705509000604359	0.4901972730138524	0.5361826182754569	0.4544091472904093	0.507230612291458	0.46238908616618735	0.5039970576562677	0.4504848673277935	0.4883016640458883	0.5361189874273156	0.46997135260264633	0.5071474705431112	0.6228471249165983	0.4496622735036181	0.5222932877318869	0.49809093412772465
0.9257854753736892	0.2279263568984878	0.49461465414668393	0.5078101016267197	0.5705502025303234	0.4904294606640185	0.5361865746909219	0.4544205765511728	0.5071711681869294	0.4623517278266116	0.5039954992926948	0.4504840308205967	0.4882633210774792	0.536115599443823	0.4699709920461108	0.5079645303201453	0.6228474294417938	0.4496295288600805	0.5224943985627497	0.4977979783772652
0.7427080511745096	0.9867832754682868	0.4946170404296796	0.5078101016681401	0.5706952290086923	0.49019686331278434	0.5361886824580452	0.45432298799199977	0.5072382169685271	0.46235017532691924	0.5039933210881934	0.4504841807012324	0.4883019364290544	0.5359974532959323	0.46997106772548125	0.5079645295753036	0.6228352489805217	0.44971522966110555	0.5224950073004626	0.49826415588205136
0.9559064111829673	0.7979457055052308	0.4946165631874557	0.507810101316546	0.5706895325563124	0.49041290851226205	0.5361835236294136	0.45442080012368713	0.5071441406913313	0.46238826216211026	0.5040546451971695	0.45048703134303886	0.4883022526460018	0.5360491612337769	0.47000759801694986	0.5079645235027683	0.6228495322436296	0.44967624406235573	0.522498151692158	0.498236243843687
0.9521957431978296	0.9186432342509495	0.4946290932505224	0.5078101014889418	0.5705554279414444	0.49019130062361754	0.5361926002044658	0.4543171336589791	0.5072307786508974	0.4623889001766344	0.5039934019048699	0.45048981734303917	0.48829464216617435	0.5359974532959323	0.469971689006313	0.5071859750230596	0.6228349132265657	0.44966785757928035	0.5225112409754148	0.4982608335815048
0.9888713902477717	0.9406548199315431	0.4946674193011686	0.5078101016863119	0.5706957900501106	0.49019640862706665	0.5361966841109728	0.4544478928059225	0.5071440188274785	0.46238896267653656	0.5039984582075425	0.4503089731226654	0.48829293977903165	0.536049595508121	0.46997284546395807	0.5079645202514543	0.6228492456022675	0.4496797631124708	0.5224946299057894	0.49780690620834706
0.975075572658102	0.26659070264502893	0.4946175274589684	0.5078101014652973	0.5706616670375128	0.490197278182463	0.5363341139846723	0.4543952348800691	0.5072309176079384	0.46236687968050577	0.5039972619499405	0.4503085676682137	0.4883021275689827	0.5360615407076165	0.46997168379887805	0.5071602935465904	0.6228380629147771	0.4495642703961948	0.5223014946806667	0.4981396076091317
0.7313704206635658	0.9184882851447013	0.49461649955144676	0.5078101018595089	0.5706919806338306	0.49023333685399034	0.536182033017732	0.454409673444461	0.5071454418085316	0.46238896460712564	0.5040546451971695	0.45048703134303886	0.4883019527431334	0.5360490721844818	0.47000759801694986	0.5079645236215973	0.6228361313697923	0.4496767998376329	0.52249767011255	0.498236243843687
0.9810839967822788	0.401348008498872	0.4946098303337364	0.5078101016736426	0.570548071071505	0.49019869504570746	0.5361818497597047	0.45429798330304955	0.5071763842592892	0.46237360955520135	0.5040613322565167	0.45048269667857527	0.48829299356265804	0.5360491839601458	0.46997280207177405	0.5079645292314706	0.6228361260301297	0.44967662703719197	0.5224943469224891	0.497802318755255
0.8070469932187028	0.6354936145528051	0.49466765116200717	0.5078101013448716	0.5706898979240221	0.4901962359664031	0.536196790943589	0.45430218870626526	0.5071324623714107	0.4623889551825189	0.5039950048862927	0.450304877650881	0.4882951364778412	0.5360477647173121	0.4699696843993264	0.5079645309186799	0.6228467321607098	0.4496370079687929	0.5222842227558356	0.49824098429114144
0.00907398052955466	0.9512657696130964	0.4946180183229551	0.507810101878843	0.5705565421361021	0.49019734400828846	0.5361820343810793	0.45430111479236274	0.5071453377884813	0.4623868441887026	0.503994554031636	0.45048415819766335	0.48826486035875094	0.5360600968209845	0.4700026488266835	0.507964530316188	0.6228369673059505	0.44950242886219494	0.5225078561107414	0.4978376365964735
0.25331440009172324	0.6367622059689755	0.49466453010435374	0.5078101016760066	0.5706890698871017	0.49018979780488436	0.5361576022347165	0.454318273401294	0.506892693671102	0.46238795005231786	0.5039933261136471	0.4503157798012112	0.4883036277159278	0.5360488794079451	0.47000415702253473	0.5079645294219721	0.6228468480126934	0.4496659171923439	0.522508972787719	0.49787364512433835
0.9740712814801926	0.1285392189339261	0.49461734143083164	0.5078101014752294	0.5706616670375128	0.490197278182463	0.5363222709168778	0.4543952348800691	0.50716919749813	0.46236570389715187	0.5040604913660972	0.4503085676682137	0.4883021488296038	0.5360617931542974	0.4699716889198333	0.5071596085750597	0.6228487785864143	0.4495585809411877	0.5223014946806667	0.49806869532537734
0.95610603485269	0.37968334921487945	0.4946715295387935	0.5078101018791285	0.5705514213424447	0.4901540356476337	0.5363359349192345	0.45426809009982505	0.5071768836607538	0.46238829527018044	0.503994596292027	0.4504546610621523	0.4882940957434065	0.5359932502626562	0.47000306481565124	0.5079645294529794	0.6228364865487728	0.44962524722094716	0.5224951051447794	0.4978004232632066
0.2525565604966665	0.6096603202401352	0.49462659600784936	0.5078101016779921	0.5705722567318575	0.4904249049255796	0.5361801708844071	0.4542693612684431	0.5071732145986106	0.4623890970446667	0.5039986901867303	0.450489938915514	0.4882918458614288	0.5360571540207659	0.47011321265562006	0.507964529694504	0.6228498213612339	0.449640313881064	0.5223171227809158	0.49779610940136537
0.9813311195436478	0.6374266219502571	0.49467179213078283	0.5078101018928829	0.5707141568731723	0.4901948610048855	0.5363360332523064	0.45426809009982505	0.5071725914958429	0.46238899951638723	0.5039964063647833	0.4504534174766815	0.4882919639201369	0.5360490862502237	0.4699713483338758	0.5079645303294255	0.6228470159634469	0.4496255128880982	0.5222863994817575	0.49788615113258433
0.026373250262519313	0.8395753509988912	0.4946174412326979	0.5078101014813567	0.5706784585428865	0.4901971570846224	0.5361997820433917	0.4543017196105925	0.5071721432890458	0.46238715338986225	0.5040612961450303	0.4504899882643136	0.4882924335771687	0.536057434996109	0.4699720374422956	0.5079645304111751	0.6228491320358706	0.4496389184602206	0.5223012643294087	0.49780845924903494
0.7421856645437686	0.9663653881030646	0.49461649955144676	0.5078101016783397	0.5706895325563124	0.4902330984956395	0.5361794656237473	0.454409556446067	0.5071441406913313	0.4623890853851514	0.5040602133310997	0.45048703134303886	0.4883019221019049	0.5360492020464637	0.470008681725074	0.5079645236034719	0.6228361313697923	0.4496766192093116	0.52249767011255	0.49824059387879244
0.09862859482031022	0.6307687119101151	0.49466973187232677	0.5078101013448716	0.5706976650862985	0.4902313847783057	0.536196790943589	0.45430314591233	0.5071738020684351	0.4623902120723491	0.5040513900745994	0.4503043194587535	0.4883021049532453	0.5360477647173121	0.4699696843993264	0.5079645309481522	0.6228468073760839	0.44963560261122676	0.5224935088087866	0.49788615113258433
0.07832799791173617	0.6323948178204993	0.4946717699653505	0.5078101013510504	0.570549867121362	0.4901962359664031	0.5363466125394186	0.45430121134887963	0.5071738020684351	0.46236742390317087	0.5039946311026416	0.4503043194587535	0.48829496310326986	0.536047669687625	0.4701083138175124	0.5079645309186799	0.6228469059683633	0.4494827082672547	0.5222832877442409	0.49788615113258433
0.9967596002785333	0.9813223747735187	0.4946184266502287	0.5078101014039245	0.5706602923231027	0.4902366363654656	0.5363434913914907	0.4543190513378802	0.5071688787305365	0.4623667324316538	0.5040667456249992	0.45049268118523117	0.4882916525612848	0.5360574382582238	0.47010507019209774	0.5071738209009174	0.6228491167782733	0.449565043694626	0.5222971696103079	0.4981475437313995
0.803712388390315	0.9676342166764583	0.4946304201860636	0.5078101018672772	0.57068710936534	0.4902375099046502	0.5363367911365431	0.4543005201715499	0.5072148802844874	0.46236804176853896	0.5039950661298955	0.4504490169201871	0.4882943150736146	0.5360490812975618	0.47010715397934666	0.507961536696948	0.6228469861023255	0.44954761141089267	0.5222864281016184	0.4980856901428544
0.850764530831687	0.38507505215995763	0.49461071225931996	0.5078101016786919	0.5707026737502735	0.4902391596953682	0.5361827307912201	0.45440509688571834	0.5071722232562317	0.4623891115187237	0.50399668037362	0.4504869072813358	0.4882918954681088	0.536118386944177	0.4699503409807991	0.5079645296729202	0.6228494299345502	0.4496844768694943	0.5222862800368329	0.49815281295413977
0.2595432059150667	0.22725777147117304	0.49461537958274276	0.5078101018853122	0.5705517621820732	0.49023689092323597	0.5361834641612242	0.45439151306709863	0.5072176414616512	0.46238908616618735	0.5040603850748236	0.4504899882643136	0.4882925192267544	0.5360305787500442	0.469971966738247	0.5079645298525691	0.6228363996199912	0.4496405847102203	0.5223013747192927	0.4981520182755302
0.9960648213222603	0.4166043413492871	0.494618099083799	0.5078101014016257	0.5706604244986199	0.4902371395580236	0.5363379311130618	0.4543190513378802	0.5072157463399871	0.4623667324316538	0.503995039854301	0.45048337286296714	0.4882916525612848	0.5360607965415725	0.4701088331373544	0.5071877006334333	0.6228372475352923	0.44956470063020976	0.5224857812676915	0.49814146049708785
0.9257258934017677	0.6419166227982922	0.4946721938632069	0.5078101016774523	0.570714958897165	0.4901995016962049	0.5361826183369147	0.45445430465030423	0.507230794918583	0.46238819324430663	0.5039954848043232	0.45048398166706843	0.48826319840630283	0.5359943275671442	0.4699690474947931	0.5079645302188678	0.6228491319858431	0.4496803100031268	0.5222985449291904	0.4978049222016906
0.9960648213222603	0.9760267847599735	0.4946174885241109	0.5078101014763247	0.5706622922793371	0.49019103724726243	0.5363341139846723	0.4544116580955372	0.5072309176079384	0.4623900744290199	0.5039972619499405	0.4503085676682137	0.48830164196910636	0.5360615407076165	0.46997168379887805	0.5071852905778275	0.6228468660902535	0.44956516450864076	0.5225066240564057	0.4981657918986503
0.9960648213222603	0.9117799215669462	0.49461653771556474	0.5078101013946197	0.5706527353647856	0.4902383091950484	0.5363402514236996	0.454420261791404	0.5071426318348795	0.4623667324316538	0.5040553151222292	0.4504868294909943	0.48826394907058607	0.5360492427920507	0.47010559523084133	0.5071905613164115	0.6228496281467997	0.44957230618874455	0.522291188873794	0.49814728643851736
0.996461841536113	0.9186432342509495	0.4946290932505224	0.507810101476131	0.5705554279414444	0.49019130062361754	0.5361926002044658	0.4543171336589791	0.5072307786508974	0.4623889001766344	0.5039973940078033	0.4504840330626742	0.4883020780886555	0.5359974532959323	0.46997168369464526	0.5071859750230596	0.6228349727240711	0.44966785757928035	0.5223013239088156	0.49815416633737575
0.1577989793577263	0.9706678599745229	0.49461536949037394	0.5078101018617706	0.5705488714269297	0.4901971570846224	0.5361798359865135	0.45430137791144976	0.5071721432890458	0.4623890906674145	0.5040612961450303	0.4504904113597108	0.4882927224803628	0.536057434996109	0.4699724955475527	0.5079645303328172	0.6228495593705378	0.44963892230279745	0.5223012643294087	0.4978416408063335
0.8295637302500216	0.6096603202401352	0.4946108489270884	0.5078101016786881	0.5707029415983655	0.49024111997990855	0.5361801708844071	0.4542693612684431	0.5071732145986106	0.4623891111443063	0.5039966689568876	0.450489938915514	0.4882918458614288	0.5360571540207659	0.46995102230655883	0.507964529694504	0.6228498213612339	0.449640313881064	0.5223174475349172	0.49779610940136537
0.25331440009172324	0.6367622059689755	0.49466453010435374	0.5078101016760066	0.5706890698871017	0.49018979780488436	0.5361576022347165	0.454318273401294	0.506892693671102	0.46238795005231786	0.5039933261136471	0.4503157798012112	0.4883036277159278	0.5360488794079451	0.47000415702253473	0.5079645294219721	0.6228468480126934	0.4496659171923439	0.522508972787719	0.49787364512433835
0.808461820997535	0.9147663985789479	0.4946303585457348	0.5078101016626316	0.570576975846694	0.49023125535963213	0.5361840930820071	0.4543494987856325	0.5072161192781546	0.462367600143388	0.503998303061779	0.45031811627497537	0.4882939449235553	0.5359935523189994	0.47000365070746525	0.507964528880216	0.6228495929785349	0.4496719761303179	0.5223126700498099	0.4977839262561688
0.23707305765722386	0.9352953488839858	0.494616087701209	0.5078101018627288	0.5706924410045705	0.49019740656422	0.5361932325017492	0.45440903808329325	0.5071727469997945	0.46238794025701924	0.5039914345088731	0.4504528004933046	0.48826108654553163	0.536057360174482	0.47000220618568106	0.5079645303916565	0.6228497288787027	0.44956060402559056	0.5224917717617801	0.4978064740253742
0.1577989793577263	0.9813447196331161	0.49461536949037394	0.5078101018617909	0.5705489984367569	0.4901971570846224	0.5361798359865135	0.45430137791144976	0.5071721432890458	0.46239011361723165	0.5040612961450303	0.4504899882643136	0.4882927224803628	0.536057434996109	0.4699724955475527	0.5079645303328172	0.6228492875330105	0.44963892230279745	0.5223012643294087	0.49780845924903494
0.802054959183042	0.6242003227673305	0.49461498248014035	0.5078101018640853	0.5705524146611393	0.49023073009348944	0.53618853559013	0.45430582055424956	0.507146402582491	0.46236811895497576	0.504049129039058	0.4504899815045378	0.4882636990763398	0.5360492851220623	0.4700027364197376	0.5079645294413033	0.6228349645018658	0.4495610860946857	0.5224997272774422	0.49780804874027096
0.9257854753736892	0.554644287646425	0.49461428798051643	0.5078101016202402	0.5705502025303234	0.49039487296290196	0.5361865421373885	0.4544205765511728	0.5071715180686056	0.4623517278266116	0.5039954992926948	0.4504840308205967	0.4882633210774792	0.5361149482769721	0.4699709920461108	0.5079645303201453	0.6228496096751062	0.4495942412230458	0.5224951657044502	0.4977979783772652
0.9960648213222603	0.26659070264502893	0.4946174893838567	0.5078101014763247	0.5706616670375128	0.49019103724726243	0.5363341139846723	0.4543952348800691	0.5072309176079384	0.462366880376077	0.5039972619499405	0.4503085676682137	0.4883021275689827	0.5360615407076165	0.46997168379887805	0.5071602935465904	0.6228380629147771	0.44956516450864076	0.5222913490183506	0.4981560880677101
0.027433219356322203	0.6022547169928733	0.4946712590823369	0.5078101014809117	0.570703792318637	0.4901250299460174	0.536185925815764	0.4543398886643458	0.507173045190151	0.4623872710414058	0.5039964219420564	0.4503107775622942	0.48829185155995497	0.5360477917930517	0.4699709961522706	0.5079645296754284	0.6228466093498533	0.4496284177635625	0.5219254306310365	0.49783907112316383
0.027433219356322203	0.9144982069327028	0.4946714103105879	0.5078101014901062	0.5706533253182109	0.4901250299460174	0.5363435601910689	0.4543374365876905	0.507173045190151	0.4623670218122619	0.5040535791204441	0.4503107775622942	0.4883036006880596	0.5360477917930517	0.4699720397026306	0.5079655995311111	0.6228468569737838	0.44963039148956807	0.5219254306310365	0.4978140018393748
0.04010734551644285	0.5944010902038939	0.49461729878786986	0.5078101014752294	0.5706981729067127	0.490197278182463	0.5361805533558293	0.45432161650645614	0.5072348442045619	0.46236568266670913	0.5040586135455505	0.4503085676682137	0.4883021488296038	0.5360618141590098	0.46998650822850724	0.5072255690754065	0.6228496583499005	0.44964132869633516	0.5223007733099493	0.4978771334034278
0.21826498911478526	0.38961544346038735	0.49461633349927914	0.5078101016763613	0.5706905844339503	0.4904146803066159	0.5361834464424466	0.4544094301889307	0.5068825157966076	0.4623735995284096	0.5039915452206425	0.4504907318655928	0.48829467709603225	0.5359898601415546	0.46995228928431765	0.5079645235884541	0.622849672955456	0.44959390283796397	0.5224948530019621	0.49823222055204297
0.9960648213222603	0.2667159983099119	0.4946174893838567	0.5078101014763247	0.5706620440101001	0.4901911008044142	0.5361800533436347	0.4543952348800691	0.5068731118734943	0.462366880376077	0.5039972619499405	0.4503040880937548	0.48829411912594173	0.5360615407076165	0.46997061095746395	0.5071602935465904	0.6228381359023302	0.44956480797726733	0.5222913490183506	0.4981560880677101
0.9810839967822788	0.401348008498872	0.4946098303337364	0.5078101016736426	0.570548071071505	0.49019869504570746	0.5361818497597047	0.45429798330304955	0.5071763842592892	0.46237360955520135	0.5040613322565167	0.45048269667857527	0.48829299356265804	0.5360491839601458	0.46997280207177405	0.5079645292314706	0.6228361260301297	0.44967662703719197	0.5224943469224891	0.497802318755255
0.9559064111829673	0.8021062351561179	0.49461392180252034	0.5078101019738185	0.5705544744009546	0.49041290851226205	0.5361835236294136	0.4542667085712736	0.5071438576847492	0.46238835043458393	0.503991915405921	0.45048447472437964	0.4882943456960291	0.5360490887764572	0.47000308730100165	0.5079645234482106	0.6228495322436296	0.44967624406235573	0.5224967140544031	0.498236243843687
0.21826498911478526	0.39717617456630916	0.4946651204042293	0.5078101016763613	0.5706314205055736	0.49019711807562144	0.5361834464424466	0.4544094301889307	0.5068825157966076	0.4623735995284096	0.5039915452206425	0.4504907054274278	0.48829426561210265	0.5359898601415546	0.46995228928431765	0.5079645298390125	0.622836211146885	0.4495922111911774	0.5224948209325935	0.49823222055204297
