0.0	1.0939867702130275
0.9992491511849539	0.04334475989047887
0.597410633893757	0.2816145699057568
0.6758303245267061	0.23336331752184145
0.3168127780111094	0.49930520143154705
0.24661622752162893	0.57042835588565
0.5228598237337198	0.335586336628415
0.2893142605206456	0.5243483217407013
0.829945849075065	0.1389395084594719
0.805457972168428	0.15167422789864204
0.6437028643786684	0.2503842892986603
0.23062963910461748	0.5886389459793134
0.060163035892305566	0.8324041464233426
0.6973420838228179	0.21753311158833033
0.3405430973944014	0.48229040423775515
0.11977679130252095	0.7270008201439037
0.5423027868876996	0.3198885757141498
0.13339297501229758	0.7105063832878744
0.7557776990093731	0.18350701642599945
0.10329055915984917	0.7549518891390316
0.08896912520110212	0.7744016616528373
0.18706271040909042	0.6380530091413197
0.0010942975184641268	1.0549170554080165
0.28618684766201874	0.5306346151935274
0.16116333524365803	0.6688640313750032
0.5768745380942335	0.2967690711887225
0.013195018446574502	0.9687423695310333
0.19923950532570983	0.6220654452020294
0.039999482533390224	0.8796689824904478
0.6558739324349967	0.24350073298559105
0.3935726763099909	0.43271227988550404
0.2655997485253184	0.5523992458129502
0.04934817732164026	0.8602074633725786
0.9305036664982302	0.0842800435148285
0.008342515838500708	0.9910542993677448
0.37754422171296803	0.4492616831560581
0.8822218839577636	0.10733443938470796
0.4913604066553531	0.35767630004428874
0.11173289475810605	0.7440589730710291
0.07151988206920468	0.8063054602664964
0.21983020386010516	0.6020043701165285
0.8954362229404487	0.1029021179541739
0.08170697379244835	0.7864618666123343
0.4777564100155129	0.3670905282646202
0.9657369316210811	0.06415803779876188
0.6204185280247277	0.2665796145979683
0.40908542321864494	0.4185015718833963
0.32402447171016246	0.4914038874652345
0.20939315759473912	0.6102645210662382
0.4672930276429167	0.3757837306498092
0.4274509110495959	0.405678737710555
0.7207263777365027	0.20301139870161986
0.3593159353708537	0.4630001636461399
0.01725644896149295	0.9488717962886378
0.45687506273882456	0.38659039719828736
0.6192399995684462	0.26749354371897704
0.05493864605767376	0.8467733188080273
0.7073200381947725	0.20870454633674257
0.3561533666941786	0.46802743428129406
0.003868026281910908	1.024113595130137
0.15314153306582284	0.6798565026637131
0.26021243567118946	0.5532960166250712
0.006487427658003586	1.008633069664444
0.7908004593064548	0.16326419644525214
0.03460365583855607	0.895682756044749
0.9105624106333412	0.09334451577936759
0.7366736712688677	0.19539134587322873
0.5675848075668355	0.3021896308899909
0.002159853198776873	1.0428019306039642
0.5076840519272671	0.3476313887150585
0.3829547838005548	0.4410604862413475
0.7685429500802623	0.17405993852448268
0.14373853023209684	0.696358293862068
0.41744349435516137	0.4150008313136219
0.8654189562516347	0.11792310252380889
0.9951069630528282	0.048163187677976255
0.021714852980381116	0.9364479799796116
0.440186028489333	0.3975099919461842
0.9789679091145849	0.053870559908015876
0.9474274720003525	0.07259197723007556
0.07476579135792794	0.8029701344755548
0.024645893264635954	0.9248070898364881
0.9172585166272156	0.0909586699255177
0.8447939965982159	0.12957443724524786
0.17581327517723155	0.651190690175207
0.9460336541775235	0.07402588183261631
0.8460286173589737	0.12591355368373075
0.17581327517723155	0.651190690175207
0.4458823412140339	0.3933199280467185
0.8631467062849696	0.11940061819016298
0.5032120851302445	0.3484338657750555
0.7913807204838421	0.16169023292152418
0.14549012973122094	0.6904519950799737
0.0280329581112988	0.9127338272095507
0.5538591843254033	0.311895163273701
0.7348407671701127	0.19629006585435724
0.7685429500802623	0.17405993852448268
0.9734298556170374	0.057048796033425
0.5565369024798961	0.3099887513381774
0.030884273658315087	0.9050541228085951
