2.401529771275336903e-03
2.734602898482780403e-03
3.110803400970900238e-03
2.133679977731723146e-03
2.670512659049611211e-03
2.978254987224177464e-03
2.201398372609430533e-03
2.786444750645713023e-03
2.777705967665567571e-03
3.632643404808880063e-03
2.197383216102668981e-03
2.741287060977790763e-03
2.662344405068539990e-03
2.773298049055345285e-03
2.567330279645894595e-03
2.531196809946073198e-03
3.057889050480270838e-03
2.520075618684452720e-03
2.693034496206363291e-03
2.503929463984948776e-03
2.911342840054065295e-03
3.083342843801882300e-03
3.023192297264291808e-03
3.732469558721890780e-03
3.598555859869551673e-03
2.385800643953214523e-03
2.853746817905005329e-03
3.004983973343592057e-03
2.519819048349804160e-03
2.901587863524662542e-03
3.079765261757667991e-03
