0.9999990510291338	0.6000409778035786	0.6001765905958116	0.6004664184217536	0.6013017257857589	0.6028152624127292	0.6062099824150283	0.6130408764907689	0.6279494618389888	0.6636366549104779
0.0	0.6000410509903645	0.600179001487549	0.600466766396436	0.6012948594289336	0.602815215807092	0.606211140203139	0.6130397409014918	0.6279418721774181	0.6636422794179698
0.7339155118874975	0.6000409118865175	0.6001783650782953	0.6004667628949057	0.6012938250518521	0.6028153268839517	0.606215784850313	0.613040279184297	0.6279494865270694	0.6637874607288697
0.8043309288835528	0.6000410024182211	0.6001779732656078	0.6004663993459691	0.6013013522235425	0.6028152626568415	0.6062164254824965	0.6130399517604643	0.6279497443319584	0.6636391910711549
0.6746992642389537	0.6000393446275558	0.6001797842106801	0.6004668150868626	0.6012937305804108	0.6028153450760838	0.6062107310375361	0.6130416972586321	0.6279493495614031	0.6636440425520215
0.7901482368037775	0.6000407862876432	0.6001775726553072	0.600466411673534	0.6013017517539111	0.6028153268839517	0.60621117592409	0.613050930140655	0.62794949024742	0.6637904393133225
0.6851542615665316	0.6000397622156078	0.6001783697619203	0.6004663837330448	0.6013012302962726	0.6028153612093479	0.6062102985950122	0.6130408741686357	0.6279493946003154	0.66364451157962
0.5241479217545925	0.6000409667792599	0.600177898560273	0.6004664267442975	0.6013020160530528	0.6028153009927011	0.6062107027701364	0.6130402048307325	0.6279415719272685	0.6636528735553036
0.7027074552376416	0.6000410053498862	0.6001713004671656	0.6004663612757227	0.601295259055127	0.6028152798611173	0.6062108005729703	0.6130532100949346	0.6279413839225748	0.6638022537927005
0.1361862656426307	0.6000409379009338	0.6001783267407769	0.6004663614485177	0.6012944355341451	0.6028152860165613	0.6062161453116001	0.6130408030957728	0.6279429298948865	0.6636406000527129
0.9909235283151259	0.6000409129547152	0.6001779741393402	0.6004664401239056	0.601293559748406	0.6028152038451103	0.6062107454725327	0.6130397599953893	0.627942167758997	0.6636439063290024
0.637107091458835	0.6000409156086125	0.6001782360598351	0.6004667629034716	0.6012932971362537	0.6028153267216939	0.6062119229540974	0.6130430418201073	0.6279495891942708	0.6636254148019369
0.9227398435172731	0.6000410054359113	0.6001783268842152	0.6004663622009656	0.6013011912202615	0.6028153543944496	0.6062069120677835	0.6130421011044823	0.6279429627648878	0.6636371330545994
0.4238744304312906	0.6000410051153143	0.6001779732656078	0.6004663955417021	0.6013023185329247	0.6028152625890257	0.6062065078776271	0.6130409575271697	0.6279497445012393	0.6638072924355117
0.8514277986728502	0.6000409513143395	0.600173498040862	0.6004667415396939	0.6012940993077008	0.6028153625384822	0.6062113225536936	0.6130394877969019	0.6279494670568107	0.6636332107712652
0.9642683677752686	0.600041005305977	0.6001782985374325	0.6004661923928127	0.6012951406444783	0.6028153593318095	0.6062070118826929	0.6130420759462423	0.6279497314623549	0.663628117175564
0.15966010292115812	0.6000410346258875	0.6001722904043735	0.6004663627701197	0.6012945322539063	0.6028152917245995	0.6062094353567187	0.6130410443834996	0.6279495335077455	0.663635960434013
0.4513120031956084	0.6000409665157123	0.6001781914045456	0.6004662888151752	0.6013016332259783	0.6028153547641313	0.6062102259274814	0.6130402276529147	0.6279489859075639	0.6636331099782206
0.471354375272641	0.6000407954031075	0.6001675856939108	0.6004667679760191	0.6013024869578603	0.6028153084820165	0.6062111059448507	0.6130397425224858	0.6279493018150909	0.6636446456266294
0.4025440797106118	0.6000410054561607	0.6001699929921633	0.6004668280326318	0.6013020072778985	0.6028153593318095	0.6062068312489182	0.613042069761094	0.6279497314623549	0.6637758786829576
0.8590867294124397	0.6000409668516811	0.600177898560273	0.6004664280426125	0.6013018461759482	0.6028153187185314	0.6062069592357919	0.6130406530844139	0.6279415685833962	0.663810129850018
0.4340549829329596	0.6000409160927669	0.6001732350371208	0.6004667946736792	0.6013025157726802	0.6028153497192094	0.6062107782655275	0.6130418780145235	0.6279491519612164	0.6636440425520215
0.9343414831247618	0.6000410380579095	0.600178370207792	0.6004667933698026	0.6012952127810516	0.6028153659201899	0.6062153974608292	0.6130395146960111	0.6279495330684757	0.6636438414576428
0.8377135006649358	0.6000409896602674	0.6001779693078437	0.6004667635078007	0.601302635550935	0.6028153628121135	0.6062103716781654	0.6130415014367468	0.6279494870083345	0.6636307051576548
0.38025904723535575	0.6000407605411863	0.6001696186643567	0.6004668011084451	0.601294955143165	0.6028152063973954	0.6062157610680173	0.6130413440075679	0.6279420161270204	0.6636386180949942
0.49003830641795276	0.6000409967976831	0.6001779687794744	0.6004664292954824	0.601295653048465	0.6028153573436296	0.6062095201561215	0.613043204793546	0.6279429627648878	0.6636456565286148
0.11156805778637141	0.6000409379009338	0.600178365052218	0.6004663614485177	0.6013011881693692	0.6028152864655479	0.606215752659922	0.6130408052015449	0.6279422522113963	0.6636280698204993
0.8326506136069283	0.6000407981333487	0.6001775978788285	0.6004667897568412	0.6013026626427243	0.6028153624597877	0.6062097083377427	0.6130415255563433	0.6279494870083345	0.6638018361838254
0.3021864447623426	0.6000407364075665	0.6001782283157628	0.6004664259670344	0.6012933642012092	0.6028152145745707	0.6062164416414263	0.6130515930732459	0.6279421363471638	0.663639441754148
0.9742996366851238	0.6000410051125263	0.6001780067089592	0.6004663016206014	0.6013017657410984	0.6028153918922945	0.6062100494373466	0.6130408741686357	0.6279495289447296	0.663620092777549
0.2882397849585313	0.6000407492946269	0.6001782356799858	0.6004664260202189	0.6013017257857589	0.6028152629863988	0.6062099824150283	0.613041693693636	0.6279420998162168	0.6636366549104779
0.9139528523573959	0.6000407640843285	0.6001712135887132	0.6004663614485177	0.6012813180252798	0.6028153545884136	0.6062113069270442	0.6130408052015449	0.6279423549856825	0.6636225999830534
0.6002057177866463	0.6000407655804603	0.6001734364268577	0.6004663981004102	0.601301698183148	0.6028152142456382	0.6062102228619618	0.6130408546316486	0.6279498811618106	0.6636392956495402
0.8705012573369235	0.600041032145852	0.6001782131004547	0.60046642410073	0.6012932598890732	0.6028152802703277	0.6062103175333581	0.6130407924624683	0.6279493433768719	0.6636323355293803
0.7423800436515913	0.6000409367049199	0.6001780978274778	0.6004663090686205	0.6012932598890732	0.602815273919729	0.6062105374038553	0.6130408906918589	0.6279494629364821	0.6636378284795289
0.2734906897862249	0.6000409997360644	0.6001782754470157	0.6004663998117927	0.6013017460623689	0.6028153601431269	0.6062091451933651	0.6130404155401908	0.6279494450106582	0.6636383139543968
0.6530272805938688	0.6000409483807894	0.6001732425751403	0.6004662444891066	0.6013025561450132	0.602814349181064	0.606207406753586	0.6130416022848093	0.6279495933664903	0.6636327802263164
0.9546534932152212	0.6000410043466422	0.6001732911016759	0.6004664280062065	0.6012955655761791	0.6028152808836678	0.606216798532854	0.613040761909002	0.6279427729667121	0.6636422483481307
0.8901059675748948	0.6000409363771698	0.6001787303493152	0.6004663972417797	0.6012941221767395	0.6028153543657545	0.6062160163422811	0.6130422283536753	0.6279494581562451	0.6636396026826582
0.8820549730702991	0.6000409126673483	0.6001779852903781	0.6004664280426125	0.6013018461759482	0.6028153187185314	0.6062069592357919	0.6130406530844139	0.6279415685833962	0.6636433049333266
0.7114625179781968	0.600040791717672	0.6001786232389595	0.600466325566125	0.6012951765582075	0.6028153268839517	0.606215784850313	0.6130509396064054	0.6279494861442447	0.6637903901496734
0.817757349325486	0.6000409601572609	0.6001781937008706	0.6004662888151752	0.6013016332259783	0.6028153536852378	0.606215420506145	0.6130408236914979	0.6279489859075639	0.6636331099782206
0.7511111856044866	0.6000407831550298	0.6001775723649657	0.6004664099622661	0.6013017517539111	0.6028143817545827	0.606211382642026	0.6130509396064054	0.6279494914610501	0.6637774268755966
0.06691687862664653	0.6000409520221895	0.6001783815289685	0.6004664280062065	0.6013015925071287	0.6028153566454442	0.606216693781244	0.6130508479767356	0.6279495316639929	0.6636393185119579
0.39485204541252006	0.6000407605411863	0.6001696186643567	0.6004667953954701	0.6012932420339884	0.6028152063973954	0.6062157610680173	0.6130413440075679	0.6279495961110172	0.6636386166052765
0.8199809902952013	0.6000410017017284	0.6001776000577987	0.6004663993459691	0.6013013522235425	0.6028153623056386	0.6062164426830777	0.6130399274254885	0.6279497443319584	0.6636391910711549
0.18710118353978913	0.6000409441246084	0.6001736564114084	0.6004661894378209	0.6013016981508438	0.6028152862836342	0.6062154709279282	0.6130399048130093	0.6279498811618106	0.6638032768418833
0.22982744990390064	0.6000407712202086	0.6001784843653029	0.6004664392566741	0.6013015925071287	0.6028153284051198	0.606216798532854	0.6130506987521086	0.6279495295442463	0.6636393185119579
0.20737055616498196	0.600040822568206	0.6001732000452074	0.6004667515832209	0.601294033255026	0.602815248940444	0.6062168000185293	0.6130418935213076	0.6279431323299847	0.6636365562702311
0.592454250682094	0.6000409827171744	0.6001709028008428	0.6004663623307689	0.6013012148586566	0.6028152691936456	0.6062169320912285	0.6130518695501564	0.62794200805554	0.6636357296604739
0.5521299095121253	0.600040936965487	0.6001709028008428	0.6004663614485177	0.6012814320230976	0.6028152493815152	0.6062109049965709	0.6130402563877361	0.6279415616288205	0.6636290161906123
0.46254105956860453	0.6000406932089556	0.600178197508936	0.6004663979795694	0.6013015765759345	0.6028153049892959	0.6062099270591683	0.6130408911986229	0.6279495663145631	0.6638150340266579
0.7587461416635863	0.600040951837062	0.6001784453560948	0.6004667634864093	0.6013020152979475	0.6028152603009611	0.6062103695151638	0.6130407699877213	0.6279490012654133	0.6636386547286314
0.5682905728902103	0.6000409656254632	0.6001775756419924	0.6004664129199668	0.6013016966693309	0.6028153058349461	0.6062113661673445	0.6130408741686357	0.6279496113250179	0.6637957374349777
0.17905461058580183	0.600041035086624	0.6001722904043735	0.6004662639411187	0.6012945287092343	0.6028152905055814	0.6062095409676094	0.6130408142453411	0.6279495335077455	0.663630428314131
0.9404791985565824	0.6000409965988817	0.6001779561026185	0.6004663904847476	0.6013025031240345	0.6028153918922945	0.6062099158602131	0.613043209429177	0.6279497445012393	0.6637774562379525
0.08751194006819002	0.6000409387399421	0.6001783267407769	0.6004663614485177	0.601300896331561	0.6028152864655479	0.6062067489305589	0.6130420915415424	0.6279429314532624	0.6636204598061909
0.8970746144243019	0.6000409490151271	0.6001777123124569	0.6004663337474664	0.6013011181422854	0.6028152075687069	0.6062072443573894	0.6130413335996542	0.6279428599748893	0.6638031202708288
0.3304551201258968	0.6000397428632054	0.6001785324360225	0.6004661820289999	0.6013013600050914	0.602815206506175	0.606216544235027	0.6130508791270792	0.6279494870674374	0.6636393277206903
0.36707497044841964	0.6000398584006232	0.6001776236024174	0.6004664370153854	0.601295003578454	0.6028153578356492	0.606207026442936	0.6130526495484843	0.6279498657393486	0.663806053030314
0.5116513643921263	0.6000407738330144	0.6001736564114084	0.6004661894378209	0.6012958388134916	0.6028152037320821	0.6062101479578699	0.6130399048130093	0.6279498803235629	0.6636377388245849
0.34975248299411416	0.6000409351064417	0.600177898560273	0.6004664280426125	0.6013018468824601	0.6028143226481097	0.6062069592357919	0.6130397418778643	0.6279415627700912	0.6638093924002534
0.7114625179781968	0.600040791717672	0.6001786232389595	0.600466325566125	0.6012951765582075	0.6028153268839517	0.606215784850313	0.6130509396064054	0.6279494861442447	0.6637903901496734
0.05205767265682443	0.6000393575562832	0.6001796320716257	0.6004662643056492	0.6012936924293326	0.6028153571424478	0.606216017537791	0.6130399826361116	0.6279494845238908	0.6636380265087748
0.5614852405933437	0.6000410006135175	0.6001782836423907	0.600466440094496	0.6013016981508438	0.6028153590632694	0.6062153311566348	0.6130435897978437	0.6279490896243776	0.6636383184669388
0.49568274175073773	0.600041012267696	0.6001796608147157	0.6004663355742884	0.6013016732484388	0.6028153572064961	0.6062108393368849	0.6130528276881271	0.6279494750616678	0.6636440176969225
0.26093939148494805	0.600040798464512	0.600178068128094	0.6004667710014768	0.6013026542547409	0.6028153601449469	0.6062092955572307	0.6130405383569979	0.6279494450106582	0.6636383139543968
0.33906624168483346	0.6000410509903645	0.600178343034705	0.6004664307996926	0.6012950156686938	0.6028152094558001	0.6062099163441218	0.6130394838623302	0.6279417566966452	0.6636423070550581
0.24182178733332993	0.600040951100446	0.600179888577634	0.6004661885981484	0.6012955715357836	0.6028152737137581	0.6062102297561361	0.6130408408306892	0.627949442750516	0.6636331520708306
0.2148919023445841	0.6000409972183722	0.6001736900822797	0.6004667515832209	0.6012938548198089	0.602815248940444	0.6062168000185293	0.6130418935213076	0.6279431323299847	0.6636365562702311
0.8750808712467206	0.6000410401167591	0.6001780978274778	0.6004667954207114	0.6012931617740775	0.602815273928173	0.606210514451974	0.6130404236791256	0.627949460217473	0.663638018131043
0.5069092732648737	0.6000409439135748	0.600177898560273	0.6004664267442975	0.6013017040228329	0.6028153009927011	0.6062154033005904	0.6130402048307325	0.6279415719272685	0.6638000461477231
0.7692106692689775	0.6000409376363012	0.6001785169499021	0.600466764510799	0.6012941221767395	0.6028153522909155	0.6062160241656503	0.6130520791151435	0.6279429088939817	0.6636396026826582
0.907297362221851	0.6000407831008868	0.6001783703409594	0.600466767573023	0.6012952127810516	0.6028153659201899	0.6062095589500921	0.6130404589339864	0.6279495330684757	0.6638064020537336
0.6123926470167085	0.600040766432707	0.6001736564114084	0.6004661894378209	0.601301698183148	0.6028152142456382	0.6062102359909912	0.6130408333659981	0.6279498811618106	0.6636393114166111
0.035378322466859125	0.6000410519160313	0.600178343034705	0.6004661983961469	0.6012950115730545	0.6028153533341633	0.6062099237693186	0.6130394838623302	0.6279418719148888	0.6636422937658483
0.5786879352551437	0.6000410049990696	0.6001782893115101	0.6004664139074619	0.6013016883866388	0.6028153589862753	0.606216649724993	0.6130429757045103	0.6279420189005794	0.6636383945438422
0.6249601720010934	0.6000410050527462	0.6001785693833326	0.6004664202560391	0.6013015924893956	0.6028153621601114	0.6062165482927444	0.6130409551589334	0.6279495294890566	0.6637769724293137
0.5823972736561714	0.6000409668359078	0.6001789521150696	0.6004664139074619	0.6013016883866388	0.6028153164490114	0.6062166091088402	0.6130513009196548	0.627941574327247	0.6636359041195531
0.35984221423988705	0.6000398584006232	0.6001776236024174	0.6004667777005627	0.601295003578454	0.6028153603327167	0.606207026442936	0.6130519582280881	0.6279493750071613	0.663806053030314
0.5431723146430898	0.6000410057417178	0.6001782975539983	0.6004667702305749	0.6012951406444783	0.6028153537894684	0.6062097603182238	0.6130420759462423	0.627949269129728	0.6636390610105863
0.5431723146430898	0.6000410057417178	0.6001782975539983	0.6004667702305749	0.6012951406444783	0.6028153537894684	0.6062097603182238	0.6130420759462423	0.627949269129728	0.6636390610105863
0.09795551280701154	0.6000409339954511	0.6001780978274778	0.6004663090686205	0.6012932598890732	0.6028152726679152	0.6062105374038553	0.613040696960284	0.6279494282549638	0.6638095407292611
0.25157923346693545	0.6000409599531668	0.6001781981289419	0.6004667680120797	0.6013017165422031	0.6028152893446652	0.6062154215404333	0.6130515342697862	0.6279418158956759	0.6636366139734076
0.9030002584101983	0.6000407855944856	0.6001787261282686	0.6004661984438432	0.6013018828618276	0.6028153270375142	0.6062111182669231	0.6130510475749716	0.627942723173384	0.6637826286966033
0.023552406777613555	0.6000410509903645	0.600178343034705	0.600466414497484	0.601295211279735	0.6028153720921072	0.6062099237693186	0.6130395160323825	0.627941893187086	0.6636437628934017
0.6140340930280933	0.6000409520221895	0.6001783815289685	0.6004664247806188	0.6013015925071287	0.6028153550210524	0.606216693781244	0.6130413736751155	0.6279495316639929	0.6636393185119579
0.6555639805713985	0.6000407831472406	0.6001732425751403	0.6004667897568412	0.6013025249461269	0.602814349181064	0.606207406753586	0.6130416022848093	0.6279495933664903	0.663777840305083
0.7783071069609585	0.6000409373636739	0.6001778961843839	0.6004664166872176	0.6013017140239066	0.602815322254461	0.6062106770473592	0.6130430914799179	0.6279494617636612	0.6636367203758823
0.6273792046287394	0.6000409659621349	0.600178018202205	0.6004664202560391	0.6013016966693309	0.6028153621601114	0.6062113661673445	0.6130408741686357	0.6279497467053223	0.6637769724293137
0.9800381015472135	0.6000409821152599	0.6001707306315603	0.6004663614485177	0.601301399021225	0.6028153540343698	0.6062112940749493	0.6130408052015449	0.6279423549856825	0.6636204598061909
0.9470888269944722	0.6000409449088496	0.600173641979772	0.6004661895305057	0.6013016981508438	0.6028152862836342	0.6062153950774893	0.6130399048130093	0.6279498781178275	0.6638032768418833
0.7659616061249637	0.6000409513143395	0.6001791773454215	0.6004663305371982	0.6012955715357836	0.6028153625384822	0.6062113225536936	0.6130406467531887	0.6279494670568107	0.6636337632435283
0.7783071069609585	0.6000409373636739	0.6001778961843839	0.6004664166872176	0.6013017140239066	0.602815322254461	0.6062106770473592	0.6130430914799179	0.6279494617636612	0.6636367203758823
0.008214554941613439	0.6000407705876161	0.600178366547356	0.6004667695861128	0.6012950513941135	0.6028153192320909	0.6062158211431906	0.6130395263070567	0.6279419872950738	0.6636431546643184
0.3174294420760121	0.6000409139013323	0.6001793860359781	0.6004664244685907	0.6013012870928701	0.6028152798817379	0.6062103169795343	0.6130400705774071	0.6279414271342455	0.6638016316952611
0.6555639805713985	0.6000407831472406	0.6001732425751403	0.6004667897568412	0.6013025249461269	0.602814349181064	0.606207406753586	0.6130416022848093	0.6279495933664903	0.663777840305083
0.3174294420760121	0.6000409139013323	0.6001793860359781	0.6004664244685907	0.6013012870928701	0.6028152798817379	0.6062103169795343	0.6130400705774071	0.6279414271342455	0.6638016316952611
0.9800381015472135	0.6000409821152599	0.6001707306315603	0.6004663614485177	0.601301399021225	0.6028153540343698	0.6062112940749493	0.6130408052015449	0.6279423549856825	0.6636204598061909
0.9498273724488935	0.600041003663656	0.6001732911016759	0.6004664280062065	0.6013015925071287	0.6028152490146431	0.606216798532854	0.6130411337395312	0.6279495275158186	0.6636422483481307
