1.040036714190831213e-02
6.073087961785325443e-03
1.986487201066547414e-03
1.244676814398026563e-03
4.821815893984449097e-03
6.199997016922396270e-02
2.501565738210665552e-02
1.012546263838427774e-02
1.933153606341788885e-02
3.707904418798267654e-02
4.048872329883592552e-02
9.433893742098911454e-04
5.873830860901640798e-03
6.927409836144467941e-04
1.024791308862252337e-02
2.359827920816189679e-04
4.353250693622775017e-03
2.262521961226058361e-03
1.632964984280855236e-01
6.038931564298606960e-03
1.097860271151819694e-01
6.298621742578968709e-03
2.269591332093388869e-02
1.473514745591940345e-01
2.467472183028310839e-01
3.466952428434696976e-02
1.123822665029827750e-01
5.792443115463351104e-03
3.290546378038078802e-04
8.720425217719781838e-03
6.296174443781316077e-02
