-18988.0 -18915.0 
-18988.0 -18915.0 
-18550.0 -19306.0 
-18550.0 -19306.0 
-18959.0 -18986.0 
-18636.0 -19286.0 
-18574.0 -19289.0 
-18924.0 -19024.0 
-18725.0 -19254.0 
-18954.0 -19006.0 
-18736.0 -19222.0 
-18676.0 -19270.0 
-18728.0 -19224.0 
-18676.0 -19270.0 
-18636.0 -19286.0 
-18844.0 -19120.0 
-18758.0 -19206.0 
-18845.0 -19100.0 
-18824.0 -19121.0 
-18914.0 -19053.0 
-18864.0 -19099.0 
-18702.0 -19263.0 
-18800.0 -19165.0 
-18869.0 -19081.0 
-18702.0 -19263.0 
-18907.0 -19056.0 
-18924.0 -19024.0 
-18785.0 -19179.0 
-18762.0 -19188.0 
-18786.0 -19168.0 
-18816.0 -19146.0 
-18821.0 -19140.0 
-18567.0 -19297.0 
-18954.0 -19006.0 
-18769.0 -19182.0 
-18816.0 -19146.0 
-18758.0 -19206.0 
-18897.0 -19071.0 
-18881.0 -19078.0 
-18800.0 -19165.0 
-18881.0 -19078.0 
-18567.0 -19297.0 
-18899.0 -19067.0 
-18914.0 -19053.0 
-18725.0 -19254.0 
-18899.0 -19067.0 
-18762.0 -19188.0 
-18769.0 -19182.0 
-18574.0 -19289.0 
-18897.0 -19071.0 
-18821.0 -19140.0 
-18869.0 -19081.0 
-18864.0 -19099.0 
-18785.0 -19179.0 
-18786.0 -19168.0 
-18824.0 -19121.0 
-18844.0 -19120.0 
-18845.0 -19100.0 
-18676.0 -19270.0 
-18636.0 -19286.0 
-18702.0 -19263.0 
-18924.0 -19024.0 
-18954.0 -19006.0 
-18816.0 -19146.0 
-18758.0 -19206.0 
-18800.0 -19165.0 
-18881.0 -19078.0 
-18762.0 -19188.0 
-18821.0 -19140.0 
-18869.0 -19081.0 
-18864.0 -19099.0 
-18786.0 -19168.0 
-18785.0 -19179.0 
-18824.0 -19121.0 
-18845.0 -19100.0 
-18762.0 -19188.0 
-18636.0 -19286.0 
-18762.0 -19188.0 
-18786.0 -19168.0 
-18702.0 -19263.0 
-18762.0 -19188.0 
-18800.0 -19165.0 
-18864.0 -19099.0 
-18924.0 -19024.0 
-18758.0 -19206.0 
-18758.0 -19206.0 
-18881.0 -19078.0 
-18869.0 -19081.0 
-18762.0 -19188.0 
-18864.0 -19099.0 
-18702.0 -19263.0 
-18786.0 -19168.0 
-18676.0 -19270.0 
-18758.0 -19206.0 
-18762.0 -19188.0 
-18762.0 -19188.0 
-18786.0 -19168.0 
-18785.0 -19179.0 
-18786.0 -19168.0 
-18786.0 -19168.0 
