-18571.0 -19280.0 
-18571.0 -19280.0 
-19104.0 -18646.0 
-19104.0 -18646.0 
-19099.0 -18704.0 
-18765.0 -19159.0 
-18830.0 -19101.0 
-18844.0 -19067.0 
-18618.0 -19266.0 
-18985.0 -18929.0 
-19033.0 -18871.0 
-18970.0 -18973.0 
-18829.0 -19110.0 
-19049.0 -18784.0 
-18693.0 -19215.0 
-19015.0 -18880.0 
-18711.0 -19204.0 
-19072.0 -18769.0 
-19006.0 -18921.0 
-18646.0 -19240.0 
-18632.0 -19263.0 
-18791.0 -19125.0 
-18947.0 -18979.0 
-19086.0 -18733.0 
-19042.0 -18820.0 
-19079.0 -18741.0 
-18866.0 -19060.0 
-18975.0 -18959.0 
-18883.0 -19050.0 
-19099.0 -18704.0 
-18784.0 -19136.0 
-19038.0 -18839.0 
-18807.0 -19124.0 
-18945.0 -18990.0 
-18784.0 -19136.0 
-18897.0 -19026.0 
-18618.0 -19266.0 
-18712.0 -19183.0 
-18927.0 -18991.0 
-18660.0 -19237.0 
-18682.0 -19227.0 
-18866.0 -19060.0 
-18807.0 -19124.0 
-18660.0 -19237.0 
-19007.0 -18904.0 
-18975.0 -18959.0 
-18916.0 -19013.0 
-19007.0 -18904.0 
-18687.0 -19224.0 
-19060.0 -18780.0 
-18844.0 -19067.0 
-19086.0 -18733.0 
-18884.0 -19046.0 
-18906.0 -19023.0 
-18742.0 -19167.0 
-18985.0 -18929.0 
-18632.0 -19263.0 
-18646.0 -19240.0 
-18884.0 -19046.0 
-19072.0 -18769.0 
-18923.0 -18999.0 
-19015.0 -18880.0 
-18897.0 -19026.0 
-18916.0 -19013.0 
-19060.0 -18780.0 
-18753.0 -19164.0 
-18740.0 -19174.0 
-18753.0 -19164.0 
-19079.0 -18741.0 
-18923.0 -18999.0 
-18731.0 -19175.0 
-18682.0 -19227.0 
-19038.0 -18839.0 
-19033.0 -18871.0 
-18906.0 -19023.0 
-18720.0 -19180.0 
-18729.0 -19177.0 
-18720.0 -19180.0 
-19039.0 -18829.0 
-19049.0 -18784.0 
-18711.0 -19204.0 
-19042.0 -18820.0 
-19006.0 -18921.0 
-19039.0 -18829.0 
-19041.0 -18821.0 
-18947.0 -18979.0 
-18927.0 -18991.0 
-18729.0 -19177.0 
-18742.0 -19167.0 
-18712.0 -19183.0 
-18945.0 -18990.0 
-18740.0 -19174.0 
-19041.0 -18821.0 
-18784.0 -19136.0 
-18985.0 -18929.0 
-19038.0 -18839.0 
-19049.0 -18784.0 
-19042.0 -18820.0 
-18740.0 -19174.0 
-18985.0 -18929.0 
