-19032.0 -18749.0 
-18401.0 -19296.0 
-19032.0 -18749.0 
-18401.0 -19296.0 
-18596.0 -19268.0 
-18459.0 -19287.0 
-18700.0 -19204.0 
-18776.0 -19086.0 
-18827.0 -19075.0 
-18459.0 -19287.0 
-18743.0 -19147.0 
-18707.0 -19158.0 
-18769.0 -19117.0 
-18988.0 -18801.0 
-18745.0 -19118.0 
-18596.0 -19268.0 
-18924.0 -18911.0 
-18997.0 -18763.0 
-18939.0 -18871.0 
-18630.0 -19229.0 
-18839.0 -19046.0 
-18918.0 -18927.0 
-18884.0 -18951.0 
-18839.0 -19046.0 
-18965.0 -18853.0 
-18900.0 -18931.0 
-18630.0 -19229.0 
-18948.0 -18867.0 
-19004.0 -18753.0 
-18849.0 -19015.0 
-18924.0 -18911.0 
-18974.0 -18815.0 
-18849.0 -19015.0 
-18720.0 -19151.0 
-18973.0 -18831.0 
-18973.0 -18831.0 
-18850.0 -18997.0 
-18988.0 -18801.0 
-18827.0 -19075.0 
-18635.0 -19223.0 
-18965.0 -18853.0 
-18855.0 -18985.0 
-18714.0 -19155.0 
-18900.0 -18931.0 
-18997.0 -18763.0 
-18776.0 -19086.0 
-18855.0 -18985.0 
-18860.0 -18971.0 
-18939.0 -18871.0 
-18974.0 -18815.0 
-18875.0 -18960.0 
-18850.0 -18997.0 
-18860.0 -18971.0 
-18862.0 -18964.0 
-19004.0 -18753.0 
-18720.0 -19151.0 
-18875.0 -18960.0 
-18882.0 -18954.0 
-18707.0 -19158.0 
-18866.0 -18963.0 
-18635.0 -19223.0 
-18882.0 -18954.0 
-18769.0 -19117.0 
-18866.0 -18963.0 
-18943.0 -18869.0 
-18943.0 -18869.0 
-18862.0 -18964.0 
-18745.0 -19118.0 
-18459.0 -19287.0 
-18630.0 -19229.0 
-18827.0 -19075.0 
-18855.0 -18985.0 
-18720.0 -19151.0 
-18707.0 -19158.0 
-18635.0 -19223.0 
-18882.0 -18954.0 
-18769.0 -19117.0 
-18866.0 -18963.0 
-18855.0 -18985.0 
-18720.0 -19151.0 
-18827.0 -19075.0 
-18459.0 -19287.0 
-18630.0 -19229.0 
-18720.0 -19151.0 
-18720.0 -19151.0 
-18635.0 -19223.0 
-18635.0 -19223.0 
-18459.0 -19287.0 
-18630.0 -19229.0 
-18630.0 -19229.0 
-18827.0 -19075.0 
-18459.0 -19287.0 
-18720.0 -19151.0 
-18720.0 -19151.0 
-18875.0 -18960.0 
-18720.0 -19151.0 
-18660.0 -19214.0 
-18912.0 -18798.0 
-18638.0 -19206.0 
-18638.0 -19206.0 
