1.832321625358238537e-04
1.898325816638792474e-04
1.946655666409542718e-04
1.838249324288317578e-04
1.828672450301819586e-04
1.910693303637616119e-04
1.746322308977096751e-04
1.941436828602771138e-04
1.852405975168439003e-04
2.311627944826395416e-04
1.944871389513439441e-04
1.881675428564272257e-04
1.788679324986575082e-04
1.832952369259320112e-04
1.876616872407304605e-04
2.356578744234301317e-04
2.044167578174002110e-04
1.864117203957835417e-04
1.979090608611149135e-04
1.915492588595067247e-04
1.724757177855864253e-04
1.745004639780614695e-04
1.798328838443580214e-04
1.943497232407374463e-04
1.753311024666257933e-04
1.985854877373771621e-04
1.933385505886910517e-04
1.840849785078979399e-04
1.946360616814857497e-04
1.871394767805862963e-04
1.809765218902770710e-04
