0.06053232669285297	15192.448358358488
0.37908254779011913	9663.589292065473
0.5283058746317091	11190.382653588056
0.3669512956170859	11594.209444895072
0.5751834629746773	36956.67607483244
0.36774572637879954	6495.110166104341
0.4162188716852623	17863.51768557181
0.37110541896337396	4482.674821108187
0.5910977014835573	10867.990293607887
0.4488344059675992	11868.959387412588
0.5997244802863844	18647.727378059306
0.8436090590001211	17789.35385704689
0.352460801483142	20200.414114664112
0.582547433326133	13631.683357412414
0.4725117478926987	6986.799501778214
0.5292281164488	10318.381019256421
0.6543379489752496	10243.65308715984
0.7497458823244187	10137.582192813612
0.7131454233805885	11037.856207246537
0.45963860541023605	24820.391424602814
0.31301710893055923	16820.11798677079
0.14592335099217818	8610.994854542274
0.6927468334515028	23621.731386316762
0.6382230679992775	11538.456703279753
0.4508641985183764	10016.946184175938
0.8802808075139219	20772.27762298648
0.4220931869905676	13551.133232888149
0.3530602658862859	6454.873991071815
0.21968663225522322	11929.265200468331
0.49428319173297547	15736.522253164527
0.53525337682335	12204.221982747336
0.7371400500850991	20321.828366626494
0.3318250012192881	19285.71521981777
0.5050242576693407	19096.94204056831
0.581384709750336	10102.1942440347
0.25008054339844504	8260.174881555606
0.17483098642298817	12798.835573671025
0.1629476496041381	10186.035042344973
0.656266566646609	9778.930355067898
0.5920596874256296	21623.917955137924
0.3192608703808052	18173.9406111296
0.24634473752705371	13793.437702657138
0.7710942007814875	17727.00249499041
0.6433982997186558	16190.178401565658
0.2017648459807722	17025.876887902337
0.4588658807804271	26014.416747967723
0.1510251656608831	30225.523971565613
0.5327551132946964	10248.735036636403
0.36524888020401775	7178.566134326788
0.5707125231315191	9720.212587529835
0.8031057635694809	15449.481778267478
0.567090823145022	22406.301218018434
0.6030858515525851	13956.797509290172
0.4134501194920271	16870.72071392645
0.1595727374278308	10824.52488528742
0.8578411900004148	17140.43374588459
0.4058160513913691	8949.944864218976
0.4451659216619547	18877.71648432944
0.6244478341512351	12201.5684077686
0.38192595759584147	16684.722597943142
0.33151647737957807	10315.900227928109
0.3941208750181447	18457.926497872562
0.6591497915627791	8608.586488574447
0.5111623805994109	13697.594616666516
0.40438011212842445	17789.99566901914
0.39992814768512014	12809.354034860584
0.5801222550917771	16424.195153573037
0.33695438741999867	11589.564253219594
0.6358623146199123	14969.281716697556
0.6457182672484773	7265.821165233514
0.1936216318360932	18540.92953694745
0.4790492708392883	9831.196977859614
0.39889714407752935	12775.694138336543
0.513831597747456	14637.83086036903
0.15091251038160813	7222.728328212995
0.4397112674719271	13480.38169778394
0.424127977786289	14618.55420320161
0.8696825453365773	14906.280324632851
0.3135827917349371	17446.704377153204
0.5315117098020627	20551.648439982626
0.22863810313136307	29422.4800376302
0.3776976273637065	16744.428507324592
0.7030670081345894	16797.139368806875
0.5131132478808116	16854.418846818382
0.3802536739758	7216.972814707718
0.6775466276978438	12509.635829502007
0.3519301529129157	10260.064402262782
0.48933275959499384	9102.299371209092
0.5582221544400726	13024.800863296354
0.4572030559306072	23090.467205787765
0.4380068420271044	9478.78556230254
0.5729783811870635	17245.099523443118
0.8974432799206555	23201.078466476563
0.5967839655679825	5900.588732162549
0.3450063358093507	7750.38842419694
0.6096610279110452	13810.03578005792
0.7549880018129824	13990.350896811262
0.4945399112448366	19883.155798903063
0.70013898333202	10433.675773090143
0.5901170665104621	12705.530586733268
