-20023.0 -21289.0 
-20639.0 -20727.0 
-20023.0 -21289.0 
-20639.0 -20727.0 
-20619.0 -20770.0 
-20587.0 -20799.0 
-20225.0 -21179.0 
-20170.0 -21186.0 
-20489.0 -20898.0 
-20440.0 -21006.0 
-20038.0 -21269.0 
-20467.0 -20969.0 
-20363.0 -21086.0 
-20084.0 -21246.0 
-20482.0 -20936.0 
-20467.0 -20969.0 
-20169.0 -21205.0 
-20514.0 -20893.0 
-20414.0 -21024.0 
-20546.0 -20831.0 
-20050.0 -21255.0 
-20404.0 -21048.0 
-20440.0 -21006.0 
-20136.0 -21208.0 
-20325.0 -21087.0 
-20112.0 -21224.0 
-20302.0 -21131.0 
-20383.0 -21065.0 
-20482.0 -20936.0 
-20383.0 -21065.0 
-20084.0 -21246.0 
-20566.0 -20820.0 
-20310.0 -21102.0 
-20133.0 -21220.0 
-20253.0 -21151.0 
-20532.0 -20858.0 
-20528.0 -20867.0 
-20571.0 -20805.0 
-20112.0 -21224.0 
-20283.0 -21145.0 
-20414.0 -21024.0 
-20404.0 -21048.0 
-20289.0 -21132.0 
-20250.0 -21169.0 
-20546.0 -20831.0 
-20532.0 -20858.0 
-20528.0 -20867.0 
-20243.0 -21174.0 
-20050.0 -21255.0 
-20363.0 -21086.0 
-20514.0 -20893.0 
-20267.0 -21150.0 
-20324.0 -21094.0 
-20267.0 -21150.0 
-20566.0 -20820.0 
-20243.0 -21174.0 
-20489.0 -20898.0 
-20313.0 -21101.0 
-20571.0 -20805.0 
-20283.0 -21145.0 
-20313.0 -21101.0 
-20302.0 -21131.0 
-20310.0 -21102.0 
-20324.0 -21094.0 
-20170.0 -21186.0 
-20250.0 -21169.0 
-20133.0 -21220.0 
-20289.0 -21132.0 
-20136.0 -21208.0 
-20169.0 -21205.0 
-20253.0 -21151.0 
-20325.0 -21087.0 
-20023.0 -21289.0 
-20639.0 -20727.0 
-20467.0 -20969.0 
-20440.0 -21006.0 
-20482.0 -20936.0 
-20383.0 -21065.0 
-20084.0 -21246.0 
-20050.0 -21255.0 
-20112.0 -21224.0 
-20414.0 -21024.0 
-20404.0 -21048.0 
-20546.0 -20831.0 
-20532.0 -20858.0 
-20528.0 -20867.0 
-20363.0 -21086.0 
-20514.0 -20893.0 
-20267.0 -21150.0 
-20566.0 -20820.0 
-20243.0 -21174.0 
-20489.0 -20898.0 
-20571.0 -20805.0 
-20283.0 -21145.0 
-20313.0 -21101.0 
-20302.0 -21131.0 
-20310.0 -21102.0 
-20324.0 -21094.0 
-20170.0 -21186.0 
-20250.0 -21169.0 
