-18302.0 -19482.0 
-18302.0 -19482.0 
-18890.0 -19008.0 
-18890.0 -19008.0 
-18379.0 -19463.0 
-18303.0 -19464.0 
-18879.0 -19034.0 
-18413.0 -19425.0 
-18457.0 -19419.0 
-18871.0 -19068.0 
-18664.0 -19294.0 
-18832.0 -19085.0 
-18733.0 -19242.0 
-18392.0 -19429.0 
-18867.0 -19077.0 
-18576.0 -19344.0 
-18548.0 -19345.0 
-18497.0 -19390.0 
-18786.0 -19177.0 
-18778.0 -19195.0 
-18667.0 -19274.0 
-18464.0 -19410.0 
-18466.0 -19394.0 
-18521.0 -19383.0 
-18703.0 -19257.0 
-18650.0 -19308.0 
-18786.0 -19177.0 
-18795.0 -19153.0 
-18828.0 -19104.0 
-18582.0 -19330.0 
-18497.0 -19390.0 
-18819.0 -19121.0 
-18744.0 -19213.0 
-18619.0 -19315.0 
-18703.0 -19257.0 
-18527.0 -19375.0 
-18761.0 -19202.0 
-18594.0 -19325.0 
-18744.0 -19213.0 
-18795.0 -19153.0 
-18595.0 -19317.0 
-18527.0 -19375.0 
-18733.0 -19242.0 
-18736.0 -19218.0 
-18546.0 -19355.0 
-18764.0 -19198.0 
-18735.0 -19228.0 
-18396.0 -19428.0 
-18634.0 -19309.0 
-18538.0 -19362.0 
-18822.0 -19112.0 
-18538.0 -19362.0 
-18465.0 -19397.0 
-18761.0 -19202.0 
-18604.0 -19316.0 
-18800.0 -19125.0 
-18622.0 -19310.0 
-18650.0 -19308.0 
-18805.0 -19124.0 
-18699.0 -19260.0 
-18521.0 -19383.0 
-18735.0 -19228.0 
-18379.0 -19463.0 
-18392.0 -19429.0 
-18797.0 -19134.0 
-18867.0 -19077.0 
-18828.0 -19104.0 
-18832.0 -19085.0 
-18688.0 -19264.0 
-18678.0 -19273.0 
-18796.0 -19143.0 
-18634.0 -19309.0 
-18539.0 -19357.0 
-18685.0 -19271.0 
-18822.0 -19112.0 
-18582.0 -19330.0 
-18796.0 -19143.0 
-18797.0 -19134.0 
-18778.0 -19195.0 
-18604.0 -19316.0 
-18621.0 -19311.0 
-18699.0 -19260.0 
-18805.0 -19124.0 
-18678.0 -19273.0 
-18396.0 -19428.0 
-18576.0 -19344.0 
-18594.0 -19325.0 
-18687.0 -19266.0 
-18736.0 -19218.0 
-18819.0 -19121.0 
-18764.0 -19198.0 
-18466.0 -19394.0 
-18688.0 -19264.0 
-18465.0 -19397.0 
-18546.0 -19355.0 
-18685.0 -19271.0 
-18687.0 -19266.0 
-18667.0 -19274.0 
-18800.0 -19125.0 
-18539.0 -19357.0 
