1.0654478180632345 0.0 
6.599293012614474E-17 1.0777463375087672 
1.0654478180632345 0.0 
1.0556642478490312 0.17246281656012163 
0.08494756975628955 1.0728988025997157 
1.0644993792299682 0.04576887698165843 
1.0453531920206094 0.251559473096777 
0.1386648423137288 1.0710041175470737 
1.0337594138621071 0.30626879183004824 
1.0107394633599611 0.3412672316162381 
0.171137029651936 1.0548579531914046 
0.8332277484979922 0.678165273902024 
0.9687087899748342 0.4367163604740852 
1.0014630609928008 0.3909860987529638 
0.8657777546422224 0.6212918762356113 
0.8100270283173657 0.7149234571123717 
0.937158477832258 0.5153244147935091 
0.6585347388346294 0.8371387623911086 
1.0478828901733253 0.20050559528863007 
1.0273570958784113 0.32758132744162266 
0.6787923113746429 0.8203787505915536 
0.8565677701419404 0.6583711085643066 
0.5342118842143339 0.9389435827467758 
0.3385831531768282 1.023096175070368 
0.5835786936941214 0.9137080750852797 
0.2628585708168995 1.0366021082838688 
0.3287667023942794 1.0289500325534673 
0.9028656259270922 0.5878406095111672 
0.9861873024384081 0.4248252431677317 
1.0650556485615295 0.043896479931425 
0.7549274815217353 0.7556043744182352 
0.7733826308567874 0.7536517751245101 
0.2968444279648034 1.0361158008954288 
0.7190918199742987 0.7892413666293148 
0.5163096434545495 0.9441912221241514 
0.903811662004032 0.5584584326885713 
0.3699149866588744 1.0219414351691745 
0.30340364277423126 1.0346196260726275 
0.6241065587075891 0.8798844362850284 
0.8942668199137412 0.5958130683209353 
0.8482671798752828 0.6671234474076106 
0.8870836045385249 0.6109540908213346 
0.6999503633903318 0.8112226611830777 
0.9082037979881967 0.5506040012949986 
0.9231511365306143 0.5239706376608884 
0.7492264642934204 0.7751140409210281 
0.6144737185191522 0.8887623738056132 
1.0478828901733253 0.20050559528863007 
0.691600450722442 0.8169578425954567 
0.5122197293957095 0.958579260982734 
0.3924948861612922 1.0086407442057062 
0.9949707379498569 0.4054936531374034 
0.25335709625798186 1.0394655199081044 
0.7395144089402769 0.7874725633912746 
0.6299834737314851 0.8650815049621552 
0.4968732130704854 0.9603929089661856 
0.7922823848327539 0.729300409120142 
0.5616443216219446 0.9251846966950384 
0.46848221760447956 0.9785120843616235 
0.4899637241272372 0.966540431833171 
0.9218333468194118 0.5322231297092922 
0.45282425950995325 0.97891746944059 
0.7096402287228004 0.8000332847976973 
0.8033169354362857 0.721161441008552 
0.9896874197935047 0.41114378837384724 
0.40358571874527416 1.004763217391039 
0.7099623618086596 0.7995419176565504 
0.9218333468194118 0.5322231297092922 
0.6046264521437912 0.8919543604268263 
0.5958071928673604 0.9018084993100006 
0.7970460451730681 0.7232775677837198 
0.6034229525325336 0.8971881221426594 
0.5683777780544094 0.9218345680886985 
0.8870836045385249 0.6109540908213346 
0.5958071928673604 0.9018084993100006 
0.7483488185770778 0.7808423934791516 
0.4085926210837019 1.0045300150788707 
0.7444269562436872 0.7869478172300819 
0.5683777780544094 0.9218345680886985 
0.4710141397251572 0.9740136563947995 
0.6046264521437912 0.8919543604268263 
0.18781747889555642 1.0502595188057495 
0.7736390089372761 0.7321005109882639 
1.03831479422357 0.28165873967460425 
0.47424557054696287 0.967859577464267 
0.16537783286476923 1.0560604916420386 
0.6467668691365902 0.8476244858498347 
0.3244843710852879 1.0332029982692708 
1.0453531920206094 0.251559473096777 
0.16714483761814952 1.0550884208063473 
0.6320195303611629 0.8606881103644967 
0.8979689789124642 0.5899757694568551 
0.8657777546422224 0.6212918762356113 
0.6374788559378903 0.8539766009495606 
0.5437329403970209 0.927297464027058 
0.41476513859340186 0.9955251367524439 
0.37310597437979065 1.010264403065243 
0.8883693775403104 0.6041658226736273 
0.42398208412711313 0.9796726386474223 
0.9547785621380389 0.4794725778218416 
