1.1178196458664826 2.2915003513262655E-17 
6.838420377443788E-17 1.1167987998180313 
0.07328930981902826 1.1139282911939647 
1.0306111317961777 0.43472383104889484 
0.09355552772494903 1.111304648546884 
1.0136155912050002 0.47166771996261225 
1.1146338281321813 0.006716634646351627 
0.9449017248766429 0.5903092542033506 
0.5682321291406005 0.9637128451162816 
0.786355800385127 0.798611663525147 
0.14726907019920188 1.1093676819922405 
1.112784900536804 0.06554582948109625 
1.0364299576924192 0.4062139383902094 
0.31761758680406343 1.067642749409688 
1.0700751059661058 0.3144967582111763 
0.9617622387175297 0.564963264830634 
0.595006532446752 0.9469623228335434 
0.7620141441307648 0.816679889375998 
0.5512092070072561 0.9718592386791994 
1.1127222314157712 0.06845909568485292 
0.9087143033374728 0.6474363773712503 
1.1085713250537 0.11699359995592533 
0.4602752067314497 1.0133215005141583 
0.7179286336485623 0.8574970072641772 
1.0501737526246862 0.3906777111967203 
1.0651091849913041 0.3419208569323333 
0.4319244665088986 1.0283024018090592 
0.8591853052775501 0.7150909882844741 
0.8988234042407198 0.6602155345808044 
0.9375447956934203 0.6098804882525638 
0.6851921540731407 0.8850099978230733 
0.6468713216736619 0.9097539228400882 
0.7284223437240053 0.8447317635115994 
1.0748925288756865 0.28885896478975415 
0.37149314743511586 1.0511346597294582 
0.28910921261880856 1.073629710791873 
0.7424007257291021 0.8331923058348083 
0.8049937659483326 0.7762116108419902 
1.0831731661290958 0.2674264579713406 
0.2059029719309979 1.0957188568859988 
0.4867442394333372 1.0096792879470387 
0.411552286311634 1.0398833391272873 
0.443242790778803 1.0208931508691543 
1.0550679984590192 0.3718563193433447 
0.9253044056010479 0.6313421155854233 
0.9691749244097745 0.552726622864996 
1.0940074525299077 0.20162926437669493 
0.6678578427491416 0.8927331639393115 
1.1052651696894822 0.144799174148636 
0.15061986803282731 1.1042939369986675 
0.35023957626279084 1.0647472503235402 
0.6315561723609349 0.9230890109967342 
0.5306529579110963 0.9825863360298436 
0.22220842369021898 1.0929494153317192 
0.7938008500290359 0.7834618038972994 
1.0919357692917 0.22143129070760412 
0.9949441291399262 0.5124467029141181 
0.8732561627659189 0.6949085856418716 
0.2403217488222403 1.0890574730038725 
0.8181138624901695 0.7623148902767137 
1.0573915877316284 0.3546271942798586 
0.8470980655725219 0.7193072837891243 
1.0071527473974093 0.4852485572005491 
0.28080446614280435 1.0782493753738007 
0.38164842391059034 1.0485606657414406 
0.9996020785334818 0.4973740822988399 
0.1787989984417137 1.0991411815518461 
0.40322600704055545 1.0431603011952166 
0.656629064552332 0.898873972896655 
0.5107553698068698 0.9898483107499121 
0.9848527264828196 0.5232112167578994 
0.8873658557412347 0.6765000165253183 
0.7520997251433685 0.8220393558726504 
1.0892070106606242 0.24093273416991806 
1.104553277355954 0.15714725756410888 
0.3453731766076359 1.066630160591783 
0.7002261222400273 0.8702059997986457 
1.10189929945077 0.17720539934544463 
0.927109993672904 0.6227773338721596 
0.25941787839644964 1.0836672472718754 
1.0996787491647093 0.18666760830938772 
0.603579124802283 0.940588094374745 
1.1084264114788376 0.11891793676514274 
0.18346225968016616 1.0983317387205689 
0.8404755642026094 0.7361673466227444 
0.495202621887991 0.9948405341533865 
0.6994956415190784 0.8741922916529136 
1.0818140120754096 0.2779351522646024 
0.9761354471994234 0.5367760429239415 
0.8295877292808023 0.7486518983420105 
0.6218410967413318 0.9260238034667283 
0.5244464480203622 0.9862337940584328 
0.8238977375102858 0.755049079919358 
0.2563005035546452 1.0866730418552992 
0.836051577853243 0.7385737950614952 
0.48888817398997164 0.9982157953199594 
1.0897227874205868 0.2380628984703672 
0.6135025526246684 0.9339535982900153 
0.880439220024051 0.6857763949712214 
0.876188245509353 0.6915756692978696 
