-19148.0 -18726.0 
-18607.0 -19301.0 
-19148.0 -18726.0 
-18607.0 -19301.0 
-19026.0 -18961.0 
-18652.0 -19275.0 
-18698.0 -19266.0 
-18642.0 -19290.0 
-19033.0 -18916.0 
-19005.0 -18964.0 
-19080.0 -18887.0 
-18787.0 -19202.0 
-18801.0 -19184.0 
-18888.0 -19116.0 
-19125.0 -18774.0 
-19082.0 -18858.0 
-19146.0 -18741.0 
-19117.0 -18781.0 
-19056.0 -18910.0 
-18973.0 -19040.0 
-19146.0 -18741.0 
-18977.0 -19019.0 
-18990.0 -19006.0 
-19003.0 -18985.0 
-18719.0 -19239.0 
-19065.0 -18892.0 
-19091.0 -18835.0 
-18741.0 -19211.0 
-18824.0 -19168.0 
-19101.0 -18818.0 
-18738.0 -19222.0 
-18801.0 -19184.0 
-18762.0 -19208.0 
-19125.0 -18774.0 
-18892.0 -19092.0 
-18762.0 -19208.0 
-18871.0 -19121.0 
-18990.0 -19006.0 
-18710.0 -19253.0 
-18719.0 -19239.0 
-19091.0 -18835.0 
-19082.0 -18858.0 
-18864.0 -19131.0 
-18824.0 -19168.0 
-19003.0 -18985.0 
-19103.0 -18797.0 
-18710.0 -19253.0 
-18698.0 -19266.0 
-18948.0 -19047.0 
-18642.0 -19290.0 
-18835.0 -19148.0 
-18787.0 -19202.0 
-19105.0 -18789.0 
-18738.0 -19222.0 
-18936.0 -19062.0 
-18652.0 -19275.0 
-18831.0 -19160.0 
-19101.0 -18818.0 
-19039.0 -18915.0 
-18959.0 -19043.0 
-18850.0 -19134.0 
-18922.0 -19065.0 
-18844.0 -19137.0 
-18977.0 -19019.0 
-18941.0 -19057.0 
-18835.0 -19148.0 
-18959.0 -19043.0 
-19056.0 -18910.0 
-19065.0 -18892.0 
-18903.0 -19082.0 
-18913.0 -19078.0 
-18844.0 -19137.0 
-18941.0 -19057.0 
-18871.0 -19121.0 
-18831.0 -19160.0 
-18948.0 -19047.0 
-19039.0 -18915.0 
-18897.0 -19090.0 
-18916.0 -19076.0 
-19026.0 -18961.0 
-18864.0 -19131.0 
-19103.0 -18797.0 
-19105.0 -18789.0 
-18920.0 -19068.0 
-18850.0 -19134.0 
-18888.0 -19116.0 
-19033.0 -18916.0 
-18936.0 -19062.0 
-18901.0 -19084.0 
-18973.0 -19040.0 
-18920.0 -19068.0 
-18913.0 -19078.0 
-19080.0 -18887.0 
-18897.0 -19090.0 
-18916.0 -19076.0 
-18892.0 -19092.0 
-18901.0 -19084.0 
-18741.0 -19211.0 
-18903.0 -19082.0 
-18922.0 -19065.0 
