0.0 55.03198553468951 
6.962172188224226E-13 55.02874230609444 
9.512821644652555E-13 55.021855806522865 
2.1010391063100633E-14 55.03115481958321 
0.0 55.03333402500425 
6.962172188224226E-13 55.028834445916516 
9.512821644652555E-13 55.02210753882429 
9.512821644652555E-13 55.02210753882429 
9.512821644652555E-13 55.02210753882429 
9.512821644652555E-13 55.02210753882429 
9.54801827471756E-13 55.022099051155806 
3.806385668433439E-14 55.032289346767584 
2.4949655393378597E-13 55.03219058121255 
2.6004276690745645E-14 55.033243637284215 
0.0 55.03339630974256 
6.962172188224226E-13 55.02923715916978 
1.860529882466693E-13 55.03278901290662 
3.185572297472792E-13 55.0322394776947 
1.840387264479576E-13 55.033460647854724 
1.0265038716597069E-14 55.0336594062295 
1.840387264479576E-13 55.033460647854724 
0.0 55.03376674224063 
7.746888235526382E-13 55.03003128535062 
3.3015388797123686E-13 55.03231399030216 
3.185572297472792E-13 55.03231751796909 
4.568899173189717E-13 55.0322795093453 
2.1010391063100633E-14 55.033745414839416 
1.0265038716597069E-14 55.033758480825895 
2.6004276690745645E-14 55.033742786229254 
0.0 55.03380830739644 
1.5805895099888428E-12 55.03082210218827 
9.98115571147964E-13 55.031190602196205 
9.103058795916406E-11 55.030225412819334 
1.9612214854901935E-12 55.03023861274306 
3.276445517427449E-13 55.03239830950622 
2.1010391063100633E-14 55.03374857186026 
0.0 55.0340645207155 
1.9612214854901935E-12 55.03027376115409 
1.9612214854901935E-12 55.03027376115409 
1.9612214854901935E-12 55.03027376115409 
1.0224353761497952E-12 55.03244640301244 
3.2965881354145124E-13 55.03270630797266 
1.0224353761497952E-12 55.03244640301244 
2.6004276690745645E-14 55.03375190650286 
2.6004276690745645E-14 55.03375190650286 
2.1010391063100633E-14 55.03394664909172 
0.0 55.03406985120671 
4.1447481497976895E-12 55.03112743245737 
2.0267331431501444E-12 55.032105396373765 
1.4171013985696403E-11 55.03082388212107 
5.623667506693316E-13 55.032859751063256 
1.1267516715079678E-12 55.03244705935822 
3.740927074960949E-13 55.03387426882 
2.1010391063100633E-14 55.034049183582226 
0.0 55.03408661651241 
0.0 55.03408661651241 
2.0267331431501444E-12 55.032107311891025 
1.4171013985696403E-11 55.03089756308714 
5.623667506693316E-13 55.03286168221746 
2.1010391063100633E-14 55.034098684453454 
1.0265038716597069E-14 55.03474029282796 
0.0 55.03487693794693 
2.194524863242671E-12 55.03266113458602 
2.194524863242671E-12 55.03266113458602 
2.194524863242671E-12 55.03266113458602 
1.4171013985696403E-11 55.03092826086544 
5.67630047667978E-13 55.032978731799915 
1.7179588884880239E-13 55.03466462046299 
0.0 55.03492863258788 
9.103058795916406E-11 55.03097145185984 
9.103058795916406E-11 55.03097145185984 
8.307208277227495E-11 55.03179901273222 
8.768952816234967E-11 55.031275607664156 
9.062122614994558E-11 55.031054611346065 
8.599661517624399E-11 55.03168684782082 
9.062122614994558E-11 55.031054611346065 
1.6609010799070552E-11 55.03204277874033 
7.701206290492901E-13 55.0330534148419 
5.840956737591057E-13 55.03348836099724 
1.840387264479576E-13 55.03473743355613 
0.0 55.03493740637617 
9.007405276466933E-11 55.03128530247409 
8.752318197491338E-11 55.03181923274633 
8.599661517624399E-11 55.03203780672641 
8.819295496838773E-11 55.03178657043168 
9.103058795916406E-11 55.031077488132496 
1.693956290050618E-11 55.03215383761221 
9.512821644652555E-13 55.0334856890222 
9.514673686737407E-13 55.03311041414872 
9.512821644652555E-13 55.0334856890222 
6.02841456830197E-13 55.03420551681421 
6.02841456830197E-13 55.03420551681421 
5.840956737591057E-13 55.034698891816504 
0.0 55.034939346888564 
9.103058795916406E-11 55.03107908027471 
1.693956290050618E-11 55.03256228919173 
8.599661517624399E-11 55.03208166686409 
1.019286247638981E-12 55.033220149433475 
9.89800641381018E-13 55.03427251131029 
9.007494328815506E-11 55.03149434563568 
