0.22883425340229843 54.893963656675695 
0.22888380031810635 54.89388125655658 
0.22754085806577617 54.89404783318964 
0.2315886636659792 54.893291206641145 
6.357844963769159E-19 54.89431925026031 
0.2302538874461687 54.89394954151847 
0.2315886636659792 54.893407200034126 
6.357844963769159E-19 54.89432225449866 
0.24660527118787984 54.893717563414484 
6.357844963769159E-19 54.894335620743675 
6.357844963769159E-19 54.89438182883339 
6.357844963769159E-19 54.89438182883339 
6.357844963769159E-19 54.89439372367616 
6.357844963769159E-19 54.89441732986813 
6.357844963769159E-19 54.894473409488285 
6.357844963769159E-19 54.89454385872716 
6.357844963769159E-19 54.894595710973874 
0.2302538874461687 54.894738009851054 
0.08761683400538547 54.89481015496931 
6.357844963769159E-19 54.89481616979441 
6.357844963769159E-19 54.89481648434139 
0.2253916007836561 54.894829531767606 
6.357844963769159E-19 54.89487957778499 
6.357844963769159E-19 54.89488564970878 
6.357844963769159E-19 54.89488792074354 
6.357844963769159E-19 54.894888145320124 
6.357844963769159E-19 54.89489305747918 
6.357844963769159E-19 54.89489799823508 
0.0019529968119640778 54.89489546497902 
6.357844963769159E-19 54.894900932438304 
6.357844963769159E-19 54.894902013590865 
6.357844963769159E-19 54.894902583215924 
6.357844963769159E-19 54.89490372864634 
6.357844963769159E-19 54.89490778858334 
6.357844963769159E-19 54.89490855148995 
6.357844963769159E-19 54.89490855148995 
6.357844963769159E-19 54.89490855148995 
6.357844963769159E-19 54.89491143495121 
0.00892896197167294 54.89491211035811 
6.357844963769159E-19 54.89491349348987 
6.357844963769159E-19 54.89492175408736 
0.0019529968119640778 54.89491372472813 
6.357844963769159E-19 54.8949325032151 
6.357844963769159E-19 54.8949325032151 
6.357844963769159E-19 54.8949325032151 
6.9054956932965E-4 54.8949292153539 
0.0019529968119640778 54.89491595570039 
6.357844963769159E-19 54.89493329686934 
6.9054956932965E-4 54.89493154992664 
6.357844963769159E-19 54.894938528500575 
6.9054956932965E-4 54.89493428474851 
6.357844963769159E-19 54.894938554063344 
6.357844963769159E-19 54.894940928308756 
6.357844963769159E-19 54.89494321738596 
6.357844963769159E-19 54.89494321738596 
6.357844963769159E-19 54.89494376513551 
6.357844963769159E-19 54.894944933407544 
6.357844963769159E-19 54.89494785191397 
6.357844963769159E-19 54.89494814493861 
6.357844963769159E-19 54.89494831890045 
6.357844963769159E-19 54.89494923803045 
6.357844963769159E-19 54.89494924060449 
6.357844963769159E-19 54.89495164566546 
6.357844963769159E-19 54.894954286481834 
6.357844963769159E-19 54.89495740623147 
6.357844963769159E-19 54.89495740623147 
6.357844963769159E-19 54.89495740623147 
6.357844963769159E-19 54.89495979248602 
6.357844963769159E-19 54.894959857072365 
6.357844963769159E-19 54.8949643291466 
3.285908359470915E-4 54.89496575392174 
6.357844963769159E-19 54.89496589295442 
6.357844963769159E-19 54.89496665425173 
6.357844963769159E-19 54.8949684176842 
6.357844963769159E-19 54.8949684176842 
6.357844963769159E-19 54.8949684176842 
6.357844963769159E-19 54.89497179643348 
6.357844963769159E-19 54.89498072615078 
0.07736532576137212 54.89497950272922 
6.357844963769159E-19 54.89505224157489 
0.0019529968119640778 54.89504500178614 
6.357844963769159E-19 54.89505650078661 
6.357844963769159E-19 54.89505733250536 
6.357844963769159E-19 54.89505864751612 
6.357844963769159E-19 54.89505943406044 
6.357844963769159E-19 54.895073308098006 
0.07442336082981571 54.895062203681476 
6.357844963769159E-19 54.89507482608144 
6.357844963769159E-19 54.89507928306978 
0.009720318624824129 54.89508059685435 
8.809880237962558E-4 54.89508186718331 
6.357844963769159E-19 54.89508188636313 
6.357844963769159E-19 54.89509697339173 
0.07736532576137212 54.895083465260655 
0.00883974513934184 54.89508715583439 
6.357844963769159E-19 54.89509785934996 
0.07736532576137212 54.89508768050964 
6.357844963769159E-19 54.89511206616828 
1.4184992130580887E-4 54.89509848523328 
1.4184992130580887E-4 54.89509848523328 
