-18701.0 -19097.0 
-18701.0 -19097.0 
-19453.0 -18240.0 
-19298.0 -18554.0 
-19388.0 -18371.0 
-19365.0 -18409.0 
-18741.0 -19080.0 
-19338.0 -18511.0 
-18960.0 -18957.0 
-18906.0 -18994.0 
-18800.0 -19040.0 
-19263.0 -18632.0 
-19221.0 -18697.0 
-19363.0 -18439.0 
-18858.0 -19007.0 
-19279.0 -18594.0 
-19224.0 -18659.0 
-19029.0 -18886.0 
-19279.0 -18594.0 
-19342.0 -18443.0 
-18827.0 -19039.0 
-18986.0 -18918.0 
-19411.0 -18295.0 
-19068.0 -18879.0 
-18969.0 -18924.0 
-19416.0 -18259.0 
-18774.0 -19041.0 
-19338.0 -18511.0 
-19391.0 -18330.0 
-18844.0 -19012.0 
-19243.0 -18639.0 
-18944.0 -18970.0 
-19426.0 -18248.0 
-19148.0 -18757.0 
-18918.0 -18984.0 
-19340.0 -18477.0 
-19340.0 -18477.0 
-19080.0 -18869.0 
-19097.0 -18821.0 
-18944.0 -18970.0 
-19007.0 -18911.0 
-19394.0 -18318.0 
-19122.0 -18789.0 
-19201.0 -18707.0 
-19182.0 -18736.0 
-18750.0 -19062.0 
-19170.0 -18746.0 
-18858.0 -19007.0 
-19411.0 -18295.0 
-19243.0 -18639.0 
-18760.0 -19058.0 
-19153.0 -18748.0 
-18918.0 -18984.0 
-18906.0 -18994.0 
-19394.0 -18318.0 
-19115.0 -18807.0 
-19141.0 -18775.0 
-19263.0 -18632.0 
-18844.0 -19012.0 
-19012.0 -18903.0 
-19224.0 -18659.0 
-19019.0 -18901.0 
-19187.0 -18720.0 
-19080.0 -18869.0 
-19091.0 -18848.0 
-19092.0 -18842.0 
-19108.0 -18816.0 
-19068.0 -18879.0 
-18827.0 -19039.0 
-18760.0 -19058.0 
-19426.0 -18248.0 
-19201.0 -18707.0 
-19091.0 -18848.0 
-19029.0 -18886.0 
-19134.0 -18779.0 
-19133.0 -18784.0 
-19115.0 -18807.0 
-18774.0 -19041.0 
-19416.0 -18259.0 
-18969.0 -18924.0 
-19182.0 -18736.0 
-19170.0 -18746.0 
-19391.0 -18330.0 
-19193.0 -18714.0 
-18750.0 -19062.0 
-19193.0 -18714.0 
-19221.0 -18697.0 
-19019.0 -18901.0 
-19108.0 -18816.0 
-19122.0 -18789.0 
-19007.0 -18911.0 
-19141.0 -18775.0 
-19092.0 -18842.0 
-19187.0 -18720.0 
-19097.0 -18821.0 
-19153.0 -18748.0 
-19342.0 -18443.0 
-19133.0 -18784.0 
-19416.0 -18259.0 
-19182.0 -18736.0 
