-18268.0 -19427.0 
-19366.0 -18342.0 
-19366.0 -18342.0 
-18268.0 -19427.0 
-18522.0 -19339.0 
-18335.0 -19379.0 
-19345.0 -18450.0 
-18442.0 -19351.0 
-18406.0 -19378.0 
-18690.0 -19266.0 
-18898.0 -19124.0 
-19359.0 -18373.0 
-18969.0 -19055.0 
-19286.0 -18589.0 
-18726.0 -19234.0 
-18527.0 -19314.0 
-18575.0 -19284.0 
-18924.0 -19058.0 
-18970.0 -19021.0 
-18335.0 -19379.0 
-18629.0 -19270.0 
-18848.0 -19137.0 
-18903.0 -19083.0 
-18774.0 -19176.0 
-19287.0 -18538.0 
-19214.0 -18703.0 
-19335.0 -18456.0 
-18575.0 -19284.0 
-19189.0 -18724.0 
-19122.0 -18854.0 
-19128.0 -18826.0 
-19093.0 -18868.0 
-18732.0 -19195.0 
-19092.0 -18894.0 
-19259.0 -18613.0 
-19314.0 -18504.0 
-19183.0 -18756.0 
-19156.0 -18797.0 
-18442.0 -19351.0 
-19050.0 -18935.0 
-19359.0 -18373.0 
-19253.0 -18638.0 
-18616.0 -19274.0 
-19301.0 -18529.0 
-19218.0 -18667.0 
-18803.0 -19155.0 
-18848.0 -19137.0 
-19165.0 -18775.0 
-18690.0 -19266.0 
-19072.0 -18899.0 
-18726.0 -19234.0 
-19156.0 -18797.0 
-19002.0 -19006.0 
-18406.0 -19378.0 
-18527.0 -19314.0 
-19128.0 -18826.0 
-19041.0 -18950.0 
-19016.0 -18989.0 
-19056.0 -18919.0 
-19224.0 -18656.0 
-18787.0 -19159.0 
-18820.0 -19150.0 
-18753.0 -19187.0 
-18903.0 -19083.0 
-19259.0 -18613.0 
-19022.0 -18968.0 
-18820.0 -19150.0 
-18733.0 -19188.0 
-19165.0 -18775.0 
-19314.0 -18504.0 
-19189.0 -18724.0 
-19031.0 -18960.0 
-19233.0 -18649.0 
-19335.0 -18456.0 
-19286.0 -18589.0 
-19214.0 -18703.0 
-19183.0 -18756.0 
-19071.0 -18912.0 
-18992.0 -19009.0 
-18924.0 -19058.0 
-18616.0 -19274.0 
-19288.0 -18530.0 
-18992.0 -19009.0 
-19062.0 -18914.0 
-18753.0 -19187.0 
-19312.0 -18511.0 
-19122.0 -18854.0 
-19233.0 -18649.0 
-19036.0 -18955.0 
-18898.0 -19124.0 
-19312.0 -18511.0 
-19253.0 -18638.0 
-18629.0 -19270.0 
-18787.0 -19159.0 
-19014.0 -18993.0 
-19093.0 -18868.0 
-19014.0 -18993.0 
-19218.0 -18667.0 
-19022.0 -18968.0 
-19022.0 -18968.0 
