-18627.0 -19351.0 
-18627.0 -19351.0 
-19400.0 -18434.0 
-19400.0 -18434.0 
-19376.0 -18566.0 
-19352.0 -18626.0 
-18682.0 -19348.0 
-19164.0 -18934.0 
-19361.0 -18568.0 
-19019.0 -19115.0 
-19122.0 -18981.0 
-18718.0 -19320.0 
-18865.0 -19253.0 
-18831.0 -19274.0 
-18762.0 -19316.0 
-19069.0 -19055.0 
-19050.0 -19067.0 
-18975.0 -19155.0 
-19206.0 -18868.0 
-19147.0 -18950.0 
-18924.0 -19200.0 
-19025.0 -19087.0 
-18706.0 -19328.0 
-19262.0 -18760.0 
-19147.0 -18950.0 
-19172.0 -18905.0 
-19320.0 -18677.0 
-18951.0 -19171.0 
-18879.0 -19234.0 
-19186.0 -18895.0 
-19095.0 -19007.0 
-19285.0 -18749.0 
-19301.0 -18730.0 
-18987.0 -19128.0 
-18816.0 -19291.0 
-19325.0 -18667.0 
-18831.0 -19274.0 
-19246.0 -18812.0 
-19246.0 -18812.0 
-19206.0 -18868.0 
-18865.0 -19253.0 
-18684.0 -19329.0 
-19227.0 -18854.0 
-18942.0 -19193.0 
-19291.0 -18738.0 
-19230.0 -18843.0 
-19104.0 -18988.0 
-19186.0 -18895.0 
-18979.0 -19131.0 
-18943.0 -19187.0 
-18774.0 -19312.0 
-18885.0 -19218.0 
-19079.0 -19011.0 
-19043.0 -19077.0 
-19230.0 -18843.0 
-19101.0 -18994.0 
-18797.0 -19298.0 
-19376.0 -18566.0 
-19120.0 -18982.0 
-19257.0 -18782.0 
-19311.0 -18695.0 
-18780.0 -19305.0 
-18797.0 -19298.0 
-19342.0 -18637.0 
-19332.0 -18652.0 
-19311.0 -18695.0 
-19304.0 -18712.0 
-19071.0 -19037.0 
-18951.0 -19171.0 
-19252.0 -18793.0 
-18816.0 -19291.0 
-19332.0 -18652.0 
-18881.0 -19228.0 
-19342.0 -18637.0 
-18909.0 -19204.0 
-18987.0 -19128.0 
-18683.0 -19338.0 
-18893.0 -19210.0 
-18975.0 -19155.0 
-18909.0 -19204.0 
-19304.0 -18712.0 
-19071.0 -19037.0 
-19019.0 -19115.0 
-19363.0 -18567.0 
-19172.0 -18905.0 
-19078.0 -19019.0 
-19043.0 -19077.0 
-18762.0 -19316.0 
-18718.0 -19320.0 
-19287.0 -18748.0 
-19252.0 -18793.0 
-18895.0 -19209.0 
-19227.0 -18854.0 
-19025.0 -19087.0 
-19257.0 -18782.0 
-19262.0 -18760.0 
-19078.0 -19019.0 
-18780.0 -19305.0 
-18979.0 -19131.0 
-18895.0 -19209.0 
