-18629.0 -19330.0 
-18629.0 -19330.0 
-19474.0 -18347.0 
-19474.0 -18347.0 
-19198.0 -18816.0 
-18773.0 -19260.0 
-19438.0 -18422.0 
-18737.0 -19302.0 
-19240.0 -18780.0 
-19289.0 -18673.0 
-19094.0 -18956.0 
-18998.0 -19050.0 
-19096.0 -18923.0 
-18737.0 -19302.0 
-19414.0 -18431.0 
-18778.0 -19246.0 
-19003.0 -19032.0 
-18688.0 -19323.0 
-19178.0 -18821.0 
-19028.0 -19024.0 
-18946.0 -19102.0 
-19438.0 -18422.0 
-19408.0 -18465.0 
-19073.0 -18970.0 
-19302.0 -18627.0 
-19253.0 -18701.0 
-19147.0 -18874.0 
-18669.0 -19324.0 
-19260.0 -18678.0 
-18855.0 -19179.0 
-18804.0 -19235.0 
-19171.0 -18842.0 
-19240.0 -18780.0 
-19304.0 -18612.0 
-18688.0 -19323.0 
-18972.0 -19087.0 
-19356.0 -18538.0 
-19320.0 -18594.0 
-19355.0 -18569.0 
-18934.0 -19120.0 
-19351.0 -18572.0 
-19126.0 -18878.0 
-18982.0 -19076.0 
-18905.0 -19155.0 
-19247.0 -18747.0 
-19164.0 -18849.0 
-19041.0 -18991.0 
-18915.0 -19135.0 
-18823.0 -19220.0 
-19103.0 -18899.0 
-19067.0 -18973.0 
-18804.0 -19235.0 
-18823.0 -19220.0 
-18838.0 -19208.0 
-18875.0 -19175.0 
-19247.0 -18747.0 
-18941.0 -19103.0 
-19037.0 -18997.0 
-19394.0 -18483.0 
-19383.0 -18498.0 
-19257.0 -18683.0 
-19383.0 -18498.0 
-19394.0 -18483.0 
-19302.0 -18627.0 
-18982.0 -19076.0 
-19369.0 -18516.0 
-19118.0 -18879.0 
-18890.0 -19166.0 
-19366.0 -18529.0 
-18669.0 -19324.0 
-18850.0 -19193.0 
-19320.0 -18594.0 
-19250.0 -18723.0 
-19351.0 -18572.0 
-18972.0 -19087.0 
-18890.0 -19166.0 
-18838.0 -19208.0 
-19150.0 -18854.0 
-19250.0 -18723.0 
-18915.0 -19135.0 
-19408.0 -18465.0 
-19067.0 -18973.0 
-19148.0 -18856.0 
-18934.0 -19120.0 
-19041.0 -18991.0 
-19369.0 -18516.0 
-18875.0 -19175.0 
-18850.0 -19193.0 
-19362.0 -18536.0 
-19289.0 -18673.0 
-19315.0 -18598.0 
-19111.0 -18889.0 
-19028.0 -19024.0 
-19111.0 -18889.0 
-19103.0 -18899.0 
-18906.0 -19148.0 
-19315.0 -18598.0 
-19037.0 -18997.0 
-19414.0 -18431.0 
-18906.0 -19148.0 
