0.9804486277241308	168265.12175981276
0.6314607135753763	135270.85223780005
0.17809032746664433	140462.18550193205
0.25831263571788976	139535.74511986284
0.6852526293752614	146000.15601745457
0.08937022527890437	149598.24472106757
0.1902716494812121	159542.9288279688
0.45377247027112877	133159.6937487607
0.7005390287838447	168842.6224171569
0.9547011163082063	191130.5499334069
0.9823088572512617	158894.5294168922
0.6810015466151518	130725.36811905402
0.5116982212136644	156407.6958969949
0.4378625426710513	145891.55671530007
0.2859692560023377	190545.7703670555
0.21413270159359876	160590.26611290034
0.30459877799969437	176580.56139479237
0.5070833966061488	157971.60098634902
0.11028214176514328	150229.62303796693
0.7150799872057523	166208.42705176744
0.8142421123155916	193121.21593822908
0.24453379492012184	141864.8707673365
0.6199626508390871	215334.74563648482
0.16005787675886818	177057.58552019307
0.9653531117208494	167819.81801350645
0.8476238985437106	147795.64727841213
0.766467195491333	179892.21656461255
0.4622080129397339	150441.33763360357
0.07961515154300847	188402.4239958177
0.9311266042313814	189878.35207484107
0.6670171124379752	137450.24997534705
0.30810944479918057	175641.09548846234
0.6462656599727296	152522.20542299765
0.5871581434190454	153802.58696778608
0.13207015256604038	157749.03985486596
0.01333038853098134	197708.18357949294
0.849366445296871	136929.15575439626
0.5732758357214268	151552.44387186907
0.11929493844155736	155749.8173067521
0.4412920005087291	174784.12571631026
0.36630610990230295	178360.99182188866
0.5202988649483545	166957.73181124977
0.622015974438525	147385.98041511409
0.41745842167645775	158658.25805757035
0.4419482753965318	169120.81639740357
0.0703649367749608	167117.0012677421
0.3314300366150825	151493.31646705326
0.7957426636344227	168834.0443861067
0.6486050547025718	118260.85926450674
0.04417211772515772	136122.17585065018
0.7983948906343968	167904.73890022418
0.11048435848594307	174189.34716191073
0.09708605842425244	187847.5844104992
0.2841774222586567	167572.82631023857
0.22025409928660067	145452.11313336645
0.2384546998938376	166553.46532862398
0.037312984599932486	158605.55448608898
0.439054659036201	164485.69839729992
0.13667010408672953	176881.30080321763
0.9304705164526584	151652.7211523838
0.6378556531003371	133669.84434412807
0.16656179422765915	170908.6085634367
0.147728005030905	221960.2446114998
0.77359934829966	165511.05877580078
0.3691081302162539	174404.7330058396
0.8995304668875096	125546.84743772718
0.44536596618525737	149503.8279991434
0.8987866960277358	144664.38642493865
0.36582459243545384	161051.67197489063
0.5193670417035056	129581.21139373991
0.5339384048395469	125585.09432890789
0.5019066796259198	156429.20841316352
0.22099170838824056	150542.06850533787
0.9172640752844637	164896.3158518022
0.7081076350109298	144902.27676187488
0.21269519975472784	156884.2159300178
0.24550772899057616	165553.82970455225
0.8215168823931273	164732.4930195785
0.4245300093396329	151679.02897780284
0.7621780876773643	153358.03357828167
0.17958217648007957	177409.2246670398
0.3538583601885178	159847.43766576124
0.591556419143304	187159.3458893893
0.5583350529869758	160765.0734876209
0.3622688358215913	176512.92158629218
0.992823885173566	157477.69535198293
0.29372845259149516	173940.89934449873
0.3042464452503041	95265.9921861797
0.8529343678507535	165945.71391185216
0.8478642497371606	154015.15198207644
0.3569062684039461	161572.07102678152
0.021434110577339793	156467.94493392998
0.6453581892912998	190057.19921032328
0.3171188769281319	152125.71647618734
0.9751267368930848	170874.85190135313
0.39945612487779114	195884.37087244398
0.5792078166524617	138161.84536831584
0.03727107825516229	117344.22552575334
0.9352397128004337	195667.80965108768
0.18932215198563096	171722.84378026827
