-19062.0 -18798.0 
-18510.0 -19324.0 
-18510.0 -19324.0 
-19062.0 -18798.0 
-18866.0 -19111.0 
-18585.0 -19302.0 
-18813.0 -19118.0 
-18645.0 -19228.0 
-18642.0 -19278.0 
-18999.0 -18847.0 
-18973.0 -18884.0 
-18961.0 -18887.0 
-18585.0 -19302.0 
-18999.0 -18847.0 
-18881.0 -19064.0 
-18960.0 -18932.0 
-18881.0 -19064.0 
-18615.0 -19280.0 
-18738.0 -19175.0 
-18727.0 -19193.0 
-18785.0 -19152.0 
-18956.0 -18945.0 
-18998.0 -18861.0 
-18688.0 -19218.0 
-18813.0 -19118.0 
-18785.0 -19152.0 
-18698.0 -19195.0 
-18615.0 -19280.0 
-18956.0 -18945.0 
-18929.0 -18970.0 
-18691.0 -19198.0 
-18929.0 -18970.0 
-18666.0 -19225.0 
-18998.0 -18861.0 
-18757.0 -19164.0 
-18753.0 -19172.0 
-18670.0 -19220.0 
-18866.0 -19111.0 
-18779.0 -19157.0 
-18928.0 -18971.0 
-18773.0 -19159.0 
-18928.0 -18971.0 
-18960.0 -18932.0 
-18727.0 -19193.0 
-18773.0 -19159.0 
-18757.0 -19164.0 
-18698.0 -19195.0 
-18666.0 -19225.0 
-18753.0 -19172.0 
-18691.0 -19198.0 
-18670.0 -19220.0 
-18642.0 -19278.0 
-18688.0 -19218.0 
-18510.0 -19324.0 
-19062.0 -18798.0 
-18585.0 -19302.0 
-18999.0 -18847.0 
-18881.0 -19064.0 
-18785.0 -19152.0 
-18615.0 -19280.0 
-18956.0 -18945.0 
-18929.0 -18970.0 
-18998.0 -18861.0 
-18866.0 -19111.0 
-18928.0 -18971.0 
-18757.0 -19164.0 
-18691.0 -19198.0 
-18670.0 -19220.0 
-18688.0 -19218.0 
-18670.0 -19220.0 
-18670.0 -19220.0 
-18956.0 -18945.0 
-18866.0 -19111.0 
-18998.0 -18861.0 
-18757.0 -19164.0 
-18929.0 -18970.0 
-18929.0 -18970.0 
-18757.0 -19164.0 
-18881.0 -19064.0 
-18929.0 -18970.0 
-18757.0 -19164.0 
-18757.0 -19164.0 
-18929.0 -18970.0 
-18785.0 -19152.0 
-18998.0 -18861.0 
-18929.0 -18970.0 
-18998.0 -18861.0 
-18998.0 -18861.0 
-18929.0 -18970.0 
-18929.0 -18970.0 
-18688.0 -19218.0 
-18881.0 -19064.0 
-18956.0 -18945.0 
-18956.0 -18945.0 
-18670.0 -19220.0 
-18753.0 -19172.0 
-18929.0 -18970.0 
-18757.0 -19164.0 
-18881.0 -19064.0 
-18918.0 -19033.0 
