-19120.0 -18435.0 
-18275.0 -19259.0 
-19120.0 -18435.0 
-19028.0 -18754.0 
-19103.0 -18484.0 
-19099.0 -18573.0 
-18955.0 -18787.0 
-18800.0 -18983.0 
-19043.0 -18663.0 
-18326.0 -19218.0 
-18592.0 -19145.0 
-18952.0 -18839.0 
-18452.0 -19197.0 
-18378.0 -19209.0 
-19062.0 -18607.0 
-18675.0 -19091.0 
-18639.0 -19119.0 
-18880.0 -18899.0 
-18824.0 -18970.0 
-18649.0 -19097.0 
-18701.0 -19069.0 
-18378.0 -19209.0 
-18773.0 -19031.0 
-18326.0 -19218.0 
-18773.0 -19031.0 
-18493.0 -19174.0 
-18914.0 -18862.0 
-18531.0 -19164.0 
-19028.0 -18754.0 
-18894.0 -18874.0 
-18859.0 -18923.0 
-18743.0 -19059.0 
-18914.0 -18862.0 
-18859.0 -18923.0 
-18545.0 -19152.0 
-18461.0 -19187.0 
-18493.0 -19174.0 
-18759.0 -19056.0 
-19055.0 -18609.0 
-19050.0 -18642.0 
-19099.0 -18573.0 
-18955.0 -18787.0 
-18639.0 -19119.0 
-19043.0 -18663.0 
-18701.0 -19069.0 
-18576.0 -19148.0 
-18882.0 -18878.0 
-18838.0 -18945.0 
-18952.0 -18839.0 
-19050.0 -18642.0 
-18743.0 -19059.0 
-18838.0 -18945.0 
-18531.0 -19164.0 
-18461.0 -19187.0 
-18452.0 -19197.0 
-18836.0 -18953.0 
-18576.0 -19148.0 
-18836.0 -18953.0 
-18545.0 -19152.0 
-18759.0 -19056.0 
-19055.0 -18609.0 
-18882.0 -18878.0 
-18326.0 -19218.0 
-19028.0 -18754.0 
-18859.0 -18923.0 
-18493.0 -19174.0 
-18955.0 -18787.0 
-18701.0 -19069.0 
-19050.0 -18642.0 
-18461.0 -19187.0 
-18452.0 -19197.0 
-18576.0 -19148.0 
-18545.0 -19152.0 
-18759.0 -19056.0 
-19055.0 -18609.0 
-18882.0 -18878.0 
-18493.0 -19174.0 
-18326.0 -19218.0 
-19028.0 -18754.0 
-18452.0 -19197.0 
-18461.0 -19187.0 
-18759.0 -19056.0 
-18326.0 -19218.0 
-18545.0 -19152.0 
-18701.0 -19069.0 
-18701.0 -19069.0 
-18759.0 -19056.0 
-18859.0 -18923.0 
-18759.0 -19056.0 
-18859.0 -18923.0 
-19028.0 -18754.0 
-19050.0 -18642.0 
-18701.0 -19069.0 
-18701.0 -19069.0 
-18545.0 -19152.0 
-18545.0 -19152.0 
-18461.0 -19187.0 
-18326.0 -19218.0 
-18701.0 -19069.0 
-18326.0 -19218.0 
