-18501.0 -19276.0 
-19317.0 -18381.0 
-18501.0 -19276.0 
-18588.0 -19243.0 
-19271.0 -18448.0 
-18629.0 -19195.0 
-19174.0 -18653.0 
-18945.0 -18992.0 
-18854.0 -19072.0 
-19275.0 -18405.0 
-19237.0 -18519.0 
-19237.0 -18519.0 
-18673.0 -19193.0 
-19179.0 -18617.0 
-19214.0 -18609.0 
-18596.0 -19211.0 
-18802.0 -19084.0 
-18895.0 -18995.0 
-19157.0 -18694.0 
-19104.0 -18769.0 
-18687.0 -19162.0 
-18951.0 -18953.0 
-18964.0 -18940.0 
-19082.0 -18785.0 
-19124.0 -18736.0 
-19232.0 -18560.0 
-18739.0 -19129.0 
-18682.0 -19178.0 
-19124.0 -18736.0 
-18797.0 -19105.0 
-19225.0 -18573.0 
-19274.0 -18445.0 
-19140.0 -18712.0 
-18588.0 -19243.0 
-18722.0 -19145.0 
-19037.0 -18852.0 
-19104.0 -18769.0 
-19077.0 -18812.0 
-19157.0 -18694.0 
-19140.0 -18712.0 
-19052.0 -18846.0 
-18727.0 -19144.0 
-19068.0 -18827.0 
-18863.0 -19031.0 
-18858.0 -19059.0 
-19068.0 -18827.0 
-19025.0 -18855.0 
-18778.0 -19114.0 
-18887.0 -19015.0 
-18749.0 -19120.0 
-19275.0 -18405.0 
-19225.0 -18573.0 
-18596.0 -19211.0 
-19011.0 -18909.0 
-19018.0 -18879.0 
-18778.0 -19114.0 
-19052.0 -18846.0 
-18870.0 -19024.0 
-18722.0 -19145.0 
-18687.0 -19162.0 
-18997.0 -18918.0 
-19082.0 -18785.0 
-18764.0 -19119.0 
-19013.0 -18892.0 
-19077.0 -18812.0 
-19021.0 -18864.0 
-19214.0 -18609.0 
-18951.0 -18953.0 
-18982.0 -18926.0 
-18891.0 -19008.0 
-19232.0 -18560.0 
-18858.0 -19059.0 
-18893.0 -19003.0 
-18977.0 -18929.0 
-18977.0 -18929.0 
-18764.0 -19119.0 
-18997.0 -18918.0 
-18867.0 -19028.0 
-18801.0 -19094.0 
-19004.0 -18912.0 
-18982.0 -18926.0 
-19179.0 -18617.0 
-18887.0 -19015.0 
-19022.0 -18863.0 
-18802.0 -19084.0 
-18870.0 -19024.0 
-18801.0 -19094.0 
-18749.0 -19120.0 
-19004.0 -18912.0 
-19013.0 -18892.0 
-18945.0 -18992.0 
-19017.0 -18884.0 
-19017.0 -18884.0 
-18863.0 -19031.0 
-19011.0 -18909.0 
-18895.0 -18995.0 
-19274.0 -18445.0 
-18501.0 -19276.0 
-19140.0 -18712.0 
-18945.0 -18992.0 
