-18333.0 -19319.0 
-19023.0 -18625.0 
-18333.0 -19319.0 
-19023.0 -18625.0 
-18837.0 -19037.0 
-18528.0 -19265.0 
-18954.0 -18879.0 
-19012.0 -18710.0 
-18439.0 -19270.0 
-18963.0 -18797.0 
-18910.0 -18936.0 
-18646.0 -19210.0 
-18984.0 -18718.0 
-18387.0 -19288.0 
-19018.0 -18634.0 
-18838.0 -18971.0 
-18918.0 -18896.0 
-18976.0 -18773.0 
-18438.0 -19286.0 
-18589.0 -19211.0 
-18732.0 -19125.0 
-18387.0 -19288.0 
-18806.0 -19070.0 
-18777.0 -19109.0 
-18872.0 -18937.0 
-18704.0 -19163.0 
-18710.0 -19143.0 
-18787.0 -19081.0 
-18806.0 -19070.0 
-18543.0 -19235.0 
-18659.0 -19172.0 
-18570.0 -19229.0 
-18963.0 -18797.0 
-18656.0 -19194.0 
-18976.0 -18773.0 
-18727.0 -19139.0 
-18677.0 -19169.0 
-18954.0 -18879.0 
-18918.0 -18896.0 
-18778.0 -19105.0 
-18677.0 -19169.0 
-18853.0 -18964.0 
-18732.0 -19125.0 
-18528.0 -19265.0 
-18852.0 -18970.0 
-18574.0 -19219.0 
-18787.0 -19081.0 
-18656.0 -19194.0 
-18554.0 -19233.0 
-18543.0 -19235.0 
-18584.0 -19218.0 
-18777.0 -19109.0 
-18984.0 -18718.0 
-18554.0 -19233.0 
-19018.0 -18634.0 
-18860.0 -18954.0 
-18778.0 -19105.0 
-18704.0 -19163.0 
-18872.0 -18937.0 
-18862.0 -18946.0 
-18860.0 -18954.0 
-18862.0 -18946.0 
-18727.0 -19139.0 
-18861.0 -18947.0 
-18584.0 -19218.0 
-18589.0 -19211.0 
-18659.0 -19172.0 
-18439.0 -19270.0 
-18574.0 -19219.0 
-18438.0 -19286.0 
-18852.0 -18970.0 
-18861.0 -18947.0 
-18838.0 -18971.0 
-19023.0 -18625.0 
-18954.0 -18879.0 
-18918.0 -18896.0 
-18677.0 -19169.0 
-18732.0 -19125.0 
-18528.0 -19265.0 
-18787.0 -19081.0 
-18656.0 -19194.0 
-18543.0 -19235.0 
-18777.0 -19109.0 
-18778.0 -19105.0 
-18704.0 -19163.0 
-18860.0 -18954.0 
-18727.0 -19139.0 
-18439.0 -19270.0 
-18778.0 -19105.0 
-18528.0 -19265.0 
-18677.0 -19169.0 
-18543.0 -19235.0 
-18677.0 -19169.0 
-18787.0 -19081.0 
-18704.0 -19163.0 
-18543.0 -19235.0 
-18656.0 -19194.0 
-19023.0 -18625.0 
-18778.0 -19105.0 
-18778.0 -19105.0 
