6.439638856368425 59.886067512997336 
21.268045451745095 26.539764275057873 
0.8256838083811381 31.298443056396238 
45.410209904232616 9.103754560297038 
31.40177339386756 45.973747107906625 
14.90045307299013 27.97569116319477 
19.708298585618994 19.402641172697784 
52.80986495377979 39.47545618137153 
20.42028066338601 20.840417569111526 
41.298876454718425 13.465996262832672 
19.737962292795473 16.564452306006444 
21.182571359884047 35.76933722958253 
49.967994620791266 35.65819304703928 
53.207163959539855 7.003622513658776 
36.440553854408755 18.22342277863914 
11.300649083687338 32.188286227909515 
46.86997633511522 21.327788880421526 
17.579450711393243 16.100527218380577 
47.16882108216494 12.445834143886263 
36.04859889351514 10.447570746844992 
39.49197893482993 4.006775710929212 
25.562276112497308 43.99358455045628 
25.757218569449783 33.49068063126161 
3.338636193557512 20.79043378349228 
12.971798293558818 18.891145111565013 
2.6941028932958266 33.33740018522865 
33.857731602482346 31.780220732127127 
38.44966835896874 15.854529215209942 
38.51312254229025 26.594416656673125 
37.262457052898654 5.204133667216123 
42.01032828944962 15.011132619025894 
19.989393492141968 32.2718080797682 
35.05652268823672 13.740921370414686 
6.2428590647803 44.44957290063957 
20.551321242930378 39.33196285600316 
10.294826337602236 57.10954062514914 
51.84277542442304 4.171114429612144 
2.7053868549763 40.06369424910638 
27.114602138993586 16.344831874104763 
12.105293259194045 15.654552687190252 
30.49379424414042 3.6156084505335033 
39.48573250991816 12.120806815934134 
40.09823554498904 8.524817213898398 
9.386141486658722 59.581608104480296 
39.824130381722334 25.292950076868078 
22.569575035510752 22.44292302268647 
30.137586199939907 16.623140564232614 
11.968136456622249 31.45521473067439 
41.116974434081754 14.079490915773347 
26.141208493188252 32.692743755083335 
39.241521191000274 17.490722153882086 
25.544583712900096 13.554703598913516 
30.103653016814526 20.081537348723035 
44.27784344602764 14.224618936201617 
27.954120361628657 37.665934990211085 
16.843000215427573 46.18165580213472 
52.264381182549236 31.837366647890438 
28.71028030495387 36.12459061883028 
29.78121169317982 0.7003150866466851 
22.461546005264598 21.300623380171736 
45.936823236817155 18.598562758220265 
33.13790253796415 25.582889183551227 
4.3290202565856815 28.06261537145263 
40.12539607866826 10.658485216396357 
38.56467313099662 5.30974179081147 
15.44009398904852 36.182483816736216 
32.154313160961586 30.611927108887063 
36.53323337885885 33.96736443608326 
25.69721448295005 6.3178961878132744 
7.546961017964896 49.70133446171474 
49.69395046883165 22.57092087626662 
20.376294386557976 18.811400929175008 
8.906541076232731 21.776351487789327 
23.227040380660544 15.541662421111656 
45.663116943981066 13.007156205547806 
5.889290862251148 41.72387011461006 
32.70966476027026 17.282209444619795 
28.71685156346098 8.6604992629604 
29.34964967329807 21.24556051780998 
27.537043329543724 41.32811047357067 
30.847279238047477 32.67369137632185 
16.502266293166443 43.54897111212186 
27.932112991389044 17.617083869838716 
2.1786947538483115 26.023098561829823 
52.85219465128498 16.517572532451954 
21.452939573903397 23.07193052401778 
11.02078739453103 16.60461171456008 
39.381357139018995 18.41911874160084 
5.824753380505909 57.73344661039412 
49.61088287779071 14.811830827306618 
41.944909038015396 40.27246429754318 
42.743375581534146 15.610763999031354 
51.72400380966092 0.8550203902875114 
36.75977159350826 12.25159861408103 
2.933407150990773 30.350209199823357 
28.863756579398764 22.79854792979797 
54.08030503417907 37.57885762398732 
39.97117101207053 9.46588858858862 
29.58360476694195 21.217272026781025 
33.81998143193714 22.046456605262357 
