10.46271244857286 38.00828299733866 
0.6839884198460038 59.17943483338808 
66.62947245563403 10.452511585972417 
6.21780608167935 56.8346236921811 
57.33344118163955 9.219876375071143 
29.38636726592333 10.580029014629218 
36.451243666924015 19.271748822742417 
11.57206542004685 52.169153785920834 
8.26794594434569 50.21423529420845 
19.08808790724217 40.43872160839617 
39.49490870628181 32.42997130999876 
41.64287000203976 8.254054423724838 
61.33138606269994 19.823176663155678 
9.553197255651334 32.04918966607447 
31.955624171123155 11.602765274358097 
30.310089894803742 12.128409104644996 
7.4345441307597975 51.971645218565094 
36.42860786809657 32.08770509618024 
37.347203219096755 21.99350381784459 
23.29811236536557 18.637522209725994 
34.803193756300765 8.116997504336195 
25.12828189475857 23.893907990256277 
16.129007267663848 52.30048376688704 
13.66729700720187 38.07627898512679 
33.43130888277829 1.1413599459518646 
0.3232840466446489 53.28910815028837 
34.58121728788824 14.022973823860053 
13.010519620733215 30.082737137848046 
14.512312728053935 47.679305444245266 
26.475961444602728 8.665531000263217 
41.93628190157607 26.193312401458503 
44.83965907687152 19.86862458107918 
40.405471123362204 21.572082190032507 
22.296292726549886 24.529208947198065 
10.913898952616575 18.73227376159689 
48.707530904391355 26.27898407778731 
40.41029688696397 11.16305564511481 
39.81442090186908 4.987105882546604 
43.05885721886874 31.034413543398465 
35.995088881019974 3.1213228292882644 
10.683360779330933 36.49975878412952 
62.2349228416434 31.196453562833018 
49.59023530170754 13.284835347084076 
18.37638235082545 51.29544424037354 
39.81556071309957 46.07544620001939 
32.686159372357025 1.9934191052844725 
27.380318887490525 52.79404934742118 
0.03533469900316693 48.1446454237055 
37.905513641537716 39.96877864230881 
4.7241474673002575 38.99782034745034 
47.118132769432094 18.526703255691405 
26.96361798547566 3.253527023904482 
18.15018215766248 29.01736127767831 
41.60470145430804 48.7562448666194 
7.567119289023972 42.84295601499846 
1.5384847589620287 45.0959588584608 
53.33331368484734 35.590839476600095 
19.23748177512176 28.027600770823913 
26.296819949258317 40.71895799407477 
86.83338795394212 16.153221045747216 
33.654951425501054 16.900905099557605 
30.48953528227501 37.19786387840877 
2.7937516660306048 35.373085212718394 
28.81316713806219 43.49231541381678 
37.2219819630179 15.552360054071974 
28.260303686598984 33.520124370463144 
4.001309571891121 45.559811108332006 
32.4555405249167 6.320051557079083 
10.587433081369046 36.544524767764926 
22.209144946263336 49.62339943532754 
51.651815432430496 14.143107952015095 
24.89719573915442 53.47888761457407 
37.577791578450444 35.775676585341344 
44.86047852758124 7.161739732038016 
35.912895765907365 5.962617254496517 
26.82334929350206 4.24616007494278 
13.70622072194651 39.27468730374321 
4.085542568090864 31.797908745896386 
9.606257915258245 45.43290475436307 
20.873361338581915 40.69556729262296 
4.79448891965391 23.96682812756683 
38.80201830335538 9.816665101365505 
20.840468317942673 29.6303280083804 
11.229344079885207 12.225455425017593 
21.64203023080666 20.229078416402373 
15.269065733926547 30.51166661835123 
27.333451717561655 30.27951358022667 
53.39389754666385 4.03854261858075 
32.863336116697724 17.248096446792697 
45.16081003065209 15.19449533992104 
10.81801719721333 21.953810137827 
44.15219792941994 39.57155836123353 
36.814242701034516 27.28447039487714 
41.06125187841537 22.846193616051913 
31.776501312275713 49.295925475655324 
21.288893355587742 37.575273699728164 
34.75817052140514 12.476036321764216 
37.49909275468955 10.637061118152333 
17.364088722679238 20.67437358848988 
36.15535868677433 16.633857179356994 
