41.8906456506668 22.171038083766238 
6.2566668847847655 40.30273886663802 
11.83102215529402 49.018517616373146 
22.580066007974605 20.342439526506816 
44.47223688829566 29.98012815368722 
0.5349081603860891 56.33267159321192 
35.49626147930411 6.055824400527257 
42.468217438772065 2.803334960348421 
27.567342265486882 24.209099565517544 
33.95239553003937 4.671716420860875 
11.222570436742394 41.302588142297886 
32.017717108099454 27.402251904635353 
41.362766207054456 22.331311076916673 
43.953613072637914 13.62047957410413 
9.096051992999103 51.861722331442834 
1.5064337160814603 28.394691132097652 
32.343296263791814 14.034399659729674 
26.00337724298371 17.810099773136464 
41.82148780363663 19.873607918258912 
42.063298163436976 6.05343937539738 
33.49507018419062 7.131793032743851 
25.38616258500121 9.46964021745405 
47.550634024500695 15.17627610821283 
29.818941994344872 0.04899841261146391 
17.903269389210145 17.491716923750044 
30.96804900759726 24.693856358727434 
36.71759284945285 34.263416786281994 
2.830943518117933 25.422276455487836 
32.1092698494527 13.46907145863368 
18.500152874438683 42.96638786157969 
29.911964262457623 20.201261236799166 
46.96782186384223 3.4856448237810955 
21.886136009796118 36.7793828650309 
32.20724316039336 21.15041252221447 
27.034961235198033 24.446495726585766 
53.28162869709125 41.51848479971421 
25.4302756596267 45.55047886319529 
33.58586733313649 6.401571239809738 
53.79779018405463 9.865569528504484 
0.5525850550837494 53.23266391128328 
37.24279277833488 22.242274827750354 
48.79632558934315 7.0128926460202266 
55.14059662665748 4.89884146154491 
1.5859890070349667 36.62039410968263 
10.084961007972238 46.33748778924586 
2.7658776718164764 55.39116029259381 
38.457516918226865 2.2840451249595977 
3.835293761483129 48.04108249846096 
42.00885872555795 35.38605775138991 
20.536692076525632 44.414022169757594 
23.342539489164544 27.16735206472432 
43.55410950010296 41.53082454047648 
4.517604483627031 33.386416434756704 
37.63339270456297 30.322371187263663 
9.494507849747183 35.84305613565303 
36.494938203701906 7.198002008142148 
21.53669753051707 28.215445398077996 
27.72820837045356 11.18284614283386 
37.89687988019119 29.854867595774483 
2.8554356268789562 43.19027757002344 
19.10412115166111 51.14275605941686 
18.28168482260841 44.09090369948544 
13.583213013447285 20.586346747817736 
1.2330968993794098 46.99959505522855 
45.19560836522429 3.892137539449973 
11.71763126248706 30.589587224296597 
30.752532070995713 5.353285522029471 
24.57426242443282 29.69582044479564 
41.89092716024708 12.41597062098326 
28.568712337924843 23.864666103638815 
29.991867625391336 28.427131885463666 
55.19168586502403 13.359066563564495 
5.215324341047859 35.352757946805674 
39.94967404485903 14.084733210382918 
4.073214292454995 43.88749234373957 
21.469839090210716 12.853087871845917 
35.44029130667754 6.827496743850304 
26.496981373690023 17.212077244221177 
33.048969483227275 23.420616519585252 
13.97938521918316 41.33941470519823 
19.752397130299055 35.61979142162544 
59.45692658307379 28.047601333999765 
28.737859530740334 19.50473433529304 
53.03472776947703 21.591697906355844 
39.28266468682658 18.781146171897667 
24.268269929216626 28.27592921453041 
40.16399946387286 19.28987165744267 
20.93035474453244 30.857410656561825 
40.999114893380536 23.901390074179936 
1.2388243325054822 36.931656875650155 
46.908466947998335 22.328356306692623 
1.5197925568919188 47.530878675046786 
3.2760873793527265 26.29317463732995 
14.369334918969809 51.44379604367264 
6.901090917014546 42.67365726886518 
47.946906258168816 15.661432518628969 
12.692689992237607 42.25475167832958 
13.926090510584167 48.79179365070675 
1.0981398676269143 29.567335993648463 
51.8129607962897 37.37505074603323 
