-18461.0 -19223.0 
-18461.0 -19223.0 
-19039.0 -18526.0 
-19039.0 -18526.0 
-18995.0 -18617.0 
-18803.0 -18921.0 
-18871.0 -18826.0 
-18481.0 -19209.0 
-18548.0 -19182.0 
-18746.0 -19052.0 
-18695.0 -19124.0 
-18750.0 -19004.0 
-18628.0 -19133.0 
-18715.0 -19061.0 
-19008.0 -18567.0 
-18777.0 -18976.0 
-18609.0 -19151.0 
-18778.0 -18937.0 
-18908.0 -18733.0 
-18651.0 -19126.0 
-18927.0 -18695.0 
-18952.0 -18646.0 
-18813.0 -18872.0 
-18565.0 -19156.0 
-18890.0 -18756.0 
-18876.0 -18789.0 
-18833.0 -18833.0 
-18481.0 -19209.0 
-18819.0 -18856.0 
-18934.0 -18686.0 
-18968.0 -18634.0 
-18918.0 -18726.0 
-19028.0 -18543.0 
-18890.0 -18756.0 
-19008.0 -18567.0 
-18876.0 -18789.0 
-19028.0 -18543.0 
-18968.0 -18634.0 
-18706.0 -19092.0 
-18952.0 -18646.0 
-18750.0 -19004.0 
-18548.0 -19182.0 
-18934.0 -18686.0 
-18651.0 -19126.0 
-18777.0 -18976.0 
-18813.0 -18872.0 
-18609.0 -19151.0 
-18558.0 -19158.0 
-18709.0 -19082.0 
-18706.0 -19092.0 
-18552.0 -19176.0 
-18828.0 -18840.0 
-18918.0 -18726.0 
-18828.0 -18840.0 
-18709.0 -19082.0 
-18778.0 -18937.0 
-18695.0 -19124.0 
-18746.0 -19052.0 
-18565.0 -19156.0 
-18552.0 -19176.0 
-18833.0 -18833.0 
-18558.0 -19158.0 
-18651.0 -19126.0 
-18706.0 -19092.0 
-18709.0 -19082.0 
-18695.0 -19124.0 
-18746.0 -19052.0 
-18706.0 -19092.0 
-18651.0 -19126.0 
-18706.0 -19092.0 
-18706.0 -19092.0 
-18706.0 -19092.0 
-18746.0 -19052.0 
-18706.0 -19092.0 
-18706.0 -19092.0 
-18706.0 -19092.0 
-18709.0 -19082.0 
-18709.0 -19082.0 
-18706.0 -19092.0 
-18706.0 -19092.0 
-18651.0 -19126.0 
-18706.0 -19092.0 
-18706.0 -19092.0 
-18706.0 -19092.0 
-18706.0 -19092.0 
-18706.0 -19092.0 
-18706.0 -19092.0 
-18709.0 -19082.0 
-18706.0 -19092.0 
-18706.0 -19092.0 
-18706.0 -19092.0 
-18706.0 -19092.0 
-18706.0 -19092.0 
-18706.0 -19092.0 
-18706.0 -19092.0 
-18706.0 -19092.0 
-18706.0 -19092.0 
-18706.0 -19092.0 
-18706.0 -19092.0 
-18706.0 -19092.0 
