0.9995510606356891	0.593722391886406	0.5881833433576937	0.5778771412768807	0.5620168202354491	0.538863930091555	0.5164123747394219	0.5033362120841659	0.501075961074739	0.4999476207822816
0.9995510606356891	0.593722391886406	0.5881833433576937	0.5778771412768807	0.5620168202354491	0.538863930091555	0.5164123747394219	0.5033362120841659	0.501075961074739	0.4999476207822816
0.0	0.5936842188370913	0.5881684640359531	0.5778696772134231	0.5620132720187838	0.5388679846968906	0.5163891853694156	0.503337714687737	0.5010759678547543	0.4999476579261273
0.0	0.5936842188370913	0.5881684640359531	0.5778696772134231	0.5620132720187838	0.5388679846968906	0.5163891853694156	0.503337714687737	0.5010759678547543	0.4999476579261273
0.12199760918460006	0.5937236025113464	0.5881951155483383	0.5778767592740732	0.5620075965813239	0.5388756170306026	0.5164116175851875	0.5033394438953298	0.501075963190939	0.4999476783907673
0.4190296658146535	0.5937080189100341	0.5882015852714527	0.5778766625729767	0.5620576376636418	0.5397635869044137	0.5163914845819433	0.5033370019263613	0.5010759787326461	0.49994782330273463
0.05407541404705701	0.5937034228195955	0.5881929076837087	0.5778767608713735	0.5620794076782268	0.5389933083784669	0.5164076403661864	0.5033406516044867	0.5010759775515307	0.4999476564693722
0.5295616676733769	0.5937243921162618	0.5881912641725378	0.5778767374591024	0.5620752514474713	0.5397503226122907	0.5164325008241415	0.5033369925882506	0.5010759748280852	0.4999478169614838
0.40385716825429563	0.5937268889204367	0.5881827390801614	0.5779825811869962	0.5620209517108061	0.5388679212723652	0.5164068504587469	0.5033360096558775	0.5010759629944174	0.4999478324615755
0.32524789078760336	0.5937247195250928	0.5881265096364611	0.5779873475734689	0.5620810441786859	0.5388677730643042	0.5164071613005315	0.5035660607487996	0.5010759291950928	0.4999476774465417
0.8350859978768392	0.5936716296815812	0.5881913678882141	0.5778705619465692	0.5620196808649005	0.5397548897485965	0.5163911371158046	0.5033374476890207	0.5010759607157311	0.49994765958272974
0.160016031925788	0.5936724389504173	0.5881294188080983	0.5778734169943971	0.5620227400435003	0.5388635006786474	0.5164099495104704	0.503560801678071	0.5010759298355864	0.499947648759074
0.19312924576844792	0.5937246717542429	0.5881954763379119	0.577982049767191	0.5620829637132793	0.5388679576884051	0.5164225350866337	0.5033358059885229	0.5010759664695755	0.49994766455848916
0.9073898980835016	0.5937224462221401	0.58819823878722	0.5778720907555561	0.5620751563158399	0.5388680479724992	0.5164166204237285	0.5033360201917483	0.5010759594305918	0.4999478199078793
0.37184030352916886	0.593722149524868	0.5881912641144583	0.5778717877264233	0.5620575278506752	0.5388709735685016	0.5164041404264229	0.5033360134587529	0.5010759908927472	0.49994781480877926
0.2292798436872676	0.5937035947192636	0.5881913486332623	0.5778764076804952	0.5617878874136188	0.5388710302432299	0.5164081605849322	0.5033358627659152	0.5010759593109166	0.49994784602201764
0.1727185163983463	0.5937201475803543	0.588193385828764	0.5778767607895011	0.5620738905162701	0.5389884246978427	0.5164071512688928	0.5033361950244116	0.5010759783321062	0.49994765654006307
0.4840085839161533	0.5937239600262554	0.5881833994535295	0.5778767516568758	0.5620565498496891	0.5397211559101497	0.5164223320556484	0.5033362083346307	0.5010759602534749	0.49994781462918647
0.47059999070693975	0.5937038477798945	0.5881777081583918	0.577876626401319	0.5620575278506752	0.5397503226122907	0.516422676735619	0.5033362088868182	0.5010759602738912	0.49994781480877926
0.8245958539736803	0.593724813789004	0.5881960588921386	0.5778770719425843	0.5614766571127882	0.5388736843851287	0.5160163255971367	0.5033370992145854	0.5010759878100373	0.4999476890377562
0.4664837469840736	0.5936932452436332	0.5881894854671759	0.5778767505724991	0.5620574475685308	0.5389031142471057	0.5164072902230223	0.5033365407649	0.5010759785843841	0.49994782415514577
0.9149882540761731	0.5937023986937496	0.5881960393882552	0.5778718303517375	0.5618148406084273	0.5388730908978626	0.5164073975845511	0.5033412832085651	0.5010759600183999	0.499947668731478
0.290400847529312	0.5937262480991617	0.588193684299237	0.5778764547840558	0.5614767600199905	0.5388708346213968	0.5164022276936955	0.5033413410372957	0.5010759600193521	0.4999478267214087
0.2594664918595353	0.5937262451935577	0.5881928139198227	0.5778769373955895	0.5620315644841285	0.5388715974979237	0.5164064360391717	0.5036879036973764	0.5010759613069389	0.4999476609324869
0.8317940054522995	0.593724813789004	0.5881960588921386	0.5778769908986892	0.5621131743144246	0.5388736843851287	0.5160163255971367	0.5033370992145854	0.5010759876198507	0.4999476894129638
0.5726738710434863	0.5937090859089627	0.5881329308804139	0.5778768356976132	0.5620799157681223	0.5388679859430014	0.5164308484149268	0.5033358375221784	0.5010759669959108	0.4999476645812288
0.7498904278237473	0.5937236025113464	0.5881951150822503	0.5778767592740732	0.5620075965813239	0.53887570511955	0.516407274758318	0.5033394438953298	0.501075963190939	0.4999476783907673
0.5077729236211425	0.5937080745156811	0.5881912649225775	0.5778766625729767	0.5620575278506752	0.5397503226122907	0.5164325008241415	0.5033370019263613	0.5010759787326461	0.49994781480877926
0.4696066928313043	0.593696666095447	0.5881909504256767	0.5778766395561534	0.5620259106948694	0.5388707151390678	0.5164226091370183	0.5033416256758191	0.5010759602529884	0.4999476698798568
0.8112132983245681	0.5937245319336937	0.5881961998374696	0.5778709649881902	0.5614860286588488	0.5388703441117513	0.5164287030383228	0.5033414273026655	0.5010759589478734	0.49994782671774285
0.642260675849601	0.5936966360716357	0.5881896678635481	0.5778703699998166	0.5621193804517256	0.5388705015437869	0.5164236208741455	0.5033353163731872	0.5010759907282936	0.49994765236761163
0.39621838493522255	0.5937263171632262	0.5881937683182396	0.5778764558965879	0.5614830170363498	0.5388708967760141	0.5163888957144768	0.5033413410372957	0.501075959114426	0.49994782911032354
0.7221226152912058	0.5936872363391846	0.5881680568660544	0.5778717695547421	0.5620302753567775	0.5388636921939981	0.5164234570346687	0.5033377080784778	0.5010759595219829	0.4999476517647716
0.8961234272775842	0.5937241973944851	0.5881833433576937	0.5778773245212475	0.5614765351088674	0.538863930091555	0.5164219380512715	0.503336023832351	0.5010759599618051	0.49994783221598404
0.9623111871786167	0.5937258602531892	0.588192302046357	0.5778770553830843	0.5620840458736697	0.5390008731961513	0.5164077128566369	0.5033354425908638	0.5010758659242976	0.4999476564693722
0.7402120689386402	0.59370845568015	0.5881815406628464	0.5778777854195991	0.5618090113267218	0.5388683869297595	0.5164018987819224	0.5033390199524632	0.5010759901871205	0.4999476584371041
0.5077729236211425	0.5937080745156811	0.5881912649225775	0.5778766625729767	0.5620575278506752	0.5397503226122907	0.5164325008241415	0.5033370019263613	0.5010759787326461	0.49994781480877926
0.855341729243562	0.5937201475803543	0.5882259678351711	0.5778767376085593	0.5620738905162701	0.5389883083342962	0.5164071512688928	0.5033361950244116	0.5010759783321062	0.4999476699280009
0.9899863408098744	0.5937255656716436	0.5881238872689474	0.5778767592740732	0.5621006137827308	0.5388680290757166	0.5164071512688928	0.5033392877232584	0.5010759598754184	0.49994767790780953
0.7037579000712723	0.5937038065727867	0.5881912572739081	0.5778766399935509	0.5617907462128205	0.5388710040125128	0.5164025576691265	0.5033393688357074	0.5010759778041475	0.49994782588375714
0.7308972846482404	0.5937078008250969	0.5881836242755676	0.5778807479880588	0.5617927160121948	0.5388736380026927	0.5164278344010872	0.5033360940670677	0.5010759915739607	0.4999476628579523
0.9204090486397882	0.5937245039427589	0.5881928671299179	0.5778757277345234	0.5617987160409988	0.5389916814501523	0.5163910022428224	0.5033354425263018	0.501075959282091	0.5000219272414962
0.6643870647914294	0.5937057401543497	0.5881692516243603	0.5778721405389122	0.5620374153987671	0.5388669538002862	0.5164093906891176	0.5033362500479654	0.501075984033864	0.4999476642633955
0.5971530349401498	0.5936970756356817	0.5881805887154338	0.5778767592980321	0.5620240448310885	0.5389932399667932	0.5164230941621478	0.5033359821142387	0.5010759790989545	0.49994764680671466
0.6447171237837757	0.593720104787985	0.5881901977059528	0.5778822939287358	0.562077348983552	0.5389883083342962	0.5164285434756656	0.5033358111103337	0.5010759594228583	0.4999476699280009
0.701137122808623	0.5937038065727867	0.5881912572739081	0.5778765710011576	0.5617907462128205	0.5388712511629522	0.5164022210198297	0.5033393632629781	0.5010759777753572	0.49994782588375714
0.9709579640822807	0.5937082839862808	0.5881816351736885	0.5778718108982046	0.5618097054487936	0.5388702520931983	0.5164349566243691	0.5033413657971139	0.501075959755246	0.4999478433673135
0.7651516163916006	0.5937196780142867	0.5881833433576937	0.5778772427196766	0.5614718330148601	0.538863930091555	0.5164219380512715	0.503336023832351	0.5010759599618051	0.49994783221598404
0.3215077280825013	0.5937262480991617	0.5881911852203433	0.5778766368166997	0.5617894064503506	0.5388708380079047	0.5164022276936955	0.5033413410372957	0.5010759600193521	0.4999478267214087
0.794355162715535	0.5937087614463838	0.5881936867679829	0.5778765836719089	0.5619763380048027	0.5388707260236882	0.5164348889047947	0.5033354879335518	0.5010759789958494	0.49994782664182547
0.6811252129697993	0.5937082915295308	0.5881701494972852	0.5779859625486633	0.5620606753308621	0.5388692248304462	0.5164046503975005	0.5033357775061079	0.5010759588692684	0.4999476537982704
0.6239378423810176	0.5936968515796864	0.5881833270268425	0.5778767746089681	0.5620239568125747	0.5389872270282953	0.5164228002882609	0.5033366240247008	0.5010758713155102	0.49994764685789267
0.7684991716953342	0.5937087614463838	0.5881912680506777	0.5778765836719089	0.5619763380048027	0.5388707260236882	0.5164348889047947	0.5033359888369393	0.5010759789958494	0.49994782664182547
0.04307514246531524	0.5937262480991617	0.588193684299237	0.5778764547840558	0.5620879469800462	0.5388708965072156	0.516402304873215	0.5033413410372957	0.5010759794248612	0.4999478329167243
0.7788887077328132	0.5937265457478182	0.5881318687748718	0.5778809254672054	0.561988623069543	0.5388640447625368	0.5163872140965127	0.5033361926332705	0.5010759599997571	0.4999476550000725
0.8046620235871007	0.593683396864385	0.5881716336060716	0.577879948798184	0.5620263322572682	0.5388595914165127	0.5164119541017212	0.5033391670474273	0.5010759874297399	0.4999476579718891
0.31584233550027296	0.5937222310033881	0.5881913678882141	0.5778704661447083	0.5620216470847839	0.5388636364205295	0.5164101423969055	0.5033375029832897	0.5010759603550424	0.49994765958272974
0.6180675797310375	0.5936968515796864	0.5881914468401327	0.5778767830629263	0.5614791264019566	0.5388707151390678	0.5164076873048626	0.5033366240247008	0.5010759622338103	0.49994764685789267
0.8678245965609874	0.5937245910314062	0.5881967259963714	0.577877125026494	0.5614685179654715	0.53886793321091	0.5164269928568153	0.503335354484815	0.5010759513648422	0.4999476568149473
0.9903227110848696	0.5937297064946996	0.588192302046357	0.5778770553830843	0.5620627049047767	0.5390008731961513	0.5164338270531271	0.5033354425908638	0.501075867345543	0.49994783139168225
0.8710000398518426	0.593709718873347	0.5881300217352557	0.5778721814404276	0.5619888807358824	0.5388669586897887	0.5163876137638715	0.5033362847481171	0.5010759826545844	0.49994781730763804
0.5948097015284212	0.5937229222653073	0.5881913678882141	0.5778705447880006	0.5620216687047678	0.5388683559488348	0.5164016698454327	0.5033355154201221	0.5010759595680739	0.4999476555282604
0.9586550434858171	0.5937029192804292	0.588192750815037	0.5778766625729767	0.5620575278506752	0.5388366652093796	0.5164325979967159	0.5033370019263613	0.5010759635151227	0.4999478148909773
0.674622927020686	0.5937091748402566	0.5881912680506777	0.57787611048852	0.5620215073188681	0.5388720220767894	0.5164341869666517	0.5033361950244116	0.5010759588729964	0.4999476699280009
0.6538469612128772	0.5937261592326085	0.5881679508262339	0.5778808176171778	0.5617927160121948	0.5388703204164574	0.5164278344010872	0.5033413582619342	0.5010759593241839	0.4999476605128338
0.9510011639335523	0.5936866366896872	0.5881345531910902	0.5778814314746727	0.5620387285325299	0.5388635818339519	0.516431667396959	0.5033370687178077	0.5010759302530101	0.4999478193032732
0.6779993761784854	0.5936856862019327	0.5881238516209679	0.577876489863199	0.5620151892444231	0.5388677587882639	0.5164080020248312	0.5033371049445142	0.5010759629414883	0.49994766116443595
0.3762190371882794	0.5937079682941536	0.5881915275960293	0.5778719861784465	0.5620400061726885	0.5388713665625493	0.5164041599720159	0.5033358416878254	0.501075987291178	0.4999476580080204
0.3897187133689577	0.5937234974834859	0.5881794486965604	0.5778766411648336	0.5620796088704729	0.5388679609530798	0.516431667396959	0.5033412360026192	0.5010759669497475	0.4999478131067208
0.5771985071461745	0.5937228948721825	0.5881905907825982	0.579367413038847	0.5620554654547716	0.53974067927555	0.5164061710547596	0.5033480198987079	0.5010759786124322	0.4999476771603123
0.9770564495140274	0.5936866630710362	0.5881929119451821	0.5778770553830843	0.5620840458736697	0.5389913285043495	0.5164072354563699	0.5033354425908638	0.5010758659242976	0.4999476564693722
0.2444062275488647	0.5937251916006803	0.5881321242678265	0.5778723122225822	0.5620315644841285	0.5388716239454052	0.5164068238516657	0.5036879036973764	0.5010759611970381	0.49994765505617517
0.7284555045984019	0.5936968042742548	0.5881698029046145	0.5778766533945088	0.5614873144967428	0.5388705213643749	0.5164236586275339	0.5033339429598073	0.5010759902243256	0.4999476523369068
0.9341588380709946	0.5937250912350288	0.5881819940961133	0.5778718213225573	0.5618164132315202	0.5388703836216161	0.5163887599327232	0.5033377090689575	0.5010759592825238	0.4999476518354607
0.9327631102158467	0.593702680273413	0.5881824348154228	0.5778717959505619	0.5620857255495062	0.5388683562391919	0.5164028116781308	0.5033371301307222	0.5010759906494106	0.4999478434650304
0.5877387619016141	0.5937222310033881	0.5881913678882141	0.5778705619465692	0.5620216470847839	0.5388680334908454	0.5164341268653715	0.5033375029832897	0.5010759603550424	0.49994765958272974
0.3027240448523413	0.5936832031737154	0.5881915275960293	0.577877056785952	0.5615143152726252	0.538859156489774	0.516404987100843	0.5033360670540755	0.5010759878100373	0.49994767625470654
0.30875768047461594	0.5937247195250928	0.5881238872689474	0.5778767592740732	0.5614874311842705	0.5388677821343901	0.5164071512688928	0.5033392877232584	0.5010759598754184	0.49994767790780953
0.4781705649495161	0.5937038477798945	0.5881231818565886	0.5778766625729767	0.5620575278506752	0.5397503226122907	0.5164325979967159	0.5033370019263613	0.5010759602738912	0.49994781480877926
0.8858747899064036	0.5937085285611078	0.5881915266325946	0.577877056785952	0.5615143152726252	0.538859156489774	0.5164224410938654	0.5033360229175374	0.5010759878100373	0.49994767625470654
0.6803779404766881	0.5937088015415234	0.5881701494972852	0.5779835300794947	0.5620606753308621	0.5388677452836758	0.5164080466749034	0.5033371076572045	0.5010759630072597	0.4999476537552612
0.8903133991540358	0.5937227548949444	0.5881928460740448	0.5778765330265947	0.5620838693502266	0.5388710007532035	0.516402021119828	0.5033360230265586	0.5010759580261572	0.5000222012062299
0.6235333126344625	0.5936968515796864	0.5881833270268425	0.5778773326220111	0.5620259106948694	0.5388707151390678	0.51642257716426	0.5033389415456764	0.5010759595466363	0.49994766536249574
0.9406541766619314	0.5937199475444308	0.5882218101056451	0.5778761885394145	0.5620845173777241	0.5389924217599374	0.5164022793014745	0.5033354442218194	0.5010759592774756	0.500020796608063
0.9370258407750794	0.5937087614463838	0.5881912680506777	0.5778765836719089	0.5619763380048027	0.5389887957167039	0.5164348889047947	0.5033360129774987	0.5010759785406097	0.500019653680484
0.24506565845691775	0.5937251916006803	0.5881321242678265	0.5778767249028566	0.5618072083782664	0.538859724968112	0.5164068238516657	0.5036879036973764	0.5010760661995839	0.4999476551282196
0.7905270308833979	0.5936842188370913	0.588168212877366	0.5778696772134231	0.5620226995113731	0.5388679351229421	0.5164102730061456	0.503337732555173	0.5010759676902816	0.4999476579261273
0.8300051741851427	0.5937035030739318	0.5881680568660544	0.5778774730870514	0.5620302753567775	0.5388636921939981	0.5164234570346687	0.5033377232830758	0.5010759595219829	0.4999476517647716
0.011979711099630613	0.5937079682941536	0.5881678473789267	0.577869581259054	0.5620399086495201	0.5388713665625493	0.5164042288461891	0.5033358416878254	0.5010759867194969	0.4999476580080204
0.8762477825296313	0.5937087611266917	0.5881693007296148	0.5778721814404276	0.5619750743790085	0.5388669586897887	0.5164317814292738	0.5033337179502134	0.5010759832601034	0.49994781730763804
0.5744959596183891	0.5937245400302763	0.5881913001190525	0.5778767526088573	0.5620653984514367	0.5388617359851404	0.5164337637680368	0.5033365407649	0.5010759785843841	0.4999476508051288
0.022702702059113455	0.5937262480991617	0.5881829334416259	0.5778762040969131	0.5620866640782006	0.5388708346213968	0.5164022800073224	0.5033411869649441	0.5010759786291004	0.49994783294086625
0.032639024101067504	0.5937262480991617	0.588193684299237	0.5778764547840558	0.5620879469800462	0.5388708346213968	0.516402304873215	0.5033413410372957	0.5010759794248612	0.4999478329227952
0.6218301877969451	0.5936968515796864	0.5881833270268425	0.5778773326220111	0.5614766464587502	0.5388707151390678	0.5164228002882609	0.5033366240247008	0.5010759644389221	0.49994764685789267
0.9770564495140274	0.5936866630710362	0.5881929119451821	0.5778770553830843	0.5620840458736697	0.5389913285043495	0.5164072354563699	0.5033354425908638	0.5010758659242976	0.4999476564693722
0.7666309457274508	0.5941378380471148	0.5881804900388986	0.577877239964139	0.5620223632563752	0.5388635048914213	0.5164103202055295	0.5033358619546449	0.5010759303391364	0.499947634302416
0.8788242514276418	0.5937251718180143	0.5881307215643374	0.5778720026042279	0.5617970173490704	0.5388593619139342	0.5164362132676041	0.5033362029882522	0.5010760672691327	0.4999476560520962
0.9574873626720904	0.5937019021272795	0.5881910266023539	0.5778764517712703	0.56205505523676	0.5388366652093796	0.5164325979967159	0.5033370019263613	0.5010759638740442	0.4999478148909773
0.7872540508418102	0.5936735854568932	0.5881897977770387	0.5778705853673191	0.5620200015016782	0.5388636482331729	0.5164097028070879	0.5033358382985883	0.501075961762933	0.4999476519612791
0.7833798050041435	0.593683396864385	0.5881917864207349	0.5778796092569194	0.5620263322572682	0.5388594702536014	0.5164120459371876	0.5033391400306275	0.5010759873954665	0.49994780283727885
