0.0 1.234421393742848 
0.9999824184556838 0.4243442283720653 
0.9793409533541251 0.45751358940398174 
0.740351733326766 0.7904465342194904 
0.6649001937378368 0.8762760134926745 
0.1579876662691448 1.2143148813857036 
0.03664152784549207 1.2334079552614956 
0.5406021159467036 0.9976643689400666 
0.1276767893988938 1.2211982217562936 
0.8071473639826567 0.7067593254175707 
0.8206969272801405 0.6887481593977296 
0.7682939611070124 0.7561823824792466 
0.966027524229373 0.478362174556935 
0.8777354673841227 0.6102515515682568 
0.17258312208848808 1.2104066076919688 
0.4329280007899404 1.0825723815540902 
0.6756539499001317 0.8645836653927307 
0.7543425988575504 0.773493473002429 
0.6371410429034681 0.9055280316566556 
0.5928838808279372 0.9497920490159854 
0.4157385931304982 1.0944122325849852 
0.7001566642189153 0.837323682451678 
0.8278881633989056 0.6791887552274379 
0.8488253402281516 0.6507198933083413 
0.8860460902174917 0.5984897397773029 
0.72471182818127 0.8090568737962339 
0.1945212156800717 1.2037633579265241 
0.6204057570651638 0.9228504635951522 
0.40313289459731816 1.1028031395648767 
0.343470041176841 1.1388233831577486 
0.9515932196488386 0.500839943047178 
0.27823957784995457 1.1716913022744924 
0.9192168307383428 0.549930583719905 
0.05415566789795867 1.2320769217054766 
0.8679906875163199 0.6240524966854936 
0.38370661341377 1.115342570463028 
0.7997428286748084 0.7163241131178213 
0.576389001164602 0.965231123146678 
0.36335752067623367 1.127682882398894 
0.2657087523892084 1.177437036038584 
0.31472592318004056 1.1541258772424596 
0.5664366030892938 0.9745067258485169 
0.7915274258861349 0.7268706584154478 
0.20448006342842162 1.2005049902914673 
0.2218335354611029 1.194522101894542 
0.6268537593593078 0.9161807691421402 
0.5004685680071627 1.0315256520340303 
0.4881045201722827 1.0413977924396836 
0.926603018923339 0.5388164544598089 
0.07433445213093881 1.230055092916055 
0.9449416553980066 0.5110847792016877 
0.7118102152078444 0.8239764138015234 
0.5569103503658832 0.9832094045932143 
0.2960204584903241 1.163502822463947 
0.5851580266960462 0.9570514368777845 
0.2313084187735731 1.1912761020195917 
0.08661647222164204 1.2283118200287269 
0.7490818728153791 0.7798495213839589 
0.686027750997869 0.8534673472050799 
0.650172171176573 0.8919904188096648 
0.32075542310391175 1.151224346676146 
0.8938186481529942 0.5872398688269531 
0.8627386229873234 0.6316295470621444 
0.7742453997450676 0.7488067243023987 
0.9594997747970724 0.4886891858027998 
0.9961468508968583 0.4306804563705333 
0.5295543015087016 1.007240451637729 
0.7224136795918837 0.8118081449158009 
0.24575642476511694 1.1854750682558597 
0.10386715861368584 1.2256596276249498 
0.6075488444518634 0.9356182217993825 
0.9882382670988661 0.44326152168450406 
0.8378503467348436 0.6656826583248036 
0.2520632907900904 1.182921753058649 
0.6474797413129472 0.8948570412023781 
0.8392084905423828 0.6639827862316766 
0.36698587233529845 1.1253016351086709 
0.4418664775839104 1.0762836611435291 
0.9106142381776546 0.5626873027366963 
0.3350504128170885 1.1435193186891575 
0.9324056809581739 0.5304218385848537 
0.2925133856163499 1.1650845334797717 
0.7845188410499282 0.7358953398022613 
0.4817004083326646 1.0465313135273397 
0.4592459513849251 1.0638396820276101 
0.9015198499011642 0.5760144206124252 
0.7809185889694322 0.7404629725136193 
0.5173133279154344 1.0176961500043165 
0.5069662516601044 1.0262238805928925 
0.9388027290302098 0.5205308480350461 
0.9118392333232179 0.5608135077498712 
0.6855692972266769 0.8537277728740925 
0.989559161887413 0.44135189356166926 
0.38007110030240115 1.1175919711274935 
0.46418163087122805 1.0598366662272958 
0.8976770226774885 0.5816136630833483 
0.5128434658929568 1.0213481635245605 
0.5581268556847289 0.9823421096844737 
0.8561663251540574 0.6407676299172468 
0.9624087931145744 0.4840578545493553 
