-17178.0 -18114.0 
-17178.0 -18114.0 
-17693.0 -17688.0 
-17693.0 -17688.0 
-17444.0 -17968.0 
-17248.0 -18088.0 
-17342.0 -18015.0 
-17386.0 -18009.0 
-17652.0 -17746.0 
-17254.0 -18067.0 
-17389.0 -17995.0 
-17482.0 -17904.0 
-17208.0 -18092.0 
-17648.0 -17761.0 
-17404.0 -17974.0 
-17291.0 -18055.0 
-17653.0 -17720.0 
-17564.0 -17835.0 
-17563.0 -17855.0 
-17331.0 -18031.0 
-17302.0 -18034.0 
-17281.0 -18063.0 
-17299.0 -18042.0 
-17191.0 -18098.0 
-17582.0 -17833.0 
-17620.0 -17769.0 
-17454.0 -17947.0 
-17678.0 -17703.0 
-17586.0 -17805.0 
-17664.0 -17706.0 
-17473.0 -17920.0 
-17397.0 -17978.0 
-17527.0 -17890.0 
-17463.0 -17923.0 
-17536.0 -17865.0 
-17613.0 -17782.0 
-17462.0 -17937.0 
-17546.0 -17860.0 
-17454.0 -17947.0 
-17208.0 -18092.0 
-17513.0 -17893.0 
-17531.0 -17879.0 
-17191.0 -18098.0 
-17583.0 -17819.0 
-17600.0 -17802.0 
-17678.0 -17703.0 
-17531.0 -17879.0 
-17583.0 -17819.0 
-17653.0 -17720.0 
-17444.0 -17968.0 
-17498.0 -17901.0 
-17607.0 -17798.0 
-17546.0 -17860.0 
-17614.0 -17774.0 
-17620.0 -17769.0 
-17339.0 -18021.0 
-17339.0 -18021.0 
-17281.0 -18063.0 
-17608.0 -17790.0 
-17664.0 -17706.0 
-17404.0 -17974.0 
-17648.0 -17761.0 
-17462.0 -17937.0 
-17397.0 -17978.0 
-17473.0 -17920.0 
-17504.0 -17900.0 
-17331.0 -18031.0 
-17508.0 -17899.0 
-17536.0 -17865.0 
-17248.0 -18088.0 
-17254.0 -18067.0 
-17608.0 -17790.0 
-17600.0 -17802.0 
-17386.0 -18009.0 
-17498.0 -17901.0 
-17513.0 -17893.0 
-17527.0 -17890.0 
-17563.0 -17855.0 
-17614.0 -17774.0 
-17586.0 -17805.0 
-17302.0 -18034.0 
-17508.0 -17899.0 
-17607.0 -17798.0 
-17463.0 -17923.0 
-17582.0 -17833.0 
-17564.0 -17835.0 
-17454.0 -17947.0 
-17583.0 -17819.0 
-17653.0 -17720.0 
-17404.0 -17974.0 
-17473.0 -17920.0 
-17331.0 -18031.0 
-17498.0 -17901.0 
-17614.0 -17774.0 
-17582.0 -17833.0 
-17583.0 -17819.0 
-17582.0 -17833.0 
-17582.0 -17833.0 
-17454.0 -17947.0 
-17498.0 -17901.0 
