-17854.0 -17449.0 
-17221.0 -18068.0 
-17221.0 -18068.0 
-17854.0 -17449.0 
-17328.0 -18037.0 
-17837.0 -17508.0 
-17256.0 -18065.0 
-17843.0 -17450.0 
-17534.0 -17876.0 
-17256.0 -18065.0 
-17732.0 -17652.0 
-17492.0 -17878.0 
-17383.0 -17992.0 
-17810.0 -17514.0 
-17628.0 -17767.0 
-17798.0 -17571.0 
-17328.0 -18037.0 
-17774.0 -17599.0 
-17472.0 -17889.0 
-17360.0 -18004.0 
-17398.0 -17967.0 
-17781.0 -17576.0 
-17714.0 -17671.0 
-17565.0 -17840.0 
-17430.0 -17940.0 
-17709.0 -17692.0 
-17457.0 -17926.0 
-17538.0 -17850.0 
-17635.0 -17747.0 
-17343.0 -18022.0 
-17413.0 -17951.0 
-17575.0 -17820.0 
-17343.0 -18022.0 
-17461.0 -17916.0 
-17668.0 -17716.0 
-17398.0 -17967.0 
-17430.0 -17940.0 
-17801.0 -17544.0 
-17774.0 -17599.0 
-17748.0 -17641.0 
-17587.0 -17804.0 
-17360.0 -18004.0 
-17588.0 -17787.0 
-17668.0 -17716.0 
-17383.0 -17992.0 
-17575.0 -17820.0 
-17413.0 -17951.0 
-17649.0 -17740.0 
-17487.0 -17888.0 
-17546.0 -17844.0 
-17807.0 -17535.0 
-17714.0 -17671.0 
-17693.0 -17694.0 
-17615.0 -17777.0 
-17754.0 -17621.0 
-17616.0 -17775.0 
-17649.0 -17740.0 
-17461.0 -17916.0 
-17648.0 -17743.0 
-17599.0 -17782.0 
-17754.0 -17621.0 
-17753.0 -17622.0 
-17688.0 -17702.0 
-17738.0 -17643.0 
-17457.0 -17926.0 
-17587.0 -17804.0 
-17599.0 -17782.0 
-17565.0 -17840.0 
-17676.0 -17706.0 
-17837.0 -17508.0 
-17781.0 -17576.0 
-17546.0 -17844.0 
-17472.0 -17889.0 
-17801.0 -17544.0 
-17804.0 -17536.0 
-17635.0 -17747.0 
-17675.0 -17707.0 
-17538.0 -17850.0 
-17810.0 -17514.0 
-17688.0 -17702.0 
-17798.0 -17571.0 
-17738.0 -17643.0 
-17675.0 -17707.0 
-17709.0 -17692.0 
-17748.0 -17641.0 
-17693.0 -17694.0 
-17492.0 -17878.0 
-17843.0 -17450.0 
-17588.0 -17787.0 
-17534.0 -17876.0 
-17487.0 -17888.0 
-17753.0 -17622.0 
-17676.0 -17706.0 
-17807.0 -17535.0 
-17804.0 -17536.0 
-17413.0 -17951.0 
-17461.0 -17916.0 
-17565.0 -17840.0 
-17546.0 -17844.0 
-17461.0 -17916.0 
