-17380.0 -17934.0 
-17380.0 -17934.0 
-17916.0 -17444.0 
-17617.0 -17814.0 
-17594.0 -17837.0 
-17904.0 -17494.0 
-17857.0 -17499.0 
-17618.0 -17761.0 
-17719.0 -17680.0 
-17568.0 -17860.0 
-17458.0 -17890.0 
-17800.0 -17581.0 
-17684.0 -17721.0 
-17909.0 -17487.0 
-17658.0 -17744.0 
-17662.0 -17725.0 
-17792.0 -17601.0 
-17568.0 -17860.0 
-17698.0 -17682.0 
-17534.0 -17871.0 
-17519.0 -17873.0 
-17635.0 -17745.0 
-17693.0 -17691.0 
-17753.0 -17631.0 
-17776.0 -17617.0 
-17519.0 -17873.0 
-17534.0 -17871.0 
-17849.0 -17530.0 
-17852.0 -17513.0 
-17833.0 -17540.0 
-17776.0 -17617.0 
-17760.0 -17630.0 
-17784.0 -17606.0 
-17625.0 -17757.0 
-17843.0 -17538.0 
-17693.0 -17691.0 
-17829.0 -17551.0 
-17760.0 -17630.0 
-17852.0 -17513.0 
-17625.0 -17757.0 
-17909.0 -17487.0 
-17684.0 -17721.0 
-17784.0 -17606.0 
-17635.0 -17745.0 
-17849.0 -17530.0 
-17857.0 -17499.0 
-17829.0 -17551.0 
-17843.0 -17538.0 
-17662.0 -17725.0 
-17833.0 -17540.0 
-17658.0 -17744.0 
-17618.0 -17761.0 
-17568.0 -17860.0 
-17519.0 -17873.0 
-17776.0 -17617.0 
-17852.0 -17513.0 
-17784.0 -17606.0 
-17849.0 -17530.0 
-17829.0 -17551.0 
-17843.0 -17538.0 
-17662.0 -17725.0 
-17658.0 -17744.0 
-17519.0 -17873.0 
-17568.0 -17860.0 
-17519.0 -17873.0 
-17519.0 -17873.0 
-17849.0 -17530.0 
-17776.0 -17617.0 
-17519.0 -17873.0 
-17568.0 -17860.0 
-17658.0 -17744.0 
-17760.0 -17630.0 
-17852.0 -17513.0 
-17451.0 -17901.0 
-17519.0 -17873.0 
-17822.0 -17568.0 
-17737.0 -17673.0 
-17904.0 -17494.0 
-17857.0 -17499.0 
-17662.0 -17725.0 
-17951.0 -17421.0 
-17502.0 -17888.0 
-17829.0 -17551.0 
-17852.0 -17513.0 
-17594.0 -17837.0 
-17568.0 -17860.0 
-17519.0 -17873.0 
-17852.0 -17513.0 
-17693.0 -17691.0 
-17829.0 -17551.0 
-17829.0 -17551.0 
-17635.0 -17745.0 
-17519.0 -17873.0 
-17659.0 -17727.0 
-17776.0 -17617.0 
-17776.0 -17617.0 
-17568.0 -17860.0 
-17519.0 -17873.0 
-17857.0 -17499.0 
-17441.0 -17894.0 
