-17926.0 -17199.0 
-17926.0 -17199.0 
-17375.0 -17909.0 
-17375.0 -17909.0 
-17856.0 -17387.0 
-17433.0 -17886.0 
-17901.0 -17220.0 
-17835.0 -17433.0 
-17659.0 -17631.0 
-17899.0 -17262.0 
-17880.0 -17291.0 
-17876.0 -17335.0 
-17443.0 -17834.0 
-17539.0 -17761.0 
-17442.0 -17840.0 
-17401.0 -17891.0 
-17473.0 -17831.0 
-17590.0 -17713.0 
-17582.0 -17749.0 
-17871.0 -17351.0 
-17795.0 -17464.0 
-17603.0 -17711.0 
-17685.0 -17627.0 
-17818.0 -17445.0 
-17835.0 -17433.0 
-17703.0 -17610.0 
-17757.0 -17526.0 
-17615.0 -17687.0 
-17871.0 -17351.0 
-17641.0 -17675.0 
-17499.0 -17805.0 
-17734.0 -17571.0 
-17704.0 -17601.0 
-17385.0 -17897.0 
-17887.0 -17275.0 
-17742.0 -17548.0 
-17791.0 -17487.0 
-17779.0 -17500.0 
-17511.0 -17800.0 
-17624.0 -17679.0 
-17808.0 -17452.0 
-17804.0 -17462.0 
-17587.0 -17735.0 
-17742.0 -17548.0 
-17483.0 -17813.0 
-17723.0 -17574.0 
-17401.0 -17891.0 
-17653.0 -17663.0 
-17757.0 -17526.0 
-17776.0 -17515.0 
-17557.0 -17753.0 
-17690.0 -17620.0 
-17901.0 -17220.0 
-17615.0 -17687.0 
-17566.0 -17751.0 
-17522.0 -17785.0 
-17887.0 -17275.0 
-17711.0 -17587.0 
-17523.0 -17777.0 
-17876.0 -17335.0 
-17880.0 -17291.0 
-17817.0 -17450.0 
-17717.0 -17586.0 
-17557.0 -17753.0 
-17656.0 -17648.0 
-17641.0 -17675.0 
-17511.0 -17800.0 
-17531.0 -17775.0 
-17768.0 -17520.0 
-17385.0 -17897.0 
-17654.0 -17653.0 
-17587.0 -17735.0 
-17442.0 -17840.0 
-17603.0 -17711.0 
-17474.0 -17829.0 
-17738.0 -17560.0 
-17785.0 -17496.0 
-17433.0 -17886.0 
-17483.0 -17813.0 
-17690.0 -17620.0 
-17768.0 -17520.0 
-17522.0 -17785.0 
-17738.0 -17560.0 
-17624.0 -17679.0 
-17899.0 -17262.0 
-17491.0 -17808.0 
-17534.0 -17772.0 
-17791.0 -17487.0 
-17474.0 -17829.0 
-17566.0 -17751.0 
-17491.0 -17808.0 
-17653.0 -17663.0 
-17785.0 -17496.0 
-17723.0 -17574.0 
-17685.0 -17627.0 
-17711.0 -17587.0 
-17534.0 -17772.0 
-17776.0 -17515.0 
-17656.0 -17648.0 
-17717.0 -17586.0 
