-17886.0 -17425.0 
-16943.0 -18217.0 
-17886.0 -17425.0 
-16943.0 -18217.0 
-17864.0 -17527.0 
-17883.0 -17430.0 
-17132.0 -18175.0 
-17219.0 -18130.0 
-17015.0 -18212.0 
-17075.0 -18197.0 
-17257.0 -18098.0 
-17246.0 -18124.0 
-17358.0 -18053.0 
-17697.0 -17713.0 
-17759.0 -17635.0 
-17303.0 -18093.0 
-17811.0 -17581.0 
-17820.0 -17550.0 
-17075.0 -18197.0 
-17181.0 -18143.0 
-17642.0 -17750.0 
-17018.0 -18207.0 
-17641.0 -17785.0 
-17824.0 -17534.0 
-17434.0 -17948.0 
-17159.0 -18166.0 
-17603.0 -17797.0 
-17715.0 -17649.0 
-17501.0 -17896.0 
-17714.0 -17682.0 
-17661.0 -17748.0 
-17776.0 -17597.0 
-17318.0 -18066.0 
-17497.0 -17916.0 
-17778.0 -17587.0 
-17432.0 -17972.0 
-17528.0 -17878.0 
-17401.0 -17984.0 
-17531.0 -17865.0 
-17181.0 -18143.0 
-17460.0 -17943.0 
-17593.0 -17827.0 
-17701.0 -17692.0 
-17664.0 -17728.0 
-17732.0 -17639.0 
-17159.0 -18166.0 
-17312.0 -18072.0 
-17669.0 -17726.0 
-17572.0 -17838.0 
-17776.0 -17597.0 
-17372.0 -18024.0 
-17551.0 -17859.0 
-17552.0 -17843.0 
-17864.0 -17527.0 
-17548.0 -17863.0 
-17361.0 -18040.0 
-17600.0 -17814.0 
-17556.0 -17840.0 
-17501.0 -17896.0 
-17703.0 -17689.0 
-17528.0 -17878.0 
-17624.0 -17786.0 
-17572.0 -17838.0 
-17372.0 -18024.0 
-17598.0 -17815.0 
-17361.0 -18040.0 
-17759.0 -17635.0 
-17415.0 -17981.0 
-17318.0 -18066.0 
-17669.0 -17726.0 
-17621.0 -17788.0 
-17472.0 -17921.0 
-17463.0 -17934.0 
-17469.0 -17924.0 
-17593.0 -17827.0 
-17720.0 -17644.0 
-17257.0 -18098.0 
-17732.0 -17639.0 
-17483.0 -17919.0 
-17811.0 -17581.0 
-17312.0 -18072.0 
-17418.0 -17980.0 
-17303.0 -18093.0 
-17018.0 -18207.0 
-17483.0 -17919.0 
-17621.0 -17788.0 
-17418.0 -17980.0 
-17824.0 -17534.0 
-17432.0 -17972.0 
-17720.0 -17644.0 
-17465.0 -17931.0 
-17714.0 -17682.0 
-17778.0 -17587.0 
-17460.0 -17943.0 
-17434.0 -17948.0 
-17465.0 -17931.0 
-17381.0 -18010.0 
-17432.0 -17972.0 
-17811.0 -17581.0 
-17154.0 -18084.0 
