-18010.0 -17235.0 
-17262.0 -18075.0 
-18010.0 -17235.0 
-17262.0 -18075.0 
-17474.0 -17987.0 
-17376.0 -17991.0 
-18004.0 -17334.0 
-17966.0 -17380.0 
-17334.0 -18043.0 
-17964.0 -17424.0 
-17812.0 -17631.0 
-17634.0 -17809.0 
-17487.0 -17940.0 
-17949.0 -17471.0 
-17773.0 -17694.0 
-17708.0 -17716.0 
-17748.0 -17709.0 
-17308.0 -18063.0 
-17783.0 -17658.0 
-17599.0 -17832.0 
-17987.0 -17349.0 
-17920.0 -17479.0 
-17276.0 -18065.0 
-17523.0 -17913.0 
-17706.0 -17746.0 
-17582.0 -17859.0 
-17523.0 -17913.0 
-17623.0 -17825.0 
-17550.0 -17884.0 
-17952.0 -17444.0 
-17362.0 -18030.0 
-17647.0 -17778.0 
-17784.0 -17651.0 
-17872.0 -17536.0 
-17748.0 -17709.0 
-17509.0 -17926.0 
-17550.0 -17884.0 
-17866.0 -17558.0 
-17707.0 -17725.0 
-17839.0 -17579.0 
-17308.0 -18063.0 
-17987.0 -17349.0 
-17655.0 -17766.0 
-17490.0 -17933.0 
-17368.0 -18002.0 
-17902.0 -17498.0 
-17819.0 -17613.0 
-17647.0 -17778.0 
-17773.0 -17694.0 
-17599.0 -17832.0 
-17685.0 -17751.0 
-17367.0 -18021.0 
-17827.0 -17604.0 
-17911.0 -17493.0 
-17893.0 -17520.0 
-18001.0 -17342.0 
-17952.0 -17444.0 
-17554.0 -17872.0 
-17509.0 -17926.0 
-17884.0 -17524.0 
-17832.0 -17596.0 
-17784.0 -17651.0 
-17582.0 -17859.0 
-17655.0 -17766.0 
-17671.0 -17755.0 
-17567.0 -17860.0 
-17623.0 -17825.0 
-17872.0 -17536.0 
-17362.0 -18030.0 
-17474.0 -17987.0 
-17898.0 -17506.0 
-17920.0 -17479.0 
-17866.0 -17558.0 
-17276.0 -18065.0 
-17884.0 -17524.0 
-17839.0 -17579.0 
-17819.0 -17613.0 
-17671.0 -17755.0 
-17852.0 -17570.0 
-17856.0 -17569.0 
-17911.0 -17493.0 
-17685.0 -17751.0 
-18004.0 -17334.0 
-17564.0 -17863.0 
-17828.0 -17599.0 
-17898.0 -17506.0 
-17852.0 -17570.0 
-17554.0 -17872.0 
-17564.0 -17863.0 
-17856.0 -17569.0 
-17368.0 -18002.0 
-17676.0 -17753.0 
-17832.0 -17596.0 
-18001.0 -17342.0 
-17490.0 -17933.0 
-17367.0 -18021.0 
-17893.0 -17520.0 
-17676.0 -17753.0 
-17706.0 -17746.0 
-17567.0 -17860.0 
