-19335.0 -18345.0 
-18539.0 -19363.0 
-18539.0 -19363.0 
-19335.0 -18345.0 
-19317.0 -18419.0 
-19128.0 -18865.0 
-18644.0 -19329.0 
-18866.0 -19159.0 
-19055.0 -18952.0 
-19185.0 -18772.0 
-19249.0 -18566.0 
-19272.0 -18559.0 
-18910.0 -19121.0 
-18597.0 -19341.0 
-18644.0 -19329.0 
-18692.0 -19297.0 
-19189.0 -18712.0 
-18766.0 -19267.0 
-19005.0 -18992.0 
-18724.0 -19276.0 
-18972.0 -19039.0 
-19274.0 -18508.0 
-18801.0 -19205.0 
-18573.0 -19356.0 
-18692.0 -19297.0 
-18833.0 -19188.0 
-19245.0 -18606.0 
-18947.0 -19065.0 
-19175.0 -18776.0 
-19147.0 -18786.0 
-19099.0 -18880.0 
-19305.0 -18450.0 
-18828.0 -19199.0 
-19237.0 -18623.0 
-19026.0 -18986.0 
-18973.0 -19010.0 
-18882.0 -19125.0 
-19138.0 -18830.0 
-19292.0 -18456.0 
-18597.0 -19341.0 
-19036.0 -18968.0 
-18935.0 -19087.0 
-19145.0 -18818.0 
-19062.0 -18919.0 
-18852.0 -19175.0 
-19237.0 -18623.0 
-19278.0 -18506.0 
-18573.0 -19356.0 
-18985.0 -18998.0 
-18941.0 -19082.0 
-18781.0 -19251.0 
-18935.0 -19087.0 
-19289.0 -18473.0 
-19089.0 -18891.0 
-19215.0 -18651.0 
-18790.0 -19229.0 
-19153.0 -18780.0 
-19209.0 -18673.0 
-18947.0 -19065.0 
-18782.0 -19233.0 
-18711.0 -19285.0 
-19076.0 -18913.0 
-19289.0 -18473.0 
-18852.0 -19175.0 
-19192.0 -18709.0 
-19215.0 -18651.0 
-19198.0 -18693.0 
-19210.0 -18653.0 
-19036.0 -18968.0 
-18711.0 -19285.0 
-18766.0 -19267.0 
-19099.0 -18880.0 
-19198.0 -18693.0 
-19089.0 -18891.0 
-18972.0 -19039.0 
-18724.0 -19276.0 
-19138.0 -18830.0 
-19068.0 -18914.0 
-19245.0 -18606.0 
-18882.0 -19125.0 
-19305.0 -18450.0 
-18985.0 -18998.0 
-19209.0 -18673.0 
-18801.0 -19205.0 
-19026.0 -18986.0 
-18790.0 -19229.0 
-19076.0 -18913.0 
-18781.0 -19251.0 
-19278.0 -18506.0 
-18890.0 -19124.0 
-18901.0 -19122.0 
-19145.0 -18818.0 
-19062.0 -18919.0 
-18901.0 -19122.0 
-18973.0 -19010.0 
-18828.0 -19199.0 
-18890.0 -19124.0 
-19153.0 -18780.0 
-19272.0 -18559.0 
-18781.0 -19251.0 
