0.5427238615968579	22.55300207683966
0.5148017914212228	22.737303854183416
0.3469712140047954	22.635348449870698
0.47232568974660705	22.747934942496997
0.5200881320703419	22.8081055322158
0.2817215305511923	22.755715613469658
0.13446870237773045	22.762451481746684
0.27492785374140893	22.49625865994148
0.5971143351318726	22.782268819051517
0.3971683232529962	22.78388070543979
0.9400765510217062	22.587048293527694
0.4514105724064157	22.716106075026442
0.26200715599826757	22.797453867062636
0.26451194130084765	22.65434639704422
0.47427663728164643	22.7404326656817
0.1255837318272825	22.7024430198328
0.5218410784794159	22.83476904683052
0.7945905736303269	22.879525957177965
0.10753617600847276	22.8151185968002
0.14039706536846913	22.758052768549835
0.4655776032436655	22.917169097374817
0.4639801015034231	22.74249065626356
0.4930328929490004	22.699336941673643
0.7779418041624349	22.816882187536613
0.6330541862670793	22.720027118900227
0.37554656869075564	22.716894223894336
0.8825907585564612	22.491826749553585
0.5365505814773566	22.618433027391657
0.566091363268322	22.779403187187455
0.31353601007750864	22.755932242699686
0.4349817556709493	22.651087307572347
0.7899931269687948	22.657670970018156
0.47964241317613865	22.33238583219605
0.5557100064429472	22.839001454135477
0.3947998754944512	22.767402648658322
0.5266532818402342	22.816624746472367
0.07900301064582704	22.740838871786316
0.575071838170861	22.643069237361036
0.2382861567190671	22.585112177907373
0.16038709316032812	22.497901216219244
0.139525291539845	22.65343020603294
0.4763680147360086	22.76274405698945
0.021157133996099142	22.494408565113666
0.49962494747103636	22.67959671530771
0.18946012662238093	22.926599302774452
0.2728386102080858	22.79382818988804
0.29543366411179045	22.615098119146037
0.4366855151932605	22.66354468523185
0.4074199563953111	22.691323271006347
0.2937423793200004	22.498814506946182
0.6727140739408539	22.849300327556183
0.255328288583056	22.772144086526033
0.7065204576138551	22.789567559715596
0.11717554502874189	22.6784706430802
0.48872146376256265	22.767451029160036
0.14699920571902275	22.728019153918684
0.4708336815149206	22.623906468772038
0.5413742498824528	22.637160583153907
0.319532301031134	22.701361275106446
0.7757332283378644	22.695280762550276
0.8210512781128962	22.74152315145837
0.3319106183398963	22.773050092529434
0.47505437690036983	22.693787551149864
0.22994571169618272	22.51672693502361
0.36856323502673427	22.74260393694962
0.5831533301430999	22.606678584856486
0.7265873829194245	22.529101850718092
0.7211635405995989	22.87390999734048
0.18844649466729002	22.62098094583861
0.5467759829365841	22.740275873609253
0.6885579721547177	22.663941099510033
0.7625000690524331	22.557990196555007
0.5880442702806623	22.671805490492545
0.48310336033921053	22.813944846140217
0.5727687079792054	22.862607115175514
0.44499122549916387	22.642557004094567
0.5952555106589774	22.748638362580557
0.6244006010166147	22.63270563991181
0.8156942180243685	22.51402302414897
0.7326878082109034	22.707939310667054
0.18485461870342418	22.61908071548324
0.525608203305975	22.5889170233955
0.6515771718181839	22.68348149868957
0.7143903971285619	22.776744513260798
0.5680197361224169	22.671294925767686
0.2589326734540238	22.770304408892653
0.3512335269461949	22.661524781942205
0.3478001573164481	22.826517986680372
0.08290738916793666	22.74606638986851
0.32535637104234494	22.748379407886667
0.3661695336052655	22.7615856210242
0.5057462546505553	22.723909606648597
0.6373757924528052	22.655092622139996
0.4233235113649391	22.827009612284378
0.6619140457957902	22.67607051454318
0.6017529529409293	22.80780139093661
0.20450831126510172	22.654987106067153
0.2807516907809737	22.750521050527066
0.2646886084095559	22.736836201681538
0.37276241787707065	22.70951214866301
