-19386.0 -18234.0 
-18230.0 -19421.0 
-19386.0 -18234.0 
-19158.0 -18739.0 
-18234.0 -19401.0 
-19331.0 -18425.0 
-19215.0 -18639.0 
-18549.0 -19323.0 
-18295.0 -19399.0 
-19332.0 -18365.0 
-18832.0 -19089.0 
-19127.0 -18750.0 
-18587.0 -19293.0 
-18375.0 -19376.0 
-18300.0 -19392.0 
-19346.0 -18345.0 
-19177.0 -18678.0 
-18358.0 -19391.0 
-19371.0 -18288.0 
-18502.0 -19328.0 
-19120.0 -18773.0 
-19046.0 -18838.0 
-18770.0 -19152.0 
-18686.0 -19202.0 
-19090.0 -18779.0 
-18587.0 -19293.0 
-18867.0 -19032.0 
-19285.0 -18517.0 
-19236.0 -18588.0 
-18615.0 -19259.0 
-19054.0 -18810.0 
-18423.0 -19374.0 
-18707.0 -19193.0 
-19258.0 -18547.0 
-19351.0 -18312.0 
-18743.0 -19177.0 
-18637.0 -19258.0 
-18990.0 -18905.0 
-18684.0 -19229.0 
-18777.0 -19120.0 
-19301.0 -18459.0 
-18799.0 -19103.0 
-19029.0 -18848.0 
-19188.0 -18658.0 
-19079.0 -18790.0 
-18940.0 -18967.0 
-18438.0 -19368.0 
-19258.0 -18547.0 
-19067.0 -18803.0 
-19354.0 -18300.0 
-19028.0 -18868.0 
-18549.0 -19323.0 
-18653.0 -19246.0 
-18951.0 -18949.0 
-18716.0 -19179.0 
-18468.0 -19350.0 
-19215.0 -18639.0 
-18908.0 -19004.0 
-18502.0 -19328.0 
-18785.0 -19118.0 
-18889.0 -19018.0 
-19177.0 -18678.0 
-19285.0 -18517.0 
-18468.0 -19350.0 
-19015.0 -18878.0 
-18967.0 -18936.0 
-19294.0 -18487.0 
-19294.0 -18487.0 
-19236.0 -18588.0 
-18925.0 -18983.0 
-18858.0 -19050.0 
-18841.0 -19072.0 
-19308.0 -18452.0 
-18669.0 -19235.0 
-19012.0 -18889.0 
-18967.0 -18936.0 
-18449.0 -19354.0 
-18925.0 -18983.0 
-18360.0 -19382.0 
-18770.0 -19152.0 
-19242.0 -18573.0 
-18908.0 -19004.0 
-19242.0 -18573.0 
-18858.0 -19050.0 
-18841.0 -19072.0 
-19308.0 -18452.0 
-18987.0 -18915.0 
-19158.0 -18739.0 
-19188.0 -18658.0 
-18615.0 -19259.0 
-18743.0 -19177.0 
-18941.0 -18952.0 
-18799.0 -19103.0 
-19331.0 -18425.0 
-18659.0 -19237.0 
-19371.0 -18288.0 
-18888.0 -19023.0 
-18987.0 -18915.0 
-19332.0 -18365.0 
-19012.0 -18889.0 
