0.2793804299063867	205709.36485491265
0.02203488538500964	142698.98504922912
0.8282363395772092	158221.56030281456
0.4938662136936497	163182.27370085713
8.881273345154872E-4	152628.61198456696
0.7111742721698597	177626.98547224805
0.30012428098259936	182250.2478152462
0.844500764192602	171370.75521305983
0.8492948037022079	163780.111727409
0.6879005150421832	128922.1385054128
0.5362596414175627	137166.01520499238
0.9624169912094717	191343.58420599188
0.39076990715677307	172136.50019527864
0.5913125550505755	165822.17051145213
0.24332759557142647	150254.30431102565
0.10523716510013992	182852.68493602079
0.6084180163046636	146509.47476692914
0.4626496363960144	178775.55495543242
0.3445083482597403	173191.67298945348
0.4026758926255223	173254.51506068456
0.5611524552557989	180737.676989364
0.7544174681824716	149720.6340861559
0.4662944478651214	138086.73973906026
0.16790643853664644	169992.7830968056
0.0027657960338847154	129768.8684057403
0.22874358388635363	135984.71448833134
0.26421238048744944	144256.39692094031
0.4674343901350083	141104.56432720958
0.13786471026048852	174405.72457893068
0.058867829324531495	174670.28365945653
0.7723120776822242	140730.80674806822
0.8388312820927849	164523.951814235
0.40556419955695955	194801.74499750204
0.15817697736144154	145403.8044185115
0.3542644796673834	169934.00964419203
0.40218696080269367	172529.62536282113
0.7755600944741664	142115.2256513765
0.13202270106067637	171062.5489911688
0.19621411278861312	146340.153486287
0.632326941673666	146672.38683493112
0.5394755051399397	155913.7372947451
0.9362085488895169	162050.88023656735
0.6906971836436042	165168.63496358262
0.9274306444832721	165711.70923311895
0.4513648875582318	142342.8933759829
0.1881160862134742	189572.0071150623
0.24906148706434983	166083.8220280636
0.4237360691579839	144982.34887074446
0.7996364454675895	213186.24999212942
0.8981707325770002	151517.7839842188
0.9894857254590071	152930.03994813748
0.2514734266158506	149511.18713679866
0.4628136424532898	133866.8839220195
0.24611038354618042	168680.42557352295
0.2846274104279255	169407.80675995725
0.7406086264372564	210756.46651905222
0.6804004031136559	181287.12974457289
0.04214694115139683	204492.65438722383
0.863821937814777	169301.84458061273
0.9073559572653639	168122.70294352932
0.567377103062602	193078.62674016363
0.6909883004706083	141977.8326615979
0.7815351722838876	159125.97551717705
0.19758372486441	134614.93080285695
0.554220541168447	179981.69574978412
0.6066774507954881	152869.7311491833
0.854777213904894	152569.7497777528
0.005845718012758683	148870.3114324539
0.07693317721415172	166988.62234805425
0.7859511663754225	169031.91079619163
0.19343408315732358	193308.21286536256
0.7192439429183877	131559.53341294383
0.7647854407397632	174551.45106800649
0.10339207825108776	157835.34815174466
0.6604446917101755	155135.68942817498
0.46553615718778774	161332.47710273555
0.7221919756679087	157489.29788850152
0.10442139795959016	185168.03149581677
0.5682301011952854	163292.9006824513
0.15864132965825584	114117.71884224011
0.10294711304151949	137794.3933749975
0.3893065052405231	146788.12346052384
0.3748852238783751	194311.5780565203
0.1848369565686544	164164.98182295155
0.16007259891589098	160138.60788075996
0.21043116769539105	164564.98819510703
0.707123472401241	171835.22209969402
0.06608110346572382	173501.14495938676
0.4207571636396418	145714.52519571682
0.03447562450974517	145698.10920373639
0.8520796336274162	188729.86431811834
0.6601463682740544	174056.4536188528
0.10913370864762073	143636.68744688714
0.7262087307085858	139555.03347076123
0.7383029229588062	143765.13254474112
0.6504591808752579	148777.70096443873
0.5089370344445389	174769.488145505
0.673668587522732	155330.67547517092
0.9557309320483407	164592.83681497202
0.5357936903398028	176547.40162517247
