2.061404103960275201e-04
1.960856744088546933e-04
2.085487615000348191e-04
1.897004276319900974e-04
1.899311658674886975e-04
2.054412630011662828e-04
1.923150877811312994e-04
1.874733628972820613e-04
4.092672387362896315e-04
1.849707683711576201e-04
1.872387113225146694e-04
1.941101255894438161e-04
6.295590442708369093e-04
7.083707183754402387e-04
2.068150782169464875e-04
4.278969646283030002e-04
3.306469403852902323e-04
2.021675495339103244e-04
1.984623433459718235e-04
3.395481115835761012e-04
2.112609467603696804e-04
1.984704406758737102e-04
4.819269781532631194e-04
1.967782127620500761e-04
1.921996006601890076e-04
3.297309299744140211e-04
2.070394127694542852e-04
4.144428474998564809e-04
2.059878846438199004e-04
3.303600690080462678e-04
3.535821759547699231e-04
