0.8289902886159133 557.0563278453832 
0.22000548105442008 435.56313025442563 
0.4376669551983656 493.8401943757842 
0.24231706169614686 463.6220837238445 
0.14586856624904843 407.6305885756805 
0.9961379257687154 487.21229610228573 
0.3554312435538016 429.261402961725 
0.31497799638227086 469.78902335715327 
0.8187268672129042 481.2141475397789 
0.038777274157344666 408.02775476617205 
0.23849553105635068 451.2659584903156 
0.9782896267250072 486.81186035184095 
0.29627746220074547 438.9985282221037 
0.5540697201070812 442.9504948589517 
0.17014642731915242 462.5966955191398 
0.09994811139685256 432.3047386738456 
0.8743053939356026 404.1480839641005 
0.7046119295174226 436.7817737104395 
0.708529387654707 457.8689918505601 
0.671839552543391 443.50490343546744 
0.7600339932539262 449.50113348342353 
0.11818671451379636 503.9212466491635 
0.4497368615135471 491.4593327625452 
0.03937438320798514 483.3141386244266 
0.04581654771077237 424.62066761085464 
0.25799740566832763 470.6519694716161 
0.4602751465163627 402.25999261287257 
0.32888600041910354 454.04255635767953 
0.43206377472506785 438.41291690858833 
0.8814551498048757 488.8835012537633 
0.3103380041076166 454.3585554761515 
0.8040441023369788 464.9930590803199 
0.7979325655530427 442.94453101152726 
0.05115003176366861 470.3176765165651 
0.1603427137231811 474.3730901274309 
0.3925017382856607 421.011560290059 
0.12289106739845479 482.7771311793225 
0.0547760915247536 438.63712484212107 
0.9028893435429983 441.4997722733506 
0.43633799562588504 487.60192984085796 
0.6854082386257722 416.40802895528606 
0.6189760742290837 476.0636706731958 
0.3254653731905027 521.8127731712682 
0.48842072139067005 479.3518590502168 
0.6289710659868507 528.6849971734221 
0.617378996677954 421.9029116722266 
0.6930542276568793 412.41960625670214 
0.4638303313654555 452.2101982838307 
0.3292000934667255 422.68243171662294 
0.16415341006001638 500.0726431317799 
0.5621722684903087 373.8380367188874 
0.5940014272357221 526.7029849776709 
0.43619693280470884 487.37180507266197 
0.46308727573387576 457.8202059243357 
0.15327282319862534 461.96866217328267 
0.06439275626844376 508.4620926472511 
0.763116239784353 408.58664160919176 
0.717475655169323 406.9362414615488 
0.8965480796014953 404.3039009745325 
0.7403359679704627 436.3562696986956 
0.5111898600643535 446.7631629940287 
0.3078359931371124 447.64320313436355 
0.41291942971592666 486.95584694555504 
0.6025546638447006 461.72935703284577 
0.6800695322666837 483.68971399355667 
0.14859488569631774 413.8867531266123 
0.9273901148795888 418.7708711547589 
0.7211353192101212 482.8537846919598 
0.9075270972450182 455.7102076539389 
0.4927269409145779 443.016725102666 
0.7742912214543339 495.86377991001973 
0.08902507602491205 465.8503347430403 
0.17715562521870076 527.4918638936645 
0.5566062559265906 400.8049246339481 
0.4742773559691156 474.0575024023825 
0.5719909953442044 469.06936437424145 
0.19680743152370472 380.3993794183492 
0.7311420128469586 393.9924058102297 
0.35697395762773587 442.11480325965937 
0.3706195602783289 470.6162212450182 
0.3940709143820965 447.47476988778277 
0.4977452269567896 437.0131747535575 
0.9521099710813044 395.0707474579851 
0.5453036511217395 493.77950244373886 
0.2860054181288869 420.55992412674976 
0.3684189970513285 426.6798039635433 
0.44957722432707925 468.8086306173502 
0.4570727591792624 472.47634292674695 
0.533399540526056 408.3198566211235 
0.9594168137740261 437.2486215161624 
0.159125168904089 456.66977026455953 
0.3871133688014895 519.4568115957014 
0.7094378665671036 450.3986630681494 
0.3138849747628908 392.36474006844867 
0.5781185609363136 471.8225141321385 
0.5086632437046246 444.1188811216126 
0.4265343284730241 427.87456037388216 
0.22756538699708917 439.0321700066837 
0.266302374653403 470.32634544129985 
0.5682644511267253 529.4750651100578 
