7.804545796494500535e-04
7.590645674684036968e-04
8.570176542006304734e-04
8.281704427389602200e-04
8.143191987507238669e-04
7.606989757351045574e-04
8.188938375484119264e-04
7.485680112871524391e-04
7.609073165773245877e-04
7.599115133187881333e-04
7.727281612718666075e-04
8.021445743476512220e-04
8.908605106472172654e-04
8.653268995048620090e-04
8.967626193196258063e-04
8.411731812040651717e-04
7.524685034325031023e-04
7.707514410266560253e-04
7.747563371714601653e-04
7.267274928698083713e-04
7.886363795193595183e-04
8.033841091303519765e-04
8.016793145334969242e-04
8.053702175392488984e-04
7.841180337080310390e-04
7.535092783716862419e-04
7.282651538414391208e-04
8.868599370337710381e-04
7.511600560929716959e-04
8.170388380857140746e-04
7.754265146323862518e-04
