2.796871311609526629e-03
2.892314687311887521e-03
3.263492736784416679e-03
2.572179654848532563e-03
3.109697600987647477e-03
4.251504976713249909e-03
2.444847854793718005e-03
3.294186723531843108e-03
2.243548608510443146e-03
2.359583976545388123e-03
2.811247914035465163e-03
3.186297478466678431e-03
2.845050388033399259e-03
3.598115057112007652e-03
3.965257748257259782e-03
3.546995393314831928e-03
2.354570149166119834e-03
2.524415997184382716e-03
2.718552780433987348e-03
3.435772603954853708e-03
3.191950321688846390e-03
2.507851088254168040e-03
2.811327870108256462e-03
2.451270965388864520e-03
3.797225898443358765e-03
2.368645189992280974e-03
2.644080654277838546e-03
3.107817043512407350e-03
3.052478305625206095e-03
3.720210021905104303e-03
2.519860112889426608e-03
