0.5775809037569287	474.92617731051763
0.2100093322743546	421.321404913821
0.0648830900152898	400.04847309464924
0.702135199008711	486.79984654075025
0.05829259425886024	432.61048490214404
0.633159463324466	425.0101391123941
0.4983221797404507	448.364664475166
0.136941524286183	444.27546246374243
0.09347312364156224	386.51805791787274
0.9342236925765736	536.472201113876
0.32579933522891147	380.42936885593554
0.7282332936796175	440.2100787359164
0.519349452905241	416.0030972818514
0.737499810684122	463.4779411985478
0.25881213489590016	498.3385825041983
0.6891992035389221	439.65583012814403
0.6206374367013994	461.6819552238286
0.5423101299229903	435.3710407223094
0.16212291615609264	421.1263390171837
0.7958319525097591	425.74803085788886
0.3491370131213274	470.75697301624274
0.8165145792892636	503.4918106305739
0.1849630374774911	468.4612277890219
0.627502868175596	426.0554326076366
0.20239235961836155	441.4069209895409
0.8741608349118755	440.261294529238
0.4035401538422705	456.8956686798075
0.80609726030917	421.1549117498435
0.45132918661013666	387.59134570656
0.2958110783701128	432.00537665538246
0.8946978481321085	450.0137980945086
0.6093076324212203	486.86664126570435
0.5847162407246728	483.6934886239075
0.9164752497366835	424.07050057972765
0.18626730553882032	427.2475395471288
0.7865545668066887	488.1935417994082
0.2867876074837383	436.36517009438575
0.5875839921616548	517.2590219911566
0.0203164172590774	468.0024314062881
0.8168009287004572	422.73470286436367
0.4199454730122102	443.11715556817694
0.480088007014288	485.91295174448567
0.12932388300693765	487.3874320235605
0.8471619900201501	428.2970296738564
0.9897058755782425	463.3926155911676
0.6545127311562973	478.0193488644549
0.46557892803039513	478.8232642708699
0.38548847314800694	420.69660728914505
0.615919249446727	454.9315781346489
0.10729339148221373	440.3053087164133
0.24201190843731113	384.63859686256296
0.3141042448594703	497.9779577071064
0.48731283483810595	442.4849017328116
0.48626253205760517	432.1785735055831
0.5157576873939438	454.3215025171165
0.4517548723560513	459.7451018372948
0.17824359268636447	485.10510513105464
0.8838329713604755	489.4553608342307
0.8391845808041678	431.62026526074897
0.7944851771788864	521.608515835214
0.6784762465283201	450.0247201063231
0.13324657880045365	473.17378047813975
0.9996007100879322	545.2960944876745
0.26129348838669864	491.6316474504005
0.19915681983562827	432.2821487655108
3.03101409844575E-4	383.7238989398963
0.370101010231199	422.44956369573885
0.45357434019029885	430.23867310682465
0.529895624503452	476.2941912834434
0.0845676973795878	431.67418310964365
0.18708892547258116	435.9483483273641
0.348899425263953	418.9702553394353
0.5587300662064281	428.35161633013956
0.031161825262032816	462.7773808485532
0.9831335111666306	396.0425939238676
0.6965986431161699	477.775337799871
0.14090767113853064	462.5413698467346
0.5033011098004986	510.61156639457687
0.40410002671362244	427.6987521881247
0.37896194188141696	380.80426211840853
0.4458888235192634	429.72267097497445
0.5096611208101939	450.4206489978529
0.7354922713793864	475.3516688188832
0.22625133981105316	472.5605356296984
0.5948418249767053	485.208786893738
0.1758492896814835	364.3130680197537
0.22366523884100153	441.47266692735406
0.5584003231770872	433.57091418192925
0.33006497279325786	428.09672541587634
0.20789131554258367	509.26233254350245
0.4404192878651093	477.47796980010503
0.49815530619018333	434.35966070198185
0.8013977143855052	448.71712339734216
0.06966518747272277	456.0507501844462
0.24760724035520632	467.77084472948275
0.39504881287762084	446.96464383914395
0.9971304017730531	434.87049476368
0.5695877447415607	430.8852715899526
0.05194842059931859	482.8599650884281
0.2488011015556829	407.73366752157415
