-19618.0 -20636.0 
-20132.0 -19998.0 
-20132.0 -19998.0 
-19999.0 -20390.0 
-19802.0 -20549.0 
-20127.0 -20101.0 
-19942.0 -20411.0 
-19873.0 -20532.0 
-20027.0 -20334.0 
-19779.0 -20553.0 
-19695.0 -20605.0 
-20097.0 -20214.0 
-20009.0 -20350.0 
-19661.0 -20613.0 
-20048.0 -20289.0 
-20107.0 -20169.0 
-19725.0 -20602.0 
-19893.0 -20473.0 
-19661.0 -20613.0 
-20116.0 -20137.0 
-20127.0 -20101.0 
-19880.0 -20506.0 
-19880.0 -20506.0 
-19903.0 -20460.0 
-19940.0 -20431.0 
-19748.0 -20573.0 
-20107.0 -20169.0 
-19763.0 -20569.0 
-20070.0 -20248.0 
-19925.0 -20447.0 
-19736.0 -20591.0 
-20110.0 -20146.0 
-20082.0 -20222.0 
-20060.0 -20269.0 
-19893.0 -20473.0 
-20048.0 -20289.0 
-20009.0 -20350.0 
-20070.0 -20248.0 
-20060.0 -20269.0 
-19678.0 -20610.0 
-19736.0 -20591.0 
-19873.0 -20532.0 
-20055.0 -20286.0 
-19903.0 -20460.0 
-19678.0 -20610.0 
-19763.0 -20569.0 
-20080.0 -20233.0 
-20116.0 -20137.0 
-19926.0 -20442.0 
-20097.0 -20214.0 
-19748.0 -20573.0 
-20080.0 -20233.0 
-19725.0 -20602.0 
-19925.0 -20447.0 
-19940.0 -20431.0 
-20110.0 -20146.0 
-19926.0 -20442.0 
-20082.0 -20222.0 
-20055.0 -20286.0 
-19880.0 -20506.0 
-20107.0 -20169.0 
-19893.0 -20473.0 
-20048.0 -20289.0 
-20009.0 -20350.0 
-20060.0 -20269.0 
-19873.0 -20532.0 
-19678.0 -20610.0 
-19748.0 -20573.0 
-20080.0 -20233.0 
-19725.0 -20602.0 
-19940.0 -20431.0 
-20110.0 -20146.0 
-20082.0 -20222.0 
-20055.0 -20286.0 
-20055.0 -20286.0 
-20107.0 -20169.0 
-20080.0 -20233.0 
-20107.0 -20169.0 
-20082.0 -20222.0 
-20060.0 -20269.0 
-20055.0 -20286.0 
-20048.0 -20289.0 
-20080.0 -20233.0 
-20107.0 -20169.0 
-20107.0 -20169.0 
-20080.0 -20233.0 
-20107.0 -20169.0 
-20055.0 -20286.0 
-20060.0 -20269.0 
-20082.0 -20222.0 
-20055.0 -20286.0 
-19725.0 -20602.0 
-20080.0 -20233.0 
-20055.0 -20286.0 
-20107.0 -20169.0 
-20009.0 -20350.0 
-20055.0 -20286.0 
-20060.0 -20269.0 
-20107.0 -20169.0 
-19725.0 -20602.0 
