2.177641856720762762e-04
2.163170330184161221e-04
2.351124858329679801e-04
2.741485367835032718e-04
2.196418006616272962e-04
2.232047322714733704e-04
2.359321990594324069e-04
2.667009262577436056e-04
2.236516889399346730e-04
3.357148964838353863e-04
2.611504440508242465e-04
2.602554290726622008e-04
2.361447746443652899e-04
2.499998360619080625e-04
2.313740876849875101e-04
2.177143832083799414e-04
2.548729493966651340e-04
2.268822344714746802e-04
2.862906655107535191e-04
2.537577441494333883e-04
2.930022895654824295e-04
2.467024707150169971e-04
2.840008561116167296e-04
2.412085989305291398e-04
2.350581389711595430e-04
3.272566949700048827e-04
2.678392719479629771e-04
2.457959336394327878e-04
2.367147796639073665e-04
2.012865908915830425e-04
2.741667792885841876e-04
