1	3011.059488723399
2	2823.010454768195
3	2823.010454768195
4	2823.010454768195
5	2634.7140333296893
6	2260.35630907063
7	2260.35630907063
8	1994.9143621362591
9	1994.9143621362591
10	1831.5032988742191
11	1831.5032988742191
12	1736.6675821408332
13	1583.498275212228
14	1536.487157042162
15	1363.720562092382
16	1246.5543030284218
17	1218.4790292961704
18	1194.8994537573446
19	1080.2860222361412
20	1044.3806633501742
21	848.3098159128725
22	827.4934135260119
23	803.7614673687237
24	709.5655648970577
25	708.3582141574072
26	659.9193407646529
27	629.1598505057228
28	579.2493669356007
29	571.6666147647537
30	549.2077694523309
31	526.7612263104538
32	490.65875561910167
33	479.05828866548336
34	475.07594796246434
35	470.24836513028674
36	450.9853249157238
37	437.96111381114
38	420.38685492000025
39	389.61129672035656
40	374.0162169665343
41	352.57362060375226
42	332.2793406715113
43	311.8444434284135
44	298.61958592199215
45	288.10871333024653
46	278.81751050723915
47	261.64765149196626
48	255.2733656860221
49	246.73082396198933
50	235.3832896544257
51	230.02623065630993
52	212.6732889835294
53	211.10779748561666
54	204.0753049737847
55	194.5958742938912
56	187.26318440459693
57	179.80278811989774
58	177.8409636888794
59	176.13489364491477
60	166.1589715286025
61	165.784588556283
62	152.84873018582965
63	140.79455374607255
64	140.79455374607255
65	137.2152612600138
66	132.98405475129525
67	118.40781572964613
68	106.1183907665016
69	105.11291480436651
70	93.95272687314221
71	93.95272687314221
72	86.8089261516743
73	86.8089261516743
74	86.8089261516743
75	84.32667637701863
76	78.53255839655532
77	77.41152464339989
78	65.70919046886213
79	65.70919046886213
80	65.70919046886213
81	64.50672414366915
82	62.91367705766716
83	56.115790577499745
84	53.56500568347571
85	51.05308821864374
86	48.15524918814886
87	43.23434613406313
88	42.403729692856906
89	37.16084928239716
90	37.16084928239716
91	35.382006830471504
92	30.691488237838787
93	29.979800449427568
94	26.997974166728056
95	22.882769811014256
96	22.806431799738455
97	20.482954334709365
98	19.073733091104426
99	19.0648038113249
100	19.0648038113249
101	18.510850351302775
102	18.214428460393584
103	16.813095455931556
104	15.958321252552764
105	15.175640179366521
106	14.181110213769134
107	13.774926694453423
108	13.774926694453423
109	12.773588938999021
110	12.28752195249468
111	11.962071889821468
112	10.18622572065237
113	10.18622572065237
114	10.18622572065237
115	9.899383206996587
116	9.468572493687407
117	9.334117702839313
118	8.674791211393009
119	8.674791211393009
120	8.499547605230417
121	8.15728478084913
122	8.022738498044523
123	8.022738498044523
124	7.75046379164954
125	7.546556782006915
126	7.406997571762406
127	7.320447689921359
128	6.89534784108327
129	6.89534784108327
130	6.89534784108327
131	6.505793717685367
132	6.403653541717779
133	5.8262635856014215
134	5.8262635856014215
135	5.8262635856014215
136	5.8262635856014215
137	5.381098254478324
138	5.271966822830811
139	5.11200171927128
140	4.7129467504354166
141	4.6061838226731995
142	4.129753850392749
143	3.887843801028162
144	3.887843801028162
145	3.887843801028162
146	3.887843801028162
147	3.843399978736734
148	3.3603818864813166
149	3.2329163119230726
150	3.087465217448879
151	3.087465217448879
152	3.0710611653958244
153	3.049669950299952
154	3.049669950299952
155	2.8709896987483323
156	2.820693034728154
157	2.775273706507397
158	2.775273706507397
159	2.6626342358772437
160	2.6626342358772437
161	2.54585564249108
162	2.5144738707530303
163	2.4072286250562134
164	2.301036203956928
165	2.279187947720356
166	2.1688217853564167
167	2.1179815445535173
168	2.018881410546516
169	2.018881410546516
170	1.7615738884301393
171	1.7615738884301393
172	1.6994932224312
173	1.5875987599207884
174	1.5801981656652737
175	1.5211557089116416
176	1.2412482968070297
177	1.2412482968070297
178	1.2412482968070297
179	1.2412482968070297
180	1.1633618480870678
181	1.0373444632659998
182	1.0372270736131868
183	1.0372270736131868
184	0.9229391098264482
185	0.9229391098264482
186	0.9103759750418464
187	0.9103759750418464
188	0.9103759750418464
189	0.8866794235082879
190	0.8866794235082879
191	0.8809452976138403
192	0.844712534811425
193	0.844712534811425
194	0.836599194407438
195	0.8171718693907087
196	0.8049148019399187
197	0.7581345110772849
198	0.7581345110772849
199	0.7581345110772849
200	0.7261231755484513
201	0.7261231755484513
202	0.724366423379293
203	0.7099792221912223
204	0.6907744288886215
205	0.6569354051240196
206	0.6477848512796341
207	0.6247877017114994
208	0.6113890202213161
209	0.6113890202213161
210	0.6113890202213161
211	0.5722628928675411
212	0.5722628928675411
213	0.5722628928675411
214	0.5701142806001096
215	0.5689764012979079
216	0.553914455042834
217	0.553914455042834
218	0.5396566089678346
219	0.5289546140216034
220	0.5215128973225441
221	0.5197800568022984
222	0.511788827301231
223	0.46931797590404056
224	0.46931797590404056
225	0.46931797590404056
226	0.46931797590404056
227	0.4647661408558835
228	0.42923803698803487
229	0.42923803698803487
230	0.418244588522264
231	0.418244588522264
232	0.3989292649794679
233	0.3989292649794679
234	0.3989292649794679
235	0.3989292649794679
236	0.3790587707066174
237	0.3790587707066174
238	0.3710646850746681
239	0.3710646850746681
240	0.3657380504444339
241	0.3375155253509996
242	0.3375155253509996
243	0.3375155253509996
244	0.3375155253509996
245	0.3375155253509996
246	0.3355716779437581
247	0.3235691139329627
248	0.3235691139329627
249	0.31519541207661145
250	0.30412084487250607
251	0.30412084487250607
252	0.3025640069316361
253	0.2937061119312592
254	0.29121514030964707
255	0.28962194758936216
256	0.26976078342708815
257	0.26976078342708815
258	0.26976078342708815
259	0.26248729828710654
260	0.2572037347543197
261	0.2542911277083695
262	0.2529924425044456
263	0.2518359369713809
264	0.24347616717129725
265	0.24081798565744417
266	0.23901435696173523
267	0.23650064716714356
268	0.22259749699050294
269	0.21024250880850587
270	0.21024250880850587
271	0.21024250880850587
272	0.1978046355524918
273	0.19148537112856714
274	0.19148537112856714
275	0.18878634693380522
276	0.18878634693380522
277	0.17854530482008354
278	0.17854530482008354
279	0.17854530482008354
280	0.17168226053411956
281	0.17168226053411956
282	0.16628938905769666
283	0.16628938905769666
284	0.15916440031224885
285	0.15916440031224885
286	0.15912711894909218
287	0.15863895035708023
288	0.15863895035708023
289	0.15795469170874754
290	0.15022071206086582
291	0.14483028877580292
292	0.14483028877580292
293	0.14483028877580292
294	0.14483028877580292
295	0.13528203964507757
296	0.12870021523389114
297	0.12870021523389114
298	0.12549808571787288
299	0.12549808571787288
300	0.12549808571787288
301	0.12418612946720849
302	0.11674708362156168
303	0.11674708362156168
304	0.11674708362156168
305	0.1122733556163738
306	0.1009508089258185
307	0.1009508089258185
308	0.10085601382607896
309	0.10034555907336322
310	0.10007174542431539
311	0.10007174542431539
312	0.09213729074583461
313	0.09213729074583461
314	0.09213729074583461
315	0.09213729074583461
316	0.09213729074583461
317	0.09213729074583461
318	0.09167635792702133
319	0.09167635792702133
320	0.09042665289005374
321	0.08903902740298231
322	0.08825957579812706
323	0.08825957579812706
324	0.08825957579812706
325	0.08825957579812706
326	0.08748119460754453
327	0.08593528429785284
328	0.08593528429785284
329	0.08593528429785284
330	0.08576314268950119
331	0.08576314268950119
332	0.08472037047989028
333	0.08472037047989028
334	0.08472037047989028
335	0.08452598973969258
336	0.08452598973969258
337	0.08373769476578032
338	0.0810968444669976
339	0.0810968444669976
340	0.0810968444669976
341	0.0810968444669976
342	0.0810968444669976
343	0.07884687429916061
344	0.07884687429916061
345	0.07880043523000849
346	0.07880043523000849
347	0.07815154675367778
348	0.0777923313154128
349	0.0765623361079779
350	0.07500836247244703
351	0.07500836247244703
352	0.07500836247244703
353	0.07500836247244703
354	0.07500836247244703
355	0.07500836247244703
356	0.07500836247244703
357	0.07098115576211038
358	0.07098115576211038
359	0.07098115576211038
360	0.07083295086982692
361	0.07012542908134821
362	0.07001788907446327
363	0.06870165866013458
364	0.06870165866013458
365	0.06841434363305601
366	0.06841434363305601
367	0.06841434363305601
368	0.06569359091781403
369	0.06569359091781403
370	0.06569359091781403
371	0.06569359091781403
372	0.06569359091781403
373	0.06569359091781403
374	0.06569359091781403
375	0.06517349849545093
376	0.06517349849545093
377	0.06151709016790934
378	0.06151709016790934
379	0.06151709016790934
380	0.058225718132888606
381	0.058225718132888606
382	0.058225718132888606
383	0.058225718132888606
384	0.057974383797865556
385	0.05341495524096332
386	0.05341495524096332
387	0.05341495524096332
388	0.05306614654685689
389	0.05280680300973007
390	0.05280680300973007
391	0.05280680300973007
392	0.050546251584995205
393	0.05035456612838688
394	0.050282395493902246
395	0.04727519151961387
396	0.047223847715055056
397	0.04690703790687765
398	0.04690703790687765
399	0.04690703790687765
400	0.04690703790687765
401	0.04534563467646877
402	0.04534563467646877
403	0.04534563467646877
404	0.04534563467646877
405	0.04534563467646877
406	0.04510388550630543
407	0.045048973217416126
408	0.045048973217416126
409	0.045048973217416126
410	0.045048973217416126
411	0.045048973217416126
412	0.04399621401084144
413	0.04399621401084144
414	0.04399621401084144
415	0.043698378683698705
416	0.043665286491665865
417	0.04364773396892414
418	0.04286077676317575
419	0.04286077676317575
420	0.0425430524652355
421	0.0425430524652355
422	0.04242714032701955
423	0.042130810468499626
424	0.04119435212472795
425	0.04104339801462727
426	0.04104339801462727
427	0.04100721067833528
428	0.040938502576320264
429	0.03771929002920913
430	0.03771929002920913
431	0.03771929002920913
432	0.03586012106855646
433	0.03563520728760369
434	0.03534774211648763
435	0.03331665244004445
436	0.03268961008026166
437	0.03170608030522156
438	0.03170608030522156
439	0.030961057722700754
440	0.03093664957301393
441	0.030850609820712423
442	0.030729386022347493
443	0.029457644009626367
444	0.029367346695069466
445	0.02936686865414244
446	0.02935458212743742
447	0.02913883739236493
448	0.02913660397559751
449	0.026941844607067514
450	0.026941839786494108
451	0.026872154017790223
452	0.026872154017790223
453	0.026872111840842962
454	0.02679380875497753
455	0.02679370530222503
456	0.026390106125844685
457	0.02628137892977348
458	0.02628137892977348
459	0.02628080842554804
460	0.02584157221724164
461	0.02470987960132268
462	0.02470342858385395
463	0.02470342858385395
464	0.024662972000470473
465	0.02453127088647448
466	0.02345755484870508
467	0.02344309381816442
468	0.02344187148071349
469	0.02344187148071349
470	0.023420142694735382
471	0.02340959012165749
472	0.022949234071344273
473	0.02254461229595607
474	0.022293654088659805
475	0.022286637669201626
476	0.02228469628710269
477	0.022280714240101394
478	0.022280391602162882
479	0.0222238490338392
480	0.02222352367627778
481	0.022219954413603176
482	0.01942315398705369
483	0.019421953382019803
484	0.019398728072744672
485	0.019395988630095853
486	0.019386320957081166
487	0.019338516068798852
488	0.01907389104285671
489	0.01907389104285671
490	0.019068374533888148
491	0.018835116025319336
492	0.01883098292826256
493	0.01880904846388819
494	0.017119633266632947
495	0.016976185191861174
496	0.016094900590353595
497	0.01608246021965178
498	0.016065090605671052
499	0.015971182893306953
500	0.01597088089434728
501	0.015970344172967905
502	0.015928876223594308
503	0.01592547767172959
504	0.01589767008893512
505	0.015887123286529487
506	0.015359349466366957
507	0.015344650253083734
508	0.015339436793861022
509	0.015145025147487019
510	0.014604353154732618
511	0.01460339050495109
512	0.014562099420432581
513	0.014559377424140046
514	0.01452394323328709
515	0.014335160797558267
516	0.0142234608207472
517	0.0141359522848153
518	0.013944425850137075
519	0.013930734507549232
520	0.013873384799315417
521	0.013863408007825475
522	0.013857307824635096
523	0.013676614107982647
524	0.01367101357876455
525	0.01360021566361752
526	0.012985976809081185
527	0.012984008770895684
528	0.012981167428206264
529	0.01297667266309619
530	0.012975236299662067
531	0.012670089872936992
532	0.01260326710627033
533	0.012592507378592745
534	0.012592507378592745
535	0.012590847484378258
536	0.012533373767643284
537	0.012533363931107083
538	0.012437628584864453
539	0.012103481639081202
540	0.012102202880153502
541	0.012073788627582583
542	0.012070671431476974
543	0.011328176605976268
544	0.01132131518235598
545	0.011317134100962476
546	0.01122913820060963
547	0.011236810341133663
548	0.011192237155633751
549	0.011189537639117635
550	0.011189417425306885
551	0.011186487737527841
552	0.011186215395906213
553	0.011177188449511837
554	0.011174259580668465
555	0.011173642737016654
556	0.0111715598039544
557	0.010227982308847422
558	0.010214217179605073
559	0.010211123861002449
560	0.010204745664551911
561	0.010203549411845413
562	0.010183757387476304
563	0.010148167921015337
564	0.010135369883841379
565	0.010029525538175106
566	0.009973745203452379
567	0.009973661030978047
568	0.009945588823905721
569	0.00963896325998173
570	0.009619308391583831
571	0.00961347334816319
572	0.009471512079620967
573	0.009101056533918671
574	0.00854953655597345
575	0.008541612105791034
576	0.008529894476020046
577	0.008490695381401788
578	0.00847266656010793
579	0.008311309116201588
580	0.008304211724356577
581	0.008297424603808378
582	0.008224338253164161
583	0.008126455022764024
584	0.008099779818359604
585	0.007987493293317634
586	0.007976394547527257
587	0.00797612493597106
588	0.007917263788120093
589	0.007907290406484097
590	0.007722789928758995
591	0.007690272515316433
592	0.007654751897839127
593	0.007650330734217239
594	0.007649169681410915
595	0.0076234290640242765
596	0.007639515625283221
597	0.0076326339149139786
598	0.007619508762286315
599	0.007614601892712595
600	0.007611002945759655
601	0.00759898476055978
602	0.00758410067045845
603	0.007577569953719291
604	0.007576130146732786
605	0.0075715633379936495
606	0.007567156088403241
607	0.007562501886017114
608	0.007560335522215886
609	0.007559918348857265
610	0.007554004569039609
611	0.007548538112866771
612	0.007531951746922754
613	0.0070071432169558825
614	0.006999378800424361
615	0.0069985290901391495
616	0.006987999041083721
617	0.00697847226994642
618	0.006977060260915735
619	0.006976688821710944
620	0.00691409614309721
621	0.00690613514731733
622	0.006902161175649114
623	0.006901928600840527
624	0.006859537098527068
625	0.006854735971807385
626	0.006843087199651386
627	0.006830721078324739
628	0.006828874696570564
629	0.006826622834227643
630	0.006810747702280507
631	0.006781910874533249
632	0.006762385630601496
633	0.006672857422798087
634	0.006517112937152126
635	0.006454261255520859
636	0.0064320549347187846
637	0.0064040474715140695
638	0.006371299672531314
639	0.0061184201775629585
640	0.0060872164108407715
641	0.006034386301767218
642	0.00600316209383567
643	0.005911237449706821
644	0.005832618842566538
645	0.005496369388174433
646	0.005377612126190169
647	0.005322599709758273
648	0.005249375191663638
649	0.005152335013934999
650	0.005133523477085276
651	0.005125215823764518
652	0.005081867031207286
653	0.005073429964353002
654	0.0050629409206035
655	0.005033908356421204
656	0.005027217318897897
657	0.0048758319885609915
658	0.00486824790256493
659	0.004761737489776382
660	0.0047573855970428
661	0.004750071447733038
662	0.0047406206606358725
663	0.004733320497470223
664	0.004729790309681031
665	0.004729636814420999
666	0.0047271442453781
667	0.004716937244742472
668	0.004711394813765281
669	0.0046725319777018975
670	0.004668807322958833
671	0.004668443969643189
672	0.004667480737915432
673	0.004667915572134249
674	0.004657922189948461
675	0.004647302052196399
676	0.00464606295236284
677	0.0046441173141958956
678	0.004642037409094414
679	0.004639936439863622
680	0.004639027286554817
681	0.004634696939063015
682	0.004633874910828285
683	0.004631657690498849
684	0.004579643921404833
685	0.004579564412915044
686	0.00456390007020992
687	0.0045620738966962344
688	0.004561182365056832
689	0.004560754901850013
690	0.0045445001981614065
691	0.004535164942751288
692	0.004515572154835255
693	0.004513283245670733
694	0.0045080815354291105
695	0.004483131895789002
696	0.004470834737554821
697	0.004458703856052121
698	0.004438380961685664
699	0.004421494302013678
700	0.0044143680240007685
701	0.004352039369592414
702	0.004334596858301351
703	0.004327290441974408
704	0.004297163036102142
705	0.004230046861458928
706	0.004205043133915907
707	0.004189288871630909
708	0.004183351547954587
709	0.004076680756452649
710	0.004057114454735813
711	0.004044118581636027
712	0.003956563603053374
713	0.003944812222330974
714	0.003943472448578355
715	0.003914208120363769
716	0.0038955922534312133
717	0.0038898845710177983
718	0.0037152196917085213
719	0.003664230281378881
720	0.003644179701189046
721	0.003628636115677349
722	0.003612391289957822
723	0.003604573267125626
724	0.0035884936221975408
725	0.0035694665406202503
726	0.003540011896982653
727	0.0035046000477323485
728	0.003491118197047158
729	0.0034642440218952907
730	0.0034510092496826883
731	0.0034455643123053655
732	0.003424615743005431
733	0.0033403411532460054
734	0.003327040922306193
735	0.0032980345522252343
736	0.003274425167915131
737	0.0032661457950127508
738	0.003264234191465587
739	0.0032381363487303584
740	0.003211866026474824
741	0.003191873952262874
742	0.0031884677603524554
743	0.003092526306939626
744	0.0030892745298480282
745	0.003077632208816442
746	0.0030395078555222744
747	0.0030166613723991396
748	0.0030147546050659636
749	0.0030036756261212255
750	0.0029978667416520784
751	0.002992239895306955
752	0.0029430718865442683
753	0.002933166177236198
754	0.002929319980435886
755	0.0029248251505406323
756	0.00292192424261825
757	0.0028770811866004834
758	0.002871612433380687
759	0.002856889146278657
760	0.002789180975236527
761	0.0027885767082866486
762	0.002776175634122195
763	0.002746958059652092
764	0.0027448251982900474
765	0.002718971463289364
766	0.0026816773620431758
767	0.002667489925901224
768	0.002581245038052917
769	0.002573455168630869
770	0.002536646708314934
771	0.0025163129382025484
772	0.0024918188330431005
773	0.002483718450246107
774	0.0024633602205142604
775	0.0024498628987833265
776	0.0024412133447302064
777	0.002425362419625892
778	0.0024160692719290464
779	0.002405030866032375
780	0.0023988927168067135
781	0.0023891683509817043
782	0.0023859776147618457
783	0.002381771442756864
784	0.002381237242225603
785	0.002377985680269119
786	0.002380055516085314
787	0.002372459661855748
788	0.002367475934615416
789	0.002357307440898988
790	0.002343504556374145
791	0.0023390403484028497
792	0.0023249621256040158
793	0.0023179700946903427
794	0.002312182599314974
795	0.0023081432537222046
796	0.0023064490286194518
797	0.002313475029324768
798	0.002306742093062302
799	0.0022987748104969256
800	0.0022873817906199413
801	0.0022884160304092707
802	0.0022838057914053257
803	0.0022773236334295063
804	0.0022750769440383635
805	0.0022744581412298477
806	0.0022750679452453117
807	0.0022729792007616665
808	0.0022682681749728625
809	0.002263510230112537
810	0.0022586550329300524
811	0.0022551668009127067
812	0.002255184808431737
813	0.002251222783236618
814	0.0022467875935957195
815	0.0022376464439962116
816	0.002233583005036175
817	0.0022287368274922516
818	0.002221010110708313
819	0.0022240999992563485
820	0.0022152126104503307
821	0.002213206202229398
822	0.0022122049965085295
823	0.0022116533508185947
824	0.0022081713068233203
825	0.002207800628306053
826	0.002202609894815397
827	0.0021991740430779352
828	0.002200175829416064
829	0.0021993160207261333
830	0.00219497859930922
831	0.002195110125160841
832	0.002189110062320727
833	0.002185327370535574
834	0.0021814805558325345
835	0.0021805817475443142
836	0.002176863898917296
837	0.0021745996210310948
838	0.0021714216623754294
839	0.002170054081357003
840	0.0021640605193760398
841	0.0021636954448858705
842	0.002161479111548773
843	0.002158605700307664
844	0.0021559576222518516
845	0.002153393352103997
846	0.0021549219693535395
847	0.0021530318333520346
848	0.0021449747562175743
849	0.0021433369162285982
850	0.0021395360358610095
851	0.002131048567336756
852	0.002121633527651289
853	0.0021070421450114494
854	0.0020997032347277013
855	0.0020998429268179303
856	0.002093524231488283
857	0.0020920854180852795
858	0.002077420412217408
859	0.002062992796517277
860	0.002045422986646045
861	0.002035278956844395
862	0.0020196495847376182
863	0.002010875098593462
864	0.001989695241737277
865	0.001973047417741701
866	0.0019595955264525575
867	0.001944657190396139
868	0.0019179426628451505
869	0.0019012627938960784
870	0.0018950787631975782
871	0.001881412107274137
872	0.0018661724452507776
873	0.0018588930992815991
874	0.0018302630521412075
875	0.0018151081726650441
876	0.0018099293985361724
877	0.0017831021720309704
878	0.0017801697329460988
879	0.0017613070563314806
880	0.0017285902843615006
881	0.0017182189329746794
882	0.0017088114241642135
883	0.001696972597664282
884	0.0016946043163313853
885	0.0016825388385642245
886	0.0016773743223148616
887	0.0016601089586823449
888	0.0016514579919112988
889	0.0016320985676667875
890	0.0016153044089594454
891	0.0016036426326677005
892	0.0015959104715138922
893	0.0015815422551912733
894	0.0015743514108519415
895	0.0015668797697544212
896	0.0015564383740563988
897	0.0015481818859608594
898	0.001538461684915344
899	0.0015305237773578517
900	0.0015206981843521213
901	0.0015102842574881094
902	0.0015013458657709966
903	0.0015038214109719583
904	0.0014885824206409667
905	0.0014857458580747318
906	0.001476267512314235
907	0.0014738497397015712
908	0.0014716094210016587
909	0.0014684999536949657
910	0.0014678919093810028
911	0.0014620300775515826
912	0.0014528108380312999
913	0.0014491859674021263
914	0.0014498057103047427
915	0.001447226155457106
916	0.0014411846404912521
917	0.0014412300756192515
918	0.0014384407763605932
919	0.0014373141245658668
920	0.0014344448233200198
921	0.001427113745213663
922	0.001422711371078148
923	0.0014226412082524547
924	0.0014113002834475325
925	0.0014103117930349628
926	0.0014063585621378132
927	0.0013976694791009228
928	0.0013907877087121364
929	0.0013875779538774777
930	0.0013774580754457252
931	0.0013683691860902393
932	0.0013610668126008288
933	0.0013575160696643878
934	0.00135738472739257
935	0.0013522135906240292
936	0.001338318326397396
937	0.0013283351683485553
938	0.0013208764263159005
939	0.0013231779215707082
940	0.0013139363734035131
941	0.0013106795095351577
942	0.0013027103949151526
943	0.001298393837142226
944	0.001294275708509035
945	0.0012885125147416828
946	0.0012820443913613973
947	0.0012734707764162974
948	0.0012715028300470937
949	0.0012693896813207347
950	0.0012738018053553674
951	0.0012729014715068348
952	0.0012700267556559495
953	0.001271293119573046
954	0.0012709454875392218
955	0.001265676045655911
956	0.001261685719631742
957	0.0012597007553577595
958	0.0012573346268019518
959	0.0012580715030230416
960	0.0012512180631067595
961	0.001245471615364023
962	0.0012411277779305113
963	0.0012411036866076853
964	0.0012366784489136725
965	0.0012330243965406786
966	0.0012332641615482778
967	0.0012319417961482206
968	0.0012293710423325614
969	0.0012279225963696973
970	0.0012257014930197093
971	0.001223549289673846
972	0.0012262562406052033
973	0.0012226117111288337
974	0.001221669650201563
975	0.001216168183282182
976	0.001214786075220305
977	0.0012131331645070646
978	0.0012139071017143025
979	0.001210454113821328
980	0.0012054878106306603
981	0.0012018828541047828
982	0.0011990761110210843
983	0.0011986722754794349
984	0.0011918569066266427
985	0.0011908937849122842
986	0.0011885373184071868
987	0.0011837282423553582
988	0.0011799721443196821
989	0.0011803315676493218
990	0.0011792011386099544
991	0.001178534114438779
992	0.0011764351769630043
993	0.0011751553861102078
994	0.0011694077294846761
995	0.00116270707896449
996	0.001161067192810098
997	0.0011589377089553552
998	0.0011542968303648949
999	0.001150832963710497
1000	0.0011436122702720634