-19004.0 -18817.0 
-18333.0 -19500.0 
-18333.0 -19500.0 
-19004.0 -18817.0 
-18996.0 -18889.0 
-18998.0 -18824.0 
-18533.0 -19414.0 
-18639.0 -19346.0 
-18478.0 -19443.0 
-18900.0 -19045.0 
-18976.0 -18900.0 
-18478.0 -19443.0 
-18895.0 -19082.0 
-18972.0 -18942.0 
-18570.0 -19384.0 
-18606.0 -19371.0 
-18863.0 -19115.0 
-18533.0 -19414.0 
-18812.0 -19148.0 
-18386.0 -19461.0 
-18781.0 -19210.0 
-18695.0 -19307.0 
-18424.0 -19456.0 
-18709.0 -19289.0 
-18342.0 -19482.0 
-18765.0 -19237.0 
-18669.0 -19329.0 
-18810.0 -19179.0 
-18942.0 -18993.0 
-18615.0 -19359.0 
-18695.0 -19307.0 
-18927.0 -19026.0 
-18448.0 -19452.0 
-18448.0 -19452.0 
-18873.0 -19104.0 
-18942.0 -18993.0 
-18771.0 -19214.0 
-18724.0 -19250.0 
-18873.0 -19104.0 
-18363.0 -19473.0 
-18385.0 -19470.0 
-18669.0 -19329.0 
-18925.0 -19031.0 
-18749.0 -19245.0 
-18424.0 -19456.0 
-18709.0 -19289.0 
-18570.0 -19384.0 
-18654.0 -19333.0 
-18720.0 -19263.0 
-18949.0 -18953.0 
-18852.0 -19131.0 
-18795.0 -19192.0 
-18895.0 -19082.0 
-18795.0 -19192.0 
-18363.0 -19473.0 
-18962.0 -18952.0 
-18841.0 -19132.0 
-18606.0 -19371.0 
-18615.0 -19359.0 
-18552.0 -19399.0 
-18823.0 -19144.0 
-18927.0 -19026.0 
-18946.0 -18975.0 
-18654.0 -19333.0 
-18750.0 -19241.0 
-18900.0 -19045.0 
-18342.0 -19482.0 
-18833.0 -19134.0 
-18804.0 -19180.0 
-18552.0 -19399.0 
-18555.0 -19397.0 
-18720.0 -19263.0 
-18555.0 -19397.0 
-18925.0 -19031.0 
-18948.0 -18967.0 
-18964.0 -18945.0 
-18976.0 -18900.0 
-18823.0 -19144.0 
-18996.0 -18889.0 
-18852.0 -19131.0 
-18833.0 -19134.0 
-18946.0 -18975.0 
-18804.0 -19180.0 
-18765.0 -19237.0 
-18771.0 -19214.0 
-18998.0 -18824.0 
-18722.0 -19257.0 
-18948.0 -18967.0 
-18722.0 -19257.0 
-18724.0 -19250.0 
-18749.0 -19245.0 
-18386.0 -19461.0 
-18964.0 -18945.0 
-18750.0 -19241.0 
-18385.0 -19470.0 
-18810.0 -19179.0 
-18949.0 -18953.0 
-19004.0 -18817.0 
-18615.0 -19359.0 
-18976.0 -18900.0 
