-18405.0 -19384.0 
-18405.0 -19384.0 
-19118.0 -18650.0 
-18910.0 -19034.0 
-18859.0 -19099.0 
-19084.0 -18654.0 
-18484.0 -19369.0 
-18503.0 -19348.0 
-18823.0 -19114.0 
-18881.0 -19071.0 
-18924.0 -18970.0 
-18562.0 -19325.0 
-19060.0 -18750.0 
-18675.0 -19226.0 
-18748.0 -19199.0 
-19079.0 -18745.0 
-19055.0 -18794.0 
-18531.0 -19326.0 
-19080.0 -18706.0 
-18816.0 -19137.0 
-18718.0 -19223.0 
-18628.0 -19272.0 
-18974.0 -18909.0 
-19041.0 -18804.0 
-19080.0 -18706.0 
-18750.0 -19166.0 
-19029.0 -18833.0 
-18954.0 -18937.0 
-18953.0 -18962.0 
-18968.0 -18934.0 
-19014.0 -18865.0 
-18762.0 -19143.0 
-18988.0 -18906.0 
-19018.0 -18842.0 
-18721.0 -19217.0 
-18569.0 -19296.0 
-18789.0 -19141.0 
-18882.0 -19043.0 
-18531.0 -19326.0 
-18789.0 -19141.0 
-18573.0 -19292.0 
-18597.0 -19283.0 
-18658.0 -19245.0 
-18992.0 -18885.0 
-18884.0 -19042.0 
-18658.0 -19245.0 
-18608.0 -19279.0 
-18642.0 -19265.0 
-18999.0 -18881.0 
-19041.0 -18804.0 
-19029.0 -18833.0 
-18488.0 -19365.0 
-18721.0 -19217.0 
-18675.0 -19226.0 
-18597.0 -19283.0 
-19014.0 -18865.0 
-18748.0 -19199.0 
-18999.0 -18881.0 
-18488.0 -19365.0 
-18924.0 -18970.0 
-18939.0 -18965.0 
-18649.0 -19255.0 
-18484.0 -19369.0 
-18939.0 -18965.0 
-18608.0 -19279.0 
-18759.0 -19160.0 
-18649.0 -19255.0 
-19055.0 -18794.0 
-18642.0 -19265.0 
-19018.0 -18842.0 
-18573.0 -19292.0 
-18816.0 -19137.0 
-18569.0 -19296.0 
-19060.0 -18750.0 
-18884.0 -19042.0 
-18761.0 -19151.0 
-18761.0 -19151.0 
-18968.0 -18934.0 
-19084.0 -18654.0 
-18992.0 -18885.0 
-18759.0 -19160.0 
-18750.0 -19166.0 
-18988.0 -18906.0 
-18718.0 -19223.0 
-19079.0 -18745.0 
-18953.0 -18962.0 
-18954.0 -18937.0 
-18762.0 -19143.0 
-18882.0 -19043.0 
-19080.0 -18706.0 
-18658.0 -19245.0 
-18748.0 -19199.0 
-18999.0 -18881.0 
-18608.0 -19279.0 
-18968.0 -18934.0 
-18992.0 -18885.0 
-19079.0 -18745.0 
-18882.0 -19043.0 
-19080.0 -18706.0 
-18748.0 -19199.0 
