2.902552479070774887e-03
4.451946918280258285e-03
3.605245351631076230e-03
3.609168961579453487e-03
2.996018356030837656e-03
2.542629631488306334e-03
2.925735639466443393e-03
3.222146918775559490e-03
3.727009835284528054e-03
2.427139825124601490e-03
2.604880347154080612e-03
2.732841141882375383e-03
2.800754864538344477e-03
2.694847034564898467e-03
2.512775279640258944e-03
2.994563681293613104e-03
2.389253777069208929e-03
2.273157714021531179e-03
2.568909553813888275e-03
3.181641411284069111e-03
2.332994464197481362e-03
2.445490511434062018e-03
2.472267166864407055e-03
2.289352166724441251e-03
2.624646380829399276e-03
2.323467890630391552e-03
2.328468458211128099e-03
2.902394114915827269e-03
2.638253980889144774e-03
3.352852831288419527e-03
2.959226149989225164e-03
