1	3.5628309253518498
2	3.1843681142685907
3	2.1262987537180127
4	2.1176401559427345
5	2.1138616736697173
6	2.076941961911665
7	1.7975093066012915
8	1.5095777923111278
9	1.366550408567318
10	1.319605955838235
11	1.2627714892789994
12	1.2361875589809432
13	0.9684319436773792
14	0.9684319436773792
15	0.8581453688534083
16	0.8581453688534083
17	0.852969727329394
18	0.6538483669443289
19	0.6404211637421063
20	0.6404211637421063
21	0.6300469739527984
22	0.6300469739527984
23	0.543794309401564
24	0.543794309401564
25	0.5234095193825011
26	0.5202812703979124
27	0.5148848825832895
28	0.4736249869553337
29	0.4728583449990271
30	0.4497092626485131
31	0.42738565566460424
32	0.3941661129331703
33	0.38918030046395435
34	0.3802528779715078
35	0.33163448937742146
36	0.3314125167687016
37	0.28832238536513266
38	0.28317267314825617
39	0.28317267314825617
40	0.2808831003296108
41	0.26187056782793794
42	0.26048686879672445
43	0.2602394914177515
44	0.25182568832301633
45	0.24295903476581157
46	0.23291180843888182
47	0.22802382690665834
48	0.2261230674132013
49	0.211502555077414
50	0.20972787874061052
51	0.20154389093654163
52	0.19284826593591856
53	0.18393082354827908
54	0.18390407558707225
55	0.17517866365555418
56	0.1724936027520486
57	0.17093169003943134
58	0.1665241519180831
59	0.16466979716163288
60	0.15710547645906364
61	0.15545396683691565
62	0.15486867799956264
63	0.15282160929014083
64	0.15019812685916048
65	0.14398145856456146
66	0.13968626259254618
67	0.13968237339977904
68	0.13603022452766078
69	0.13263467572175117
70	0.12941658896780273
71	0.12617991121679145
72	0.12134802463533617
73	0.11922313887327582
74	0.11725260944448786
75	0.1157234548816637
76	0.11004456073900548
77	0.10976385360689617
78	0.10907040058411775
79	0.10162848343927604
80	0.10070690368942206
81	0.09990602181348089
82	0.09911721276228926
83	0.09804256259897433
84	0.09307005227435212
85	0.09225691944541113
86	0.09154453728874248
87	0.08850042918737049
88	0.08808601307960401
89	0.08606602882641601
90	0.0848869463328158
91	0.08425512447739031
92	0.08238744773478754
93	0.08219246318686953
94	0.0788090678833732
95	0.07833887063175875
96	0.07484616139700344
97	0.07249253907141048
98	0.0724441993971582
99	0.07198834265722706
100	0.07027242673995981
101	0.06949457890270544
102	0.0686750275225746
103	0.06725545768366997
104	0.06565393855494221
105	0.06465687429341235
106	0.063675538994851
107	0.06167299470783361
108	0.059959365736110375
109	0.05972923240917103
110	0.05880520946195128
111	0.0583805712560311
112	0.05414578179364468
113	0.052392093367776706
114	0.052296054164892476
115	0.05088847455488571
116	0.05065840134455204
117	0.05059008111817221
118	0.05046773444493722
119	0.0500750651251762
120	0.05006997680640792
121	0.049982168486879495
122	0.04954570193553492
123	0.0493120568246378
124	0.04823456758039662
125	0.047320754971496404
126	0.046075428734676106
127	0.04523007884105501
128	0.04346007811206933
129	0.043214732992198406
130	0.042956684621319276
131	0.04295546069703756
132	0.042591923572792824
133	0.04201916043933254
134	0.041294941944640104
135	0.04032521791243977
136	0.03931482061090736
137	0.039076030833549866
138	0.03888905200034166
139	0.03732986474559178
140	0.03711616077328487
141	0.03701383873227526
142	0.036816650983729333
143	0.03613090811541786
144	0.03608128333293728
145	0.03531978289295436
146	0.03487347524117405
147	0.03473483676692288
148	0.03450596090622289
149	0.03368578979614358
150	0.03358320548770241
151	0.033275698841411246
152	0.032895246160587394
153	0.03261604697567044
154	0.03228080890432723
155	0.03178187209592611
156	0.0316431906051235
157	0.031495098641536025
158	0.030746999233225616
159	0.03068823734347972
160	0.03046537482194522
161	0.030419539813470828
162	0.03025711415905069
163	0.030184068575764212
164	0.02940698282455561
165	0.02939776441123862
166	0.029259093912896328
167	0.02915193328469101
168	0.028820384088291132
169	0.02865413354128023
170	0.028365075113370514
171	0.028221472284785214
172	0.02818047198576741
173	0.02803415600821436
174	0.027922645960626335
175	0.02755880450182059
176	0.027451726830123927
177	0.027156730418604284
178	0.026954374523198852
179	0.026531881438951216
180	0.02637368096408435
181	0.02628526483308411
182	0.026197008535605373
183	0.026117342712818813
184	0.02590088857377553
185	0.02554758151778115
186	0.025351739383026213
187	0.02499736354338119
188	0.024888232216857424
189	0.024735906750744142
190	0.024603335446141086
191	0.02416732052086072
192	0.02411391216332637
193	0.023949831893557597
194	0.02372023547792577
195	0.023685484664574666
196	0.02353853578977473
197	0.0233231243425774
198	0.022957169167017802
199	0.022904386378122147
200	0.02289789576981919
201	0.02263744321065696
202	0.022553696542322903
203	0.02224851041061
204	0.022174775787106325
205	0.022078350257062437
206	0.021939438097644967
207	0.02165986784261381
208	0.02160914490003604
209	0.021228637161156787
210	0.02091475256901463
211	0.020665872913216598
212	0.020508133084583956
213	0.02033718399713357
214	0.020298705775028472
215	0.020252266625808896
216	0.020069176936648874
217	0.01995537555634396
218	0.0198617871900324
219	0.01969440814977143
220	0.019534212265328626
221	0.019406247108909435
222	0.019372977097242755
223	0.01926578569552438
224	0.0192350503455579
225	0.0191957446861357
226	0.01903967872573768
227	0.018869755690321757
228	0.01885266647011817
229	0.018699335901788624
230	0.018656535749173433
231	0.01843185621534959
232	0.018391845203272812
233	0.01829538851184784
234	0.01823363542698018
235	0.018121367175558234
236	0.018069427032115927
237	0.017931148489351973
238	0.017854338267446947
239	0.017820048893448775
240	0.017801665994804497
241	0.017709493659118777
242	0.017488090538169684
243	0.017476192668387788
244	0.01738410522309054
245	0.017242803550076416
246	0.017227336036862925
247	0.01717795799356006
248	0.016892546195964954
249	0.016739875144640846
250	0.016537118768967882
251	0.016440782469738364
252	0.016413577827140778
253	0.016381943203398915
254	0.016374779321087517
255	0.016364224071506936
256	0.01629788786692756
257	0.01619482567368458
258	0.01610084424677895
259	0.016038899243981927
260	0.015971078241633466
261	0.015786164508670014
262	0.015757504187512397
263	0.0156444465317767
264	0.015501815898921176
265	0.015452305046910949
266	0.01539382620614625
267	0.015246596948070212
268	0.015236565578408839
269	0.015201697766040575
270	0.015181213676221187
271	0.015132818060210109
272	0.014978821815138493
273	0.014880598296649086
274	0.0148556235076049
275	0.014768528644916193
276	0.014711454914192814
277	0.0146989388246287
278	0.014675870169277716
279	0.014657982232338784
280	0.014635222843604797
281	0.014556728134256229
282	0.014521772244262215
283	0.014453156680820348
284	0.014414656705672026
285	0.014330079037168215
286	0.014297472565641638
287	0.014247953495779406
288	0.01422277366476941
289	0.014192520493972575
290	0.014134244581767349
291	0.014124505087886482
292	0.014095201514465727
293	0.013984861699520418
294	0.013943070238716476
295	0.013899671364866062
296	0.013833045008004773
297	0.01379387359556094
298	0.013761583188852755
299	0.013708575351978324
300	0.013680947369342767
301	0.013661365316538197
302	0.013653591944629232
303	0.013515403014446904
304	0.013395871532438961
305	0.013370757282536366
306	0.013274233665119994
307	0.013272405570298025
308	0.013254474232461753
309	0.013211081619595588
310	0.01318602282683836
311	0.013179050631543062
312	0.01310620835058306
313	0.013025071983704947
314	0.012994693722593077
315	0.012976389930316398
316	0.0128572208717706
317	0.012826224597149804
318	0.012771294514099628
319	0.01268444477753665
320	0.012628816331274457
321	0.012593554043526177
322	0.01254355134805125
323	0.01251948113988918
324	0.012511758625261523
325	0.01245286569998865
326	0.012412963002590852
327	0.012373738262389019
328	0.012307986180734977
329	0.012253674617322673
330	0.012202520113460725
331	0.012178557508202206
332	0.012142329184348771
333	0.012069017316072683
334	0.0120441387598217
335	0.012041801135707228
336	0.011988030788642731
337	0.011974598365083538
338	0.011949695630478666
339	0.011945007572331495
340	0.011911760350582017
341	0.011859752119149273
342	0.011795641632228552
343	0.011768928799197938
344	0.011684338518732408
345	0.011658656837982754
346	0.01156902381302682
347	0.011553660990927488
348	0.011488983424688314
349	0.01145760343054188
350	0.011427964617537461
351	0.011425933094929711
352	0.0114051585374274
353	0.011393301480544515
354	0.011370423500636263
355	0.011352069194056605
356	0.011311004805517975
357	0.0112890027255254
358	0.011242610414828266
359	0.011233209492504764
360	0.011198295049778085
361	0.011175218292894197
362	0.011154013340052614
363	0.011098332484759483
364	0.011054259604150575
365	0.010991615703873163
366	0.010984716936934567
367	0.010971381489713182
368	0.01094309365472495
369	0.010916939295094486
370	0.010838659930105089
371	0.010808880411636655
372	0.01075303170650638
373	0.01067875858192733
374	0.010652485122544856
375	0.01061698432800623
376	0.01059980797721774
377	0.01057224174081781
378	0.010558914203477434
379	0.010509483540588714
380	0.010478691939994796
381	0.010465314694134262
382	0.010437585405591148
383	0.010443747528415736
384	0.010433963478014266
385	0.010422568266580962
386	0.010388882916069767
387	0.010384296093927624
388	0.010360066486796013
389	0.010322524060940636
390	0.010263813067767677
391	0.010258505146138195
392	0.010230297005728629
393	0.010195300924282821
394	0.010181167488909999
395	0.010173104093914651
396	0.010142933102707002
397	0.01009197993771545
398	0.01008997871229054
399	0.010077290061894548
400	0.010060788988154386
401	0.01004038594697342
402	0.010028208013655395
403	0.010012539338284738
404	0.010007357555143448
405	0.009996738179028181
406	0.00997966421526185
407	0.009963264977939918
408	0.0099358298370629
409	0.009918295052382224
410	0.009864254686279088
411	0.009797915144181485
412	0.009787034999946036
413	0.009757922638689312
414	0.009746923759729438
415	0.009729753073450495
416	0.00971752477841871
417	0.009704658462142864
418	0.009692936705430985
419	0.009684918651439453
420	0.009681437984962538
421	0.009673289040534347
422	0.009652439172025724
423	0.00963943892316575
424	0.00959385233372607
425	0.009587871722840452
426	0.009556635574009292
427	0.009530881551720102
428	0.00952126576817438
429	0.009500743003503018
430	0.009465491176924806
431	0.009447264120722262
432	0.009440467815382434
433	0.00939513876271962
434	0.009366110966088371
435	0.009362133926405192
436	0.009354402669604259
437	0.009332218479688643
438	0.00930863186628652
439	0.00929742956239607
440	0.009286013511009258
441	0.009270663261312375
442	0.009258463423470151
443	0.009249856810180153
444	0.009238531858695095
445	0.009221922374798493
446	0.009212668799417002
447	0.009202296674685759
448	0.009202943483902281
449	0.00919707178303454
450	0.009196096700459703
451	0.009173516562134883
452	0.00916048198609561
453	0.009136114784356383
454	0.009111068816676934
455	0.009107323280916901
456	0.009104236692817482
457	0.009084997055395895
458	0.00907525485169694
459	0.009048984336562253
460	0.009040054446142783
461	0.00901879571037427
462	0.009002916919225412
463	0.008981810920993623
464	0.008963161897547178
465	0.00892161850105729
466	0.008921005909467506
467	0.008903551709933972
468	0.008875539920041146
469	0.008869163780809293
470	0.00884973407253069
471	0.00882320251792214
472	0.00881914535188394
473	0.008815375266631554
474	0.008785767713675102
475	0.008770948626938713
476	0.008763135697973956
477	0.00874928571485094
478	0.008716421470553392
479	0.008690474826339868
480	0.008667083421349116
481	0.008666925967576192
482	0.008636609807762242
483	0.008620725574785446
484	0.008609983336135949
485	0.008597699185598613
486	0.008586842342177227
487	0.008559296216563626
488	0.008546985923298587
489	0.008531200375348933
490	0.008500215085282967
491	0.008491518581297831
492	0.008457688871539438
493	0.008433247030762729
494	0.008428129970472395
495	0.008409883243578097
496	0.008399729825110443
497	0.008385783499126779
498	0.008369756245234035
499	0.008358712412088371
500	0.008356501717829774
501	0.00833958791876776
502	0.008328509622940029
503	0.00831336022569602
504	0.008296300580990176
505	0.008285535514638198
506	0.008282961866558474
507	0.008279780877201015
508	0.008243257337206092
509	0.00820729432022166
510	0.008170287018996896
511	0.008167435753468911
512	0.008151751545399199
513	0.008147756520572084
514	0.008144122624054187
515	0.008144118659505649
516	0.00813126936989667
517	0.00811863287951147
518	0.008101730508066233
519	0.008097499794399566
520	0.008060041805101044
521	0.00804348189164704
522	0.008039263008217369
523	0.008036636477085033
524	0.008033370233742947
525	0.008024967922667669
526	0.00801082568008707
527	0.007992053159532086
528	0.00797509038950766
529	0.007947546134646785
530	0.007937340870112778
531	0.00791700868750915
532	0.007914478601775755
533	0.007886750756232372
534	0.007851978882469624
535	0.007843071954215228
536	0.00781691149005096
537	0.007809716631231228
538	0.0078026709774073645
539	0.00777389653441567
540	0.007765483877730421
541	0.007730412262998632
542	0.00771430322434075
543	0.007695615238476649
544	0.007693860485644214
545	0.007683674126660353
546	0.007679046643177735
547	0.007672293891740445
548	0.007671263844782108
549	0.007666348839352645
550	0.00766312978749159
551	0.007656977259992431
552	0.007646717628028493
553	0.007640303482466257
554	0.007623793568120585
555	0.007619936705952469
556	0.0076195794026114915
557	0.007614998314988878
558	0.0076085029755925265
559	0.007597637681046971
560	0.007595585238980572
561	0.007599758136550221
562	0.007579543353389066
563	0.007575817226275013
564	0.007562041069729027
565	0.007553497825137062
566	0.007557032557589646
567	0.0075508136697997495
568	0.007543023808843822
569	0.007535752753852299
570	0.007528389832911659
571	0.0075201881235753285
572	0.007515605005954722
573	0.007501499361786382
574	0.007498176247715494
575	0.007494403360431069
576	0.007482044622792789
577	0.007476831618470662
578	0.007471000828871778
579	0.007469995959334228
580	0.007458229187792133
581	0.007456958269581967
582	0.007449241523238139
583	0.007443209991262042
584	0.0074454048553342245
585	0.007446965269706161
586	0.007439191493568213
587	0.007424090372297414
588	0.007410252797355659
589	0.007408259022265326
590	0.007408834715532952
591	0.007401087449247387
592	0.007398091139010912
593	0.007391244148375052
594	0.007386458789027416
595	0.007385146381211764
596	0.007382850816480782
597	0.007366324634262795
598	0.007363324519956847
599	0.007358108898813452
600	0.007360874859098913
601	0.0073582949557247715
602	0.007345156119969825
603	0.007351131707636838
604	0.0073435255711341895
605	0.007341780338645159
606	0.007332821861384384
607	0.007329811996425578
608	0.007329222863769517
609	0.007327133711688786
610	0.007322578321572237
611	0.00732040458550597
612	0.007317033459146307
613	0.0073176442168979205
614	0.007305927483899524
615	0.007296013386562802
616	0.007294610546154777
617	0.007291473790768506
618	0.007284661324843609
619	0.00728368013006421
620	0.007270462733490359
621	0.007248054467406822
622	0.007234885986764726
623	0.0072294552605191905
624	0.007223604411304363
625	0.0072135693486612565
626	0.007212070311246338
627	0.0072042589459147014
628	0.0071925276876249195
629	0.0071883771011406515
630	0.007186651762488732
631	0.007179215017984374
632	0.0071669652080969025
633	0.007162738984440501
634	0.007157621219052615
635	0.007150173802442232
636	0.007130320101794148
637	0.007121785158675803
638	0.007112491453036955
639	0.00710958961563459
640	0.00710091466071753
641	0.007100288783043867
642	0.007095808073104255
643	0.007092029441152713
644	0.00707971642247227
645	0.007081949723791404
646	0.00707621443851563
647	0.007067466356062153
648	0.0070582147337886056
649	0.00704816229742451
650	0.007040831652827327
651	0.007028380589340712
652	0.007022989837638312
653	0.007020607216629399
654	0.0070139998455814225
655	0.007010206851104974
656	0.007005377701784928
657	0.007002214872274133
658	0.006987177327400448
659	0.00699724477384681
660	0.006995334980595569
661	0.006990792738565571
662	0.006976113245771631
663	0.006965412956423208
664	0.006958546093392679
665	0.0069495470332789945
666	0.006935320298609798
667	0.006928188312670098
668	0.006928797556947688
669	0.006912131854420297
670	0.006910349646350706
671	0.006906732622844329
672	0.0068950072431526455
673	0.006877029945810208
674	0.006872784480414127
675	0.0068738472804627795
676	0.00685726988115152
677	0.006855499488282637
678	0.006839106155535637
679	0.0068345302103517604
680	0.006827918653932068
681	0.006818662496473008
682	0.0068160966112670515
683	0.006810309179664003
684	0.006799231624112516
685	0.006795857758161269
686	0.0067905850540348305
687	0.006774982888271364
688	0.006772837443259893
689	0.006771339001490708
690	0.006767903230979832
691	0.006757959864128487
692	0.006750841246978918
693	0.006742998093907189
694	0.006729543093230039
695	0.006719807238900744
696	0.006717152761580849
697	0.006715898278040011
698	0.006715897729616515
699	0.006711445846802015
700	0.006702256461527932
701	0.006695544432494609
702	0.00667963377191007
703	0.00667041578868379
704	0.006668774782771563
705	0.006661122072461907
706	0.006640415825810818
707	0.0066264901731301895
708	0.00662110605589053
709	0.006611338307078769
710	0.006605310137084574
711	0.006601796973332323
712	0.006596162245855257
713	0.00659351564388618
714	0.006588755317726651
715	0.00657634282556777
716	0.006567753733261581
717	0.006562636258883196
718	0.006556004584018299
719	0.006556106896894232
720	0.00654332610633239
721	0.006540682590030869
722	0.006533340630300661
723	0.006522823221335892
724	0.0065244851827167836
725	0.006520468622749306
726	0.006518070529356676
727	0.006508273367655311
728	0.0064951803586456155
729	0.006484753124579604
730	0.006476118699470891
731	0.006474026583393719
732	0.006465926377206624
733	0.006458805113526538
734	0.006442316741057253
735	0.006435183079172517
736	0.00642779590469521
737	0.006430654592831467
738	0.006428800714330814
739	0.0064171175196196875
740	0.006406286066475224
741	0.006397096207101392
742	0.006396093533845119
743	0.006398440945100854
744	0.006385017600259052
745	0.006383084955671689
746	0.006359730850696802
747	0.006358435111602288
748	0.006346133999742737
749	0.006334646363791221
750	0.0063109078657973515
751	0.006299149955477377
752	0.006286969710555221
753	0.006278517999344063
754	0.006277579182750003
755	0.006266770786222225
756	0.0062586861689923196
757	0.006254628697807919
758	0.0062593065115253785
759	0.006240770797023074
760	0.006231121792589099
761	0.0062311740154686185
762	0.006225883793067296
763	0.0062258716803548515
764	0.006217181523315487
765	0.006211680278095205
766	0.006210929113928992
767	0.006202383090076382
768	0.006195764235136352
769	0.006186853864484873
770	0.006180361237986455
771	0.006172752237804885
772	0.00616758352819395
773	0.006162552552856852
774	0.006162154643498982
775	0.00615502403649577
776	0.006149890853180626
777	0.006146391859557463
778	0.006141817599125461
779	0.006133673434863698
780	0.006124213709564808
781	0.006125748465432805
782	0.006123977661232144
783	0.006116941768977996
784	0.006125018486437132
785	0.006115726778193132
786	0.006103912590622484
787	0.006102856592124183
788	0.0060956015083578965
789	0.006094716171421994
790	0.00609118339296662
791	0.006080341802811576
792	0.00607088043923679
793	0.006062581637566718
794	0.006050736682000769
795	0.006044774552587405
796	0.0060442441678044976
797	0.00604147063969412
798	0.006032509976670343
799	0.006030386186383829
800	0.006026972885475448
801	0.006022763889970006
802	0.006018176621474161
803	0.006013572704693773
804	0.006011853165340179
805	0.005999523269023766
806	0.0059945900259886125
807	0.00599006531496942
808	0.005982830016017417
809	0.0059769348380550695
810	0.00597010899423299
811	0.005963471135780613
812	0.005946959668061899
813	0.005938894030874674
814	0.005924649084930987
815	0.0059206595162868796
816	0.0059173839643475775
817	0.005907162404731343
818	0.0059051129778476515
819	0.005905182893868011
820	0.0058846770774331585
821	0.005881363406707993
822	0.005869369553942079
823	0.005862872669267256
824	0.005860564703419319
825	0.005852999065577126
826	0.005837404056469198
827	0.005834484855512351
828	0.005826453748832732
829	0.00582153858129564
830	0.00582462757447707
831	0.005824792725569232
832	0.005806678142078448
833	0.005800997088317632
834	0.005798099042813487
835	0.005782325568997279
836	0.005788351576916183
837	0.005782989449885239
838	0.005775010161970085
839	0.0057719847255309625
840	0.005753355919883356
841	0.005747072944117492
842	0.0057422833181915885
843	0.005741047461376713
844	0.005735415187834739
845	0.005725640638471124
846	0.005725210086943612
847	0.005717710543970891
848	0.005710764190891491
849	0.005712489779877322
850	0.005702836736636106
851	0.005693998955559427
852	0.005696723699346909
853	0.005692185398270367
854	0.005689044213039779
855	0.005683806741446704
856	0.005672059032343259
857	0.005662066632694053
858	0.005656449330775753
859	0.005652812406191024
860	0.005650102863254233
861	0.005642496304445223
862	0.005640101078771632
863	0.005643261005380162
864	0.005635240733351332
865	0.005630242969098049
866	0.005630333988295297
867	0.005626427786832462
868	0.005621612798078334
869	0.005614536190206997
870	0.005613173719793869
871	0.005610611733072467
872	0.005612731094491132
873	0.005608198454210475
874	0.005601672734725386
875	0.005600167368345693
876	0.005599297976712521
877	0.005596391982756849
878	0.005590633257100059
879	0.005590217015100987
880	0.005588569906201545
881	0.005587247656002652
882	0.005585960635255094
883	0.005581930959463873
884	0.005579825641685019
885	0.005574463359244303
886	0.0055763992852925545
887	0.005565705810913605
888	0.005564676293935733
889	0.00555954465075434
890	0.005558324510805758
891	0.0055543068733249195
892	0.0055557632370001764
893	0.0055532023822011615
894	0.005549044675169774
895	0.005545648082806372
896	0.005540354039857965
897	0.005535439062715675
898	0.0055340885779781735
899	0.0055315191548057155
900	0.005527715484460528
901	0.00552122412599442
902	0.005517558580121251
903	0.005516314819315865
904	0.005514824214356111
905	0.005504060361168346
906	0.005499471998449199
907	0.005498634761613666
908	0.005495738322642894
909	0.005486456737151976
910	0.00548710032719373
911	0.005492165652606511
912	0.005490207882121323
913	0.005483755151743627
914	0.005472426947859329
915	0.005467989253677703
916	0.005465468006079936
917	0.005461342820355952
918	0.005453322216705938
919	0.005449689215864573
920	0.005449192908404059
921	0.005447720721368806
922	0.005440550899399829
923	0.005435182017614109
924	0.0054344188554543114
925	0.0054288456610298895
926	0.0054296374264545645
927	0.005425903482459714
928	0.0054177046854526735
929	0.005418517453769091
930	0.005412966629252719
931	0.005401228597757087
932	0.005400295291816847
933	0.005392693959439407
934	0.005387329536550759
935	0.005379833371864526
936	0.00537252276270235
937	0.005369504949840335
938	0.005370999571245543
939	0.005367705859844527
940	0.005359723335261983
941	0.005355886348346788
942	0.005357184126577914
943	0.005351452228726296
944	0.005352481663067183
945	0.0053505725546055495
946	0.005346434207602092
947	0.005340115522557252
948	0.0053384744977278825
949	0.005332618996274094
950	0.00532765274656747
951	0.005325495077522837
952	0.005321497211025082
953	0.005317403459088003
954	0.005312124646989212
955	0.005312371317857965
956	0.005310277156473562
957	0.00531132382034582
958	0.005306326061207034
959	0.005298912272211569
960	0.005301583287465924
961	0.005301527673510897
962	0.005303411562747771
963	0.005297277783970825
964	0.005291411244173074
965	0.005291040689581232
966	0.005285854451944036
967	0.0052829603887055935
968	0.005278396938021456
969	0.005275138568233748
970	0.005267894075321229
971	0.0052639326550066
972	0.005256824678461877
973	0.005256063561395837
974	0.005252830299433055
975	0.005250582316355507
976	0.005244038305065465
977	0.005241797805749161
978	0.00524217753635147
979	0.005240884701944416
980	0.00524088652764244
981	0.005237899635310615
982	0.00522861959155086
983	0.005214680184223928
984	0.005216251463613376
985	0.005203622049623797
986	0.0052062798432782696
987	0.005200952028492514
988	0.005197143554236821
989	0.005195368991863475
990	0.0051939618231106495
991	0.005187043303366537
992	0.005183484904847444
993	0.005175829291587251
994	0.00517212660853969
995	0.0051625282589060325
996	0.005158766690618477
997	0.005156104926740906
998	0.005149257412063874
999	0.005145743688588699
1000	0.005138753408782366