1	3.2283661591115673
2	2.5521397833324455
3	2.5521397833324455
4	2.472159191923924
5	1.972781259680107
6	1.9364523875415265
7	1.9364523875415265
8	1.4736848643257259
9	1.4736848643257259
10	1.1308237427992927
11	1.1308237427992927
12	1.0855882135821868
13	1.0604329585420156
14	1.017920890495362
15	1.012512091132314
16	0.978056233352799
17	0.8732479329715194
18	0.7853496987632195
19	0.7827610582224024
20	0.7280897883530733
21	0.6170826770153176
22	0.6170826770153176
23	0.6170826770153176
24	0.5981711768427554
25	0.5925440980636693
26	0.5027683346066966
27	0.4831533585686
28	0.45611438554369815
29	0.42846445507057734
30	0.42846445507057734
31	0.4284471078075307
32	0.4277747471961384
33	0.4152736541038326
34	0.3885123047735116
35	0.374936071696339
36	0.36833756831406705
37	0.36294320230438043
38	0.3502847066817509
39	0.345842905324374
40	0.33087172400321957
41	0.3219502549417613
42	0.3177342837414802
43	0.3038645496825253
44	0.29355753831484255
45	0.2872630927940953
46	0.28321292765103667
47	0.2637986702090082
48	0.25221407235749915
49	0.2521814462696107
50	0.24916139721294986
51	0.24091620821435952
52	0.23590393265535628
53	0.23203306065533813
54	0.22423157948300393
55	0.21188925514241194
56	0.21188925514241194
57	0.20308261372453176
58	0.19340987294544323
59	0.18071016127777856
60	0.18066444182882274
61	0.1803338056847508
62	0.17786472296301264
63	0.1743671844783453
64	0.173676766004051
65	0.1680379501802587
66	0.15823961887350094
67	0.15573691428979494
68	0.15379101911163462
69	0.1497528142051769
70	0.1491955174800735
71	0.14121515511193702
72	0.1409643820911135
73	0.13677551602630786
74	0.13594204786698608
75	0.13387094398032934
76	0.1323563984561
77	0.12932569562322974
78	0.12880668748495114
79	0.12503086487537912
80	0.12444967790122884
81	0.11950732628513988
82	0.11873608030508447
83	0.11757150913763106
84	0.11118906608699504
85	0.11113305758289181
86	0.11075826823942202
87	0.10921922468798892
88	0.10879483430462611
89	0.10723540613183317
90	0.10641661690809204
91	0.10418371558287962
92	0.10272716125908646
93	0.10168890598821889
94	0.10079913578707378
95	0.10011104683224385
96	0.09981082896582083
97	0.09658959550095442
98	0.09591358353732382
99	0.09548423055982472
100	0.09489080338420176
101	0.09384798868825672
102	0.09153568402941994
103	0.09103615481943401
104	0.09080028415242611
105	0.09059842979739174
106	0.08960777768121035
107	0.08934715321005489
108	0.0879968724513058
109	0.08652436969982108
110	0.0861197475064031
111	0.0836191339308744
112	0.08327109948349022
113	0.08177221287803511
114	0.08023178266217938
115	0.07938172852550626
116	0.0760035426980736
117	0.07561619092534566
118	0.075298758129881
119	0.07364114136632123
120	0.07250284342901978
121	0.07228559829542526
122	0.07144664401106549
123	0.06990004295214601
124	0.06963966916159778
125	0.06963908421799071
126	0.06899936584955971
127	0.06621092983191638
128	0.06608590478976954
129	0.06594230033824448
130	0.06574196361480669
131	0.06519598147555306
132	0.06468611023103704
133	0.06448030035375397
134	0.06430361170984074
135	0.06384643269725793
136	0.06365009450269467
137	0.06343229065814199
138	0.06291163581237656
139	0.06233316744082638
140	0.061238389861888815
141	0.06019751126621515
142	0.05940910211723819
143	0.05905596374445103
144	0.05858706216580113
145	0.05735121420129027
146	0.05700668957891357
147	0.05662153714067985
148	0.05600346537307861
149	0.05560268690454403
150	0.05381748939095852
151	0.05377849046660565
152	0.053706255558809216
153	0.053266743915387646
154	0.05257161080239366
155	0.052412653966283064
156	0.051710978610788584
157	0.05111930364244692
158	0.05016454576083391
159	0.04985525928088339
160	0.049517232478441704
161	0.0490747023128507
162	0.04846591955940336
163	0.04839583584983407
164	0.04792404039276641
165	0.04756695616407374
166	0.047447616468068825
167	0.04675458113530576
168	0.04651207558797048
169	0.046205870817764075
170	0.045826324004259844
171	0.04544859623960548
172	0.04543247638951189
173	0.04505857380505333
174	0.044854263913159914
175	0.04449033890558709
176	0.0443656689766812
177	0.0441588042523811
178	0.043768036312836246
179	0.043003560056992296
180	0.04269085031174093
181	0.04265649720072537
182	0.04238343863761278
183	0.04217018175910124
184	0.04183583759906384
185	0.04155848600186505
186	0.04138696918257437
187	0.04106341705574621
188	0.0408147455282053
189	0.04080689189859611
190	0.04054118698076842
191	0.040423406413999406
192	0.03983989902658315
193	0.03971335209943708
194	0.03968432700872266
195	0.03961729624902754
196	0.038854528297517926
197	0.038835406869037595
198	0.038583116312729454
199	0.038262252697012306
200	0.038165843955539645
201	0.038015356936219984
202	0.03789667798479254
203	0.03743802390562826
204	0.0373931373665314
205	0.03730188625725587
206	0.03707100140026761
207	0.036903277074733204
208	0.03659453698534481
209	0.036556248910472135
210	0.03642633704403602
211	0.036169220896274994
212	0.035969242523299666
213	0.035903952298087544
214	0.0357718280102442
215	0.03568364700871392
216	0.03559320831235622
217	0.035413053130859615
218	0.03526333081936214
219	0.03493981399729306
220	0.034741464220118215
221	0.034403564696897884
222	0.034295551082032506
223	0.03428419345021006
224	0.03401523168078932
225	0.03391678443847713
226	0.03391222976476636
227	0.03362012283543256
228	0.03337904710653517
229	0.033321063667584784
230	0.0331484135157338
231	0.03301411753366054
232	0.03287964683774178
233	0.032772963731217686
234	0.03267944772876673
235	0.0325481198506868
236	0.032469709017262115
237	0.032084313548021534
238	0.0315867390609016
239	0.031525120463892005
240	0.031447656495185085
241	0.03141330447912002
242	0.031341773437064124
243	0.03128833569217243
244	0.031075411187569065
245	0.030935321763969358
246	0.030755632995893768
247	0.030694209574566877
248	0.030636048320541818
249	0.030462770917002845
250	0.030357450031418563
251	0.030289072894391277
252	0.030044468356330983
253	0.029907794668577473
254	0.029785237816214304
255	0.02972165017851452
256	0.029621030006719683
257	0.02949026892854056
258	0.029414032625973942
259	0.029241197514847536
260	0.029200605419869474
261	0.029113027734345896
262	0.02905229102729642
263	0.0290065865775856
264	0.02886181734318004
265	0.028847291973450505
266	0.02871530921202726
267	0.028645603141274897
268	0.02852578088137324
269	0.02815872166735779
270	0.028116733108973786
271	0.02804617841302488
272	0.027987854969073325
273	0.02795066327008098
274	0.02789589932393683
275	0.027754847349349746
276	0.027683033297779592
277	0.02755129653585247
278	0.02744833625020133
279	0.027352811959716214
280	0.027318334829174052
281	0.027147359891657903
282	0.02713229380046328
283	0.027065158557541873
284	0.027004810687677096
285	0.026771509965238034
286	0.02674157856298203
287	0.02670254563381243
288	0.026622405745861617
289	0.02654337534440888
290	0.02649741375755308
291	0.026421780760767576
292	0.026351577898975385
293	0.026300324788813872
294	0.026198446326934237
295	0.02613851733455672
296	0.026029059596533292
297	0.02593780704432526
298	0.025857988575350915
299	0.02566852673160378
300	0.025458099279191963
301	0.025371319948070604
302	0.025340815747445275
303	0.025280156065987172
304	0.025201731322286182
305	0.025110726077505523
306	0.025000850236407055
307	0.024966915600872133
308	0.024959697911384023
309	0.024864457017750457
310	0.024718915619926615
311	0.024623383902283094
312	0.02450584630336389
313	0.024366336165779212
314	0.024295888885138603
315	0.024245412465705315
316	0.02414961623739895
317	0.024109480175281296
318	0.024026502834961865
319	0.02372076991422533
320	0.02370785504737909
321	0.023678349808365643
322	0.023640900162473107
323	0.023636563411022923
324	0.02361549302274273
325	0.02357381408195893
326	0.023502528895965245
327	0.023334416839359523
328	0.023303977185993904
329	0.023269287609838735
330	0.02316229728832688
331	0.02313154955829778
332	0.023092640256075835
333	0.023027279864208782
334	0.02289342387431678
335	0.022786951468166068
336	0.022716701196093054
337	0.022700036091468798
338	0.022664809719732372
339	0.02260520082052071
340	0.022582260315109987
341	0.022460915698360524
342	0.022438706129693547
343	0.022343376948323144
344	0.02229320529420538
345	0.022265920710596538
346	0.0221375364398806
347	0.022079399986457696
348	0.0220000076808
349	0.0218644659557423
350	0.021806184555875397
351	0.021788115806801074
352	0.02174589244965264
353	0.021739792897287218
354	0.021687374945794057
355	0.021671874668252405
356	0.021656022917413666
357	0.02158038319091114
358	0.021500539801142644
359	0.021475368489328062
360	0.021411388683472806
361	0.021327622129981072
362	0.021276298615818413
363	0.02119270487907384
364	0.021145543931384552
365	0.021081778005296734
366	0.021021213607614383
367	0.02100371104419565
368	0.020994775338602827
369	0.020972063029446198
370	0.02090383846339819
371	0.020874280116717013
372	0.02084643528597054
373	0.020790054737012877
374	0.02075484802500093
375	0.020730421187891094
376	0.020637928065498152
377	0.02057152309913898
378	0.020496113326210465
379	0.02045044033813185
380	0.020438500834293757
381	0.020344977058621275
382	0.0202493938183784
383	0.02021281740690401
384	0.02019068364387285
385	0.020183334457069577
386	0.02012276568947251
387	0.020094530695319156
388	0.02003631197027279
389	0.019974184232563655
390	0.01993488398719426
391	0.019908325471456156
392	0.019848681313703882
393	0.019820012851234647
394	0.019792531664495922
395	0.019743172184124365
396	0.019739535381255138
397	0.01972785012853212
398	0.019618927505894897
399	0.019493059045587697
400	0.019407766861089117
401	0.019367254362967858
402	0.019322499229709165
403	0.019280170328435785
404	0.019263588228612415
405	0.019228514964313083
406	0.019156151525057438
407	0.019013676651832515
408	0.018984961472853477
409	0.018895710285611624
410	0.018839777865362846
411	0.018792025796071723
412	0.01878222010040096
413	0.018749013155430788
414	0.018722120153561308
415	0.01867626483974685
416	0.01858673033513127
417	0.01852182876046034
418	0.018447676027763735
419	0.018355704267300724
420	0.018350939452443815
421	0.01832160374044813
422	0.01823970075956307
423	0.018186594915856325
424	0.018164115592155815
425	0.01807003237829411
426	0.018072385393567602
427	0.0180576232176286
428	0.018019533994881914
429	0.01798739888484488
430	0.017925567184523147
431	0.017921255412550536
432	0.0178864959185664
433	0.01787626504733274
434	0.01785646326582934
435	0.017841978154315354
436	0.01782470507917562
437	0.017756721420645615
438	0.017711629818245242
439	0.017676419506992988
440	0.017660002583254026
441	0.01764781766789897
442	0.017605279946679986
443	0.017561878263127176
444	0.017543207363303018
445	0.017496592499800245
446	0.017444654902845497
447	0.017427839041773533
448	0.017409759516439825
449	0.01737534704018565
450	0.01735326608572059
451	0.017343823178251432
452	0.017334287379122054
453	0.017311800499511885
454	0.017302654691189277
455	0.01724182797753312
456	0.017212714563640864
457	0.017189805947851477
458	0.01718935475358452
459	0.017165784930077484
460	0.017144215022350077
461	0.017132874928481475
462	0.01712605461579531
463	0.017118204001157364
464	0.01711291588018083
465	0.01709678182389037
466	0.017074548608996147
467	0.0170591097858896
468	0.017021980866585067
469	0.016994377882702236
470	0.016984726678878168
471	0.016978584970872884
472	0.016922280047716513
473	0.01691586280670058
474	0.01689658010648775
475	0.01685939591641086
476	0.016802106878505318
477	0.016757293358150106
478	0.01674695865825772
479	0.016696462763237645
480	0.016691096179940065
481	0.016635442580785875
482	0.016611946388695273
483	0.016595339571033537
484	0.016567162748018192
485	0.01654351316257445
486	0.016515560434389464
487	0.016475405450798786
488	0.01643864892306816
489	0.01641122246752627
490	0.01637930923579922
491	0.016353961858650647
492	0.016340802627340195
493	0.016332855137088608
494	0.016330654866356473
495	0.01628519193059204
496	0.01622080347316143
497	0.01619166349289081
498	0.016176027155733744
499	0.016150332973917346
500	0.016138121224276648
501	0.016096251805373527
502	0.01609226816738723
503	0.016058804716581904
504	0.01604494087000079
505	0.016037471024317317
506	0.016004777077197597
507	0.015999973858878275
508	0.01599738490465349
509	0.01593896417035336
510	0.01591074405915906
511	0.015895610802361796
512	0.01584669945964499
513	0.015820149827365366
514	0.015804473390429993
515	0.01574359184133634
516	0.01569809632211981
517	0.01565257314636107
518	0.01563280408108431
519	0.015571730607269244
520	0.0155546254784491
521	0.015543547731632752
522	0.015540789685040496
523	0.015468092465724578
524	0.015423880865867613
525	0.015388312742133311
526	0.015383279095921926
527	0.015367273935926584
528	0.015339332622821358
529	0.015330282492095506
530	0.015285092138746757
531	0.015274198145760268
532	0.015225677388751685
533	0.015202931424928843
534	0.015180997896591102
535	0.015119548292289977
536	0.0150904635063569
537	0.015076038211656477
538	0.015056201574000035
539	0.015024300981771826
540	0.014961559881943667
541	0.014918284458861737
542	0.014911098941160349
543	0.014907994450378504
544	0.014905255498634884
545	0.014863547173921994
546	0.014843609413458105
547	0.014837844332389171
548	0.014820331662538315
549	0.014793726836973813
550	0.014763806958621013
551	0.014767059972990836
552	0.014730134792264869
553	0.014719995483846166
554	0.014684773736668072
555	0.014640472421686944
556	0.014618233623308597
557	0.014606466310000564
558	0.014550659824204714
559	0.01453626605673826
560	0.014500842745487732
561	0.014459562595334237
562	0.014401770651733816
563	0.014391231163795138
564	0.014381988681987045
565	0.014332791540266544
566	0.014320540267808284
567	0.014315290423656483
568	0.014299374978611402
569	0.014285018395543725
570	0.014265146524350129
571	0.014251054693567775
572	0.014241822767465757
573	0.014164259202789155
574	0.014127138901829692
575	0.014112548901294006
576	0.014096028993073922
577	0.014041197175419193
578	0.014010989193346696
579	0.014001739102416366
580	0.013982161858571374
581	0.013955547133639246
582	0.01390218861911534
583	0.013897180868944954
584	0.01387994225710566
585	0.01386344857101234
586	0.01385634752707046
587	0.0138381801221609
588	0.013833602034579723
589	0.013816444285754154
590	0.013774784354847294
591	0.013746105550368379
592	0.013703465017621489
593	0.013680557098658437
594	0.013675729553276469
595	0.013653013230109673
596	0.013616825353663
597	0.013607458121505857
598	0.013572123323016038
599	0.0135450461662316
600	0.013537103761096006
601	0.013506321329476333
602	0.013489993511403847
603	0.013476381612849636
604	0.013478220315760207
605	0.01345225760042011
606	0.013436105938139419
607	0.013432317961453279
608	0.013426899059712488
609	0.013395102548747994
610	0.013369690084889098
611	0.013378984805128287
612	0.013367024473522943
613	0.01334477354970954
614	0.013335278360271994
615	0.013328533861804518
616	0.01328956413612225
617	0.013282796226294087
618	0.01328024817640584
619	0.013278927830359857
620	0.013196697238012953
621	0.01318608150228202
622	0.01318457392798662
623	0.013182510442360238
624	0.013164728309934003
625	0.013159489584612188
626	0.013153482287764239
627	0.013163595909080353
628	0.013155084845434699
629	0.013148766894919967
630	0.013148585908792212
631	0.013122032504895843
632	0.01308431006915134
633	0.013078519477416223
634	0.013078202053522326
635	0.013065988738552912
636	0.013058309758794533
637	0.01304460014257476
638	0.01303603640157193
639	0.0130103726727819
640	0.0129986733333996
641	0.01295003319148884
642	0.012949477287234905
643	0.01290308130974267
644	0.012899866443066904
645	0.012892137699397933
646	0.012891917414422511
647	0.012857873817221512
648	0.0128335918712762
649	0.01279335503523584
650	0.012766488185621842
651	0.012738992407608002
652	0.012704265745484906
653	0.012664368554706764
654	0.012611615142288216
655	0.012584559747517281
656	0.012560349703478246
657	0.012544435620166385
658	0.012523157852874299
659	0.012501089923767321
660	0.012488547705682121
661	0.012430111455810064
662	0.012427936658243172
663	0.012348237276767106
664	0.012337072060381152
665	0.012334242148504896
666	0.012325415295531507
667	0.012301698942903085
668	0.012292239654874007
669	0.012237409283309846
670	0.012216820282255852
671	0.01216237821159024
672	0.012148809261666378
673	0.01213644639763471
674	0.012061632595234016
675	0.01203221993246381
676	0.012028749107711085
677	0.012020865839860286
678	0.011978494090473777
679	0.011970509030076897
680	0.011958411558297025
681	0.011929197807323148
682	0.011901157054865713
683	0.01189716005740959
684	0.011850370963991223
685	0.011838814929034082
686	0.011818384320619192
687	0.01178640611055889
688	0.01178026663924312
689	0.011726522207087302
690	0.011716564645675618
691	0.011712366754216611
692	0.011708256367702893
693	0.011690383537878322
694	0.011662433121994222
695	0.011644195861931767
696	0.011614864882376376
697	0.011603941717606585
698	0.011566334060781726
699	0.011556901008028404
700	0.011547484079175843
701	0.011543735268183525
702	0.01152421510964919
703	0.011520356727540511
704	0.011514966809556115
705	0.01150159351346167
706	0.011473351241652092
707	0.011479021063442585
708	0.011468292655755644
709	0.011463713573090329
710	0.011451091569220855
711	0.011438035488294895
712	0.011409002063373854
713	0.011400446668027402
714	0.01137028192786662
715	0.011363731121986019
716	0.01133824950449665
717	0.011322964557857465
718	0.011307484490292953
719	0.01128029698005065
720	0.011270096511969288
721	0.011243089326033715
722	0.011222862214229683
723	0.011211429239969432
724	0.011185314053694741
725	0.01115056216507369
726	0.01113179545176226
727	0.011113466052927673
728	0.011084748898513847
729	0.011079972117937457
730	0.011042042638544688
731	0.011019361704259422
732	0.010984784907643562
733	0.010979859159282672
734	0.010930843621191963
735	0.010901525625162892
736	0.01089044757670568
737	0.010886371295435389
738	0.010872527455031563
739	0.010864985701019196
740	0.010850232984240033
741	0.010847409325896826
742	0.010835199058629338
743	0.010835039807344751
744	0.010829177657862583
745	0.01082469680522532
746	0.01080994715522751
747	0.010799064102195784
748	0.010794606945634158
749	0.010793675775380452
750	0.010792975549019599
751	0.010784264940054593
752	0.010777151563938579
753	0.01076580249436918
754	0.01076309426170671
755	0.010763386500458915
756	0.010755015106751763
757	0.01074070653040746
758	0.010725571638301191
759	0.010719240886978003
760	0.01070354625534973
761	0.010682972689995645
762	0.010677778642604425
763	0.010645825349223386
764	0.010641481375068615
765	0.010620027584120438
766	0.01062424728362308
767	0.010618827745988454
768	0.01062190994675818
769	0.010605279494025385
770	0.010603368653292306
771	0.010593955063759057
772	0.010585871257377
773	0.010581382317924704
774	0.010565148392602166
775	0.01055020700949248
776	0.010544791079688937
777	0.010538697141529387
778	0.010527488087062088
779	0.010510295036490633
780	0.01050589955633964
781	0.010503326566485205
782	0.0104874323083606
783	0.010474821076280621
784	0.010472183786079364
785	0.010479964808703954
786	0.010475688572528237
787	0.010462016584282375
788	0.010441370695530068
789	0.010429970947883045
790	0.010350126834929899
791	0.010334054784540294
792	0.010317709481892593
793	0.010231186893739336
794	0.010221130046436058
795	0.010179572453043866
796	0.010155599858809278
797	0.0101351054381626
798	0.010104297661823426
799	0.01006226702258439
800	0.010045987463264816
801	0.010024745964311457
802	0.010014365882035806
803	0.009996951686252307
804	0.009974226049856991
805	0.009968285625547689
806	0.009949716191100619
807	0.009897146249126576
808	0.009884389638282828
809	0.009864921650809051
810	0.009860512737719805
811	0.009858405613105272
812	0.009849704817032649
813	0.009824991438879343
814	0.009814373495580918
815	0.009808787126819781
816	0.00979702133293665
817	0.009766606514271517
818	0.009753810010613831
819	0.009719164976578262
820	0.00971326193449502
821	0.009697275280572508
822	0.009669750049442895
823	0.009660978725782221
824	0.009655315206772094
825	0.009646645451131431
826	0.009638893702696433
827	0.00963059783038428
828	0.009619487052411878
829	0.009617275433579433
830	0.009586515855565733
831	0.009571169684875203
832	0.009562655241132626
833	0.009554645521042647
834	0.009545419178139001
835	0.009543686128389284
836	0.009538664876626054
837	0.009528702347038715
838	0.009529704054618636
839	0.009528183174453914
840	0.009526222769812288
841	0.009504143503331735
842	0.00949716247826905
843	0.009478825459830763
844	0.009458027815885691
845	0.00944369058427406
846	0.009440232476398311
847	0.00943272352857638
848	0.009431834661913597
849	0.009405430667495562
850	0.009399981509321557
851	0.009398541929767294
852	0.009394645936773978
853	0.009379465863530683
854	0.00937199632399594
855	0.009364064964838666
856	0.009354693620329577
857	0.009338745471477524
858	0.00932825217024899
859	0.00932315113379777
860	0.009313808870261033
861	0.009298548542040498
862	0.009292729739090063
863	0.009275753555556238
864	0.00928013131260579
865	0.009274691710758102
866	0.009266701726239047
867	0.009264071850619351
868	0.00925555945744907
869	0.009232241822858027
870	0.009229161346569266
871	0.00922680585320403
872	0.009237137489084548
873	0.00921990496936128
874	0.009205887557280594
875	0.009197312351149189
876	0.009188610590680891
877	0.009147765815443151
878	0.009142808123456777
879	0.009135339006315505
880	0.009131140295787633
881	0.009125102040271178
882	0.009121229132590543
883	0.00909586774644653
884	0.009082471594474449
885	0.009065303010973205
886	0.009064565362239208
887	0.009054155191253955
888	0.009044684969216923
889	0.009050643725985588
890	0.009011930851394713
891	0.009007861196555007
892	0.00898656653493273
893	0.008979243607603089
894	0.008975537383079712
895	0.00896147205727669
896	0.00895698419371485
897	0.008951266360398523
898	0.00894756406357079
899	0.008942318736995327
900	0.008928025826762822
901	0.008917387550946178
902	0.008915692037085168
903	0.008909897697999783
904	0.008911832168762755
905	0.00891082425033941
906	0.008908018963233297
907	0.008889926086092544
908	0.008883275373090095
909	0.008866555557876327
910	0.008859630714540602
911	0.008844024149051197
912	0.008832562645364661
913	0.008818956080717479
914	0.008809599676466
915	0.008800122769338205
916	0.008792221565510776
917	0.008786321662990395
918	0.008785066586774202
919	0.008773040538462982
920	0.008772265540834615
921	0.00876942968936683
922	0.008771006636833384
923	0.008760717244800374
924	0.00874705583446934
925	0.008746635982008127
926	0.008738914766810733
927	0.00872997145597195
928	0.008688852854387004
929	0.008670573391705341
930	0.00866297732527561
931	0.008650015072919352
932	0.008640400911516471
933	0.008629283813987736
934	0.00861522992307661
935	0.008608369688842083
936	0.008599478362028986
937	0.00857591552225682
938	0.00856530071822132
939	0.008552768511911984
940	0.008536600798984417
941	0.00853050737488915
942	0.008512926904715591
943	0.008517225093046716
944	0.00851294806936705
945	0.008500401097308801
946	0.008507735184395878
947	0.00850341356882852
948	0.008490900196339116
949	0.008485776524740212
950	0.008474570463065705
951	0.008466688080929544
952	0.00845216273746965
953	0.008447075857453523
954	0.008430902347239424
955	0.008431112084779323
956	0.008411890989565336
957	0.008389145590961827
958	0.00838054558615631
959	0.0083761205672689
960	0.008361157383203303
961	0.008353739331791612
962	0.008349647074211328
963	0.008344936687972128
964	0.008340596598038002
965	0.008332746238822268
966	0.008324955234799382
967	0.00830763474094387
968	0.008300273433735114
969	0.008281124273273151
970	0.008267205133368956
971	0.008252937823849152
972	0.008250827747357439
973	0.00824435013753207
974	0.008233404570524518
975	0.00822446291817039
976	0.008217913128480794
977	0.008222039789522186
978	0.008217749745523122
979	0.008210714707384296
980	0.008196673036114044
981	0.008192475033807024
982	0.008188718370530236
983	0.008178935908889327
984	0.008170607382457432
985	0.008167002404176846
986	0.008140271407550529
987	0.008140373315496746
988	0.008137264593968938
989	0.0081305370302681
990	0.008125216328300516
991	0.008123321997201028
992	0.008110816174878575
993	0.008099117375452767
994	0.008092214254111437
995	0.008088231353334792
996	0.008083679697938197
997	0.008081757869283173
998	0.008075094903815075
999	0.008065047414991214
1000	0.008063528510518708