-19210.0 -18538.0 
-17995.0 -19532.0 
-17995.0 -19532.0 
-19210.0 -18538.0 
-19143.0 -18654.0 
-18286.0 -19451.0 
-19121.0 -18724.0 
-19038.0 -18850.0 
-19159.0 -18599.0 
-18200.0 -19464.0 
-18084.0 -19530.0 
-19079.0 -18788.0 
-18314.0 -19407.0 
-19121.0 -18724.0 
-19159.0 -18599.0 
-18902.0 -19032.0 
-18366.0 -19403.0 
-18717.0 -19187.0 
-19004.0 -18898.0 
-18512.0 -19305.0 
-18559.0 -19294.0 
-19079.0 -18788.0 
-18756.0 -19160.0 
-18200.0 -19464.0 
-18703.0 -19213.0 
-18912.0 -18984.0 
-18151.0 -19486.0 
-18763.0 -19140.0 
-18503.0 -19311.0 
-18974.0 -18922.0 
-18650.0 -19241.0 
-18499.0 -19341.0 
-18409.0 -19376.0 
-18409.0 -19376.0 
-18600.0 -19262.0 
-18962.0 -18948.0 
-18846.0 -19095.0 
-19051.0 -18812.0 
-18366.0 -19403.0 
-18107.0 -19515.0 
-18107.0 -19515.0 
-18899.0 -19047.0 
-18742.0 -19176.0 
-18286.0 -19451.0 
-18151.0 -19486.0 
-18600.0 -19262.0 
-18452.0 -19356.0 
-18672.0 -19229.0 
-18795.0 -19114.0 
-18135.0 -19496.0 
-19004.0 -18898.0 
-18650.0 -19241.0 
-18135.0 -19496.0 
-18791.0 -19139.0 
-18452.0 -19356.0 
-19051.0 -18812.0 
-18573.0 -19272.0 
-18664.0 -19237.0 
-18915.0 -18969.0 
-18856.0 -19054.0 
-18982.0 -18903.0 
-18429.0 -19367.0 
-18703.0 -19213.0 
-18429.0 -19367.0 
-18314.0 -19407.0 
-18481.0 -19344.0 
-18481.0 -19344.0 
-19043.0 -18830.0 
-18850.0 -19071.0 
-18830.0 -19096.0 
-18943.0 -18949.0 
-18912.0 -18984.0 
-18672.0 -19229.0 
-18559.0 -19294.0 
-18742.0 -19176.0 
-18878.0 -19049.0 
-19043.0 -18830.0 
-18852.0 -19057.0 
-18583.0 -19264.0 
-18084.0 -19530.0 
-18816.0 -19103.0 
-18878.0 -19049.0 
-18933.0 -18952.0 
-18915.0 -18969.0 
-18573.0 -19272.0 
-18821.0 -19100.0 
-18850.0 -19071.0 
-18792.0 -19130.0 
-18933.0 -18952.0 
-18816.0 -19103.0 
-18975.0 -18913.0 
-18795.0 -19114.0 
-18792.0 -19130.0 
-18936.0 -18951.0 
-18975.0 -18913.0 
-18962.0 -18948.0 
-18982.0 -18903.0 
-18583.0 -19264.0 
-18499.0 -19341.0 
-18791.0 -19139.0 
