-18269.0 -19510.0 
-19135.0 -18546.0 
-18314.0 -19449.0 
-18423.0 -19443.0 
-19132.0 -18637.0 
-19081.0 -18739.0 
-18439.0 -19417.0 
-18483.0 -19397.0 
-19095.0 -18699.0 
-19119.0 -18675.0 
-18294.0 -19481.0 
-18994.0 -18858.0 
-18583.0 -19337.0 
-18852.0 -19092.0 
-18888.0 -19015.0 
-18920.0 -18984.0 
-19013.0 -18856.0 
-18909.0 -19012.0 
-18294.0 -19481.0 
-18556.0 -19355.0 
-18716.0 -19216.0 
-18559.0 -19344.0 
-18776.0 -19155.0 
-19028.0 -18798.0 
-18856.0 -19062.0 
-19058.0 -18755.0 
-18879.0 -19046.0 
-18859.0 -19055.0 
-18625.0 -19297.0 
-19132.0 -18637.0 
-18884.0 -19040.0 
-19095.0 -18699.0 
-18632.0 -19285.0 
-19014.0 -18828.0 
-18988.0 -18887.0 
-19119.0 -18675.0 
-18782.0 -19135.0 
-18439.0 -19417.0 
-18945.0 -18935.0 
-18483.0 -19397.0 
-18606.0 -19306.0 
-19025.0 -18824.0 
-18803.0 -19123.0 
-18526.0 -19358.0 
-18786.0 -19128.0 
-18811.0 -19109.0 
-18761.0 -19158.0 
-18508.0 -19368.0 
-18583.0 -19337.0 
-18924.0 -18960.0 
-18498.0 -19376.0 
-18743.0 -19180.0 
-18828.0 -19105.0 
-18696.0 -19221.0 
-18653.0 -19263.0 
-18942.0 -18951.0 
-18828.0 -19105.0 
-18718.0 -19197.0 
-18611.0 -19303.0 
-18513.0 -19360.0 
-18952.0 -18925.0 
-18719.0 -19189.0 
-18644.0 -19279.0 
-18937.0 -18957.0 
-18756.0 -19170.0 
-19056.0 -18774.0 
-18606.0 -19306.0 
-18923.0 -18974.0 
-18734.0 -19185.0 
-18314.0 -19449.0 
-19038.0 -18793.0 
-18681.0 -19227.0 
-18498.0 -19376.0 
-18667.0 -19250.0 
-18423.0 -19443.0 
-18653.0 -19263.0 
-18808.0 -19117.0 
-18952.0 -18925.0 
-18693.0 -19222.0 
-19051.0 -18776.0 
-18970.0 -18910.0 
-18673.0 -19241.0 
-18970.0 -18910.0 
-18975.0 -18908.0 
-18988.0 -18887.0 
-18667.0 -19250.0 
-19038.0 -18793.0 
-19058.0 -18755.0 
-18979.0 -18900.0 
-18673.0 -19241.0 
-18759.0 -19169.0 
-18526.0 -19358.0 
-18852.0 -19092.0 
-18979.0 -18900.0 
-19051.0 -18776.0 
-19022.0 -18827.0 
-18644.0 -19279.0 
-18909.0 -19012.0 
-18739.0 -19183.0 
-18681.0 -19227.0 
