-18473.0 -19390.0 
-19071.0 -18751.0 
-19071.0 -18751.0 
-18473.0 -19390.0 
-19045.0 -18827.0 
-19054.0 -18752.0 
-18694.0 -19283.0 
-18702.0 -19256.0 
-18752.0 -19250.0 
-18642.0 -19290.0 
-18802.0 -19195.0 
-18493.0 -19376.0 
-18544.0 -19373.0 
-19009.0 -18860.0 
-18990.0 -18927.0 
-18771.0 -19208.0 
-18807.0 -19158.0 
-18589.0 -19345.0 
-18631.0 -19313.0 
-19009.0 -18860.0 
-19045.0 -18827.0 
-18996.0 -18888.0 
-18957.0 -18969.0 
-18999.0 -18878.0 
-18552.0 -19370.0 
-18878.0 -19093.0 
-18944.0 -18997.0 
-18876.0 -19108.0 
-18760.0 -19223.0 
-18566.0 -19356.0 
-18970.0 -18957.0 
-18894.0 -19087.0 
-18589.0 -19345.0 
-18853.0 -19124.0 
-18611.0 -19314.0 
-18900.0 -19070.0 
-18839.0 -19126.0 
-18853.0 -19124.0 
-18566.0 -19356.0 
-18957.0 -18969.0 
-18931.0 -19005.0 
-18771.0 -19208.0 
-18905.0 -19048.0 
-18830.0 -19148.0 
-18760.0 -19223.0 
-18609.0 -19324.0 
-18914.0 -19009.0 
-18973.0 -18935.0 
-18900.0 -19070.0 
-18905.0 -19048.0 
-18609.0 -19324.0 
-18974.0 -18931.0 
-18836.0 -19139.0 
-18907.0 -19031.0 
-18486.0 -19381.0 
-18642.0 -19290.0 
-18933.0 -18998.0 
-18802.0 -19195.0 
-18876.0 -19108.0 
-18816.0 -19156.0 
-18816.0 -19156.0 
-18486.0 -19381.0 
-18996.0 -18888.0 
-18694.0 -19283.0 
-18970.0 -18957.0 
-18944.0 -18997.0 
-18752.0 -19250.0 
-18702.0 -19256.0 
-18830.0 -19148.0 
-18907.0 -19031.0 
-18909.0 -19019.0 
-18631.0 -19313.0 
-18894.0 -19087.0 
-18836.0 -19139.0 
-18544.0 -19373.0 
-18493.0 -19376.0 
-18990.0 -18927.0 
-18910.0 -19014.0 
-18610.0 -19322.0 
-18914.0 -19009.0 
-18807.0 -19158.0 
-18973.0 -18935.0 
-18909.0 -19019.0 
-18931.0 -19005.0 
-18910.0 -19014.0 
-18839.0 -19126.0 
-18974.0 -18931.0 
-18933.0 -18998.0 
-18610.0 -19322.0 
-18611.0 -19314.0 
-19009.0 -18860.0 
-18589.0 -19345.0 
-18566.0 -19356.0 
-18760.0 -19223.0 
-18486.0 -19381.0 
-18894.0 -19087.0 
-18836.0 -19139.0 
-18909.0 -19019.0 
-18589.0 -19345.0 
-19009.0 -18860.0 
