-18512.0 -19391.0 
-19208.0 -18574.0 
-18512.0 -19391.0 
-18571.0 -19356.0 
-19182.0 -18713.0 
-18573.0 -19320.0 
-19184.0 -18659.0 
-19184.0 -18659.0 
-18797.0 -19206.0 
-18711.0 -19266.0 
-19116.0 -18774.0 
-18619.0 -19318.0 
-18917.0 -19101.0 
-18666.0 -19267.0 
-19048.0 -18931.0 
-19077.0 -18907.0 
-18899.0 -19128.0 
-19087.0 -18886.0 
-18762.0 -19230.0 
-18746.0 -19241.0 
-18973.0 -19044.0 
-19099.0 -18845.0 
-19100.0 -18808.0 
-19041.0 -18955.0 
-18746.0 -19241.0 
-19151.0 -18722.0 
-18762.0 -19230.0 
-19099.0 -18845.0 
-18711.0 -19266.0 
-19000.0 -18976.0 
-19021.0 -18970.0 
-19140.0 -18744.0 
-18655.0 -19293.0 
-18995.0 -18992.0 
-19111.0 -18797.0 
-18877.0 -19130.0 
-19077.0 -18907.0 
-19137.0 -18755.0 
-18870.0 -19154.0 
-19087.0 -18886.0 
-18820.0 -19190.0 
-18637.0 -19299.0 
-18978.0 -19018.0 
-19048.0 -18931.0 
-18984.0 -19004.0 
-19021.0 -18970.0 
-18951.0 -19052.0 
-18824.0 -19172.0 
-18925.0 -19092.0 
-19041.0 -18955.0 
-18899.0 -19128.0 
-18635.0 -19303.0 
-19137.0 -18755.0 
-18852.0 -19160.0 
-18803.0 -19197.0 
-18871.0 -19140.0 
-18926.0 -19078.0 
-18951.0 -19052.0 
-18841.0 -19161.0 
-18619.0 -19318.0 
-18985.0 -18995.0 
-18664.0 -19277.0 
-18978.0 -19018.0 
-19147.0 -18729.0 
-18852.0 -19160.0 
-18940.0 -19055.0 
-18664.0 -19277.0 
-18814.0 -19195.0 
-18635.0 -19303.0 
-19111.0 -18797.0 
-18655.0 -19293.0 
-18832.0 -19171.0 
-19147.0 -18729.0 
-18973.0 -19044.0 
-19151.0 -18722.0 
-19100.0 -18808.0 
-18932.0 -19070.0 
-19000.0 -18976.0 
-18932.0 -19070.0 
-18835.0 -19169.0 
-19182.0 -18713.0 
-18871.0 -19140.0 
-18925.0 -19092.0 
-18926.0 -19078.0 
-18814.0 -19195.0 
-18835.0 -19169.0 
-18877.0 -19130.0 
-18803.0 -19197.0 
-18937.0 -19061.0 
-18841.0 -19161.0 
-18937.0 -19061.0 
-18935.0 -19065.0 
-18935.0 -19065.0 
-18870.0 -19154.0 
-18940.0 -19055.0 
-18824.0 -19172.0 
-18573.0 -19320.0 
-18985.0 -18995.0 
-19184.0 -18659.0 
-18803.0 -19197.0 
