-18493.0 -19335.0 
-19144.0 -18717.0 
-19144.0 -18717.0 
-18493.0 -19335.0 
-18552.0 -19332.0 
-18901.0 -19044.0 
-18943.0 -19034.0 
-18600.0 -19298.0 
-19117.0 -18781.0 
-18895.0 -19088.0 
-18961.0 -18994.0 
-18600.0 -19298.0 
-18794.0 -19170.0 
-18759.0 -19174.0 
-18626.0 -19264.0 
-19143.0 -18732.0 
-18695.0 -19227.0 
-18552.0 -19332.0 
-18695.0 -19227.0 
-18982.0 -18980.0 
-19117.0 -18781.0 
-18736.0 -19210.0 
-19143.0 -18732.0 
-18984.0 -18952.0 
-18662.0 -19237.0 
-19088.0 -18803.0 
-18849.0 -19097.0 
-18644.0 -19260.0 
-19088.0 -18803.0 
-18961.0 -18994.0 
-18826.0 -19122.0 
-18983.0 -18967.0 
-18870.0 -19091.0 
-19027.0 -18913.0 
-18626.0 -19264.0 
-18800.0 -19145.0 
-18838.0 -19111.0 
-18943.0 -19034.0 
-18749.0 -19180.0 
-19036.0 -18889.0 
-19036.0 -18889.0 
-19001.0 -18932.0 
-19021.0 -18918.0 
-18654.0 -19244.0 
-18870.0 -19091.0 
-18993.0 -18937.0 
-18736.0 -19210.0 
-19001.0 -18932.0 
-19068.0 -18822.0 
-19078.0 -18811.0 
-19040.0 -18850.0 
-18741.0 -19203.0 
-19021.0 -18918.0 
-18803.0 -19134.0 
-18746.0 -19188.0 
-18662.0 -19237.0 
-18816.0 -19123.0 
-19078.0 -18811.0 
-19037.0 -18873.0 
-19038.0 -18870.0 
-18800.0 -19145.0 
-18654.0 -19244.0 
-18849.0 -19097.0 
-19068.0 -18822.0 
-18901.0 -19044.0 
-18811.0 -19131.0 
-19061.0 -18842.0 
-19053.0 -18845.0 
-19063.0 -18834.0 
-19027.0 -18913.0 
-18993.0 -18937.0 
-18644.0 -19260.0 
-19039.0 -18858.0 
-19063.0 -18834.0 
-18746.0 -19188.0 
-19053.0 -18845.0 
-18837.0 -19113.0 
-18741.0 -19203.0 
-18837.0 -19113.0 
-18794.0 -19170.0 
-19039.0 -18858.0 
-18895.0 -19088.0 
-18811.0 -19131.0 
-19040.0 -18850.0 
-18803.0 -19134.0 
-18816.0 -19123.0 
-19061.0 -18842.0 
-19037.0 -18873.0 
-19117.0 -18781.0 
-19088.0 -18803.0 
-18943.0 -19034.0 
-19036.0 -18889.0 
-18901.0 -19044.0 
-18993.0 -18937.0 
-18746.0 -19188.0 
-19053.0 -18845.0 
-18895.0 -19088.0 
-18803.0 -19134.0 
-18943.0 -19034.0 
-18895.0 -19088.0 
