-1.924400000000000000e+04 -1.870200000000000000e+04
-1.796300000000000000e+04 -1.979400000000000000e+04
-1.806300000000000000e+04 -1.975800000000000000e+04
-1.884800000000000000e+04 -1.921200000000000000e+04
-1.824300000000000000e+04 -1.967400000000000000e+04
-1.861800000000000000e+04 -1.943600000000000000e+04
-1.799300000000000000e+04 -1.976400000000000000e+04
-1.888600000000000000e+04 -1.915600000000000000e+04
-1.883000000000000000e+04 -1.923900000000000000e+04
-1.800600000000000000e+04 -1.976200000000000000e+04
-1.909500000000000000e+04 -1.893900000000000000e+04
-1.826900000000000000e+04 -1.965600000000000000e+04
-1.839300000000000000e+04 -1.958700000000000000e+04
-1.921000000000000000e+04 -1.876900000000000000e+04
-1.817000000000000000e+04 -1.972400000000000000e+04
-1.894300000000000000e+04 -1.912100000000000000e+04
-1.903000000000000000e+04 -1.901500000000000000e+04
-1.896200000000000000e+04 -1.910400000000000000e+04
-1.891900000000000000e+04 -1.914900000000000000e+04
-1.888100000000000000e+04 -1.918400000000000000e+04
-1.885800000000000000e+04 -1.918900000000000000e+04
-1.835300000000000000e+04 -1.960600000000000000e+04
-1.862900000000000000e+04 -1.940100000000000000e+04
-1.830200000000000000e+04 -1.964500000000000000e+04
-1.903200000000000000e+04 -1.898600000000000000e+04
-1.912600000000000000e+04 -1.887800000000000000e+04
-1.919000000000000000e+04 -1.877000000000000000e+04
-1.913800000000000000e+04 -1.883900000000000000e+04
-1.918600000000000000e+04 -1.880200000000000000e+04
-1.921200000000000000e+04 -1.872700000000000000e+04
-1.922000000000000000e+04 -1.872500000000000000e+04
-1.877500000000000000e+04 -1.928900000000000000e+04
-1.879000000000000000e+04 -1.927400000000000000e+04
-1.843300000000000000e+04 -1.958400000000000000e+04
-1.910700000000000000e+04 -1.890300000000000000e+04
-1.852400000000000000e+04 -1.950900000000000000e+04
-1.913100000000000000e+04 -1.887000000000000000e+04
-1.869300000000000000e+04 -1.935100000000000000e+04
-1.892000000000000000e+04 -1.912800000000000000e+04
-1.870900000000000000e+04 -1.932900000000000000e+04
-1.898600000000000000e+04 -1.906000000000000000e+04
-1.853600000000000000e+04 -1.948800000000000000e+04
-1.910200000000000000e+04 -1.890800000000000000e+04
-1.865200000000000000e+04 -1.939600000000000000e+04
-1.880200000000000000e+04 -1.926000000000000000e+04
-1.880600000000000000e+04 -1.924200000000000000e+04
-1.817600000000000000e+04 -1.969800000000000000e+04
-1.901000000000000000e+04 -1.902700000000000000e+04
-1.915900000000000000e+04 -1.881700000000000000e+04
-1.832900000000000000e+04 -1.962900000000000000e+04
-1.833200000000000000e+04 -1.962700000000000000e+04
-1.906800000000000000e+04 -1.894400000000000000e+04
-1.857400000000000000e+04 -1.946000000000000000e+04
-1.843400000000000000e+04 -1.957000000000000000e+04
-1.866900000000000000e+04 -1.937900000000000000e+04
-1.846900000000000000e+04 -1.954800000000000000e+04
-1.855400000000000000e+04 -1.947200000000000000e+04
-1.915200000000000000e+04 -1.883500000000000000e+04
-1.820700000000000000e+04 -1.967500000000000000e+04
-1.869000000000000000e+04 -1.936200000000000000e+04
-1.829000000000000000e+04 -1.965000000000000000e+04
-1.860000000000000000e+04 -1.944500000000000000e+04
-1.807500000000000000e+04 -1.974300000000000000e+04
-1.848600000000000000e+04 -1.952400000000000000e+04
-1.896700000000000000e+04 -1.907200000000000000e+04
-1.847700000000000000e+04 -1.953000000000000000e+04
-1.873000000000000000e+04 -1.931700000000000000e+04
-1.813700000000000000e+04 -1.972500000000000000e+04
-1.916900000000000000e+04 -1.880500000000000000e+04
-1.837500000000000000e+04 -1.959800000000000000e+04
-1.875800000000000000e+04 -1.929900000000000000e+04
-1.896300000000000000e+04 -1.907900000000000000e+04
-1.844300000000000000e+04 -1.955200000000000000e+04
-1.867600000000000000e+04 -1.937600000000000000e+04
-1.811400000000000000e+04 -1.973200000000000000e+04
-1.905300000000000000e+04 -1.898100000000000000e+04
-1.810100000000000000e+04 -1.973600000000000000e+04
-1.871800000000000000e+04 -1.932400000000000000e+04
-1.874300000000000000e+04 -1.930700000000000000e+04
-1.808500000000000000e+04 -1.973800000000000000e+04
-1.850600000000000000e+04 -1.951600000000000000e+04
-1.898800000000000000e+04 -1.904200000000000000e+04
-1.819300000000000000e+04 -1.968800000000000000e+04
-1.905800000000000000e+04 -1.896000000000000000e+04
-1.836700000000000000e+04 -1.960200000000000000e+04
-1.813100000000000000e+04 -1.972900000000000000e+04
-1.845300000000000000e+04 -1.955000000000000000e+04
-1.905400000000000000e+04 -1.897300000000000000e+04
-1.900000000000000000e+04 -1.903400000000000000e+04
-1.859000000000000000e+04 -1.945100000000000000e+04
-1.820600000000000000e+04 -1.968200000000000000e+04
-1.864000000000000000e+04 -1.940000000000000000e+04
-1.906500000000000000e+04 -1.895500000000000000e+04
-1.818500000000000000e+04 -1.969200000000000000e+04
-1.858000000000000000e+04 -1.945300000000000000e+04
-1.850700000000000000e+04 -1.951300000000000000e+04
-1.874600000000000000e+04 -1.930100000000000000e+04
-1.853900000000000000e+04 -1.947400000000000000e+04
-1.899100000000000000e+04 -1.903600000000000000e+04
-1.854200000000000000e+04 -1.947300000000000000e+04
