-1.941500000000000000e+04 -1.840200000000000000e+04
-1.822600000000000000e+04 -1.963100000000000000e+04
-1.825700000000000000e+04 -1.960800000000000000e+04
-1.865300000000000000e+04 -1.938900000000000000e+04
-1.912300000000000000e+04 -1.888400000000000000e+04
-1.932700000000000000e+04 -1.860100000000000000e+04
-1.934300000000000000e+04 -1.855100000000000000e+04
-1.941200000000000000e+04 -1.844700000000000000e+04
-1.911800000000000000e+04 -1.891200000000000000e+04
-1.926700000000000000e+04 -1.869600000000000000e+04
-1.902700000000000000e+04 -1.901000000000000000e+04
-1.862000000000000000e+04 -1.940600000000000000e+04
-1.914900000000000000e+04 -1.885700000000000000e+04
-1.885300000000000000e+04 -1.920000000000000000e+04
-1.922400000000000000e+04 -1.875000000000000000e+04
-1.938100000000000000e+04 -1.848000000000000000e+04
-1.895600000000000000e+04 -1.909900000000000000e+04
-1.891900000000000000e+04 -1.910600000000000000e+04
-1.939100000000000000e+04 -1.845500000000000000e+04
-1.905000000000000000e+04 -1.898900000000000000e+04
-1.886500000000000000e+04 -1.917000000000000000e+04
-1.927500000000000000e+04 -1.865600000000000000e+04
-1.835100000000000000e+04 -1.956700000000000000e+04
-1.831100000000000000e+04 -1.956900000000000000e+04
-1.909700000000000000e+04 -1.893400000000000000e+04
-1.902000000000000000e+04 -1.903300000000000000e+04
-1.858600000000000000e+04 -1.942600000000000000e+04
-1.915800000000000000e+04 -1.884900000000000000e+04
-1.917800000000000000e+04 -1.882800000000000000e+04
-1.930200000000000000e+04 -1.862800000000000000e+04
-1.921200000000000000e+04 -1.877600000000000000e+04
-1.873100000000000000e+04 -1.931300000000000000e+04
-1.848200000000000000e+04 -1.949500000000000000e+04
-1.860800000000000000e+04 -1.941500000000000000e+04
-1.888100000000000000e+04 -1.916500000000000000e+04
-1.925400000000000000e+04 -1.871100000000000000e+04
-1.937100000000000000e+04 -1.850400000000000000e+04
-1.899300000000000000e+04 -1.903500000000000000e+04
-1.931200000000000000e+04 -1.860200000000000000e+04
-1.828000000000000000e+04 -1.959200000000000000e+04
-1.874000000000000000e+04 -1.928900000000000000e+04
-1.883100000000000000e+04 -1.920600000000000000e+04
-1.889100000000000000e+04 -1.914200000000000000e+04
-1.846200000000000000e+04 -1.950400000000000000e+04
-1.868500000000000000e+04 -1.935400000000000000e+04
-1.891300000000000000e+04 -1.912300000000000000e+04
-1.898700000000000000e+04 -1.905200000000000000e+04
-1.936600000000000000e+04 -1.851800000000000000e+04
-1.866800000000000000e+04 -1.936500000000000000e+04
-1.872000000000000000e+04 -1.932500000000000000e+04
-1.897100000000000000e+04 -1.906100000000000000e+04
-1.849400000000000000e+04 -1.948100000000000000e+04
-1.922800000000000000e+04 -1.872200000000000000e+04
-1.830900000000000000e+04 -1.958600000000000000e+04
-1.876200000000000000e+04 -1.926900000000000000e+04
-1.918400000000000000e+04 -1.880400000000000000e+04
-1.870200000000000000e+04 -1.934500000000000000e+04
-1.851600000000000000e+04 -1.946900000000000000e+04
-1.856800000000000000e+04 -1.943300000000000000e+04
-1.935400000000000000e+04 -1.853500000000000000e+04
-1.907900000000000000e+04 -1.895300000000000000e+04
-1.889500000000000000e+04 -1.913000000000000000e+04
-1.839100000000000000e+04 -1.953600000000000000e+04
-1.929200000000000000e+04 -1.863900000000000000e+04
-1.880000000000000000e+04 -1.922900000000000000e+04
-1.879200000000000000e+04 -1.924000000000000000e+04
-1.877400000000000000e+04 -1.925400000000000000e+04
-1.841200000000000000e+04 -1.953400000000000000e+04
-1.838200000000000000e+04 -1.954400000000000000e+04
-1.907100000000000000e+04 -1.896700000000000000e+04
-1.853500000000000000e+04 -1.946200000000000000e+04
-1.870300000000000000e+04 -1.932900000000000000e+04
-1.923000000000000000e+04 -1.871200000000000000e+04
-1.920200000000000000e+04 -1.879200000000000000e+04
-1.908200000000000000e+04 -1.893600000000000000e+04
-1.842100000000000000e+04 -1.952800000000000000e+04
-1.828600000000000000e+04 -1.958700000000000000e+04
-1.836300000000000000e+04 -1.954600000000000000e+04
-1.853600000000000000e+04 -1.945100000000000000e+04
-1.850200000000000000e+04 -1.947100000000000000e+04
-1.928300000000000000e+04 -1.864900000000000000e+04
-1.882200000000000000e+04 -1.921800000000000000e+04
-1.842300000000000000e+04 -1.950900000000000000e+04
-1.896200000000000000e+04 -1.908200000000000000e+04
-1.881600000000000000e+04 -1.922500000000000000e+04
-1.855400000000000000e+04 -1.944600000000000000e+04
-1.835300000000000000e+04 -1.955000000000000000e+04
-1.877800000000000000e+04 -1.924600000000000000e+04
-1.844500000000000000e+04 -1.950600000000000000e+04
-1.896400000000000000e+04 -1.907300000000000000e+04
-1.918100000000000000e+04 -1.881400000000000000e+04
-1.867200000000000000e+04 -1.936300000000000000e+04
-1.855600000000000000e+04 -1.943800000000000000e+04
-1.935200000000000000e+04 -1.854600000000000000e+04
-1.905500000000000000e+04 -1.897500000000000000e+04
-1.874400000000000000e+04 -1.927600000000000000e+04
-1.920500000000000000e+04 -1.878800000000000000e+04
-1.843400000000000000e+04 -1.950700000000000000e+04
-1.875000000000000000e+04 -1.927300000000000000e+04
-1.905600000000000000e+04 -1.896800000000000000e+04
