-1.856000000000000000e+04 -1.943700000000000000e+04
-1.842100000000000000e+04 -1.955500000000000000e+04
-1.848700000000000000e+04 -1.951500000000000000e+04
-1.860800000000000000e+04 -1.940200000000000000e+04
-1.851200000000000000e+04 -1.947000000000000000e+04
-1.867200000000000000e+04 -1.934300000000000000e+04
-1.858200000000000000e+04 -1.940600000000000000e+04
-1.871500000000000000e+04 -1.931200000000000000e+04
-1.861100000000000000e+04 -1.938200000000000000e+04
-1.852100000000000000e+04 -1.945300000000000000e+04
-1.879100000000000000e+04 -1.922900000000000000e+04
-1.874900000000000000e+04 -1.927800000000000000e+04
-1.880700000000000000e+04 -1.922500000000000000e+04
-1.865000000000000000e+04 -1.936400000000000000e+04
-1.868400000000000000e+04 -1.933000000000000000e+04
-1.863200000000000000e+04 -1.938000000000000000e+04
-1.854900000000000000e+04 -1.944500000000000000e+04
-1.860900000000000000e+04 -1.939200000000000000e+04
-1.837100000000000000e+04 -1.956900000000000000e+04
-1.842400000000000000e+04 -1.954200000000000000e+04
-1.865800000000000000e+04 -1.934600000000000000e+04
-1.857500000000000000e+04 -1.942000000000000000e+04
-1.851600000000000000e+04 -1.946000000000000000e+04
-1.891300000000000000e+04 -1.909900000000000000e+04
-1.872700000000000000e+04 -1.928800000000000000e+04
-1.872800000000000000e+04 -1.928300000000000000e+04
-1.875200000000000000e+04 -1.925800000000000000e+04
-1.878700000000000000e+04 -1.924400000000000000e+04
-1.890500000000000000e+04 -1.912200000000000000e+04
-1.889800000000000000e+04 -1.913700000000000000e+04
-1.851700000000000000e+04 -1.945900000000000000e+04
-1.898300000000000000e+04 -1.900500000000000000e+04
-1.892700000000000000e+04 -1.908000000000000000e+04
-1.877600000000000000e+04 -1.925600000000000000e+04
-1.885500000000000000e+04 -1.917800000000000000e+04
-1.897900000000000000e+04 -1.900900000000000000e+04
-1.896600000000000000e+04 -1.905500000000000000e+04
-1.894300000000000000e+04 -1.907100000000000000e+04
-1.886800000000000000e+04 -1.915000000000000000e+04
-1.897000000000000000e+04 -1.905100000000000000e+04
-1.873700000000000000e+04 -1.928200000000000000e+04
-1.839200000000000000e+04 -1.955700000000000000e+04
-1.850000000000000000e+04 -1.947200000000000000e+04
-1.825400000000000000e+04 -1.962100000000000000e+04
-1.821100000000000000e+04 -1.965500000000000000e+04
-1.798900000000000000e+04 -1.971800000000000000e+04
-1.792200000000000000e+04 -1.971900000000000000e+04
-1.833000000000000000e+04 -1.960000000000000000e+04
-1.828000000000000000e+04 -1.961300000000000000e+04
-1.824300000000000000e+04 -1.963100000000000000e+04
-1.821700000000000000e+04 -1.965400000000000000e+04
-1.835400000000000000e+04 -1.959300000000000000e+04
-1.823300000000000000e+04 -1.963200000000000000e+04
-1.818100000000000000e+04 -1.965800000000000000e+04
-1.822500000000000000e+04 -1.963700000000000000e+04
-1.822600000000000000e+04 -1.963500000000000000e+04
-1.830400000000000000e+04 -1.960600000000000000e+04
-1.817000000000000000e+04 -1.967400000000000000e+04
-1.811900000000000000e+04 -1.969900000000000000e+04
-1.848800000000000000e+04 -1.947500000000000000e+04
-1.852500000000000000e+04 -1.944800000000000000e+04
-1.844700000000000000e+04 -1.952900000000000000e+04
-1.903100000000000000e+04 -1.900000000000000000e+04
-1.903700000000000000e+04 -1.897900000000000000e+04
-1.884300000000000000e+04 -1.920600000000000000e+04
-1.897200000000000000e+04 -1.904800000000000000e+04
-1.929500000000000000e+04 -1.846900000000000000e+04
-1.927700000000000000e+04 -1.851400000000000000e+04
-1.924800000000000000e+04 -1.858700000000000000e+04
-1.923100000000000000e+04 -1.861000000000000000e+04
-1.921500000000000000e+04 -1.862400000000000000e+04
-1.911900000000000000e+04 -1.882900000000000000e+04
-1.917200000000000000e+04 -1.874400000000000000e+04
-1.912500000000000000e+04 -1.881000000000000000e+04
-1.910900000000000000e+04 -1.886400000000000000e+04
-1.915800000000000000e+04 -1.875200000000000000e+04
-1.918500000000000000e+04 -1.871400000000000000e+04
-1.919900000000000000e+04 -1.868300000000000000e+04
-1.914400000000000000e+04 -1.880200000000000000e+04
-1.914800000000000000e+04 -1.877300000000000000e+04
-1.911500000000000000e+04 -1.884300000000000000e+04
-1.909100000000000000e+04 -1.889200000000000000e+04
-1.907300000000000000e+04 -1.890400000000000000e+04
-1.922300000000000000e+04 -1.861200000000000000e+04
-1.926600000000000000e+04 -1.857100000000000000e+04
-1.920500000000000000e+04 -1.865800000000000000e+04
-1.916300000000000000e+04 -1.874800000000000000e+04
-1.915300000000000000e+04 -1.875600000000000000e+04
-1.923400000000000000e+04 -1.860800000000000000e+04
-1.917500000000000000e+04 -1.874200000000000000e+04
-1.912800000000000000e+04 -1.880800000000000000e+04
-1.906700000000000000e+04 -1.891500000000000000e+04
-1.905700000000000000e+04 -1.894000000000000000e+04
