-1.840600000000000000e+04 -1.955900000000000000e+04
-1.938700000000000000e+04 -1.843000000000000000e+04
-1.935900000000000000e+04 -1.851400000000000000e+04
-1.938300000000000000e+04 -1.844200000000000000e+04
-1.935500000000000000e+04 -1.852600000000000000e+04
-1.933100000000000000e+04 -1.856800000000000000e+04
-1.847800000000000000e+04 -1.953700000000000000e+04
-1.851600000000000000e+04 -1.950900000000000000e+04
-1.868400000000000000e+04 -1.937200000000000000e+04
-1.889900000000000000e+04 -1.917500000000000000e+04
-1.916700000000000000e+04 -1.886500000000000000e+04
-1.862700000000000000e+04 -1.943100000000000000e+04
-1.852800000000000000e+04 -1.949200000000000000e+04
-1.855400000000000000e+04 -1.947600000000000000e+04
-1.892300000000000000e+04 -1.914300000000000000e+04
-1.921000000000000000e+04 -1.878400000000000000e+04
-1.931600000000000000e+04 -1.860800000000000000e+04
-1.890800000000000000e+04 -1.916200000000000000e+04
-1.873600000000000000e+04 -1.933300000000000000e+04
-1.910000000000000000e+04 -1.894700000000000000e+04
-1.908100000000000000e+04 -1.898300000000000000e+04
-1.933000000000000000e+04 -1.857500000000000000e+04
-1.879000000000000000e+04 -1.928500000000000000e+04
-1.922000000000000000e+04 -1.876100000000000000e+04
-1.883100000000000000e+04 -1.924800000000000000e+04
-1.897200000000000000e+04 -1.908800000000000000e+04
-1.911100000000000000e+04 -1.892700000000000000e+04
-1.875800000000000000e+04 -1.932100000000000000e+04
-1.905600000000000000e+04 -1.899900000000000000e+04
-1.885900000000000000e+04 -1.921600000000000000e+04
-1.900800000000000000e+04 -1.903700000000000000e+04
-1.913700000000000000e+04 -1.887400000000000000e+04
-1.893500000000000000e+04 -1.913100000000000000e+04
-1.867800000000000000e+04 -1.938400000000000000e+04
-1.924500000000000000e+04 -1.874400000000000000e+04
-1.858500000000000000e+04 -1.946100000000000000e+04
-1.864400000000000000e+04 -1.941700000000000000e+04
-1.919300000000000000e+04 -1.879200000000000000e+04
-1.898700000000000000e+04 -1.907700000000000000e+04
-1.930300000000000000e+04 -1.863600000000000000e+04
-1.860000000000000000e+04 -1.943400000000000000e+04
-1.871900000000000000e+04 -1.933400000000000000e+04
-1.855100000000000000e+04 -1.948500000000000000e+04
-1.911600000000000000e+04 -1.891100000000000000e+04
-1.888000000000000000e+04 -1.919800000000000000e+04
-1.905700000000000000e+04 -1.898500000000000000e+04
-1.859600000000000000e+04 -1.944500000000000000e+04
-1.914400000000000000e+04 -1.886700000000000000e+04
-1.876700000000000000e+04 -1.931500000000000000e+04
-1.931100000000000000e+04 -1.861300000000000000e+04
-1.899200000000000000e+04 -1.906000000000000000e+04
-1.924800000000000000e+04 -1.872000000000000000e+04
-1.887500000000000000e+04 -1.920900000000000000e+04
-1.870800000000000000e+04 -1.934800000000000000e+04
-1.900300000000000000e+04 -1.905300000000000000e+04
-1.843800000000000000e+04 -1.955500000000000000e+04
-1.840600000000000000e+04 -1.955900000000000000e+04
-1.918900000000000000e+04 -1.881100000000000000e+04
-1.917600000000000000e+04 -1.883600000000000000e+04
-1.897000000000000000e+04 -1.911200000000000000e+04
-1.917600000000000000e+04 -1.883600000000000000e+04
-1.928800000000000000e+04 -1.864900000000000000e+04
-1.880000000000000000e+04 -1.927000000000000000e+04
-1.865100000000000000e+04 -1.940700000000000000e+04
-1.870800000000000000e+04 -1.934800000000000000e+04
-1.912600000000000000e+04 -1.889900000000000000e+04
-1.846600000000000000e+04 -1.955100000000000000e+04
-1.843800000000000000e+04 -1.955500000000000000e+04
-1.884500000000000000e+04 -1.922800000000000000e+04
-1.904000000000000000e+04 -1.901900000000000000e+04
-1.926400000000000000e+04 -1.870900000000000000e+04
-1.866300000000000000e+04 -1.940000000000000000e+04
-1.910000000000000000e+04 -1.894700000000000000e+04
-1.896000000000000000e+04 -1.911400000000000000e+04
-1.923600000000000000e+04 -1.875800000000000000e+04
-1.902600000000000000e+04 -1.902600000000000000e+04
-1.882100000000000000e+04 -1.925500000000000000e+04
-1.927700000000000000e+04 -1.868800000000000000e+04
-1.851600000000000000e+04 -1.950900000000000000e+04
-1.877900000000000000e+04 -1.930200000000000000e+04
-1.929200000000000000e+04 -1.864200000000000000e+04
-1.908100000000000000e+04 -1.898300000000000000e+04
-1.926400000000000000e+04 -1.870900000000000000e+04
-1.927700000000000000e+04 -1.868800000000000000e+04
-1.884500000000000000e+04 -1.922800000000000000e+04
-1.894700000000000000e+04 -1.911800000000000000e+04
-1.847800000000000000e+04 -1.953700000000000000e+04
-1.846600000000000000e+04 -1.955100000000000000e+04
-1.858500000000000000e+04 -1.946100000000000000e+04
-1.928400000000000000e+04 -1.867200000000000000e+04
-1.880000000000000000e+04 -1.927000000000000000e+04
-1.882100000000000000e+04 -1.925500000000000000e+04
-1.877900000000000000e+04 -1.930200000000000000e+04
-1.904000000000000000e+04 -1.901900000000000000e+04
-1.912600000000000000e+04 -1.889900000000000000e+04
-1.928400000000000000e+04 -1.867200000000000000e+04
-1.902600000000000000e+04 -1.902600000000000000e+04
-1.866300000000000000e+04 -1.940000000000000000e+04
-1.918900000000000000e+04 -1.881100000000000000e+04
-1.894700000000000000e+04 -1.911800000000000000e+04
