-19235.0 -18388.0 
-18382.0 -19346.0 
-18382.0 -19346.0 
-19235.0 -18388.0 
-19192.0 -18562.0 
-19208.0 -18441.0 
-19165.0 -18615.0 
-19198.0 -18516.0 
-18499.0 -19329.0 
-18967.0 -18887.0 
-18777.0 -19147.0 
-19092.0 -18684.0 
-18694.0 -19219.0 
-18436.0 -19343.0 
-18977.0 -18838.0 
-18941.0 -18930.0 
-19135.0 -18638.0 
-19228.0 -18431.0 
-18558.0 -19304.0 
-18599.0 -19270.0 
-19060.0 -18772.0 
-18638.0 -19232.0 
-18751.0 -19166.0 
-19087.0 -18729.0 
-19198.0 -18516.0 
-19135.0 -18638.0 
-18436.0 -19343.0 
-18716.0 -19171.0 
-18967.0 -18887.0 
-19165.0 -18615.0 
-19076.0 -18734.0 
-18790.0 -19098.0 
-18864.0 -19017.0 
-19105.0 -18672.0 
-18558.0 -19304.0 
-18916.0 -18941.0 
-18677.0 -19221.0 
-19105.0 -18672.0 
-18530.0 -19306.0 
-18399.0 -19345.0 
-18907.0 -18973.0 
-19060.0 -18772.0 
-18941.0 -18930.0 
-18599.0 -19270.0 
-18852.0 -19020.0 
-18712.0 -19187.0 
-18712.0 -19187.0 
-18829.0 -19069.0 
-18508.0 -19319.0 
-18751.0 -19166.0 
-18777.0 -19147.0 
-18848.0 -19045.0 
-18604.0 -19254.0 
-18638.0 -19232.0 
-18829.0 -19069.0 
-19040.0 -18796.0 
-18677.0 -19221.0 
-18998.0 -18825.0 
-19040.0 -18796.0 
-18882.0 -18979.0 
-19013.0 -18822.0 
-18530.0 -19306.0 
-18998.0 -18825.0 
-18808.0 -19086.0 
-18841.0 -19057.0 
-18618.0 -19250.0 
-18791.0 -19093.0 
-19024.0 -18810.0 
-18977.0 -18838.0 
-18499.0 -19329.0 
-18620.0 -19247.0 
-18508.0 -19319.0 
-18908.0 -18959.0 
-19076.0 -18734.0 
-18808.0 -19086.0 
-18875.0 -18997.0 
-19208.0 -18441.0 
-18399.0 -19345.0 
-19035.0 -18804.0 
-18916.0 -18941.0 
-18841.0 -19057.0 
-18790.0 -19098.0 
-18879.0 -18992.0 
-18908.0 -18959.0 
-19024.0 -18810.0 
-19228.0 -18431.0 
-18620.0 -19247.0 
-18848.0 -19045.0 
-18881.0 -18980.0 
-18803.0 -19088.0 
-19013.0 -18822.0 
-18875.0 -18997.0 
-19035.0 -18804.0 
-18803.0 -19088.0 
-19087.0 -18729.0 
-18604.0 -19254.0 
-18877.0 -18995.0 
-18716.0 -19171.0 
-18852.0 -19020.0 
-18907.0 -18973.0 
