-19486.0 -18178.0 
-19486.0 -18178.0 
-18455.0 -19348.0 
-18455.0 -19348.0 
-19465.0 -18291.0 
-18647.0 -19301.0 
-18576.0 -19307.0 
-18513.0 -19347.0 
-19281.0 -18668.0 
-19332.0 -18595.0 
-19439.0 -18310.0 
-18559.0 -19328.0 
-18709.0 -19251.0 
-19409.0 -18437.0 
-19007.0 -19007.0 
-19016.0 -18977.0 
-18718.0 -19216.0 
-19093.0 -18903.0 
-19168.0 -18813.0 
-19219.0 -18754.0 
-18956.0 -19038.0 
-19349.0 -18528.0 
-19383.0 -18457.0 
-18937.0 -19061.0 
-19033.0 -18973.0 
-19298.0 -18614.0 
-18793.0 -19186.0 
-18976.0 -19019.0 
-18692.0 -19258.0 
-18513.0 -19347.0 
-19422.0 -18369.0 
-18873.0 -19119.0 
-19252.0 -18669.0 
-18830.0 -19157.0 
-18815.0 -19176.0 
-19389.0 -18444.0 
-19119.0 -18862.0 
-18754.0 -19208.0 
-18727.0 -19209.0 
-18760.0 -19188.0 
-19379.0 -18490.0 
-19246.0 -18678.0 
-18670.0 -19260.0 
-19244.0 -18708.0 
-19347.0 -18557.0 
-19373.0 -18494.0 
-18945.0 -19042.0 
-19145.0 -18830.0 
-18850.0 -19123.0 
-18885.0 -19113.0 
-19152.0 -18824.0 
-19178.0 -18769.0 
-19420.0 -18397.0 
-19236.0 -18713.0 
-19228.0 -18732.0 
-19070.0 -18918.0 
-18911.0 -19083.0 
-18661.0 -19270.0 
-19071.0 -18905.0 
-19294.0 -18632.0 
-18889.0 -19094.0 
-19437.0 -18333.0 
-19347.0 -18557.0 
-19190.0 -18763.0 
-18559.0 -19328.0 
-19432.0 -18358.0 
-19362.0 -18516.0 
-19332.0 -18595.0 
-18826.0 -19159.0 
-19105.0 -18864.0 
-19130.0 -18843.0 
-18896.0 -19085.0 
-19046.0 -18939.0 
-18800.0 -19179.0 
-18976.0 -19019.0 
-19294.0 -18632.0 
-19221.0 -18738.0 
-19436.0 -18347.0 
-19419.0 -18408.0 
-18846.0 -19132.0 
-19104.0 -18881.0 
-18921.0 -19072.0 
-19175.0 -18789.0 
-19175.0 -18789.0 
-18846.0 -19132.0 
-18757.0 -19194.0 
-18661.0 -19270.0 
-19130.0 -18843.0 
-19057.0 -18931.0 
-19043.0 -18951.0 
-18576.0 -19307.0 
-19362.0 -18516.0 
-19298.0 -18614.0 
-19043.0 -18951.0 
-19104.0 -18881.0 
-19057.0 -18931.0 
-19190.0 -18763.0 
-19419.0 -18408.0 
-18921.0 -19072.0 
-19007.0 -19007.0 
