-18363.0 -19452.0 
-19487.0 -18175.0 
-19487.0 -18175.0 
-18363.0 -19452.0 
-19467.0 -18317.0 
-18794.0 -19234.0 
-19337.0 -18590.0 
-18713.0 -19236.0 
-18583.0 -19361.0 
-19430.0 -18429.0 
-19073.0 -18953.0 
-19349.0 -18551.0 
-18830.0 -19201.0 
-18928.0 -19098.0 
-18534.0 -19367.0 
-18706.0 -19269.0 
-18889.0 -19099.0 
-19259.0 -18712.0 
-18388.0 -19436.0 
-19303.0 -18652.0 
-18597.0 -19341.0 
-19439.0 -18374.0 
-19304.0 -18617.0 
-18501.0 -19389.0 
-18641.0 -19320.0 
-18841.0 -19159.0 
-18440.0 -19421.0 
-18452.0 -19416.0 
-19467.0 -18317.0 
-19032.0 -18963.0 
-19177.0 -18784.0 
-19107.0 -18901.0 
-18674.0 -19278.0 
-18932.0 -19065.0 
-19455.0 -18354.0 
-19202.0 -18767.0 
-19382.0 -18498.0 
-18662.0 -19297.0 
-19155.0 -18828.0 
-18501.0 -19389.0 
-19003.0 -18977.0 
-18967.0 -19040.0 
-19228.0 -18718.0 
-19390.0 -18469.0 
-19087.0 -18909.0 
-18957.0 -19052.0 
-19353.0 -18525.0 
-19029.0 -18976.0 
-18649.0 -19302.0 
-19108.0 -18875.0 
-19280.0 -18664.0 
-18830.0 -19201.0 
-19168.0 -18814.0 
-19364.0 -18521.0 
-18987.0 -19020.0 
-19370.0 -18500.0 
-18388.0 -19436.0 
-18794.0 -19234.0 
-18983.0 -19032.0 
-19076.0 -18927.0 
-18880.0 -19122.0 
-19279.0 -18671.0 
-19120.0 -18869.0 
-19138.0 -18831.0 
-19412.0 -18433.0 
-18996.0 -19003.0 
-18863.0 -19138.0 
-18712.0 -19242.0 
-18452.0 -19416.0 
-18863.0 -19138.0 
-19131.0 -18859.0 
-19202.0 -18767.0 
-19133.0 -18845.0 
-18596.0 -19343.0 
-19390.0 -18469.0 
-19002.0 -18996.0 
-19455.0 -18354.0 
-18841.0 -19159.0 
-19407.0 -18444.0 
-19084.0 -18923.0 
-19407.0 -18444.0 
-19439.0 -18374.0 
-18641.0 -19320.0 
-18522.0 -19373.0 
-19279.0 -18671.0 
-18522.0 -19373.0 
-19219.0 -18741.0 
-19259.0 -18712.0 
-18440.0 -19421.0 
-19304.0 -18617.0 
-19177.0 -18784.0 
-19219.0 -18741.0 
-18880.0 -19122.0 
-19220.0 -18731.0 
-19168.0 -18814.0 
-18674.0 -19278.0 
-18944.0 -19061.0 
-19224.0 -18721.0 
-18944.0 -19061.0 
-19032.0 -18963.0 
