-2.127900000000000000e+04 -2.142700000000000000e+04
-2.126700000000000000e+04 -2.143300000000000000e+04
-2.147400000000000000e+04 -2.112500000000000000e+04
-2.146500000000000000e+04 -2.117400000000000000e+04
-2.132900000000000000e+04 -2.135700000000000000e+04
-2.125200000000000000e+04 -2.147300000000000000e+04
-2.123000000000000000e+04 -2.148500000000000000e+04
-2.148600000000000000e+04 -2.108300000000000000e+04
-2.139100000000000000e+04 -2.125800000000000000e+04
-2.140800000000000000e+04 -2.122900000000000000e+04
-2.134500000000000000e+04 -2.133000000000000000e+04
-2.095200000000000000e+04 -2.179600000000000000e+04
-2.129000000000000000e+04 -2.141100000000000000e+04
-2.124200000000000000e+04 -2.147800000000000000e+04
-2.120800000000000000e+04 -2.151500000000000000e+04
-2.126600000000000000e+04 -2.144900000000000000e+04
-2.113900000000000000e+04 -2.160500000000000000e+04
-2.118100000000000000e+04 -2.155400000000000000e+04
-2.116800000000000000e+04 -2.158800000000000000e+04
-2.112700000000000000e+04 -2.164500000000000000e+04
-2.112900000000000000e+04 -2.163800000000000000e+04
-2.114400000000000000e+04 -2.160000000000000000e+04
-2.100700000000000000e+04 -2.173700000000000000e+04
-2.123400000000000000e+04 -2.148400000000000000e+04
-2.126500000000000000e+04 -2.145400000000000000e+04
-2.134000000000000000e+04 -2.134100000000000000e+04
-2.131000000000000000e+04 -2.138700000000000000e+04
-2.132100000000000000e+04 -2.137000000000000000e+04
-2.122600000000000000e+04 -2.150600000000000000e+04
-2.121700000000000000e+04 -2.151200000000000000e+04
-2.117400000000000000e+04 -2.157500000000000000e+04
-2.120600000000000000e+04 -2.153400000000000000e+04
-2.117500000000000000e+04 -2.156400000000000000e+04
-2.143400000000000000e+04 -2.118200000000000000e+04
-2.138700000000000000e+04 -2.127000000000000000e+04
-2.140100000000000000e+04 -2.123300000000000000e+04
-2.142500000000000000e+04 -2.122300000000000000e+04
-2.139700000000000000e+04 -2.125600000000000000e+04
-2.137000000000000000e+04 -2.131600000000000000e+04
-2.128400000000000000e+04 -2.141400000000000000e+04
-2.131500000000000000e+04 -2.138400000000000000e+04
-2.129200000000000000e+04 -2.139500000000000000e+04
-2.102000000000000000e+04 -2.173600000000000000e+04
-2.150400000000000000e+04 -2.102200000000000000e+04
-2.150800000000000000e+04 -2.101900000000000000e+04
-2.149000000000000000e+04 -2.103200000000000000e+04
-2.049300000000000000e+04 -2.209400000000000000e+04
-2.064300000000000000e+04 -2.202600000000000000e+04
-2.074000000000000000e+04 -2.195700000000000000e+04
-2.070600000000000000e+04 -2.199100000000000000e+04
-2.059300000000000000e+04 -2.205900000000000000e+04
-2.056700000000000000e+04 -2.206600000000000000e+04
-2.042100000000000000e+04 -2.216600000000000000e+04
-2.056500000000000000e+04 -2.207900000000000000e+04
-2.047000000000000000e+04 -2.211400000000000000e+04
-2.048300000000000000e+04 -2.210000000000000000e+04
-2.067600000000000000e+04 -2.200100000000000000e+04
-2.051000000000000000e+04 -2.208200000000000000e+04
-2.077700000000000000e+04 -2.191500000000000000e+04
-2.077400000000000000e+04 -2.193000000000000000e+04
-2.074900000000000000e+04 -2.194800000000000000e+04
-2.062600000000000000e+04 -2.203400000000000000e+04
-2.079600000000000000e+04 -2.191300000000000000e+04
-2.080000000000000000e+04 -2.190300000000000000e+04
-2.075200000000000000e+04 -2.193300000000000000e+04
-2.072000000000000000e+04 -2.196600000000000000e+04
-2.086100000000000000e+04 -2.187200000000000000e+04
-2.086500000000000000e+04 -2.185600000000000000e+04
-2.084600000000000000e+04 -2.187300000000000000e+04
-2.081600000000000000e+04 -2.189900000000000000e+04
-2.083900000000000000e+04 -2.189700000000000000e+04
-2.087900000000000000e+04 -2.184800000000000000e+04
-2.092600000000000000e+04 -2.180700000000000000e+04
-2.118400000000000000e+04 -2.153700000000000000e+04
-2.091400000000000000e+04 -2.182300000000000000e+04
-2.098300000000000000e+04 -2.176000000000000000e+04
-2.090400000000000000e+04 -2.182700000000000000e+04
-2.088600000000000000e+04 -2.184000000000000000e+04
-2.099000000000000000e+04 -2.175400000000000000e+04
-2.100200000000000000e+04 -2.175100000000000000e+04
-2.109100000000000000e+04 -2.166700000000000000e+04
-2.107800000000000000e+04 -2.167400000000000000e+04
-2.107700000000000000e+04 -2.168900000000000000e+04
-2.106800000000000000e+04 -2.169500000000000000e+04
-2.109200000000000000e+04 -2.165100000000000000e+04
-2.097000000000000000e+04 -2.177800000000000000e+04
-2.089500000000000000e+04 -2.183900000000000000e+04
-2.095500000000000000e+04 -2.178300000000000000e+04
-2.104100000000000000e+04 -2.171600000000000000e+04
-2.105400000000000000e+04 -2.169900000000000000e+04
-2.098100000000000000e+04 -2.177500000000000000e+04
-2.119200000000000000e+04 -2.153500000000000000e+04
-2.102800000000000000e+04 -2.172700000000000000e+04
-2.038000000000000000e+04 -2.218000000000000000e+04
-2.061500000000000000e+04 -2.204200000000000000e+04
-2.064500000000000000e+04 -2.202500000000000000e+04
-2.044700000000000000e+04 -2.213900000000000000e+04
-2.049600000000000000e+04 -2.208700000000000000e+04
