-2.047300000000000000e+04 -2.202300000000000000e+04
-2.059700000000000000e+04 -2.198300000000000000e+04
-2.065500000000000000e+04 -2.193500000000000000e+04
-2.070400000000000000e+04 -2.190400000000000000e+04
-2.072300000000000000e+04 -2.189600000000000000e+04
-2.063700000000000000e+04 -2.196300000000000000e+04
-2.067500000000000000e+04 -2.193200000000000000e+04
-2.084500000000000000e+04 -2.182000000000000000e+04
-2.106800000000000000e+04 -2.165600000000000000e+04
-2.077300000000000000e+04 -2.187800000000000000e+04
-2.092100000000000000e+04 -2.177100000000000000e+04
-2.098500000000000000e+04 -2.171600000000000000e+04
-2.096100000000000000e+04 -2.174600000000000000e+04
-2.096600000000000000e+04 -2.173700000000000000e+04
-2.097000000000000000e+04 -2.173100000000000000e+04
-2.097100000000000000e+04 -2.173000000000000000e+04
-2.087600000000000000e+04 -2.181700000000000000e+04
-2.095600000000000000e+04 -2.175500000000000000e+04
-2.102100000000000000e+04 -2.169800000000000000e+04
-2.102500000000000000e+04 -2.169600000000000000e+04
-2.101000000000000000e+04 -2.170200000000000000e+04
-2.090300000000000000e+04 -2.178700000000000000e+04
-2.073900000000000000e+04 -2.188500000000000000e+04
-2.071300000000000000e+04 -2.189800000000000000e+04
-2.069500000000000000e+04 -2.192600000000000000e+04
-2.083600000000000000e+04 -2.182500000000000000e+04
-2.106700000000000000e+04 -2.167200000000000000e+04
-2.051600000000000000e+04 -2.201000000000000000e+04
-2.055600000000000000e+04 -2.199800000000000000e+04
-2.157300000000000000e+04 -2.097100000000000000e+04
-2.157700000000000000e+04 -2.096800000000000000e+04
-2.151000000000000000e+04 -2.109400000000000000e+04
-2.155000000000000000e+04 -2.102300000000000000e+04
-2.151200000000000000e+04 -2.107800000000000000e+04
-2.153700000000000000e+04 -2.102600000000000000e+04
-2.079500000000000000e+04 -2.186800000000000000e+04
-2.155500000000000000e+04 -2.100600000000000000e+04
-2.148000000000000000e+04 -2.113200000000000000e+04
-2.075900000000000000e+04 -2.187900000000000000e+04
-2.163300000000000000e+04 -2.082600000000000000e+04
-2.162800000000000000e+04 -2.085000000000000000e+04
-2.165800000000000000e+04 -2.077500000000000000e+04
-2.169000000000000000e+04 -2.074800000000000000e+04
-2.165700000000000000e+04 -2.079700000000000000e+04
-2.163700000000000000e+04 -2.082500000000000000e+04
-2.167800000000000000e+04 -2.076500000000000000e+04
-2.166200000000000000e+04 -2.077100000000000000e+04
-2.162000000000000000e+04 -2.089300000000000000e+04
-2.162900000000000000e+04 -2.084400000000000000e+04
-2.163100000000000000e+04 -2.083700000000000000e+04
-2.160300000000000000e+04 -2.093400000000000000e+04
-2.159000000000000000e+04 -2.094400000000000000e+04
-2.140400000000000000e+04 -2.126700000000000000e+04
-2.136500000000000000e+04 -2.134600000000000000e+04
-2.157200000000000000e+04 -2.097800000000000000e+04
-2.153600000000000000e+04 -2.102900000000000000e+04
-2.152700000000000000e+04 -2.105900000000000000e+04
-2.150100000000000000e+04 -2.112000000000000000e+04
-2.147400000000000000e+04 -2.119000000000000000e+04
-2.144600000000000000e+04 -2.120000000000000000e+04
-2.136600000000000000e+04 -2.130900000000000000e+04
-2.165600000000000000e+04 -2.080500000000000000e+04
-2.121700000000000000e+04 -2.150000000000000000e+04
-2.121200000000000000e+04 -2.153600000000000000e+04
-2.097800000000000000e+04 -2.172100000000000000e+04
-2.094600000000000000e+04 -2.175700000000000000e+04
-2.109700000000000000e+04 -2.163500000000000000e+04
-2.100200000000000000e+04 -2.171400000000000000e+04
-2.106000000000000000e+04 -2.168600000000000000e+04
-2.090200000000000000e+04 -2.179300000000000000e+04
-2.072900000000000000e+04 -2.188700000000000000e+04
-2.082100000000000000e+04 -2.184700000000000000e+04
-2.116300000000000000e+04 -2.158800000000000000e+04
-2.113700000000000000e+04 -2.159400000000000000e+04
-2.125200000000000000e+04 -2.148600000000000000e+04
-2.112800000000000000e+04 -2.160200000000000000e+04
-2.108300000000000000e+04 -2.163800000000000000e+04
-2.121800000000000000e+04 -2.149400000000000000e+04
-2.116900000000000000e+04 -2.154900000000000000e+04
-2.119000000000000000e+04 -2.154300000000000000e+04
-2.126100000000000000e+04 -2.145100000000000000e+04
-2.126000000000000000e+04 -2.146800000000000000e+04
-2.143600000000000000e+04 -2.121400000000000000e+04
-2.133900000000000000e+04 -2.137400000000000000e+04
-2.110500000000000000e+04 -2.162300000000000000e+04
-2.112900000000000000e+04 -2.159900000000000000e+04
-2.137400000000000000e+04 -2.130100000000000000e+04
-2.140900000000000000e+04 -2.125100000000000000e+04
-2.131200000000000000e+04 -2.141100000000000000e+04
-2.128500000000000000e+04 -2.144900000000000000e+04
-2.081400000000000000e+04 -2.185000000000000000e+04
