-18499.0 -19455.0 
-19155.0 -18757.0 
-18499.0 -19455.0 
-18957.0 -19045.0 
-18571.0 -19417.0 
-18880.0 -19120.0 
-18988.0 -19009.0 
-19091.0 -18815.0 
-18522.0 -19425.0 
-18873.0 -19149.0 
-18843.0 -19169.0 
-18581.0 -19398.0 
-18988.0 -19009.0 
-19082.0 -18853.0 
-18665.0 -19355.0 
-18743.0 -19276.0 
-18636.0 -19360.0 
-19041.0 -18907.0 
-19058.0 -18905.0 
-18776.0 -19242.0 
-19004.0 -18973.0 
-19068.0 -18879.0 
-19037.0 -18934.0 
-18831.0 -19193.0 
-18614.0 -19380.0 
-19125.0 -18771.0 
-18899.0 -19106.0 
-19068.0 -18879.0 
-18817.0 -19212.0 
-19082.0 -18853.0 
-18759.0 -19260.0 
-18759.0 -19260.0 
-18931.0 -19060.0 
-19132.0 -18762.0 
-18521.0 -19435.0 
-18631.0 -19376.0 
-18843.0 -19169.0 
-19004.0 -18973.0 
-18694.0 -19317.0 
-18831.0 -19193.0 
-18899.0 -19106.0 
-18801.0 -19219.0 
-18581.0 -19398.0 
-18680.0 -19320.0 
-18710.0 -19300.0 
-18873.0 -19149.0 
-19024.0 -18941.0 
-18677.0 -19333.0 
-19122.0 -18789.0 
-18677.0 -19333.0 
-18801.0 -19219.0 
-18785.0 -19233.0 
-18915.0 -19089.0 
-18615.0 -19377.0 
-18817.0 -19212.0 
-19009.0 -18958.0 
-18521.0 -19435.0 
-18728.0 -19277.0 
-18915.0 -19089.0 
-18928.0 -19066.0 
-18918.0 -19083.0 
-18694.0 -19317.0 
-18710.0 -19300.0 
-19015.0 -18954.0 
-18785.0 -19233.0 
-18614.0 -19380.0 
-18571.0 -19417.0 
-18722.0 -19293.0 
-18931.0 -19060.0 
-18665.0 -19355.0 
-19106.0 -18811.0 
-18918.0 -19083.0 
-18928.0 -19066.0 
-19024.0 -18941.0 
-18723.0 -19282.0 
-19114.0 -18797.0 
-18720.0 -19297.0 
-19103.0 -18812.0 
-19015.0 -18954.0 
-19058.0 -18905.0 
-19132.0 -18762.0 
-19037.0 -18934.0 
-19114.0 -18797.0 
-18636.0 -19360.0 
-18780.0 -19239.0 
-19106.0 -18811.0 
-19115.0 -18795.0 
-19009.0 -18958.0 
-19122.0 -18789.0 
-18522.0 -19425.0 
-18780.0 -19239.0 
-19115.0 -18795.0 
-18631.0 -19376.0 
-18728.0 -19277.0 
-19041.0 -18907.0 
-19103.0 -18812.0 
-18680.0 -19320.0 
-18723.0 -19282.0 
-18720.0 -19297.0 
-18780.0 -19239.0 
