1	0.7206752841041781
2	0.5625398471949556
3	0.5625398471949556
4	0.5298271212601706
5	0.4037377401118417
6	0.3954514385476764
7	0.3954514385476764
8	0.3715627583736049
9	0.30728694544591145
10	0.2885421334053495
11	0.2843164748386495
12	0.2843164748386495
13	0.2601504900115586
14	0.24959556973505442
15	0.24959556973505442
16	0.23570299420968002
17	0.2340748004139611
18	0.2319564975356953
19	0.22739665153251917
20	0.22681605818651912
21	0.21992771894447025
22	0.21404572011013862
23	0.19887737085455928
24	0.19887737085455928
25	0.19251050408581716
26	0.17506269755846945
27	0.16094390246221205
28	0.16094390246221205
29	0.1604566324794498
30	0.1604566324794498
31	0.1364982234053854
32	0.1364982234053854
33	0.1356603342174129
34	0.12738150150528246
35	0.10430248544049533
36	0.09722352053642755
37	0.08346662049908954
38	0.08346430017680129
39	0.07823728016681956
40	0.06813775036491475
41	0.06813775036491475
42	0.06786921420275896
43	0.06378366481621606
44	0.06279053954366129
45	0.045813423425453845
46	0.045813423425453845
47	0.045813423425453845
48	0.04568871444342173
49	0.045557351574042344
50	0.045557351574042344
51	0.04482270475298876
52	0.043754776899757646
53	0.043754776899757646
54	0.043729634955941614
55	0.042444277226021926
56	0.04240118545250194
57	0.041665468221947874
58	0.03832848692119298
59	0.03550543357455574
60	0.03514190442140841
61	0.035055715899983894
62	0.03371094679698001
63	0.030591291283620647
64	0.029353687092772328
65	0.02934600472478566
66	0.028779973787902056
67	0.022549855730331046
68	0.022549855730331046
69	0.02252358156729494
70	0.022252847929152744
71	0.021816594360610245
72	0.020903006266063753
73	0.01937634606078606
74	0.019112216236024757
75	0.018059151792369738
76	0.01805907263620472
77	0.017002065664503376
78	0.014573204026310477
79	0.013827643107639268
80	0.013674642430169312
81	0.013500782903383393
82	0.013401225574168287
83	0.012954653274275236
84	0.012476890515568956
85	0.012489136036479503
86	0.012314941622237379
87	0.012015715440725352
88	0.011896324605141667
89	0.01183064781737281
90	0.011802739521397747
91	0.011287072247478363
92	0.011219360219947485
93	0.01113795941519134
94	0.011077020252803249
95	0.010876295761017238
96	0.010639214103371656
97	0.01044390048360057
98	0.010438402236516587
99	0.010276590211556372
100	0.01023290723839956
101	0.010199829156878275
102	0.010115105487809486
103	0.0099181010736062
104	0.009823134293317763
105	0.009726253946948349
106	0.00960727273397312
107	0.009235467281507252
108	0.009033698425756685
109	0.008853906070076557
110	0.008731705527210717
111	0.00863573856670701
112	0.00852878375643172
113	0.008513267516053385
114	0.008370636356124254
115	0.008016399942729643
116	0.00800773353907128
117	0.007845144493620046
118	0.007797701498463447
119	0.007762383722717204
120	0.007725294139427145
121	0.007707584556541941
122	0.007654896240576798
123	0.007560023413427344
124	0.007551493968269299
125	0.007509435684048019
126	0.007501804582894184
127	0.007438331712181593
128	0.007335736209195171
129	0.007317931174293517
130	0.0073147512411338355
131	0.007289673415260513
132	0.007279438788218907
133	0.007269662559874074
134	0.007263410734517687
135	0.0072477002737831265
136	0.007222335464762442
137	0.007202803698054292
138	0.007187937857542387
139	0.007179565201701624
140	0.007170909090506105
141	0.007158178079551762
142	0.007148468203547697
143	0.007142042232482154
144	0.007137997305032654
145	0.007122702217826927
146	0.0071164141524583625
147	0.007115992009779579
148	0.007110054346284075
149	0.00709982422527591
150	0.00709169157236407
151	0.007093443209302558
152	0.00709020727154663
153	0.007087578638459658
154	0.007078175104736156
155	0.0070726543782806215
156	0.007060020568467947
157	0.007054419468932948
158	0.007051701506898491
159	0.007032118611882754
160	0.007025801378039901
161	0.007022518031027607
162	0.007022989524134863
163	0.007021539411948193
164	0.007014466360251473
165	0.00700933691924837
166	0.007012094481658117
167	0.007007979684517986
168	0.007001061732358804
169	0.0070000601383779755
170	0.007002260918755357
171	0.006995555729951213
172	0.006995556783651115
173	0.006995626932194233
174	0.006983025989663838
175	0.0069802240423645235
176	0.006978056606671758
177	0.006978978813782211
178	0.006978620031478864
179	0.00697495046460753
180	0.006973171557444293
181	0.006969653365644311
182	0.006965638812633368
183	0.006963217066324105
184	0.006962893217160173
185	0.006963977506276188
186	0.0069634624671132675
187	0.0069569588092387715
188	0.0069413708781099395
189	0.00693844796015378
190	0.006936782309456395
191	0.0069462360098401866
192	0.006940542409835024
193	0.006939916057645714
194	0.0069363907181462965
195	0.006931671537447983
196	0.006927865407876595
197	0.0069209569818635954
198	0.0069139216756087035
199	0.006907448937465282
200	0.006894433653261573
201	0.006889723701502773
202	0.006878299796494394
203	0.006872409986508916
204	0.0068649513333868045
205	0.006856617860462651
206	0.0068205866143130865
207	0.006817755641779428
208	0.006790751438689191
209	0.006754297481129201
210	0.00674381855689263
211	0.006737206258539157
212	0.006732379140683094
213	0.006715026551525069
214	0.006713920750652414
215	0.006698072690379104
216	0.006688958223936289
217	0.006687341727316537
218	0.006662852596434075
219	0.006657062612119408
220	0.006652789892359505
221	0.006653575336571905
222	0.006652231322595258
223	0.0066394928980825895
224	0.006633359561845566
225	0.006635569770814269
226	0.006612219889085064
227	0.006610262524264431
228	0.006607596378987839
229	0.006608983388736626
230	0.0066075145506113075
231	0.006606096929759112
232	0.006602921527329828
233	0.006603594967680002
234	0.006601326914155163
235	0.006596434116851658
236	0.006594719455595216
237	0.006585110672391442
238	0.006591722636495072
239	0.006588147614968207
240	0.006581090700746562
241	0.0065732300250746665
242	0.006573066749490639
243	0.006566923973889584
244	0.0065683030728524334
245	0.006565859464574738
246	0.006565629228834557
247	0.006565148823054099
248	0.006565511309826205
249	0.006566242314071957
250	0.006563758393866722
251	0.0065692642509031385
252	0.006566535378098408
253	0.006562799669641897
254	0.006544934517959309
255	0.006540377177019392
256	0.006533877567455053
257	0.00654191689310553
258	0.006541501801975503
259	0.006540057607646229
260	0.00654502347556503
261	0.006549521375232911
262	0.006544268659574705
263	0.0065415637888476255
264	0.0065410404753807475
265	0.006540019531690108
266	0.006534114742740689
267	0.0065327166863127645
268	0.006532446393793134
269	0.006528463101353324
270	0.00652839715275768
271	0.006526734707521943
272	0.006523664693304218
273	0.006523062212773742
274	0.006522840605030996
275	0.006522635007125243
276	0.006523090964126762
277	0.006524618947112916
278	0.006524380154489462
279	0.0065225387822279105
280	0.00652265771113936
281	0.006520731845701407
282	0.006519675353576141
283	0.006517403891707034
284	0.006517267845393775
285	0.006518583563807315
286	0.0065178032457033136
287	0.006517370186058325
288	0.006517039228109347
289	0.006518235075981285
290	0.006518060245741526
291	0.006517851974607237
292	0.00651604881754572
293	0.006514826759158871
294	0.00651315367401048
295	0.006513950823892063
296	0.006510899481236069
297	0.006509964982119003
298	0.006509320605538712
299	0.006509335898031611
300	0.006506043795594926
301	0.006507201776523698
302	0.006509786133198759
303	0.006507680929212925
304	0.006505091790810477
305	0.006503226546882869
306	0.0065040589351110425
307	0.006502190246637735
308	0.006501845319431096
309	0.0064988382031748605
310	0.006495835178114917
311	0.006495225528015235
312	0.0064971322794397796
313	0.006495625179747476
314	0.0064905013394559044
315	0.0064916953112104875
316	0.006492659005374676
317	0.006492880654456983
318	0.006491398745374524
319	0.006491837699709166
320	0.0064898600772326604
321	0.006486058513817979
322	0.0064837004470842
323	0.00648363329665321
324	0.006483148706377197
325	0.006484789584007565
326	0.006483010955356196
327	0.006478735511030166
328	0.006475419110654199
329	0.00647509223700385
330	0.00647660562577106
331	0.006477104326487376
332	0.006471793929582807
333	0.006469441938909466
334	0.006468645373538831
335	0.006470746010853689
336	0.006470576981455189
337	0.006472066635414008
338	0.006471119430486876
339	0.006472170771318642
340	0.006471226145723368
341	0.006463910811419714
342	0.006464574155318198
343	0.006461500496043966
344	0.0064594684268531035
345	0.006458366083064544
346	0.006459708505280316
347	0.006455256458633334
348	0.006455727020026984
349	0.0064571934446677505
350	0.006454722419652101
351	0.006454924077272129
352	0.006455242571557247
353	0.006456784907486165
354	0.00645873700344275
355	0.006457457987938119
356	0.006456765475786912
357	0.00645712531077274
358	0.006454932300750341
359	0.006455818910624703
360	0.006453916871192581
361	0.006452643832950739
362	0.006452358172251708
363	0.006453220581013249
364	0.006452830950688151
365	0.006452184642409222
366	0.006452060619572196
367	0.006450408390175576
368	0.006450803942912915
369	0.006449696622072887
370	0.006450686054506745
371	0.006452199104203576
372	0.006453498309967348
373	0.00645637576165636
374	0.006455178040075175
375	0.00645179065555023
376	0.00645016854339392
377	0.006449228466319122
378	0.0064463343359041
379	0.0064458235776808015
380	0.006446126566135182
381	0.006445123138901724
382	0.006443878081628701
383	0.00644252438614144
384	0.006442715032896295
385	0.006440480677494485
386	0.006439483104843562
387	0.006440153950228296
388	0.00643987557521524
389	0.00643952202894022
390	0.00644014714248149
391	0.006440372485610935
392	0.006438721191089776
393	0.006438141483912267
394	0.00643694855538377
395	0.006437170235188671
396	0.006436909644788937
397	0.006435367733754126
398	0.0064321802643254955
399	0.006432773804933496
400	0.006432755044359228
401	0.0064309315976337055
402	0.0064301065582741115
403	0.006429139592385022
404	0.006429311389488328
405	0.006429437017001539
406	0.0064303165311280905
407	0.006429803965908921
408	0.006428495652593248
409	0.00642887104619214
410	0.006427280057519984
411	0.006427339770227568
412	0.006424318642508406
413	0.0064260680647705145
414	0.006424990094153327
415	0.006425173306841927
416	0.0064250255598459005
417	0.006425273978692515
418	0.006424186210833629
419	0.006424768338280236
420	0.006425907556528981
421	0.006424294602876625
422	0.006423600366677486
423	0.006422634440391306
424	0.006421764729591313
425	0.0064231540626096305
426	0.00642124252555323
427	0.006419857104642042
428	0.006420660200502571
429	0.006419780595935216
430	0.006417441178733103
431	0.0064164368868078
432	0.006417111655461521
433	0.00641784963015615
434	0.006417572502575401
435	0.006417530197566711
436	0.006416643471140933
437	0.006416467155430716
438	0.006414808158060259
439	0.0064136199452930805
440	0.006412846258763648
441	0.0064137336716393045
442	0.00641442552858053
443	0.0064143148791641815
444	0.006415444472625726
445	0.006415107020199536
446	0.006413447641573408
447	0.006413156046867173
448	0.006412101402213776
449	0.006411869700013603
450	0.006410342263877609
451	0.006408332676879794
452	0.006407649767698279
453	0.006407651360641297
454	0.006405867949531531
455	0.006405646236091505
456	0.006404840551556627
457	0.006404676302003467
458	0.006402407606904804
459	0.006400459813992258
460	0.00639821034692971
461	0.0063990913999000185
462	0.006396853841352698
463	0.006396565621889455
464	0.006396137397719002
465	0.006397001963215124
466	0.00639686816418409
467	0.006395804630542561
468	0.0063948402729475315
469	0.00639372905364537
470	0.006393413283829471
471	0.00639245310354427
472	0.006390140533597506
473	0.006389672422926931
474	0.0063892119419566
475	0.006385772514672592
476	0.006385803001428068
477	0.006385433960561547
478	0.006386165953112551
479	0.006382425510160003
480	0.006382519208324137
481	0.006379196320345956
482	0.006379005636438533
483	0.006376254504074036
484	0.006374299051114726
485	0.006371881707817951
486	0.00637010932958187
487	0.006372377548187353
488	0.00637218470239715
489	0.006373268432807794
490	0.006369047188538829
491	0.006366792597479152
492	0.006368111036761768
493	0.006365981005085044
494	0.006362476239133512
495	0.006359184933456066
496	0.006357338079206188
497	0.006360265162809912
498	0.006356763977090732
499	0.006353701867959842
500	0.006352440170723469
501	0.006347355123896203
502	0.006344993023552164
503	0.006340401161227794
504	0.006340327283888259
505	0.006339511211775786
506	0.006338087029523454
507	0.006336670735094279
508	0.006336567035317326
509	0.006335640852912414
510	0.006333969149782376
511	0.0063326171253481394
512	0.006332389525887613
513	0.006331391460853496
514	0.0063306816339023415
515	0.006329309022798043
516	0.006328778894199662
517	0.006328626588657577
518	0.0063275858202306145
519	0.006327868312885733
520	0.0063278680716520475
521	0.006328207748393335
522	0.006327591315910425
523	0.006327957362913764
524	0.006327631388112638
525	0.006327364542107566
526	0.006327833247585444
527	0.006327479848552454
528	0.006327070175883158
529	0.006326742422651916
530	0.006326801915338983
531	0.006325651234684746
532	0.006325310113844362
533	0.006323893094555924
534	0.006323608300333548
535	0.006323885213119473
536	0.006322764297027611
537	0.0063223074752440525
538	0.006322641002943179
539	0.006322814729138375
540	0.006322086660300515
541	0.006321311927143075
542	0.006321695138200505
543	0.006322045141324757
544	0.006321380363156922
545	0.006321491962080732
546	0.006320755610457721
547	0.006320317508636193
548	0.006321589627123916
549	0.006321049885012688
550	0.006320242858436107
551	0.006320695569364415
552	0.006320927619995247
553	0.0063204468213680035
554	0.006319275970673673
555	0.006319353259567781
556	0.006318871783909274
557	0.00631855555327223
558	0.006317243294530659
559	0.006316845252399579
560	0.006316414650810349
561	0.006316309516242011
562	0.006316228028055518
563	0.006315678197185524
564	0.0063160756335124465
565	0.006316112802614841
566	0.006316201827397636
567	0.006315380194303901
568	0.006314817928278941
569	0.0063149534250289486
570	0.006314331758886328
571	0.006315084687997664
572	0.006315540709797533
573	0.006315372610840103
574	0.006315393604755234
575	0.0063136329357349735
576	0.006312807654180767
577	0.0063133586375732804
578	0.006312887504917839
579	0.0063130341129972725
580	0.006312464334694409
581	0.006311799742506613
582	0.006311394082746533
583	0.006311367947275396
584	0.0063119122633737024
585	0.006311783601070924
586	0.006310768879339443
587	0.0063107179319169225
588	0.006309997780384327
589	0.00630909246906782
590	0.0063094889198055904
591	0.006309841940712331
592	0.0063091484332013685
593	0.006309739396046694
594	0.006309850015862792
595	0.00631045551494946
596	0.006309718795360005
597	0.006309369520543193
598	0.006306737273282074
599	0.006305142981350074
600	0.006304578019522131
601	0.0063030529718663885
602	0.006303159689879881
603	0.006303436401189828
604	0.006301894239279641
605	0.0063016966398304515
606	0.006302072685598413
607	0.006301573299259617
608	0.0063017013280818645
609	0.0063008104296960535
610	0.006301249131385618
611	0.006299657648083042
612	0.0063001560373780055
613	0.006298326680578917
614	0.00629781239032074
615	0.0063002893330458744
616	0.006299572639291348
617	0.006296343539304181
618	0.006296096504787924
619	0.00629675856238266
620	0.006293726144127845
621	0.006293399172306933
622	0.006292953185449645
623	0.006292683497041824
624	0.00629281061313771
625	0.006293204690379339
626	0.006291006643562912
627	0.006290711730729113
628	0.006290555705218808
629	0.006290642111921433
630	0.006289520851496739
631	0.006288739030179215
632	0.006288734824000231
633	0.006286831074904936
634	0.006286402518180593
635	0.006286214579379048
636	0.006285919636617703
637	0.006286791101674821
638	0.006285707020173802
639	0.00628440334400763
640	0.0062847156257360174
641	0.006284916375263675
642	0.006283731125604087
643	0.006284758778368862
644	0.006285983923775044
645	0.00628562041736022
646	0.006285375464438207
647	0.006283252729303025
648	0.006283263855057772
649	0.006282652592568178
650	0.006282231071693078
651	0.006281777150913971
652	0.006281039002083211
653	0.006282018649876607
654	0.00628451704419406
655	0.006283047239530992
656	0.006282412819040699
657	0.006282559927233037
658	0.006281690624877187
659	0.006281261236542442
660	0.006280798069147323
661	0.006280447623824593
662	0.006281220734615497
663	0.0062807633353131175
664	0.006280596977157128
665	0.006280309116720994
666	0.0062799165325572925
667	0.006278193457688209
668	0.006277016571535398
669	0.006276084655920545
670	0.006274846381874739
671	0.006274922742164878
672	0.006274420395357543
673	0.0062746499443849125
674	0.006274649954663338
675	0.006274799005827054
676	0.006275762207750425
677	0.006276051323519725
678	0.006275635086052555
679	0.006273681094689903
680	0.006273863235390939
681	0.006274461704247217
682	0.0062736815632498276
683	0.006273005343789602
684	0.006272839500927609
685	0.006272104058674192
686	0.006271515169949334
687	0.006271049882750745
688	0.006270893270871544
689	0.006271237625441311
690	0.006271304455063492
691	0.006271284826498738
692	0.006271341632130199
693	0.006271251111041776
694	0.006271424921062788
695	0.006271610498488997
696	0.006271208867668578
697	0.006271147669549339
698	0.006271062751965161
699	0.006270750353555161
700	0.0062705146485236745
701	0.00627069052299296
702	0.006270713072759544
703	0.006270594590999921
704	0.0062706161256891844
705	0.006271256236132083
706	0.006271999963412224
707	0.006271835932843636
708	0.006271716789411676
709	0.006271654586155742
710	0.006271280802413035
711	0.006270738624463314
712	0.00627120031299058
713	0.006269854165326687
714	0.006269519057664271
715	0.0062692993035979375
716	0.006268932292196037
717	0.006268931852587538
718	0.006268822482730124
719	0.006268278045084364
720	0.006267640999378332
721	0.00626742155094801
722	0.006267234214859285
723	0.006266890780721189
724	0.00626689291287372
725	0.00626663012435314
726	0.006267016727444935
727	0.00626735674512013
728	0.006266657279769953
729	0.006266518216391413
730	0.0062667548438641385
731	0.006266253291499137
732	0.00626657418901919
733	0.006266223319388975
734	0.006265788094753426
735	0.006265294437131505
736	0.006265246561430807
737	0.006265212802106097
738	0.006264745193820589
739	0.006265108120935489
740	0.006265034640673418
741	0.0062649937696091255
742	0.006265176388711327
743	0.006265183745610241
744	0.006264923391886533
745	0.006264854981787918
746	0.006264850869259438
747	0.0062641832857479205
748	0.006264274764744278
749	0.006264160261623739
750	0.006264284966673963
751	0.006263841872913829
752	0.006263847072256972
753	0.006263875085216168
754	0.006263689337439495
755	0.006263610841575237
756	0.006263529267165792
757	0.006263493482857346
758	0.0062636279120695335
759	0.006263259190629953
760	0.006263074511327417
761	0.006263685770008833
762	0.006263851458632229
763	0.006263862323604187
764	0.006263118415711026
765	0.00626312769600958
766	0.006263119547354727
767	0.00626327557100395
768	0.006262955280507833
769	0.006264195160382969
770	0.006263306450375329
771	0.006263234621023388
772	0.006262914060743069
773	0.006262508420459309
774	0.00626232550960065
775	0.006262664273805537
776	0.006262524751091964
777	0.006262467846560527
778	0.00626270814568941
779	0.006262858620456318
780	0.0062628139521958195
781	0.006262346648892871
782	0.00626254867509471
783	0.006262424368518132
784	0.0062623315710456946
785	0.0062622213980027255
786	0.006262308286704741
787	0.006262307149284861
788	0.006261939127502999
789	0.006262126430922978
790	0.006262447391682254
791	0.0062625196528681
792	0.006262584512297051
793	0.006262350787169996
794	0.006262202075671062
795	0.006262819659277912
796	0.006262847462925006
797	0.0062627086969738845
798	0.006262117636088865
799	0.006262142611186674
800	0.006262410027304795
801	0.006262309200665797
802	0.006262215028988121
803	0.006261919510402269
804	0.006261897742911555
805	0.006261973251385164
806	0.006262123107988254
807	0.006262034561244599
808	0.006261819415065074
809	0.006261430250944855
810	0.006261481897200127
811	0.006261831545654568
812	0.006261676377815208
813	0.006261729113165514
814	0.006261642842453912
815	0.006261469751769081
816	0.006261679886082579
817	0.006261818105917324
818	0.0062613831368235505
819	0.00626136256287414
820	0.006261609368291519
821	0.006261193346886421
822	0.006261463175820343
823	0.006261268200138548
824	0.006261198823395521
825	0.0062611257581663155
826	0.006260743129717247
827	0.006260827163776763
828	0.006260750495797093
829	0.0062607889145462675
830	0.006261157965700282
831	0.006261321507848477
832	0.006261100883578831
833	0.006261160622060583
834	0.006260970855052431
835	0.006261221574874709
836	0.006261040628182827
837	0.006261054748308639
838	0.006261399239997697
839	0.006261144397577676
840	0.0062610066270108134
841	0.0062621417269414
842	0.006261944950008447
843	0.006262051442575192
844	0.006261863800099189
845	0.0062614706258797125
846	0.006261687977032469
847	0.00626171160593353
848	0.006262001835455167
849	0.006262061218471393
850	0.006263519319020045
851	0.00626147146765965
852	0.006261267046107775
853	0.006261030988091932
854	0.006260822146481071
855	0.006260873950805563
856	0.006260427623736723
857	0.006260611182909469
858	0.006260705480834948
859	0.006260832064197858
860	0.006260774787616566
861	0.0062610675435277865
862	0.00626071591602741
863	0.006260458403163859
864	0.006260306878751285
865	0.006260328329354357
866	0.0062605870595185695
867	0.006260740205347618
868	0.006260403581988262
869	0.006260346149762735
870	0.006260365408005477
871	0.006260450944292117
872	0.006260406436295527
873	0.006260613250763733
874	0.0062606129224629875
875	0.006260755953154932
876	0.00626081075799115
877	0.006260248992014307
878	0.006260122760914659
879	0.006260281726546559
880	0.0062609654988409
881	0.006260550902577077
882	0.006260610595015606
883	0.006260764388131229
884	0.006260952470795183
885	0.006260230888221162
886	0.006259752005201953
887	0.006259867743411318
888	0.006259888810168793
889	0.006259564302391084
890	0.006259401856133062
891	0.006259136308523733
892	0.006259006193676875
893	0.006259730476924288
894	0.006259289898822648
895	0.006259464344971143
896	0.00626021839283151
897	0.006260411802963679
898	0.006260332717382265
899	0.006260510906837095
900	0.006260192686687772
901	0.006260023082025314
902	0.006259823214804677
903	0.006260408924432431
904	0.006260606981988895
905	0.006261074292697405
906	0.006261052796824463
907	0.006260421445612852
908	0.0062604291075011595
909	0.006260517931134597
910	0.006260286915468052
911	0.006260198125349555
912	0.006260315439010111
913	0.006260293926271537
914	0.006260334169656786
915	0.006259938922214012
916	0.006260029432409549
917	0.006259979084986414
918	0.00625989802578122
919	0.006259542082843045
920	0.006259846687430964
921	0.00625996173937693
922	0.006259867512756974
923	0.006260037735627391
924	0.006259929160913757
925	0.006259659397165619
926	0.006259651070389991
927	0.006259491520121625
928	0.0062593858058686
929	0.006259664287729837
930	0.006259642102932924
931	0.006259926974859551
932	0.006260010503345922
933	0.006260365663251188
934	0.006260538610003587
935	0.00626013473584489
936	0.006260012743513222
937	0.006260090250606039
938	0.006260438131922006
939	0.006260452786002441
940	0.006260017725803875
941	0.006260116580641122
942	0.0062606596295014276
943	0.006260586708692034
944	0.006260520821131544
945	0.006260213657843326
946	0.006260003211101362
947	0.006259830894698564
948	0.006259992958608287
949	0.006259797513058191
950	0.006259618918950816
951	0.006259833984066786
952	0.006260290591320423
953	0.006260607188680599
954	0.006260335667082506
955	0.006259985568972349
956	0.006260299164718209
957	0.006260216554383108
958	0.006260183755458014
959	0.006259867252425561
960	0.0062599194875990255
961	0.0062597452779222405
962	0.006259972343536746
963	0.006259948460306738
964	0.0062605130839823485
965	0.006260295108916447
966	0.0062598105735273335
967	0.006259679100308855
968	0.006259834983409634
969	0.00625962177610071
970	0.006259913253774886
971	0.006260465083923614
972	0.006260452104309323
973	0.006260086737881618
974	0.006259879870851285
975	0.0062596944768678045
976	0.006259635510654789
977	0.0062597842284557465
978	0.006259606362109244
979	0.006259488345589849
980	0.006259383198967589
981	0.006259627385043914
982	0.006259640449870306
983	0.006259421299245278
984	0.006260332913891427
985	0.006259977555293349
986	0.00625967514164528
987	0.006259391928092862
988	0.006260146316774249
989	0.006259529159470168
990	0.006259220467546709
991	0.006259774423767792
992	0.006259872413494121
993	0.00626009504164119
994	0.006259879088610973
995	0.00625946566162839
996	0.006259428649280297
997	0.006259228821876752
998	0.00625938980754463
999	0.006259115670670184
1000	0.006258908750778098