1.0	7.467956649112738E-7	0.7002620751533107	0.6996575714104626	0.7002749883872547	0.6996979283944134	0.6991246232385048	0.6998210591147666	0.6998379493819143	0.6999435017295963	0.700343498024907	0.6848716224339005	0.6985362896031401	0.7008999875669482	0.6117765246558476	0.7014334402896933	0.7006107153753669	0.5698589766592154	0.6995763279304463	0.6997877798456016	0.699289381635954	0.7004168555718859	0.6988585704677076	0.7010835492334127	0.6994800377090383
0.0	4.5869908481873364E-10	0.6996881562692376	0.6996470038692363	0.6997330619978518	0.7017674537510475	0.6991446091317508	0.6998320258374374	0.7001301720893476	0.7005375943869242	0.6005453911306762	0.7004775574788943	0.6998104839298548	0.7008984710638057	0.6997548389189114	0.7015088636348084	0.7005739510524063	0.6007744769310868	0.6999838220848723	0.6989011160907448	0.6992902925717801	0.6980592843386983	0.6951929850731676	0.6974356433392784	0.7002022535335303
6.28771028505677E-5	0.9999998895474114	0.7002035605308984	0.6997247599092373	0.7003984910446318	0.6996959656622712	0.6991364459440783	0.6997810161438536	0.6138592441957492	0.7006271912567997	0.7003599285614036	0.7004745128747413	0.6996481739764655	0.7005977256418857	0.6997391339925094	0.7015191645741897	0.7005880629923329	0.6986552784669118	0.6937868570226148	0.6995686563849872	0.6992592479820726	0.7005852735708362	0.6987409227154286	0.6999639752918041	0.699936250642621
0.0	0.9999989531665882	0.7001816374075052	0.6996956589654075	0.700601238708664	0.6996767544007032	0.6995660053118369	0.6769829434579147	0.699924584492767	0.8155100542511515	0.7003500415023113	0.7002706064921402	0.6997102662087779	0.7011795386298102	0.699319361953262	0.7015145471602459	0.7006241220641298	0.7006848975393939	0.8084959004125022	0.6998021238696585	0.6995180044379096	0.7004029981690121	0.6987273459510974	0.7001403520499303	0.6999988786578308
1.0	7.467956649112738E-7	0.7002620751533107	0.6996575714104626	0.7002749883872547	0.6996979283944134	0.6991246232385048	0.6998210591147666	0.6998379493819143	0.6999435017295963	0.700343498024907	0.6848716224339005	0.6985362896031401	0.7008999875669482	0.6117765246558476	0.7014334402896933	0.7006107153753669	0.5698589766592154	0.6995763279304463	0.6997877798456016	0.699289381635954	0.7004168555718859	0.6988585704677076	0.7010835492334127	0.6994800377090383
1.0	0.9999637546167038	0.7002628499357657	0.6996462011336061	0.7002869492504953	0.7001329617259602	0.6992441539756654	0.7003091200709155	0.6998686258537883	0.7004785208511013	0.7003441466504138	0.7000889150079119	0.6997024734052003	0.7008935563408839	0.6996768041613274	0.7014275247814807	0.700515433287729	0.6997360164588172	0.6997163319877971	0.6999087719772787	0.6992843373318058	0.7005251884183584	0.6987067503108655	0.7010765855752182	0.70357366881006
6.318092351813038E-5	0.9999996769766764	0.7002035605308984	0.6997241948998771	0.7003984910446318	0.7001055261011129	0.6991367352097778	0.6998524912295839	0.6138592441957492	0.7005942275218145	0.7003582843681068	0.7001711633700056	0.6996623246658639	0.7004366981754437	0.6993101242272541	0.6736995647096193	0.7005972463887477	0.6993096350656569	0.813438463208775	0.6995577899301779	0.6992804350212843	0.7005852735708362	0.61938637130227	0.7000935682279616	0.6998654223149086
0.0	0.9999989486795573	0.7001816374075052	0.6996591550973389	0.699559150588769	0.6996767544007032	0.6995660053118369	0.6769829434579147	0.699924584492767	0.8155100542511515	0.7003500399531226	0.7002706064921402	0.6997102662087779	0.7003573593114247	0.6993193977445832	0.7014446464744973	0.7006241220641298	0.7006848975393939	0.8104776760486939	0.6998072527949545	0.6995180044379096	0.7004029981690121	0.6987273459510974	0.7001403520499303	0.6999988422285546
6.28771028505677E-5	0.9999993152752363	0.7002035605308984	0.69972091305592	0.7003984910446318	0.6996959656622712	0.6991364459440783	0.6997810161438536	0.6138592441957492	0.7005943435741246	0.7003599285614036	0.7004745128747413	0.6996496094799013	0.700896357253071	0.6997391339925094	0.7015191645741897	0.7005880629923329	0.6986552784669118	0.8135662218532898	0.6995590898131301	0.6992592479820726	0.7005852735708362	0.6987409227154286	0.6999639752918041	0.699936250642621
0.0	0.002505445656732719	0.6999176162675483	0.700315487727478	0.6997330619978518	0.7017674537510475	0.6991443765783375	0.6998270819149546	0.7001301720893476	0.6999262296007895	0.6978130618073778	0.7002559162931489	0.6998088745431198	0.5973325030281271	0.6997605817370709	0.7014940750555508	0.7005920193489165	0.5828851363253191	0.7004107262170252	0.6999424436092535	0.6992902925717801	0.7002043514499351	0.6951929850731676	0.6736592009684865	0.7002022535335303
1.0	0.563308712938242	0.7001712891015415	0.699659323456993	0.7002681956267336	0.6997116735755743	0.6990047358024036	0.699709877347408	0.6998400818626725	0.6999524543401336	0.7005134732339329	0.7001699248484996	0.6997500950817781	0.7006131434110078	0.6994025204515335	0.7014414149508356	0.7006090752830889	0.5612841207051735	0.8273862581219572	0.6997877173411087	0.699288110593693	0.7003701356076869	0.6988976246817394	0.7013532471527159	0.700175862465144
6.36596421434675E-5	1.0214790913408138E-11	0.7025490307606505	0.6996575610318019	0.699564838897688	0.6997079430817026	0.6994423765745219	0.6998291524237642	0.6996723261057042	0.7005958252801012	0.7003309129083933	0.7004767022371309	0.6998374495249025	0.7008830362340691	0.6992780775612448	0.7015079274504142	0.7005908788014891	0.7005819246783261	0.6998771223776346	0.6998665566768334	0.6992892866905015	0.7004099842770471	0.6988883592926654	0.7009763495936101	0.6994918828621316
0.009285020346037898	0.9999999087175259	0.6999138214440377	0.6997245976196388	0.6996407958553339	0.7001192638039951	0.6991991493580543	0.8218216321039908	0.6156139982488874	0.7005743949433655	0.7003477702610598	0.7001645445741076	0.6997198238694842	0.7011735979693576	0.6997006537657688	0.701764012898031	0.712015337431205	0.7007631415290073	0.6977877005388317	0.7976647492353021	0.6989562063960681	0.7004151969066176	0.6387204357125061	0.7009579970100984	0.7001388015230712
1.0	0.00112389547627878	0.6996480794552047	0.6996575714104626	0.7002924273757116	0.6997255187568766	0.6991246232385048	0.700165072828591	0.6998382266004541	0.6999435017295963	0.7005161811666205	0.6861681625170902	0.6985362896031401	0.700901347630653	0.6991521601788943	0.7014401597330339	0.7006107153753669	0.6974215101771695	0.6995763279304463	0.6997895695176655	0.6992857439311304	0.7004008952732819	0.6988603230465953	0.7010730134399022	0.699492674734326
0.015517717842977787	0.9999999087175259	0.6999239473811705	0.6997247937338549	0.7006051093670065	0.7001192638039951	0.6994211930411735	0.699913279201145	0.7037950161556668	0.7006275441546651	0.7003477702610598	0.7001649562093185	0.6997066093299473	0.7008915154832868	0.6995140329207825	0.7017803171532891	0.69813478011328	0.7004956222333781	0.7010826400869534	0.6995630938355808	0.6992773684381196	0.6992846550686542	0.6352617322877647	0.7009502444739617	0.7385225833816346
0.33811435554428726	0.533053411306156	0.7002803552346019	0.699783704602352	0.6994620692491229	0.6996908032545549	0.6991463929536824	0.7001206448746877	0.699658100912737	0.7001453912531949	0.7003488424359431	0.7001122517137314	0.6998292512800799	0.7003836351310427	0.6992693561788695	0.69924513643111	0.7005885396557604	0.6997762433289437	0.6997264691930573	0.6998962913641339	0.7008573272605676	0.7004062431149041	0.6993730812559995	0.6999396057588597	0.699512767558
0.1856841734993825	0.9886816201815595	0.7002489067002403	0.6996635041911502	0.6996297748164982	0.6999910013390312	0.6991440044206373	0.6997976689084612	0.6999247632324629	0.6999927554116834	0.7003499850795246	0.7002860491146191	0.6997093007195205	0.7011792029128345	0.6996882129922751	0.7014575563899564	0.7006195275447691	0.7005081708263211	0.6994732519355051	0.6999122847969277	0.6995393439246509	0.7005213726992049	0.6989029956134513	0.7001403517330568	0.6994970877522765
0.48182569655734375	0.026203266852854706	0.700279262441679	0.69969299780378	0.699571894942794	0.6997049843239388	0.6993862500494601	0.7001370981686152	0.6999385916409495	0.6999687573373088	0.700499527824373	0.7000928709357008	0.6997396930811687	0.7004059127260684	0.6992407928454365	0.6989976596991502	0.700523095604783	0.7006017653951653	0.6998920038281434	0.6998043359164721	0.6992999955931261	0.6990997359007619	0.6990485545600371	0.7000079783824552	0.6995653046573371
0.44899225088553496	0.54248076066942	0.699925400151938	0.6996960450565742	0.6997132222015278	0.699670433843594	0.699134938408719	0.7001834956688984	0.6998207726492786	0.6999103759127461	0.7005150527364351	0.7001524015631869	0.6997062337346174	0.7003414408360542	0.6992361838165712	0.7014440098441073	0.700469960134109	0.7005296041778605	0.6998494835543433	0.6996420810893612	0.699001272375708	0.7001936411520688	0.698059968211401	0.7018917775791695	0.7001424905988384
0.6794090910989978	0.8998241193474589	0.6997556722935864	0.7003165754215386	0.7003962019082121	0.6997085859224663	0.6993668384040267	0.7002000289557091	0.699860441682703	0.7007271675097462	0.7003130539267107	0.7000991584734528	0.6997991924345275	0.7005633862102107	0.6992579090501393	0.7015151907941678	0.7006624138202452	0.7004432273067708	0.7018249474487248	0.6997920961496916	0.6992743908940096	0.7003799375145151	0.6988410372838828	0.7012955847035198	0.6995457061315992
1.0	0.0054863138376632925	0.6996121660022012	0.6996575714104626	0.7003146634607276	0.6997259663971861	0.6991246232385048	0.699649618794575	0.6998382266004541	0.6999435017295963	0.7005161811666205	0.7008090286576665	0.6985362896031401	0.7003671669314462	0.699389813963436	0.7014373577753721	0.7002789318447789	0.6974215101771695	0.6995763279304463	0.6999279291037958	0.6992911274837212	0.7004099130568507	0.6988473141046547	0.7011325834901567	0.6995023710172452
0.31249434434993617	0.2856923118948197	0.6995820392763626	0.6996479452969459	0.7005978570081357	0.7000289207242755	0.6994507062046188	0.7001359357588346	0.6997092277407136	0.6999876103282059	0.7003518420065437	0.7001005100514728	0.6997041975269547	0.7005414145100085	0.69966114972281	0.7014942677255738	0.7004547670176339	0.700506902022535	0.6998988915524685	0.6999489866861021	0.6992736969501315	0.7003988386650088	0.6988088407697385	0.699864621676601	0.6994957471674209
0.1387508519598692	0.9221733388791131	0.6996749400186177	0.699692767547468	0.700850093449556	0.7000356670205463	0.6992229442320387	0.6996625456812838	0.699917303439708	0.7000175507001274	0.7003864523271558	0.7001714707766705	0.6997359022110083	0.7004803569928724	0.6993803729815552	0.7014729699734742	0.7005236019654427	0.7004443256900128	0.6998067801199908	0.6997049904274044	0.6993111549029962	0.7001621949074857	0.6987206237208169	0.7001593414941424	0.7000237654410173
0.2990469015000181	0.2064570599041435	0.700290015367298	0.699719795390909	0.7004524205734426	0.7000225367171472	0.6994366463942073	0.700355095972721	0.6998598208920631	0.700013118906443	0.7003001336155186	0.7001731965060799	0.69970221178315	0.700873211116754	0.6996359215216027	0.7014508058820689	0.7004095265983487	0.7005682447513949	0.6998514236579212	0.6999098816835604	0.6992829864362174	0.7004350585702916	0.6988607287934904	0.7019009990181061	0.7002478717819347
0.427535114075097	0.8168700305501182	0.6995845119743641	0.6996664071713175	0.7003983160266447	0.6999762484984748	0.6991708777805821	0.6998860606223644	0.6998436563033665	0.701184642461919	0.7003265729723438	0.7001685574981478	0.699680501170726	0.7011717738021709	0.6991905202772706	0.7014527249512421	0.7003971989342964	0.7007644170890001	0.7004092800910204	0.6995683943534818	0.6993925920060944	0.7003676111433265	0.6980353519681133	0.7001561106403879	0.6999504709988957
0.11761752932122058	0.7276668262351099	0.6999151910625917	0.6961280414656504	0.7006058231161326	0.7000336945375637	0.6992084643529769	0.6996698053473821	0.6997097333969802	0.6999309854665948	0.7005098630980664	0.700261131796438	0.6997526007069081	0.7009430724849468	0.6991871027608231	0.7017726022976717	0.7005877965305246	0.7007662117559204	0.6998988529712098	0.6999488904793283	0.6992915816717765	0.7003688303734662	0.6988198138237479	0.7017761384122438	0.6994883796314851
0.04877117500131184	0.29236478777869745	0.6999107046395918	0.6996702035712271	0.6995688662608697	0.7001050291063129	0.6991323988293703	0.6998354577275008	0.6997890986791724	0.7000188385796551	0.7003236074979332	0.7002525935236299	0.6998255291964874	0.7003465341166689	0.6992141865556641	0.7014287016344793	0.7004588302019544	0.7005165337196512	0.6998836230685629	0.6998919875789044	0.6992865579777964	0.6997888389360257	0.6988825903022312	0.7017293353716654	0.6936436126690164
0.2048367477394218	0.734060602668335	0.699695666961432	0.700311985741586	0.7006058721579528	0.7001331439091661	0.6992083468454894	0.6996595385244667	0.6997097333969802	0.7006960697070574	0.7003369627133209	0.700261131796438	0.6997526007069081	0.7003674671130107	0.6993881347575925	0.7017653771913712	0.7005895046972235	0.7004967303322472	0.6999013779661778	0.6999331210603771	0.6992915816717765	0.7001722424243622	0.6988241109283537	0.7018079888017968	0.6997822653609289
0.5985817445221431	0.6238192134140395	0.6999316101688859	0.6996176477882593	0.7006613342771953	0.7001477614325545	0.6994342194423986	0.7003142722748662	0.6998104630454978	0.7001371059832848	0.7003320273543294	0.7001657349201552	0.6998312954332184	0.7011771369791778	0.6993061011139468	0.6990643180370611	0.700079993631095	0.6997445453663471	0.7010625610524704	0.6995503049505004	0.699276849404285	0.7004174305012997	0.698901474307935	0.7011749848272684	0.6995132092880303
0.06495280053594582	0.8925986164315858	0.6998672104124426	0.6997210966846936	0.6995578988806109	0.6996413943618269	0.699452383685187	0.6998315589063983	0.6994628239337916	0.7015071629426064	0.7005036205238035	0.7000884299195582	0.6997369770381905	0.701254848645058	0.6992577096046239	0.7017481582440113	0.7004558936182212	0.70044007829805	0.6996580496673479	0.699792359358155	0.6992733748519964	0.6991616528137087	0.698988014505011	0.7001884236545639	0.7002067386642156
0.615673400953856	0.13246062433366423	0.6996776457841593	0.6997572578123449	0.7006058721579528	0.7001145101993338	0.699448735535255	0.7001444273426701	0.6996977228392397	0.7006960697070574	0.7005246567966579	0.7000904498280185	0.6985913906426453	0.7003674671130107	0.6992744842925204	0.7017653771913712	0.7002476403183239	0.7004919479145074	0.7007056036091176	0.6999305919889911	0.6992915654218943	0.7004273776143556	0.6988643074816291	0.7002920314353072	0.6997762648055217
0.19110686211243852	0.14236467192015928	0.6999146422891502	0.6997863198098101	0.6995423044496428	0.7000384235747906	0.6992474440343476	0.7001174133446751	0.6997082926355918	0.6999462848340067	0.70031969769199	0.7000887377515301	0.6997429356097745	0.7009500398945848	0.699389717180646	0.7017696776896301	0.700522505734238	0.6997513922990456	0.6997076891585899	0.6997877590008967	0.6992135923617601	0.7005240348140821	0.6989890182727949	0.7001593119160354	0.7001411174458247
0.04877117500131184	0.5006287531428906	0.6999007980585246	0.7003099078995852	0.6995331130489316	0.6996849630370349	0.6994505276690755	0.6998170298593409	0.6997893093236864	0.7000258767083778	0.7005293572741362	0.7002505565968731	0.6998253341397391	0.7004734713234169	0.6993086693335061	0.6990408216255748	0.7002516458203504	0.7005147505998409	0.6997135341986729	0.6998744397146301	0.699110652161501	0.7004133175420182	0.6980476905281522	0.701892737634923	0.7001401862923502
0.0	0.9999975632524868	0.7001758644323945	0.6996594008361162	0.699564787451092	0.6996773328768722	0.6995854541176497	0.6997442929859581	0.699924584492767	0.7016159003867593	0.7003493862955801	0.7002694773249618	0.6997102662087779	0.700367700340123	0.6993170342309358	0.7014452494520788	0.7004674950563697	0.7006848975393939	0.6999304098008394	0.6996820602957425	0.6995169188051726	0.7004461486176364	0.6987273459510974	0.7001403520499303	0.6999997046309862
0.1283871625339557	0.5143519611709895	0.7001921021763754	0.6997763832999468	0.7004035866322594	0.7000468920487214	0.6994225818875061	0.7001458014638126	0.6994575560407844	0.7005838884534065	0.7005245849562785	0.7010406127138421	0.698602875949769	0.6962858884886695	0.6993397120166905	0.7014314154896435	0.7002102912029361	0.7004960457685767	0.6979490798680522	0.6999727847313011	0.6992311412726014	0.7004060219073474	0.6995163156764836	0.7001995029507542	0.700197479403054
0.47146988105129234	0.2795983350495916	0.6995800452757736	0.6996431296386784	0.7004035295316311	0.7000877007657204	0.6994507062046188	0.700131839738315	0.6998942775024265	0.7011681281893057	0.700319960625066	0.7000979629592765	0.6997049522428002	0.7005414145100085	0.6993940349243984	0.7015003798000714	0.7004547670176339	0.7004957909139252	0.6999012529030576	0.6997203570789804	0.699272406949106	0.700436723644104	0.6995165215700779	0.7001438323693554	0.7002027223812772
0.11378298234356449	0.16078759320219782	0.6997254669261848	0.7002674037730485	0.7006051247768373	0.7001337997316631	0.699444677711613	0.6998324492842093	0.6996972453512558	0.7008068563315875	0.7000173620934538	0.7009921108819496	0.6986505383636278	0.7003685632697119	0.6996342270809968	0.7014382369366468	0.7002479151515767	0.7005829551435566	0.6998899275546678	0.6997405188009048	0.6992915667392479	0.7004277877750005	0.699159857111205	0.7011452453646496	0.6994792510793381
0.5652256532277136	0.806852873382888	0.7002790957514906	0.6996777296205666	0.6997144250576848	0.6996381748254423	0.6994209517848211	0.6995891504911211	0.6998195667520793	0.7000597141366599	0.7005138438513229	0.7002497717478705	0.6997059276717061	0.7003384116769851	0.6993080099350221	0.7014456118645088	0.7000814213606218	0.7005994681308273	0.6998318780475072	0.6998747607801257	0.6992994941457313	0.700413533360495	0.6982071452815093	0.7001879917970297	0.6999280085275671
0.10401566993094752	0.4557406682082797	0.6999015647257827	0.6997543385125606	0.6995328144193526	0.6996849630370349	0.6994451380980523	0.6998170298593409	0.6997183162287148	0.7000228927866498	0.7005293572741362	0.7000439577029647	0.6998253341397391	0.7008921172842886	0.6992966813086516	0.7014826608177374	0.7002531228645487	0.7005147505998409	0.6996982391256455	0.6998744397146301	0.699110652161501	0.7004133175420182	0.6980476905281522	0.701892737634923	0.7001392202251643
0.7469568878520811	0.15147969107370585	0.7002067303653171	0.6997196141017944	0.6995780429694282	0.6996938647824301	0.699435602519558	0.6998436997469283	0.6998532101804483	0.7015073313118106	0.7003388457894738	0.7000944161001176	0.6997378875570748	0.7004672713654243	0.6991851871168661	0.70150512238368	0.7005301176593651	0.7005677429473046	0.7004256605558054	0.699740306493745	0.699273913721001	0.7003798886480658	0.6987392449996029	0.7000826241796795	0.7001010106271965
0.20502006497071396	0.9999999087175259	0.6999239473811705	0.6997247937338549	0.7006051093670065	0.7001192638039951	0.6994197259959931	0.69991279016231	0.7037922391245985	0.7006275441546651	0.700336890311904	0.7001649562093185	0.6997072373857229	0.6625179097861061	0.699517692955275	0.7017803171532891	0.7004046650294894	0.70049673936041	0.7011201173577768	0.6995687789068532	0.6992773684381196	0.6992846550686542	0.6352617322877647	0.7009502444739617	0.7385225833816346
0.36081596084911205	0.804629552262461	0.6999146875890867	0.6996781961493601	0.6995530327914478	0.7000399905371407	0.6992520014468208	0.6998059315179053	0.6999529377325933	0.6999349711904163	0.7005062619162817	0.7001673616018076	0.6997447314609032	0.7008962502651473	0.6996923233754411	0.7017798417495426	0.7004023113844872	0.6997693911740982	0.6997077137613233	0.6997586327773031	0.6992765906293392	0.7004182142984317	0.6988969222678592	0.7011261568581367	0.700113033513707
0.7067919596436552	0.54248076066942	0.6999249225476989	0.6996960450565742	0.6997233439183753	0.6996704643406391	0.6994552593705019	0.7001834956688984	0.6998207726492786	0.6999103759127461	0.7003475932731114	0.7001521931992831	0.6997357279791037	0.7003414408360542	0.699655481169075	0.7014439344473942	0.700469960134109	0.7005295392997037	0.6978711261601631	0.6996370821781511	0.699001272375708	0.7001936411520688	0.6980665686807243	0.7018923788472252	0.7001501010909725
0.365900205392659	0.8444881678854419	0.699929449375113	0.6997193499145917	0.6995530327914478	0.7001297150651336	0.6992520014468208	0.6998113183476582	0.699789089318713	0.7000699098338827	0.7005062619162817	0.7001694382920555	0.6997020710725692	0.7003478673132051	0.699279339517987	0.6990116093911606	0.7004092621000889	0.7003869866055908	0.6997004683829215	0.6997601933381558	0.6992716570017916	0.7004189984632843	0.6990838347246157	0.7018935354745042	0.7001132057681912
0.8413695411580028	0.5742703506563857	0.6999144165126143	0.699724189942481	0.6995780429694282	0.6996960207869523	0.6994347849445723	0.699811666387039	0.6996751281874704	0.7000238723882326	0.700519305801307	0.7001696903451209	0.6996763065214351	0.700478775330116	0.6993201586515011	0.7015148563895441	0.7005288228086685	0.7005677429473046	0.6996997495373595	0.6997570793196357	0.6992739457519738	0.7005837654296465	0.6987270607105684	0.6995444992815408	0.7001024309820627
0.870735391049613	0.5515997196181837	0.700202001901194	0.6996935729321119	0.7003998741768551	0.6997180372879939	0.699161227443076	0.6998243103405525	0.6996786844110688	0.7007459785806959	0.7005211916283818	0.7001629954338559	0.6997767637137589	0.7004742298791794	0.6996765758242175	0.7015229199141447	0.7005290918383619	0.7005673644451889	0.699727030694637	0.6997145599000536	0.6992744236560924	0.7005798560050558	0.6990894203856758	0.7000929274263956	0.7001921562714575
0.2714036699190845	0.27462074572417106	0.7001800631538871	0.6997739151586576	0.6995538426595261	0.7000469790506227	0.6994228254345672	0.7001475576909368	0.6994591465850826	0.7006019446817353	0.7005245849562785	0.6908193511480565	0.6997222940153567	0.6962520417319674	0.6996571416035415	0.7014668485188451	0.7006573620954132	0.7004951860135755	0.6979481822854328	0.6999471629056605	0.7009619432217968	0.7004059881600346	0.6993501569120996	0.7002006753125926	0.700061785058215
0.22560614674509305	0.7211923413847653	0.6999069194077334	0.7003344215701347	0.6995434342206401	0.6997088413300961	0.6994392659780189	0.6997156315405947	0.6994909303038389	0.7005118029333685	0.7003237817620094	0.7000978529990566	0.699737828416378	0.700898059582153	0.6993873383832765	0.7017781126572109	0.700523394543969	0.70050875031043	0.6996617121903962	0.6997255662023484	0.6992913303328501	0.69813480148491	0.698839492618492	0.7018235122451831	0.7001401034252392
0.09199600278110642	0.05092225787509916	0.6999042671604101	0.6997188939930797	0.7003796067553298	0.7000283314863996	0.699452504921115	0.7001983827811584	0.699855317634374	0.7000382659566865	0.7003265819836142	0.7000979071215714	0.7000465270574211	0.7008817751692162	0.6996526450980874	0.7059107785398443	0.7000749699127805	0.7005334241932738	0.7002169502077439	0.6997702638010124	0.6992951367603832	0.699177621299519	0.6989218693769869	0.7001508773582278	0.700024615384523
0.6341889484789205	0.4555997263799953	0.699910743439729	0.6997045296802229	0.7004280021135552	0.7000187882131452	0.6991274272451659	0.6996927159150369	0.699718205655891	0.701248291804306	0.7005091312202413	0.7000992564333539	0.6997032439563475	0.7008833196441441	0.6992951702018956	0.7015172556522006	0.7003996430643753	0.7005346541062607	0.7005427949653212	0.6997908134580365	0.6993115589543153	0.7004139111200177	0.6989338074664014	0.7017879352411796	0.7000265082344225
0.5138303036250488	0.1577659090809328	0.6999125152034495	0.6996593137829478	0.6995653893529452	0.7001405585266918	0.6994365126903518	0.6997448912226438	0.6996624780314936	0.6999584356683692	0.7003327731805352	0.7002041034944703	0.6985967039201042	0.7004679820644916	0.6992139826943763	0.7014480569662903	0.7004611203099558	0.7005865907238686	0.6999370763801428	0.69968151253112	0.6999262412971362	0.7001656556987681	0.6989215436196401	0.7001105500232835	0.7000349553106193
0.42197602009712937	0.5707380201820188	0.6995870994563457	0.6997237461519114	0.7002521762454984	0.7000448887276794	0.6992291908490401	0.6996946280033906	0.6998427334143753	0.6999945981716263	0.700508641874439	0.7002862843930067	0.6997050278747367	0.7009162153896085	0.6996776671054973	0.7014554172905674	0.7003972131155395	0.7008260981527202	0.7003901542121926	0.6995747536647258	0.6993943494832834	0.7004011809157002	0.6980232751684295	0.6995522457138579	0.6995086557591979
0.07724997203519485	0.6354779378538675	0.6997447469737618	0.6996364720446103	0.7006687798090456	0.6996684687000463	0.699433876093058	0.7001354248432765	0.6998377081215499	0.7007308655445801	0.700329089975207	0.7002537536518476	0.6998254959834456	0.7005038237988127	0.6991947914454197	0.7012417872134512	0.7000842555124486	0.7005130535731863	0.6997216576807588	0.6999239423059523	0.6992776970915743	0.7064068499844725	0.6988804037336525	0.7001883111201824	0.7001916869116177
0.14355660201386122	0.2787602091420876	0.6996752814863383	0.699725406121162	0.7004159703708949	0.7000733322176894	0.6994347849445723	0.699811666387039	0.6998939839524363	0.6999614728823014	0.7003162190092354	0.700169280523207	0.6996774836101153	0.7005413045079004	0.6993941651278198	0.7014999407205679	0.7005288228086685	0.7005677429473046	0.699799924102182	0.6997048750807499	0.6992723988055048	0.7005837654296465	0.6995125523900874	0.700146419196594	0.7002100854585132
0.541711117077877	0.5178752426469599	0.7002233709359794	0.6996467468504327	0.7008019769833482	0.6997086839066085	0.6994407031426996	0.7001475935582726	0.6999465625837087	0.7000207502786258	0.7003584984639158	0.7000727291865272	0.6997068043797707	0.7011683037605636	0.6996411770602051	0.7014995390264229	0.7005343407207476	0.7006034229661828	0.6999383057841215	0.6999319552624425	0.6992313319457936	0.7004411098960761	0.6989969541040704	0.7001364615830078	0.7000219801549461
0.16156430633257118	0.15781694022028953	0.6999325442162331	0.7003039933316795	0.6995744384051226	0.6997036863564567	0.6991520033862473	0.700141829660901	0.6999198220355972	0.6999841630159859	0.7003285124145434	0.7001693711390437	0.6986785294917592	0.6966288759929119	0.6992145710034012	0.701508459194123	0.6984677008994933	0.7006041043241988	0.699902657402928	0.6997711784396441	0.6992613499282091	0.700422526997365	0.6981202146869679	0.699969201591397	0.700073131440611
0.38140989852148766	0.9564035368649021	0.6999023923923161	0.6997417292901761	0.6994745875354818	0.6997171458486983	0.6991267307486225	0.6998388412184514	0.6998593586348979	0.7007682704783424	0.7003106346015174	0.7001078237068087	0.6996817313790418	0.7005712765723406	0.6996382333846136	0.7015155089328842	0.700085816856534	0.7004901144578497	0.6978490065731388	0.6998937705279568	0.6992769891247578	0.7007309800076882	0.6995335056002712	0.7004633636540811	0.7002446474940163
6.318092351813038E-5	0.9999993152752363	0.7002035605308984	0.6997204724702571	0.7003984910446318	0.6996533536695353	0.6991367352097778	0.6997817353563335	0.6138592441957492	0.7005942275218145	0.7003599285614036	0.7001711633700056	0.6996493779593509	0.700425272650411	0.6993110629503658	0.7015188347957217	0.7011081434512237	0.6993096350656569	0.8135662218532898	0.6995590898131301	0.6992589545614527	0.7005852735708362	0.6987409227154286	0.6999639752918041	0.6999356762183148
0.3891864347898566	0.45448073642071096	0.7002458193928549	0.7003095575846869	0.7003961916753221	0.7000537148535174	0.6995802603780374	0.7003518813236681	0.699824286404856	0.7000282508100863	0.7003424604580171	0.7001533501471386	0.6996798193878658	0.7003623425121563	0.6991777895278076	0.7014992110240644	0.700390608068346	0.7007743125836751	0.7004033064839743	0.6997714071459753	0.6999439750815546	0.7005218302127968	0.6980356195550851	0.6996785428110859	0.7001528229873434
0.3975775055635893	0.2323775424211718	0.7002492887223741	0.6996748139275908	0.6996035264342443	0.7000448101835841	0.6992282873504923	0.7003364515573633	0.6998687330964862	0.7000171594615228	0.7003115058765429	0.7000743803731208	0.699702446189301	0.7012102071596747	0.6996420273408828	0.7014578255713279	0.7005333704390819	0.700573411307155	0.6999442070898225	0.6999097683457937	0.6992887388078247	0.7005205451415978	0.6987139484001315	0.7019000481735286	0.7001940048466005
0.6599585869181999	0.5138433231217479	0.6999146486716321	0.699708385918677	0.6995400523723588	0.7000359925064124	0.6994412840188962	0.7001174133446751	0.6994564839047972	0.7000581389468892	0.7016260869835063	0.7000949595208785	0.6981086874424393	0.7009488831865262	0.699663215550981	0.7014979113305438	0.7005289389531153	0.6997438250808702	0.6999443240954696	0.6986747584073194	0.6992174256839111	0.7005387231654762	0.6987323126443552	0.7017065568512025	0.7002014961464589
0.3564238305424196	0.1635949905480628	0.6997220505969296	0.6997871508922381	0.6995530327914478	0.7001347705620522	0.6992520014468208	0.699806645811973	0.6997763330152863	0.6999349711904163	0.7000159263345731	0.7011256502965912	0.6997452527525982	0.7008962502651473	0.6997333357853583	0.7014538114327884	0.7004023113844872	0.6997318217167562	0.6997117198593499	0.6997580165903652	0.695591081023743	0.7004188257429755	0.6990827376931755	0.7011261568581367	0.6995313004884823
0.25874718858117696	0.5224069786377665	0.7002909156889868	0.6996933538587747	0.7003999073304554	0.6997180372879939	0.699161227443076	0.6998114174230247	0.6996798205334674	0.7005917660147986	0.7005211916283818	0.7002047746587419	0.6997777751224831	0.7007162763739352	0.6996766785103553	0.7014452486981354	0.7005298554078793	0.7006000616241829	0.6997285443905242	0.6999063855811958	0.6992744236560924	0.7005798560050558	0.6988556375950356	0.700093087461338	0.7001921562714575
0.26948520402248366	0.1327571112235587	0.6999306374989117	0.700311985741586	0.7006058721579528	0.6996649550348661	0.6992083468454894	0.6996595385244667	0.6997097333969802	0.7006960697070574	0.700328592050377	0.7000904498280185	0.6997442302473738	0.7003643590494726	0.6993875962023117	0.7017653771913712	0.7006605924250885	0.7004919479145074	0.6996908656750872	0.6999331210603771	0.6992915816717765	0.7001728756599485	0.6988642254318792	0.700020019835772	0.6997834893269121
0.6794090910989978	0.9467476811641498	0.6997577720347845	0.6997041456416322	0.7003962019082121	0.6997121677885476	0.6993694232906361	0.7002000289557091	0.699860441682703	0.7007211263152356	0.7003130539267107	0.7000991469835429	0.6998009023242143	0.7008856366018156	0.6992585187689744	0.7015151907941678	0.700664154307715	0.7004448210965224	0.7018249474487248	0.6997920846535363	0.6992743908940096	0.7003799375145151	0.6988410372838828	0.7012955847035198	0.7116074803647201
0.7856307014179209	0.7143291923345922	0.7002057931140335	0.7003284483128295	0.6995780454814533	0.6997088413300961	0.6994392659780189	0.6997156315405947	0.6998680309645803	0.7005089854491677	0.7003237817620094	0.7000978529990566	0.699737828416378	0.7005119890401388	0.6992017172770908	0.7017781126572109	0.700523394543969	0.7005129335442892	0.6996617121903962	0.6997255662023484	0.6992913303328501	0.69813480148491	0.6988408400687574	0.7000912001443855	0.7001412137038402
0.7728726284362598	0.5707380201820188	0.6999141136554832	0.6997237461519114	0.7005891428792062	0.7000448887276794	0.6992271050426694	0.7000973792130422	0.6998427334143753	0.6999945981716263	0.7005249593315342	0.7002862843930067	0.6997228015945522	0.7011828998499567	0.6996764576533011	0.7014554172905674	0.7003900021127691	0.700817534029103	0.7003901542121926	0.6997728600192369	0.6993943494832834	0.7004011809157002	0.6980231374828476	0.6995522457138579	0.700057479330812
0.015228962367043353	0.006173971952140922	0.6999226088762318	0.6996773377302277	0.7008066245138614	0.6997149438291738	0.6992882410195898	0.7001559607845382	0.6999492370058502	0.6971910091165524	0.7005270131599903	0.7001939422355807	0.6997054656899726	0.7004843170262574	0.6995205159007609	0.7017850220907972	0.6984409070787071	0.700499802914283	0.699713810489904	0.6998154425384225	0.6992790292185842	0.7001748012078974	0.6989050928117505	0.7000730209094527	0.7001608026098065
0.03452626690164795	0.54248076066942	0.6999249188439702	0.6996960450565742	0.6997055651985222	0.6996704643406391	0.6994206802773633	0.7001834956688984	0.7038641489818301	0.6999103759127461	0.7003475932731114	0.7001649551785349	0.6997073411169142	0.7008898181083918	0.699655481169075	0.7017857186546158	0.7002558393544012	0.7005295392997037	0.7011154575395458	0.6996370821781511	0.6992773765936987	0.7001936411520688	0.7075754135123165	0.701898917220078	0.7018625842069603
0.018178750888313666	0.14330581979145687	0.7003045632177394	0.6997247070789561	0.7002837478646006	0.6996777445518307	0.699567272697189	0.6998034524557813	0.6999272062304284	0.700699111321334	0.7003542869893241	0.7001733368523742	0.6997127988549346	0.7003540321900066	0.6996525252894779	0.7014999231715213	0.7004552350325994	0.7004398021579	0.69966155905739	0.6997931655161017	0.6992969982700906	0.7004383977091376	0.699089822590774	0.700197153210205	0.6994854464938595
0.23921519725999144	0.5176420614927137	0.6996511456108854	0.6997084526330027	0.6995824231701827	0.6996938719122476	0.6994773962101765	0.700200593763889	0.6996587534394615	0.6999580740351773	0.7005316878031733	0.7000950603934443	0.6981312483608066	0.700467558512986	0.6992751820875531	0.7018713033534318	0.7003946453949343	0.7013795042878521	0.7020173514996596	0.6996315069914644	0.6992751910999411	0.705042765835527	0.6974172661510231	0.7017992889823844	0.7001435074670972
0.2792634250439377	0.9689873764171211	0.7002415397232606	0.6997747387957304	0.6995447793010234	0.7000469790506227	0.6994394427144234	0.7001456734455737	0.6998624388824324	0.7006019446817353	0.7003287079147419	0.6999511315742067	0.6997222940153567	0.6962520417319674	0.6996571416035415	0.7014685183163991	0.7006573866875544	0.7004954629831565	0.6979490798680522	0.6999471629056605	0.6993074756090545	0.7007251222271963	0.698654718817355	0.7002017889654956	0.7033803934104815
0.22560614674509305	0.040917404972568905	0.6999067081554251	0.6997238118204809	0.6995434342206401	0.6997088413300961	0.6994436875794412	0.6997156315405947	0.6994909303038389	0.7005203499404482	0.70031969769199	0.7000978529990566	0.699737828416378	0.700898059582153	0.6993873383832765	0.7014979113305438	0.700523394543969	0.7005219950676169	0.6996617121903962	0.6997255662023484	0.6992871458411987	0.69813480148491	0.6981960988597029	0.7018235122451831	0.7002224244295652
0.5115867635483824	0.9467476811641498	0.6999089099409943	0.6997041456416322	0.7003962019082121	0.7001418834027354	0.699366496618922	0.699742450346181	0.699860441682703	0.7007211263152356	0.7003131397005197	0.7000991469835429	0.6997806356745779	0.7008856366018156	0.6992585187689744	0.7014473287724647	0.700664154307715	0.7005882063542932	0.701828153805274	0.6997960137163838	0.6992648486589911	0.7003799375145151	0.6989189458763221	0.7012955847035198	0.7116074803647201
0.15955249148991185	0.2861171363597367	0.6999066859526308	0.7003515835321561	0.6995415332173304	0.7000947854594213	0.6994467101796763	0.7001168344215327	0.6994591579756605	0.6999176138383912	0.7005227799629731	0.7002416907465047	0.699723150878804	0.7011820659674348	0.6996439917450695	0.701508494596393	0.7000694116707125	0.700494956441253	0.6996223679895691	0.6997698482870208	0.7009763426540068	0.700424136632888	0.6981097140502822	0.700150702744255	0.7000626728383557
0.3487470470777763	0.5550129878580904	0.6997039596206602	0.6997708322053101	0.6994541940110391	0.6996736960690885	0.6992088577973833	0.6996595385244667	0.699811319131405	0.7007074204923858	0.7003292727193208	0.7000915132544967	0.6998291010562308	0.7003674671130107	0.6993054928056609	0.6991017684902018	0.7006605924250885	0.6997762291853304	0.69972830833225	0.6999331210603771	0.6992831420531811	0.7001722424243622	0.6993822124421899	0.7018420454405212	0.6995058722600799
0.7763649886821875	0.28465193676280715	0.6999066859526308	0.6997193512204214	0.6995415332173304	0.6997061541392631	0.6994467700172329	0.7001435798977617	0.6994591579756605	0.7015391174327282	0.7005367401990686	0.7000964911203292	0.699723150878804	0.7004297688566525	0.699643415528803	0.7015138738340135	0.7000694116707125	0.700494956441253	0.7007137451811417	0.6997698482870208	0.7009446808402136	0.7003883268543927	0.6988481715656263	0.700150702744255	0.7000626728383557
0.6860977243999803	0.02861410365299244	0.699611427543922	0.6997734177331375	0.6996905202105749	0.6996686074258288	0.6991325117731563	0.7001880199301725	0.699905178992741	0.6999102898061148	0.700323553078565	0.7001525024932014	0.6996992020393529	0.7003427987033192	0.6992364844982554	0.7014415704768877	0.7006707206749246	0.700599495269318	0.6997760027752461	0.6997933828070577	0.6992865757339235	0.700397535329723	0.6988637635245837	0.6999882802657119	0.7002554353803195
0.5596684349547943	0.04472608460887158	0.6999023933833246	0.6997405768448776	0.6995653744672115	0.6997196088165624	0.6991072529718395	0.6996644583688469	0.6996729121382913	0.7002164788909448	0.7003322190100542	0.7001623460122245	0.6997227820583841	0.7006295050977999	0.699314002057735	0.7014657594931445	0.7001056612806533	0.7005220967070089	0.6999684187515229	0.6988757521353621	0.699965921150436	0.7004477021657408	0.6995321221121582	0.7004499273415145	0.7000653331944565
0.06717492049018063	0.05236567570916001	0.6999042671604101	0.6997188939930797	0.7003806426452499	0.6996923104766231	0.6994524408999648	0.7001983827811584	0.6998676293613941	0.7000179686874424	0.7003265819836142	0.700163735034934	0.7000465270574211	0.7012475031182678	0.6996526450980874	0.7015074912725017	0.7000683089876676	0.7004950200478142	0.7002169502077439	0.6997702638010124	0.6992951367603832	0.6991616528137087	0.6989218693769869	0.7001508773582278	0.7002034571541489
0.5768140422958067	0.6195471912163638	0.7002668477799489	0.6996176477882593	0.6995749045339877	0.6996690728445495	0.6994342194423986	0.7003521588320131	0.6998104630454978	0.7001371059832848	0.7003321502901011	0.7001776382027801	0.6998312954332184	0.7011771369791778	0.6993061011139468	0.6990643180370611	0.700079993631095	0.6997445453663471	0.6999329375469744	0.6997416477557433	0.6992917325160988	0.7004174305012997	0.698901474307935	0.7011759517642037	0.6995132092880303
0.010615358769872407	0.6442189433038125	0.6997565500319121	0.6996932433565489	0.6995029486080946	0.6996830941302198	0.6994438075608103	0.699829652396972	0.6999221970781458	0.7007212335747525	0.7003498004487729	0.700250199188147	0.6998275315559304	0.6961087455543573	0.6991941915551803	0.7015130307918546	0.700632658084341	0.7004954810275186	0.7001350259324776	0.699803755084398	0.6993094287945881	0.706542774788231	0.6987249835450878	0.7001886823931622	0.7001905488062834
0.7216083672495365	0.9879179626939387	0.6997231632906382	0.6996597662566012	0.6996633567431045	0.6996694631515209	0.6994365542183018	0.6997793869663033	0.6996628757321322	0.7014636359108105	0.7003402483971592	0.7002518531650719	0.6998179596700348	0.7005125646685535	0.6993110920730592	0.7017852872411766	0.7010986441914409	0.7005985366227533	0.7003734204574951	0.6997412956964915	0.6992848951436703	0.7003800385806411	0.6987414005206352	0.6999660929721634	0.6936301953468388
0.4004967745229716	0.03432635687153912	0.6996262089883203	0.6996575714104626	0.7003135068975853	0.6997261381044295	0.6991246232385048	0.699649618794575	0.6998382266004541	0.6999435017295963	0.7005153406536252	0.7008090286576665	0.6985362896031401	0.700366852771944	0.6991768260453919	0.7014995671740903	0.7002789318447789	0.6974215101771695	0.6995650840311827	0.6999282666991026	0.6992911274837212	0.7005304081218302	0.6980220081855532	0.7011325834901567	0.6995036517854818
0.5789163333231052	0.1327571112235587	0.699695666961432	0.7003056049445961	0.7006058721579528	0.7001331439091661	0.6992083468454894	0.6996595385244667	0.699811319131405	0.7006960697070574	0.7003292727193208	0.7000904498280185	0.699832368852757	0.7003674671130107	0.6993054928056609	0.6991019446275308	0.7006605924250885	0.6997782949275688	0.6999013779661778	0.6999331210603771	0.6992917338877882	0.7001722424243622	0.6989017198595634	0.7018461512152727	0.6995058722600799
0.6410511339903008	0.2094032748180224	0.700290015367298	0.6996977459595058	0.7004497353112826	0.7000210756066806	0.6994328736245381	0.7001422634817486	0.699860441682703	0.699917869524102	0.7005146294095398	0.7000989021888517	0.699703226267688	0.700873211116754	0.6996358474686087	0.7015169644162611	0.7006476016063732	0.700567857128617	0.6978415627832498	0.6997919119581159	0.6992743908940096	0.7004350585702916	0.6988632254862204	0.7018591177733075	0.7002176168253897
0.24421624658740443	0.8046298456301332	0.6996460599572151	0.7000849623783638	0.6995807694521858	0.6996938719122476	0.6994655566128761	0.7002069235538831	0.6998544901317089	0.7000277074140652	0.7005246440090265	0.7000950603934443	0.6997361659283836	0.700467558512986	0.6992919001750402	0.7018713033534318	0.700462746709635	0.7013795042878521	0.6996595146297913	0.6996315069914644	0.6992751910999411	0.705042765835527	0.6988686824584645	0.7017992889823844	0.700144504763129
0.0	0.9999989531665882	0.7001816374075052	0.6996956589654075	0.700601238708664	0.6996767544007032	0.6995660053118369	0.6769829434579147	0.699924584492767	0.8155100542511515	0.7003500415023113	0.7002706064921402	0.6997102662087779	0.7011795386298102	0.699319361953262	0.7015145471602459	0.7006241220641298	0.7006848975393939	0.8084959004125022	0.6998021238696585	0.6995180044379096	0.7004029981690121	0.6987273459510974	0.7001403520499303	0.6999988786578308
0.004102603912729468	0.5006287531428906	0.6997575248497061	0.6996873727736154	0.6995331130489316	0.6996849630370349	0.6994438407064559	0.688869876968017	0.6997893093236864	0.7000258767083778	0.700535664131019	0.7002503871726317	0.6998275198117517	0.7004734713234169	0.6991949867952324	0.7015008030636225	0.7002516458203504	0.7005147505998409	0.6997135341986729	0.6998744397146301	0.699110652161501	0.7004133175420182	0.6980476905281522	0.701892737634923	0.7001414288652238
0.6599585869181999	0.23865125813663096	0.6999146486716321	0.6997238118204809	0.6995405149903395	0.7000359925064124	0.6994412840188962	0.7001174133446751	0.6994561953834173	0.7000576545617855	0.7015998124721023	0.700097619313212	0.6997378719075742	0.7009488831865262	0.699663215550981	0.7014979113305438	0.7005289389531153	0.6997514393836323	0.6999536518266377	0.6986424533157422	0.6992135917407214	0.7005387231654762	0.6987323126443552	0.6995706804116182	0.7002014961464589
0.24372372003449888	0.8140853227073959	0.6996460599572151	0.7000821330428953	0.6995807694521858	0.6996938719122476	0.6994655566128761	0.7002069235538831	0.6997213393315294	0.700019577837141	0.7005246440090265	0.7001636253701853	0.6997051578363613	0.700467558512986	0.6992918951569117	0.7014750180021174	0.7004641368610727	0.7005341567301403	0.6996595146297913	0.6997249185910419	0.6992751910999411	0.70505932711332	0.698937170844594	0.7017992889823844	0.70014468712554
1.0	4.768955655637863E-5	0.7023729960541395	0.6996575714104626	0.7002924273757116	0.6997259663971861	0.6991246232385048	0.7001578659115796	0.6998382266004541	0.6999435017295963	0.7005161811666205	0.6861681625170902	0.6985362896031401	0.700882337487189	0.6992769793227371	0.7014401597330339	0.7002789318447789	0.6974215101771695	0.6995763279304463	0.6997895695176655	0.6992857439311304	0.7004099130568507	0.6980695473662686	0.7011325834901567	0.6994995852536411
0.5385269352903517	0.13246062433366423	0.6996847294542794	0.6996719998897265	0.7006058721579528	0.6997104713503106	0.6992083468454894	0.7001426811361458	0.6996977228392397	0.7006960697070574	0.700500087452057	0.7000904498280185	0.6997396942090367	0.7003674671130107	0.6992133187262465	0.7027179432993634	0.7006692573215167	0.7004919479145074	0.6999429915045211	0.6999301627774279	0.6999225958156009	0.7004380062145141	0.6988643074816291	0.7018587947485593	0.6997991209645441
0.25217817638266693	0.54248076066942	0.6997202172701773	0.6996610345388364	0.6996905202105749	0.6996705047890309	0.6991325117731563	0.7001880199301725	0.699905178992741	0.6999103759127461	0.700323553078565	0.7001525024932014	0.6997075479050722	0.7003427987033192	0.6992364844982554	0.7014415704768877	0.700469960134109	0.700599495269318	0.6997760027752461	0.699642115667012	0.6992865757339235	0.700397535329723	0.6988637635245837	0.6999728943814687	0.7002595227258084
0.427535114075097	0.4577966675889345	0.6995845119743641	0.7002892430976865	0.7003962110437988	0.6999762484984748	0.6991708777805821	0.6998860606223644	0.6998436563033665	0.701194301010452	0.7003265729723438	0.7001533195586812	0.699680501170726	0.7003572466645421	0.6991905202772706	0.7014524828044036	0.7003973162328492	0.7007644170890001	0.7004094191405607	0.6995683943534818	0.6993925920060944	0.7003676111433265	0.6980353519681133	0.7001561106403879	0.70015375964696
0.00334511397308912	0.02224291289878022	0.7025137257689743	0.6996776637042488	0.699564838897688	0.6997079430817026	0.699421699476714	0.6995863147004175	0.6996626136503595	0.7006023235268066	0.7003125776950091	0.7004720697461067	0.6998374495249025	0.7008830362340691	0.6992784155669536	0.7015079443105054	0.7000817221832821	0.7005819246783261	0.699876179238508	0.6998685694491945	0.6992773199502335	0.7004135234321133	0.6982088379045124	0.7001899039316054	0.7001992318797675
0.0034778645938351796	0.6564255682367343	0.6997571106720113	0.6996932433565489	0.7006722004873142	0.6996774051864952	0.6994438075608103	0.6998209099792073	0.6999243880658564	0.7007286477927134	0.7003500415023113	0.7002532830729834	0.6998275315559304	0.700367700340123	0.6991941915551803	0.7015145471602459	0.7000867415819613	0.7005100394066155	0.7001350259324776	0.6998041918072614	0.6995180044379096	0.7065150048481673	0.6987273459510974	0.7001886823931622	0.7001905488062834
0.41266940939975816	0.8827450744673007	0.700286551076682	0.6997241794844226	0.6994501344634543	0.6997091988633726	0.699127410765404	0.699803486352553	0.699947061113274	0.7000176487000761	0.7003483234478962	0.7001732324494286	0.6998307832119188	0.7003907386541702	0.6996411965393285	0.7017598713927042	0.7000713705075198	0.6996957271139529	0.6998246114607792	0.6998159396061557	0.6992949115739066	0.7003818694867837	0.6990849983834363	0.7004359956736719	0.7000552497741841
0.40794024874889995	0.13246062433366423	0.7002739960075859	0.6996719998897265	0.7005761672065641	0.6997104713503106	0.6992083468454894	0.7001371911031189	0.6996977228392397	0.7000240212299423	0.7003501668809032	0.7000904498280185	0.6997396942090367	0.7003676367601255	0.6992133187262465	0.7027179432993634	0.7006692573215167	0.6996980927859401	0.6999429915045211	0.6999313850297877	0.6992978578100916	0.7004385278153673	0.699075456187004	0.7018587947485593	0.6997991209645441
0.5424994125336848	0.235392824205367	0.7002226299788485	0.6996462875221657	0.6996035264342443	0.7000448101835841	0.6992286780252193	0.70013934303926	0.699868061777015	0.7000171594615228	0.7003588210339974	0.7000727993797403	0.699702446189301	0.7012102071596747	0.6996420273408828	0.7014974281159982	0.7005333108974908	0.7006053030908207	0.6999442070898225	0.6999097348829622	0.6992887388078247	0.7004404790812938	0.6987139484001315	0.7018468153083007	0.7001940048466005
