1.8235795993020518E-17	0.9997020114204243	0.7014549932029494	0.7444220146243807	0.7599559973433994	0.7003477111401666	0.6998864023886588	0.700106047874508	0.6995369548554246	0.6995179659625453	0.6998088247084447	0.7000326117073268	0.7001628793437659	0.6996754042150735	0.69957620790126	0.7029275499383024	0.7004253900531743	0.7012338657609725	0.699944058732857	0.6994964647948607	0.6995919821321352	0.7001537484356335	0.6985429882129703	0.700644931451587	0.6998795388286261
1.0	2.9861629238904977E-10	0.668656937731782	0.7444537064115935	0.6996441971553746	0.6999019437215972	0.7000566448572096	0.7000983826686191	0.6998617991332015	0.7003457618041156	0.6999539348714902	0.6999845366259559	0.7007340422693257	0.70017307175863	0.7004408910291867	0.699759368627395	0.7004218878927533	0.7013224729709958	0.69989298155601	0.6994268360254455	0.6995695285209895	0.7001794738325848	0.6995522652917319	0.7007250520313574	0.6999996594306647
6.999446936514221E-10	2.0430071548510227E-12	0.7015054689201035	0.7445421928494182	0.6994780865173028	0.7000357444834034	0.6437761704370335	0.7001177883678714	0.6996829107624815	0.761806167029749	0.6998906292675221	0.6749500554017336	0.7002761275383539	0.700099935389795	0.7006437631210459	0.6997840715165871	0.7822361208422082	0.7014460689498093	0.6987263317296204	0.698412640233756	0.6995767416012659	0.6999892966878486	0.6986211965990441	0.7005580056150705	0.6999522413867716
1.0	0.999993328802396	0.6687319813316887	0.7443941347647095	0.6995093956705671	0.6995993280047745	0.7004787573812301	0.7001225796912258	0.6996688824767346	0.6995240343918452	0.6998965582843073	0.7003012538743816	0.6666617985873645	0.7001159101240152	0.7374657810190103	0.6992451358733289	0.7004623916139849	0.6944044210705431	0.6501048337374461	0.6998645856137202	0.6997067188487841	0.700072853569451	0.6996722295501547	0.7011191969456545	0.7001047164976603
1.8235795993020518E-17	0.9797314555619048	0.6684990744720058	0.7443004151852658	0.6996379218094092	0.6999023179363111	0.7001000971204477	0.7000919385115334	0.6996854777057855	0.6993297334812749	0.7002595274350479	0.7000171798502469	0.7010318376120743	0.6997496126852736	0.7004740752668879	0.6994732198582432	0.7004624937703794	0.6995028514585944	0.6998558978511966	0.699232869926895	0.6996281609783565	0.7001485117774475	0.6999890305338419	0.7007346520874884	0.6998747044387338
1.0	0.999993328802396	0.6687319813316887	0.7443941347647095	0.6995093956705671	0.6995993280047745	0.7004787573812301	0.7001225796912258	0.6996688824767346	0.6995240343918452	0.6998965582843073	0.7003012538743816	0.6666617985873645	0.7001159101240152	0.7374657810190103	0.6992451358733289	0.7004623916139849	0.6944044210705431	0.6501048337374461	0.6998645856137202	0.6997067188487841	0.700072853569451	0.6996722295501547	0.7011191969456545	0.7001047164976603
1.0	0.9999848923291295	0.6687319813316887	0.7443940187656075	0.6994810034292595	0.6995888565679668	0.7001639118134843	0.7001097699209103	0.698240512519596	0.7002123207257701	0.7001685686988536	0.699878086002319	0.7006015845639263	0.733132968053471	0.6995577481778709	0.6992548319603203	0.7004624915335718	0.7013585448493411	0.704946831903366	0.6998650487845691	0.6999007915424861	0.7001175557779465	0.6996831444110225	0.7007366681493246	0.7059989303951956
1.0	0.9481286477279385	0.6687413535929285	0.7444138581854498	0.6994895775238854	0.6999818889944894	0.7060738265910076	0.7001100739999391	0.698240512519596	0.7008143619275125	0.6999097184554577	0.6935999658065743	0.700610480608241	0.7000126683075654	0.6995725289699085	0.6995360227618982	0.70041824316795	0.7008276374053264	0.700692947782073	0.6998498975233315	0.6997075684661257	0.7001180339926854	0.6996572236570078	0.7009902647582503	0.6998081667976387
1.0	0.9999848923291295	0.6687319813316887	0.7443940187656075	0.6994810034292595	0.6995888565679668	0.7001639118134843	0.7001097699209103	0.698240512519596	0.7002123207257701	0.7001685686988536	0.699878086002319	0.7006015845639263	0.733132968053471	0.6995577481778709	0.6992548319603203	0.7004624915335718	0.7013585448493411	0.704946831903366	0.6998650487845691	0.6999007915424861	0.7001175557779465	0.6996831444110225	0.7007366681493246	0.7059989303951956
1.4699231219267256E-7	2.0430071548510227E-12	0.6684815220278868	0.7951333628262265	0.699478866966892	0.7000639244948015	0.6461984310372285	0.7004743096607836	0.6996829107624815	0.7008117701507933	0.699000396638826	0.7002417120060644	0.7006397654638328	0.669766515602108	0.6995593247639413	0.6981376692478918	0.6996651727249462	0.7010235396742673	0.6989189349652138	0.69958085795409	0.6995936442274524	0.7001479771983438	0.6999318325863125	0.7005665914983582	0.6999902335465776
0.005727901529512872	1.944641394869234E-12	0.6684828574671524	0.7462023180478361	0.699478866966892	0.7000640220224439	0.6992580028274155	0.7004774836477196	0.699678052511175	0.7003397206842209	0.6989980493600584	0.6750498873172915	0.7021957080727057	0.6998507343544615	0.6995595415172166	0.6997624119271564	0.7002655187185555	0.7010186152174454	0.6989189349652138	0.69957826487228	0.6995767416012659	0.7001813460938806	0.7000617658399386	0.7009892949262614	0.6999654401044972
1.0520597598764067E-5	1.5531767563864036E-12	0.6687565703083562	0.7988873064547819	0.6994838711881516	0.7046054548549691	0.6988748147504728	0.7001101481686065	0.7006734578840556	0.7007985324073219	0.697201561402585	0.8210727440985008	0.6764935531847838	0.7001896359520138	0.7004539923747062	0.6995343963255927	0.7002218990222577	0.7009780616766258	0.6999386760120061	0.7001781572283592	0.6996727564691545	0.7001533111807685	0.6924937256824162	0.7009003122090837	0.6999723416813364
1.8235795993020518E-17	1.697525314364734E-5	0.6684829303150794	0.7246356473180234	0.6996347245347069	0.7003784334438746	0.7005732404044359	0.7003075738769445	0.7009198104075617	0.684283466295201	0.6999134836931736	0.7000451040199605	0.7002503461206637	0.6997551594688747	0.7004764902360661	0.6994709050860674	0.700450956083361	0.6999743946065847	0.6997946670313735	0.6992338525838108	0.6996798507140851	0.6991705114441984	0.6985834909414441	0.701044232429027	0.699890399297673
0.01018131293523157	9.416120750354029E-4	0.6684903582009674	0.7444554953350419	0.6996367391058698	0.7003816294554304	0.7004123979946372	0.7003069618254392	0.7009315163311621	0.6847786633625442	0.6999500903098222	0.7028154888091854	0.7002546902344349	0.7001720407555235	0.6995073191065334	0.6995627283115691	0.7001709288158713	0.6996134572339208	0.6998563535949547	0.6992267022057942	0.6996803994582931	0.6996271672045372	0.6998461690282166	0.7010431285405205	0.6999798640132469
1.8235795993020518E-17	0.0011404833021713828	0.6685042914393792	0.7443004151852658	0.6996385102262341	0.6999023489277769	0.7001000971204477	0.700106623630625	0.6996854777057855	0.6993297334812749	0.699222091451491	0.700254394082736	0.7008860656621116	0.6997496126852736	0.7004740752668879	0.6994724223832703	0.7004624937703794	0.6995028514585944	0.6998069273664177	0.6992325787869922	0.6996281609783565	0.7001485117774475	0.6999845338278372	0.7009710368208395	0.6998747044387338
0.26491624278729303	0.4863755407039535	0.668474691075525	0.7443914624708906	0.6994784453960086	0.7000247181626729	0.6997482647131643	0.7001263460785949	0.6998529750074993	0.7003332623605557	0.6997693501204599	0.6992610938057016	0.7002517024208751	0.7001108261421808	0.6995132785517141	0.7029438058272985	0.7004049566704096	0.7013351747973605	0.6998792029053864	0.6998328012246352	0.6995903074164833	0.6997885483325043	0.6985603041948522	0.7007266590332293	0.6999606179517998
0.477058729986925	0.9371345163301037	0.6686495644739733	0.7443499351362688	0.6997095389876191	0.7003520725526151	0.6999194399426314	0.7000630214652261	0.6997212700136162	0.6995129313906103	0.6999169468443208	0.6999779471873919	0.700291408588345	0.7001009273207953	0.7005692296177322	0.6995198104810518	0.6999776956753561	0.7013780037821309	0.6998108129945034	0.6998500393023611	0.701514215875417	0.699944946718054	0.6984681186795004	0.7007148030370921	0.7001299473273421
0.39628759408799263	0.37203328136124425	0.6686692882968621	0.744770923373106	0.6994841133207218	0.6999979599800195	0.7003030422239854	0.7001271826413319	0.6997223469394753	0.6994489709957824	0.6999491364580036	0.7011919042623188	0.7001512690004682	0.7000245648702709	0.6995858747366542	0.699553661503559	0.700406724906821	0.7009944404966066	0.6989410778351327	0.6995684632584883	0.6994227480638985	0.7001047207963523	0.6951477160961069	0.7007421702755093	0.7000065440666717
0.7574994517142499	0.03601793429673285	0.6684948639288592	0.7443914624708906	0.6996995385719509	0.7000268112483096	0.7000582537908504	0.7001166818310572	0.6997223493954472	0.6995119171072537	0.699954590371108	0.7028221835263214	0.7002191877373204	0.7000256439035111	0.7004266688379691	0.6995657172864923	0.7009813326808906	0.7012329806242408	0.6997122986605768	0.6994041592932153	0.6993938912338271	0.6995459243262898	0.6985032764542282	0.7009760971272289	0.6987718678574816
0.3757609750232866	0.8177690910494835	0.6687442787312236	0.7443956119239858	0.6996925135323753	0.7003214774082188	0.7000733187885044	0.700120067608243	0.6996825938482711	0.6995498689107438	0.6999432426149805	0.7003037339082927	0.7001607556677687	0.7000704534046227	0.7004321301084783	0.6995248824495705	0.7004383489522813	0.7012339761983242	0.6997505955991247	0.699851859880015	0.6995853872741168	0.6999442226636153	0.6998517764068011	0.7007370719588648	0.6999435481076052
0.6733253312237226	0.8284277333138554	0.6684681883536876	0.7442647607240791	0.699484281418488	0.7000217485110812	0.70006580596542	0.7001383200513853	0.699688381556518	0.700167528095166	0.6992779860545602	0.7001368871341832	0.7007256542326924	0.7001538264248368	0.6995293787346657	0.6998011291936775	0.7004724920137712	0.7011365731674977	0.6997893883838237	0.6995479035005028	0.6994455652070112	0.7001664611571714	0.699947645435356	0.7007514949003097	0.7000059155932046
0.7241762600139137	0.5046152573220156	0.668679290083968	0.7443914624708906	0.6995024999777945	0.7000594262586959	0.6998779415263308	0.7001263460785949	0.699719177708687	0.6994676148264549	0.6997678305110098	0.6999463801477948	0.7002209190983368	0.7000916283869472	0.7004299973637298	0.699514192656715	0.7005279080667447	0.7012338170669862	0.6998846391589475	0.6995444111173166	0.6994489559815341	0.6997887204536669	0.6985032764542282	0.7009760595450659	0.6998083074363761
0.30097359473372814	3.1494501702196653E-13	0.6686881942705986	0.7461987444979699	0.699477705453902	0.700195980756698	0.6997097073900717	0.7003134579949143	0.6997158454415174	0.699477763016898	0.6999140939852048	0.699115473046362	0.7007369752816889	0.7000086645052087	0.6996351625465368	0.6995551212058845	0.7009516695245167	0.6995954351193113	0.6592880330696569	0.7024304335341742	0.6994306194934586	0.6999957861712647	0.69989343678071	0.7006165616619333	0.700002299289118
0.4413017437829696	0.176568398888179	0.6684727185248313	0.7444541674946741	0.6994904430356247	0.7000252053438275	0.6999288477454008	0.7000805571326129	0.6997340831651676	0.6993494646462438	0.6999683297437062	0.7000287526399159	0.7007146422010765	0.7001264668149318	0.7001380793735537	0.6995652321638232	0.7005050962356946	0.7009963817875096	0.6987926945742334	0.6999234604575109	0.6996514057457122	0.699989440465323	0.6979592227112521	0.7007329164915225	0.6999605432253516
0.5881347033703634	0.6031994933168356	0.6686913315660683	0.744396613536337	0.6994782864504016	0.6999134557850016	0.6999018528589294	0.7001386710694106	0.6996887703516738	0.7001676143799814	0.6998852847683634	0.6981836856183702	0.7007345446848144	0.7000131916151224	0.699524244267077	0.6995445153330236	0.70047136873331	0.6920349848013517	0.6998015124652539	0.6992360870699287	0.6996209065644351	0.6999304757705092	0.6986751506450486	0.7007531295259968	0.7000031692656827
0.5058162053842828	0.9819890525431493	0.6684990170894411	0.7460075858844667	0.6995284713357218	0.6999006656929126	0.7032570120449777	0.7000926822379824	0.699632574216258	0.7001364019330427	0.7002555345938546	0.7000162272705742	0.6993102546656941	0.7001086930507897	0.7004067369018716	0.69925061212703	0.700207960805438	0.7007212134615782	0.6998559308150578	0.6991650719915941	0.6994182447968745	0.6997633205140067	0.6996733529635001	0.7007275507467219	0.6998140667725553
0.5876703131702208	0.3544775716641311	0.6686913315660683	0.744396613536337	0.6994810273002432	0.6999134557850016	0.6999018528589294	0.7000856031943672	0.699721896538635	0.7001129165191062	0.699885250857132	0.6981836856183702	0.7006219491795758	0.7000148011358277	0.6992900785028514	0.6995474067463274	0.7004974356480932	0.6920260670503203	0.6998022780126644	0.6994514763399774	0.6996202175861465	0.6999337460389429	0.6998265705529861	0.7006638982283411	0.6999405465376447
0.7819250624103101	0.35131082943002945	0.668482838479607	0.7443974698935522	0.6994803396068047	0.7002969192019445	0.6999056943183366	0.7000669615201601	0.6996844825509076	0.6995193750763726	0.6998851865953589	0.6982477605639027	0.7002969666380069	0.7000099972078515	0.7023123931139341	0.6995471852070939	0.7001748058217742	0.6995155563044534	0.6998063539162761	0.6992440294685899	0.6996158307603972	0.7013089254128977	0.6985825394174464	0.7009847431865017	0.6999437455170999
0.2970669608202071	0.602935076457051	0.6684903924877942	0.7422745897571039	0.6995046712492096	0.6999696541038525	0.6997152014582049	0.7001184686452961	0.6996861524492735	0.7002217913875128	0.7002512187100044	0.7003448189965746	0.7002790960977388	0.7001081811930662	0.700386490604556	0.6993646802254245	0.7004005072275901	0.6994787003288137	0.6998245791309187	0.6998536917627819	0.6996866250169249	0.7000923314526157	0.692275076011963	0.7007121203502708	0.700018337772555
1.2925809845553617E-16	7.757590622016915E-7	0.668653431450378	0.7447489534830153	0.7025337516248118	0.7004287056958515	0.7004327145821436	0.700305015473595	0.6996354569711182	0.707873496986352	0.6992184521435907	0.7002553124236279	0.7007420284866204	0.6997275438608107	0.7003013579248949	0.6923613701606302	0.7131367849364453	0.7008711181045049	0.6999239663745273	0.6999228789398413	0.6996268120608438	0.6807253055585788	0.7019161315601943	0.7006647054577168	0.7000068711693122
0.5577644515023474	0.062476341920996104	0.6686538222485577	0.7444086366389977	0.6996407304471696	0.6999019437215972	0.7030956646177376	0.7000722341811201	0.6998617991332015	0.7003457618041156	0.699287162922833	0.7000311649554524	0.7007340422693257	0.7001696526770126	0.700440313067151	0.699759368627395	0.7004218878927533	0.701322055986277	0.7008094725574056	0.6994268360254455	0.6995590585071371	0.7001837066133418	0.6995522652917319	0.7007203918706143	0.6999996594306647
0.1789002329748163	0.16551375343099267	0.6684953225970816	0.7444062038308572	0.699480998713322	0.7000137091656331	0.7030321455809464	0.7000723318042679	0.6996591629854867	0.6995689811591558	0.6997582387473045	0.7003363620255376	0.7006780008388545	0.6999815036623102	0.7004614531110348	0.6995382136546412	0.7001964555042939	0.7013780087990716	0.6996819887581267	0.6998746958760356	0.6993979664723811	0.6999499195609782	0.6998300573585226	0.7007234212924075	0.6997832487847709
0.5597546833271686	0.7909029326524111	0.6687160330450881	0.7443920194156594	0.6994891628984014	0.7000402362634435	0.7030799066172428	0.7000619914792401	0.699687021251003	0.700198348863385	0.6992745387776776	0.700031042827305	0.699328704951648	0.7001603153388695	0.700419750244753	0.6997817260873112	0.7004040819920745	0.7010286310585563	0.7007214945487173	0.6998493805489127	0.6997210077851778	0.6999479418516648	0.6986000825081017	0.7006331632227648	0.6999684348468614
0.6336787301241956	0.4863755407039535	0.6684745599784137	0.7443914624708906	0.7002433496632589	0.7000247181626729	0.700302035681442	0.7001263460785949	0.6996393924752341	0.7001982176206835	0.6999417085424885	0.6999805576464236	0.7002210519112361	0.7000916272576324	0.6995133486980539	0.699514192656715	0.7005260906007198	0.701233795899165	0.6998792029053864	0.699546964191062	0.699401687040123	0.6997885483325043	0.6985839356718205	0.7007106503054189	0.699985422049745
0.5277233918385613	0.9481286477279385	0.6687397143958435	0.7442787825749875	0.6994073448248382	0.6999536119908207	0.6998092876941566	0.7001100739999391	0.698240512519596	0.7008119417062927	0.6999091962522871	0.6935999658065743	0.7007865516895067	0.7000126683075654	0.6995702147655231	0.6995360227618982	0.7004066757038162	0.7008286049750325	0.700692947782073	0.6998498975233315	0.6997075684661257	0.7001180339926854	0.6985325336946226	0.7009902647582503	0.6998081667976387
0.1725062516995951	0.8284277333138554	0.6684672842286002	0.7442653868244706	0.699478358737516	0.7000216482348728	0.7000579110915506	0.7000662685471156	0.699688381556518	0.700167528095166	0.6992266147802876	0.7001391753984495	0.7002804690915437	0.7001538264248368	0.7004837449730753	0.6995362892598667	0.7004705267798423	0.7013210466156902	0.6997870697535938	0.6998258787813542	0.6994447206312	0.6994371385833905	0.6998701917632965	0.7006634502746013	0.7000059155932046
0.29670326032833155	0.9906318821446103	0.6684968883934224	0.7444085976947772	0.6995072883179867	0.6999731790497948	0.6999404002800256	0.7000856215431074	0.6996318659908651	0.699570227490029	0.7002512187100044	0.7003467614929222	0.6993167846192765	0.7001104585395553	0.7003865565115736	0.6995701471904302	0.7004005824689121	0.7007044051712262	0.6987758908303725	0.6998552156992859	0.6996762553963544	0.7000609840047477	0.6998702050645969	0.7007217502579423	0.7003553697854041
0.20939720029996284	0.07830361892221605	0.6684857406101529	0.7443947290647085	0.6994845901761627	0.7003149976042357	0.7000849533175938	0.7003198672137869	0.6998539737604856	0.7001460338098152	0.6999144528462337	0.6992050890051089	0.7002978075844372	0.6996721252596809	0.7004658495472648	0.6995308585309291	0.7004049895575426	0.7011450270288083	0.7005399880581018	0.6999193299897165	0.6995903663860137	0.6999962039286273	0.6986641600148195	0.7007294523938208	0.7000158559304377
0.33578109903697395	0.6914405935941195	0.6686911618109406	0.7445304926432892	0.6994779231110398	0.7000257267494701	0.699913701266072	0.7000737185361876	0.699861942890396	0.7002336258968621	0.6998984845508889	0.7000141074946529	0.7007348937890752	0.7001939571661023	0.7003998398138329	0.6992441729406103	0.7005067712233537	0.7012995907614538	0.6997998493316212	0.6998622287535465	0.6995505437009975	0.6999460978626155	0.6995432847657814	0.7007213568176812	0.7000820734763654
0.45603225371111167	0.03466002038469354	0.6687458326484992	0.7443900834978352	0.699689150339505	0.7000305026204607	0.7000609193357661	0.7001169511031419	0.6996825938482711	0.6993438385700637	0.6999682025292953	0.7003247384955341	0.7006306061133876	0.7000688774936339	0.7004321301084783	0.6995652789601643	0.7009985063123154	0.7012339761983242	0.6998362348433946	0.6998503821593042	0.6995854465921134	0.7013129683903068	0.6996855607033956	0.7007360577704665	0.6999435481076052
0.22610398313761743	0.2961984820130846	0.6684983985602313	0.7444552447903807	0.6994768624243168	0.7004534808655589	0.7004155924370982	0.7002300597839911	0.699682389465506	0.6994883092483882	0.6999507236380823	0.7028154888091854	0.7006511321613382	0.700174681236854	0.6994874484890595	0.6997681516645683	0.7009674257325484	0.6995737913742701	0.698788373198911	0.6998684135232085	0.6997217014821806	0.6995777468498664	0.6998461690282166	0.7009648422388003	0.6999782077487537
0.12392536755850075	0.03601793429673285	0.6684948595771227	0.7443914624708906	0.6996995385719509	0.7000298129981499	0.7030094691687506	0.7001166011792502	0.6996815117850799	0.6995144429355908	0.6992650587754989	0.7028221835263214	0.7002191877373204	0.7000256439035111	0.7004266688379691	0.6995657172864923	0.7010077596785792	0.7012312521639891	0.6997122986605768	0.6993924614017666	0.6993930990113032	0.6995459243262898	0.6985032764542282	0.7009631771726689	0.6987576740938378
0.21396669862750328	0.8162321792675347	0.6684844843247518	0.7444400374297745	0.6996384178392877	0.6999928328842494	0.700074603064021	0.7003176894747921	0.6996321411826976	0.6995577948838553	0.6998694468840416	0.7003046349570272	0.7002624637700523	0.7001655430386637	0.7004267565972945	0.6997915153639608	0.7004126415708112	0.7011997711123288	0.699884116402992	0.6998013160598432	0.701475018333753	0.6995785825524252	0.6985418356587133	0.7006668953312012	0.6999405540102793
0.6907816517831815	0.1461507329897283	0.6684903582009674	0.7444554953350419	0.6994737806914565	0.7004502061571735	0.7004155924370982	0.7001366226501684	0.69968285129691	0.6994883092483882	0.6999507202284295	0.7028154888091854	0.6998719848524309	0.7001748797259177	0.6995744202906179	0.6995614202955783	0.7001710054567993	0.7010371438899689	0.6998563535949547	0.6998757079101603	0.6997217014821806	0.6996271672045372	0.6998487945949863	0.7009648422388003	0.6999761462811911
0.3192363373722286	0.09445057229936615	0.6686765127706622	0.7443472793327363	0.6994212220139793	0.699998190753705	0.7002869526089169	0.7003044886488765	0.6996867123606946	0.6994674631956277	0.699941543975589	0.6950170599603244	0.7002252834254717	0.6999893559831589	0.699549601690448	0.6995513571781088	0.6995763906613378	0.7012361865919167	0.6998913408895362	0.6995456137065587	0.6994484767630349	0.7001553412383502	0.6999013341605763	0.7007220627247227	0.6999855872424962
0.1447696163334275	0.5925303902713295	0.6684944652018131	0.744455247741582	0.6996304076808876	0.6999985919315272	0.7005052172227	0.7003104186253978	0.6996653020473879	0.6995529435605403	0.6992042927722752	0.7000332028189143	0.7002662451072917	0.6996743189258086	0.6985179473689453	0.6995625696024632	0.7008140258158404	0.7011349745630914	0.6996698454043758	0.6992385589311082	0.6998610833275756	0.7012734925366991	0.6999489806526304	0.7006620574321359	0.6999814341476303
0.09457148682158562	0.48274756911745675	0.6685046708938871	0.744459074070098	0.699665096080687	0.7000250120230453	0.7003043012510933	0.700127038930073	0.6998578134859446	0.7001600392257884	0.699770699989386	0.6998976151072313	0.7002797324295034	0.6999874437542385	0.6993770743762551	0.6995191864695975	0.7004236258465169	0.7012379345125594	0.699664917180657	0.699535412219759	0.6993978237766404	0.6997999325266534	0.6984585894652798	0.7007707792056801	0.6996439062610572
0.49038402760374944	0.2627546945080926	0.6686667796335231	0.7422383030834041	0.6994206124475041	0.7000132192748015	0.6998395164443078	0.7003103890575837	0.6996345162707268	0.7001405009630455	0.6999492578425702	0.6995666998021599	0.7002933824150654	0.699762637569333	0.6996448302518335	0.6995501737557706	0.7004394689249054	0.701000896764305	0.6998928548260414	0.7024391782575148	0.6995948734731036	0.700136033871075	0.6997940135939966	0.7006163285610512	0.6999645354939178
0.09662790819063519	0.1469855592994834	0.6685046708938871	0.7442811653787049	0.6994103660854732	0.7000299253797033	0.7003043012510933	0.700127038930073	0.6997712663928246	0.7001600392257884	0.699770699989386	0.6998965660562194	0.7007743755511009	0.6999874437542385	0.6993588741062495	0.6995224186377618	0.7002258334734451	0.7007214939422136	0.7005220476461362	0.699535412219759	0.6993976202184139	0.6997999325266534	0.6984585894652798	0.7007707792056801	0.6996439062610572
0.3192363373722286	0.8224767668418427	0.6686692813590963	0.7444433128831994	0.699482294743814	0.699998190753705	0.7002847474521984	0.7003076731056768	0.6997256967048959	0.7001774395322252	0.6999492578425702	0.7001553650354273	0.7002771589446136	0.6999981339418104	0.6995151259398384	0.6995513571781088	0.7004395481713087	0.7012340775097458	0.6998913408895362	0.699858101565163	0.6995812736215856	0.7001392605077741	0.6985834102494546	0.700729709538188	0.7000065788424101
0.6842979306959096	0.8513967022373865	0.668485242818119	0.7445315001946741	0.6997017215795587	0.7003225643591492	0.6997641809727926	0.7001187624010361	0.6996863473629773	0.7002377871960253	0.6998730529611584	0.7000404570176304	0.7002797254032255	0.7000088823600151	0.7004740101985131	0.6997376045106279	0.7004140091402467	0.7010544800195647	0.7005235878213054	0.69979775541638	0.7014193825408933	0.6997991571709028	0.699921686351247	0.7006349907318837	0.7000188670001015
0.054814291672017845	0.6620833196396971	0.6687178605326084	0.7443904528316156	0.699723387896517	0.7000682812453392	0.6999007206201565	0.7000957881366007	0.6995068104389545	0.7003141820924003	0.6998913562505872	0.6999845162656777	0.7002949031057654	0.7001770778699037	0.7004452779496527	0.6995324002303749	0.7005152835170977	0.7013216607358819	0.6998220534595965	0.6994316242939262	0.6995531836037124	0.7001024475090183	0.6986763438436426	0.7007714061613469	0.7005768100129259
0.40131180629351765	0.9999848923291295	0.6687295425876885	0.7443951222439008	0.6995122841523467	0.6999927036516758	0.700501713859047	0.7001097699209103	0.6982642642634089	0.6994953430002645	0.7001685686988536	0.7003087452031052	0.7002640147155224	0.7005639114831436	0.6995577481778709	0.6998460150025042	0.6995758520697353	0.7013585448493411	0.704946831903366	0.6998608936942402	0.6995241461770587	0.7001145087864707	0.6984714773666052	0.7007366681493246	0.706065604479067
0.5859270804985818	0.6515902804627873	0.6686795273118086	0.7443967311684393	0.6994783562797597	0.6999144430588011	0.6998755131570913	0.7000849408472309	0.6997149556613945	0.6995268507470888	0.6997717666225072	0.6982565804840443	0.6998623761514096	0.7000154487318107	0.7004242476055534	0.6995483917262555	0.7005296043080222	0.7014077876349025	0.6997589435117739	0.6995412616702059	0.6996253091143388	0.6999337460389429	0.6986787056479735	0.7006638982283411	0.7000031692656827
0.07996768414635153	0.12032924405869655	0.6687594094334292	0.7444560572388313	0.6994205634225035	0.7000132794289121	0.7005407224536618	0.7001087401590936	0.6996834853280034	0.6995025377197536	0.6999561197881555	0.6999866930685001	0.6998188179008294	0.699992901129216	0.6996564232056501	0.699683904793993	0.6995248958088129	0.7015750260756053	0.6999300046527497	0.6995239205271752	0.6996795297319288	0.7001394012456078	0.6984998930819472	0.7009535254505336	0.6999816247710049
0.5875543836850802	0.08979789330105187	0.668492725945658	0.7442840389376761	0.6994206426425025	0.7000132853971419	0.69982185460694	0.7001085667783709	0.6996850937340563	0.6995154088484258	0.6999485355133347	0.699986404639282	0.6998537593532278	0.6999926269595043	0.6996529887728744	0.6996842676404321	0.699562514440435	0.7014652882170427	0.7005176566150788	0.6995240423617813	0.6994249770295878	0.7000920690404742	0.6985080478281255	0.7006153343023978	0.6999823674943527
0.3690436701249943	0.26947260582993193	0.6686676460347379	0.7445365816081487	0.6994798562039622	0.7000637358182339	0.7004796866034328	0.7001271544933615	0.6997235710333749	0.7002525197594417	0.699947966465031	0.6999804089500289	0.7002750073552084	0.7003468528462762	0.7004328016787134	0.6994918507294987	0.7005221431131926	0.7012314884245929	0.6998893927683746	0.6994677176200177	0.6995643366840886	0.6997856207648242	0.6985536362126619	0.70062919214666	0.7005718264442252
0.419760713741737	0.5051910721131905	0.6687427505585005	0.7443354444552616	0.6996975914159144	0.7003333949160981	0.699932022099572	0.7000857732584393	0.699761661752576	0.7001695317594661	0.6999660500966252	0.7000490461885155	0.7007402581481302	0.7000920747041653	0.7004301557967263	0.6995176646048488	0.7002415493028716	0.7007032830311718	0.69874755423305	0.6999221181368335	0.6994086965620364	0.6997908222826992	0.6985011445767192	0.7009740787249102	0.7003672297982826
0.5643822641886446	0.6479255811112247	0.6684964176782234	0.7444085885688837	0.6994905450073234	0.7000309170185972	0.7030572146164538	0.7001223899964462	0.6996260418645176	0.6995369646035308	0.6998902246859249	0.7000998548967364	0.6993427933508812	0.7001183161283421	0.7004031951292252	0.6995515388237631	0.7004041957112062	0.7010005142357972	0.6997652363251511	0.6998532690834119	0.6997200218114228	0.6999499195609782	0.6998300573585226	0.7007217502579423	0.6998140687323056
0.7002694731623067	0.8020851285741534	0.6686667796335231	0.7442832948950422	0.6994206124475041	0.7000132192748015	0.6998395164443078	0.7003103890575837	0.6996345162707268	0.7001405009630455	0.6999521768508323	0.6995666998021599	0.7003117706532933	0.6997623137086012	0.6996513258363125	0.6995501737557706	0.7004394689249054	0.701000896764305	0.6997882498045734	0.7024619111919607	0.6995948734731036	0.7001643017668829	0.6999398438679487	0.7006163285610512	0.6999627764574197
0.33578109903697395	0.8762348714318859	0.6684580245515884	0.7445304926432892	0.6996441971553746	0.7000619298770079	0.699913701266072	0.7001150347614721	0.699861942890396	0.7003355778226034	0.6999134625977687	0.6999845162656777	0.7007340422693257	0.7001770778699037	0.7004665536077288	0.6997618334717652	0.7005159786941276	0.7013216607358819	0.699667677417444	0.6998647025234117	0.699553779040668	0.6985808884906058	0.6978864457480013	0.7007213568176812	0.6942215463403271
0.15182386045599244	0.9733963962883735	0.6684964293097851	0.7442837641193221	0.6995107892396253	0.69999663459652	0.6999400864413374	0.7001210224378347	0.6997263143070672	0.6999369501564034	0.699925317393942	0.6999855555620242	0.700566284219325	0.7000440372661381	0.6996708043483661	0.69956502278343	0.7003487474952985	0.7015303908811726	0.6998889342638029	0.6995245188427057	0.6994256232517589	0.7001601041418143	0.6998156765276723	0.700638440969346	0.6997040729521906
0.03540565048124103	0.30617420046223215	0.6686923773118861	0.7444539148893131	0.6997003739251224	0.7000262598351521	0.7005053085448193	0.7000841894575598	0.6996915896438451	0.7002269755618838	0.699241412928087	0.6999796532819396	0.7006530870717291	0.7000042406423868	0.6995705827707351	0.6992414004274952	0.700507188434228	0.699130481240127	0.6988001085963587	0.6998520821358902	0.6994909478851393	0.700062826605931	0.6999727963276547	0.7007244517666749	0.6999483700994715
0.42370315445707096	0.4794653106412257	0.6684727996211494	0.7443961023317639	0.6994783498234194	0.7003243181185465	0.7000533379896478	0.7001137931366082	0.6998539609406245	0.7003289776586455	0.6999165753632673	0.6992030630630001	0.7003002474218208	0.7001778444575109	0.7004767091431576	0.6995277109944089	0.7004049897698102	0.7013296862449306	0.6998810445561774	0.6998197041122096	0.6995917070649924	0.6999948948626565	0.6978705579241684	0.7007267747892714	0.6999578620933807
0.016554804224013675	0.35131082943002945	0.668482838479607	0.7443942894481429	0.6994951166857677	0.7002969192019445	0.6999017687455252	0.700072460588061	0.6996844825509076	0.7002316539624515	0.6998851865953589	0.7000316167173251	0.7002969666380069	0.7001776429084705	0.7022702619128203	0.6992536719561003	0.7001748058217742	0.6995155563044534	0.6988178576409114	0.6992440294685899	0.6996158307603972	0.7012865436077054	0.6985825394174464	0.7009847431865017	0.6999434726038161
0.5147797654825366	0.6550995523112046	0.6684816603759511	0.7444028179829276	0.6997137956736216	0.7000265035680995	0.6999399551478412	0.7001214732841985	0.6998512455813637	0.7003378376493327	0.6998863944868828	0.7001069396379954	0.6998542744319264	0.6999983320485271	0.6995696752567186	0.6995494588750001	0.7005298443873734	0.7010104307331997	0.6998188832806301	0.6992377011177799	0.6994249770295878	0.7000913473181307	0.6986658687606623	0.700613880065614	0.700002930896724
0.1795606205236714	0.12000011988848963	0.6684953225970816	0.7444081958347037	0.6994796375449515	0.7004917226391734	0.7030321455809464	0.7000723318042679	0.6997240342247548	0.6995637450355574	0.6992789091471971	0.7003363620255376	0.7006780008388545	0.700035936782628	0.7004576211176747	0.6992520084983772	0.7019500890150714	0.7013780087990716	0.699790676455765	0.6998763203816538	0.6994502966830171	0.6999499195609782	0.6998300573585226	0.7007218761171471	0.6997832487847709
0.8662845202372305	0.4794653106412257	0.668462977250455	0.7443947179339229	0.6994783341146737	0.6999984438073796	0.7003077133675374	0.7003198728321705	0.6998551464325146	0.7001453994423464	0.6999165753632673	0.6992030630630001	0.7002989734237265	0.7001778444575109	0.7004767172192298	0.6997559459582868	0.7004049897698102	0.7009962121309357	0.6998810445561774	0.6999442935050872	0.6995916667887365	0.7001797157778847	0.6985899597749777	0.7007267764582222	0.7003505209653826
0.16503507628067754	0.9998703298989065	0.6684844843247518	0.7444400374297745	0.6996312441101702	0.6999928328842494	0.700074603064021	0.7000640156452027	0.6996473273241233	0.6995679804017504	0.6998694468840416	0.7003046349570272	0.7002678484550648	0.7001655430386637	0.7004267565972945	0.6997915153639608	0.7004135336705849	0.7011997711123288	0.7051921300710936	0.699801547564762	0.7014850411690546	0.6995785825524252	0.6985418356587133	0.7006668953312012	0.7060762842866357
0.07996768414635153	0.09472024914252741	0.6687594094334292	0.744455500287681	0.6994216977846679	0.7000230870069705	0.7005091812323738	0.7001092855966787	0.6996817877483171	0.6995026226634041	0.6999558891847444	0.7000836892167238	0.7006936004701982	0.7000174527777249	0.6995676394297684	0.6995583035627227	0.7008272077740754	0.6996542077377296	0.6999300046527497	0.6995132094722151	0.6997228132291251	0.6996318069463733	0.6999279979653179	0.7009645928524421	0.6999816418339937
0.7809333214865865	0.6144622715705358	0.668482838479607	0.7443327005506586	0.6997012400301009	0.6999034104092358	0.7004126789812446	0.700068028463221	0.6996847786197995	0.6995185470714381	0.6999488556673282	0.7000331549341696	0.7002936180156388	0.6996757268332006	0.6995743600018326	0.6995761661655958	0.7004203935309196	0.6995707575127565	0.69981577679727	0.6992440294685899	0.6994354819731329	0.7001491744273288	0.6985825394174464	0.7009847431865017	0.6998050678228612
0.4017648972417881	0.07660816569152767	0.6687605076287679	0.7444176084909653	0.6995121493287945	0.6999100254499182	0.6999258132178965	0.7001156159013363	0.6996398700032901	0.6995576996260345	0.6999942040280379	0.7006610678040937	0.7002820851887036	0.7000232890261078	0.7004121227472122	0.6997635461705595	0.6995168884450165	0.7013585821754977	0.700776080322569	0.6998599709907976	0.6995541942559449	0.6997473142975832	0.6999420164963359	0.7008282806411862	0.7059476579632984
0.07851386823290624	0.26259419161796205	0.668482838479607	0.7443340092105131	0.6997081357940965	0.7003007695278218	0.7004168310217217	0.7001281548352186	0.699682835520306	0.6995185470714381	0.6999488270368	0.7000450325957622	0.7002958081807935	0.6996740594614179	0.6996837352969636	0.6993793270776079	0.7004186603850926	0.7011558635651595	0.69981577679727	0.6998050671073288	0.6995331345312882	0.7001422924223122	0.6985178576335047	0.7006280028683163	0.7000139939748764
0.59379108924083	0.5051910721131905	0.6687427505585005	0.7443346776514799	0.6994666246635586	0.7003333949160981	0.6998753888407842	0.7000857204178826	0.699761661752576	0.7001695317594661	0.6997541674611085	0.698218672067566	0.7007385158720267	0.7000920747041653	0.7004300858962146	0.6995171873227023	0.7002538826652203	0.7014455523499779	0.6997722718220534	0.6999395576272287	0.6994086965620364	0.6997908222826992	0.6985011445767192	0.7009723434737707	0.7003672297982826
0.06434908577289361	0.2631662027789691	0.6685174279083809	0.7444552447903807	0.6994768624243168	0.7004447425671126	0.7004155924370982	0.7002273636312281	0.699629413277601	0.7007556868348213	0.6999507236380823	0.7028154888091854	0.7006511321613382	0.700174681236854	0.6994806277543923	0.6997681516645683	0.7009674257325484	0.699592230165704	0.7005551925120732	0.6998502595928257	0.6997076761442912	0.6995771202584271	0.6998476395722699	0.7009648868071879	0.6999782077487537
3.7246553070468603E-7	0.9999932087359129	0.66865248505979	0.8318240217638947	0.6996436459397749	0.7004248586074284	0.7004136343775632	0.7002905831618786	0.7006740653125733	0.7008219476969185	0.6998689802794005	0.7027456244820404	0.7009842450132243	0.7001770237151472	0.7012409532577114	0.6993584231503196	0.7009678770261135	0.6994440459399744	0.6999070092950137	0.6998538084260589	0.7032908200273138	0.7000908286038628	0.6985485943566985	0.7010892374509152	0.6987472228959176
0.31243962031467787	0.274356213199106	0.6686692813590963	0.7444435853339675	0.6997012333024731	0.6999992582552181	0.7003030127189479	0.7003263641998735	0.6996319433740102	0.7002332113656574	0.6999492578425702	0.700032195400244	0.7001631989887094	0.6999983940646021	0.6994868320902978	0.6995725814782453	0.7004095893557409	0.6995135998938569	0.699977958983601	0.699858101565163	0.6994228786762785	0.6997909547385267	0.6985834102494546	0.7006308846221361	0.699944023841036
0.00570882194988151	0.8255741452354234	0.6684990744720058	0.7444412171472343	0.6994800906399857	0.6999023179363111	0.7001024411833768	0.7000889403841584	0.6996854777057855	0.7001896058289019	0.7002615074549512	0.7000171798502469	0.7010318376120743	0.700002548639875	0.7004740752668879	0.6994732198582432	0.7004624937703794	0.6995028514585944	0.6998558978511966	0.699232869926895	0.699628106878776	0.700148152694554	0.7000090486032028	0.7007346520874884	0.6998747044387338
0.853427184713961	0.8631603085220483	0.6684943283308846	0.7445290875608792	0.6996393605192679	0.6999982508908297	0.700305184108165	0.7001153123699099	0.6996809257716367	0.7001407928238036	0.6999166020443673	0.6999830650235906	0.7003001349494445	0.7001770778699037	0.7004761200787767	0.6997359164115291	0.7004353323463453	0.7010043495211874	0.699885717775111	0.6999444500930927	0.6995950224845234	0.6999413832173472	0.6978864457480013	0.7006145000217301	0.7003605172869883
0.3017501067029482	2.0430071548510227E-12	0.6687627348323074	0.7972580169054806	0.699477705453902	0.7001885176014717	0.6424953173301499	0.7002541044079708	0.6997158454415174	0.7001715006720217	0.6999896647761918	0.6991611723444564	0.700739553011556	0.7000086645052087	0.6992772703388757	0.6995544302448954	0.7005251130096006	0.701356088516916	0.6984382742925891	0.6998596262790161	0.6994135816532526	0.699989763953955	0.69989343678071	0.7007383081433111	0.7000019292482889
0.11567433679566702	0.4673813460090947	0.6687638261261363	0.7443534968723045	0.6994837134198737	0.7000136586425973	0.6998238236059023	0.7000932943280054	0.6997210989132809	0.7001087567927772	0.6999948392266057	0.7001866943686813	0.7002282622926653	0.7000883087075389	0.700429284858523	0.6997591997130783	0.7004726373948472	0.7010010914768634	0.6998165272728614	0.6994722827031248	0.6996218138700011	0.699940538402085	0.6998258744440401	0.7006638982283411	0.7000072929278832
0.545619910699444	0.668829926238584	0.6684994888069044	0.7444084904699106	0.6994905450073234	0.7000309170185972	0.6998809034113324	0.7001391367917867	0.6996260418645176	0.699534669689917	0.6999930363832101	0.7000998548967364	0.700638107914312	0.7001183161283421	0.7004031951292252	0.6982736086344751	0.6996105537231714	0.7010005142357972	0.699775870551262	0.6998532690834119	0.6997218758449509	0.6999499195609782	0.6998300573585226	0.7007217502579423	0.6998140687323056
0.7809336668384897	0.5913726256794274	0.668482838479607	0.7443346466337122	0.6997012400301009	0.6999034104092358	0.7004126789812446	0.7000663083357129	0.6996847786197995	0.6995194232923877	0.6999488556673282	0.7000331549341696	0.7002936180156388	0.6996757268332006	0.6995743600018326	0.6997905467256652	0.7004209327573864	0.7011835420300485	0.6998830686542504	0.6992440294685899	0.6994150888920294	0.7001366691143875	0.6985428757781537	0.7009847431865017	0.6998050678228612
0.3559575707388049	0.48294140826817356	0.6684788023592166	0.7443974698935522	0.6994769344204147	0.7002969192019445	0.6999056943183366	0.7000669615201601	0.6996843550135646	0.6995193750763726	0.6999407572183179	0.6982366988861621	0.7002969666380069	0.700009648016881	0.6995338151453382	0.6995471852070939	0.7001745822006161	0.6995155563044534	0.6998063539162761	0.6995446238963151	0.6996158307603972	0.7013089254128977	0.6985664007255551	0.7009891769354432	0.6999437455170999
0.024515296044636148	0.6850132781685445	0.6686923773118861	0.7444530542835748	0.6994810244398203	0.7000262598351521	0.7005059528418044	0.7003274710359161	0.6996915896438451	0.7002124866182822	0.6992269924898054	0.7000133623612709	0.7006530870717291	0.700176330637893	0.6995540838857336	0.6992548387218508	0.700507188434228	0.7009736401362363	0.6988001085963587	0.6995793026574634	0.6994416975083051	0.7000043289285989	0.6995854655909877	0.7007327401332889	0.6999381469232772
0.11567433679566702	0.46658359754542345	0.6687638261261363	0.7443534968723045	0.6994837134198737	0.7000136586425973	0.70035161215082	0.7000932943280054	0.6997206960416206	0.7001249242626681	0.6991983515131288	0.7000327856846501	0.700228365999306	0.7000883087075389	0.700429284858523	0.6997591997130783	0.7004726373948472	0.7007122029476366	0.6998165272728614	0.6994641603201974	0.6996218138700011	0.699995484965691	0.6998258744440401	0.7006642179976279	0.7000086750101879
0.05092618363171008	0.9989881211135972	0.6684986505113635	0.7458983027040937	0.7024817714446503	0.6999808479119425	0.7032570120449777	0.7000743246844577	0.699632574216258	0.6995125869447808	0.6999111845974068	0.6999777910909116	0.6993102546656941	0.7001190697796374	0.7004030634387578	0.6992514566365587	0.7002174534036031	0.7006998503176572	0.6988036834218698	0.6998531937612316	0.6994182447968745	0.6999443168968831	0.699687122686383	0.7007275507467219	0.6998183991831054
0.0458543490286121	0.7861471492888923	0.6687194683636218	0.7443920605304472	0.6997035801342762	0.7000399933447066	0.7000822868650299	0.7000619762390579	0.6996882741628707	0.6995902961590604	0.6999169596846084	0.7001392772454902	0.7001841203665643	0.7001567722675155	0.7005247762170251	0.6997792077424484	0.7004187492305106	0.7009713140078148	0.6998862614667172	0.6998493687663914	0.6996286060319669	0.6996892530550047	0.6999632246172527	0.7004964523534061	0.699976694951792
0.07686499142200534	0.5818354065168323	0.6687187737042876	0.7443919179875036	0.6994698503029282	0.7003243181185465	0.7000839386320815	0.700072815712941	0.6997295036258452	0.7003289776586455	0.699916167623863	0.6992059992405774	0.700181155129192	0.7004705400089054	0.69958010939203	0.6995354997134252	0.7004049897698102	0.7009753380440729	0.6998810445561774	0.6998197041122096	0.6995925179934621	0.699994581225488	0.6999307127690589	0.7007267764582222	0.6999579529759216
0.6387608664875821	0.27449226165731383	0.6684626452321077	0.744446506251674	0.6994836694942979	0.7000324744328966	0.7003202756056902	0.7001244847372653	0.6997203609299323	0.6995047319874871	0.6993212590933278	0.6999961173342832	0.7008369238795417	0.6996788419197566	0.6995153095088443	0.6996815721974833	0.7004687032447481	0.7013685740705046	0.6999332167532758	0.6998563099933575	0.699568600010984	0.6999929906990111	0.6998026711156027	0.7006424412266674	0.6999760913874903
0.2516346408858114	0.9989881211135972	0.6684961789716114	0.745894867515697	0.7024817714446503	0.6999808479119425	0.7032570120449777	0.7000743246844577	0.6998450197225777	0.6995897944278859	0.6999114504921603	0.6999777910909116	0.6993102546656941	0.7001190697796374	0.6998581559031286	0.6992514566365587	0.7002174534036031	0.7006998503176572	0.6988182946309537	0.6998633086186311	0.6994140473017981	0.6999509173572265	0.699687122686383	0.7009814909435168	0.6998183991831054
0.24889292015438255	0.29069472919622036	0.6686354027566357	0.7445377690485142	0.6994196319995035	0.700301718296959	0.6998193801003635	0.7001269644711131	0.6998515862218327	0.700337181745385	0.6999479383866148	0.6999842781481707	0.6998857289059742	0.6999983320485271	0.6994979905598666	0.6995596409930678	0.700511296813731	0.6996768798712203	0.699889310451332	0.6992370648502941	0.6997629487586352	0.7000910863361164	0.6998443650273991	0.7009724461714457	0.700029869690617
0.022285164947527497	0.6827734609576712	0.6686923773118861	0.7444530542835748	0.6994810244398203	0.700311429373862	0.7005201532246654	0.7003274710359161	0.6996915896438451	0.7002124866182822	0.6992269924898054	0.7000133623612709	0.7006530870717291	0.700176330637893	0.6995540838857336	0.6992512009747731	0.7004052396266527	0.700974980166296	0.6999788372220364	0.6995793026574634	0.6994416975083051	0.7000043289285989	0.6995525697005408	0.7007327401332889	0.6999381469232772
0.419760713741737	0.6508426659972174	0.6687427505585005	0.7443354444552616	0.6996975914159144	0.7003333949160981	0.6999314038380967	0.7000857732584393	0.699761661752576	0.7001751482725588	0.6999660500966252	0.7000490461885155	0.7007402581481302	0.7000089153848116	0.7004757996955591	0.6993609016981851	0.7002410053903038	0.7007032830311718	0.6987772569612581	0.6999257775126654	0.6994086965620364	0.7000576256384257	0.698535804011858	0.7007386781211434	0.7003672297982826
0.33614054170146035	0.26960954922591446	0.6686776453623529	0.744538780889595	0.6996996076932862	0.7000637358182339	0.7004990743078395	0.7003208213607639	0.6997230654881196	0.7003266385315848	0.699948060353739	0.7000295640637614	0.7002695515666529	0.6996876271731113	0.6995661522253631	0.6997623003708436	0.7004288164522465	0.7012730945310016	0.6998893927683746	0.6998260733334409	0.6995610416426452	0.6985867703364058	0.6985426079913583	0.7009865342392494	0.699948723260468
0.014455430873372435	0.9930318223851999	0.6684856885407144	0.7443933951800727	0.6994706971081679	0.7003149976042357	0.7003470356436333	0.7003068225863395	0.6996901535420148	0.6995777201774188	0.6990989163761293	0.700033362713563	0.7002686406423552	0.7000872824887027	0.7004656274580111	0.6992511322481345	0.7004046724018382	0.7007078178224001	0.7005417585724095	0.6999198638841907	0.6994192435173122	0.6999962039286273	0.6996671538758802	0.7007275456203487	0.6998071640767689
0.010241615120651242	0.9999417951510039	0.6684986505113635	0.7458983027040937	0.7024817714446503	0.6999808479119425	0.7032570120449777	0.7000741347523636	0.699632574216258	0.6995637450355574	0.7002555345938546	0.7000162272705742	0.6993102546656941	0.7001190697796374	0.7004030634387578	0.6992514566365587	0.7002199737194617	0.7006998503176572	0.6998559642624834	0.6998532251475766	0.6994182447968745	0.6997633205140067	0.6996733529635001	0.7007275507467219	0.6998140667725553
0.3496081138422772	0.48294140826817356	0.6687155611243201	0.7443974698935522	0.6994769344204147	0.7000206806197526	0.6999058863514135	0.7000616001644717	0.6996843550135646	0.6995193750763726	0.6999407572183179	0.7001434893855808	0.7002969666380069	0.7001599338199429	0.7005170382462823	0.6995548277725071	0.7001745822006161	0.6995155563044534	0.6998063539162761	0.6995353781012308	0.6996285620065402	0.699704247733418	0.6985664007255551	0.7009751639659807	0.6999437455170999
0.3505863567595988	0.26947260582993193	0.6686676460347379	0.744538780889595	0.6996996076932862	0.7000637358182339	0.7004926635715182	0.7003199109653068	0.6997235710333749	0.6993959295605437	0.699947966465031	0.7000294807899093	0.700274768509143	0.6996876271731113	0.6995661522253631	0.6998209965284555	0.7004289404882063	0.6990491759510796	0.6998893927683746	0.6998262360557078	0.6995611041961322	0.6997910225325227	0.6985532384765769	0.7009865342392494	0.699948723260468
0.24889292015438255	0.2903598639123071	0.6686354027566357	0.7445377848172761	0.6994179392898333	0.700301718296959	0.6998193801003635	0.7001177651583287	0.6998515862218327	0.700337181745385	0.699948926886245	0.6999842781481707	0.6998857289059742	0.6999983320485271	0.6994979905598666	0.6995577384044126	0.7001660087670514	0.6996768798712203	0.6998188832806301	0.6992377011177799	0.6997629487586352	0.7000920690404742	0.6998443650273991	0.7009811405482571	0.700002930896724
