0.9999999999999993	0.9999999567229618	0.7006102037884134	0.6996430718113811	0.6993220079300537	0.7002094981987604	0.6997137208733277	0.7003779393172912	0.699870142745346	0.7000591651214872	0.6998641459538851	0.7007468618521469	0.7001994195217243	0.6994360990784587	0.6991359433210121	0.6993907972585282	0.6993615641935962	0.6999875329193664	0.7006098532395273	0.6999093143074703	0.7007058486267936	0.7010936538961341	0.7006439796959427	0.700604763835506	0.6992822373121518
0.9999999999999996	6.4408833109859814E-12	0.7002044674067832	0.6997309816611823	0.6998571037851221	0.7002111777716716	0.6997136146700563	0.700077300990329	0.6997019129651342	0.7000869960544269	0.699463451044768	0.7007737454794303	0.700297260537209	0.699426689157384	0.6990212828780312	0.6811738882532404	0.6994770265994813	0.6734591063595505	0.7007353098526656	0.6999838333478345	0.702340171510688	0.7008644901486284	0.7006999630918281	0.7006808343724937	0.6992910249355054
0.0	1.8510786076483102E-10	0.7002141474138283	0.6996093927418131	0.6997830176877994	0.700226163937499	0.699707647853297	0.700294799730278	0.6997167773078556	0.6982254415807553	0.6994048699739008	0.7005669201667144	0.7003177387040033	0.6993569167614592	0.6990687317711697	0.6993913171912163	0.6994728315799067	0.7006854934988234	0.7000157081804153	0.6998937047886058	0.6991755906591725	0.7012313262499676	0.6997469383968109	0.6993604261025529	0.6994591157665756
0.0	0.9999999274325686	0.700200423123386	0.6999751291233707	0.699340307677151	0.7002058298964062	0.6997177986609134	0.7001300647852248	0.6997119166372402	0.7001223606547557	0.699892277701405	0.700462191689582	0.7002947474411851	0.699494176370151	0.6987033171427077	0.6995892435045659	0.6994921282585136	0.7003161474656189	0.7000352350420919	0.6999778149176281	0.7002795299926066	0.701030198400617	0.7009588420619236	0.7003114682764866	0.6992728768913359
0.9999999999999996	0.03404093562882038	0.7002001718488072	0.6997309816611823	0.6998147322052174	0.700211327876085	0.6997038072568006	0.7000721606925051	0.6997019010469866	0.7000115560173674	0.6994634707644308	0.7005020940413278	0.7002996960538305	0.6994320710142632	0.6991232413754335	0.6798521633566711	0.6994744065526983	0.7008119529468053	0.7005862409777148	0.6999838333478345	0.7023227119986154	0.7010425670507678	0.7000015006444874	0.7006807178146529	0.6993856092524036
0.9999999999999996	0.00741773445928029	0.7002044674067832	0.6997309816611823	0.6998147322052174	0.700211327876085	0.6997038072568006	0.7000725026191114	0.6997019129651342	0.7000115560173674	0.6994635847129728	0.7005021618308056	0.700297260537209	0.6994320710142632	0.6991232413754335	0.6801309953500083	0.6994744469684679	0.6745802850841452	0.7007353098526656	0.6999838333478345	0.702340171510688	0.7010425670507678	0.700703289416571	0.7006807178146529	0.6992990184634326
0.7171410523586981	0.5657264942197642	0.7001784996772535	0.699650845509462	0.6999078947626297	0.7002161103883153	0.6994659836924918	0.700309677384174	0.699710815735575	0.7000016704050778	0.6994811713585452	0.7005047942465686	0.7006495060033643	0.6994235932690149	0.6990233339494343	0.6996008510982294	0.6994930142969872	0.7006124143267048	0.7010314944230603	0.7001395127773512	0.690367577204262	0.7011997399807723	0.6997534172713185	0.7003166057569168	0.700016876630303
0.8545372159012676	0.5881956349447444	0.6999570622608777	0.6999929491873516	0.6993832006194767	0.7000727948071164	0.6997092757503579	0.7002448553248865	0.6997210905652294	0.7000754763434099	0.6994684057396975	0.7004563060636647	0.7002070832817318	0.6994557963785276	0.6991847780452275	0.6992346174288141	0.699478012879557	0.7000418574306663	0.7006552482237791	0.6999551599442866	0.6986740818800365	0.7001330351330924	0.7010742469359429	0.7011863161303811	0.6989022370242356
0.07024757245766838	0.7473547324535929	0.7001801403205672	0.6996404427842332	0.6993235622667437	0.7002174742459581	0.6996915133911119	0.7002500751605756	0.6996066423106563	0.7000895788521729	0.6998490386294886	0.7008296782748671	0.7002814161069104	0.6993538742632399	0.6991046026699699	0.6993517438718656	0.6994863594853772	0.70069432222793	0.7000955439387017	0.6998701272634119	0.6991927864657671	0.7012470185554909	0.6995335296145093	0.7008629282133544	0.6994148260087257
0.0896147091612764	0.9202926407093498	0.6999362704263943	0.699992027169122	0.6998541054063213	0.7000733294299979	0.699486816590072	0.7001293757848552	0.6997040506937879	0.7000865539158299	0.69947690483233	0.7004698216587376	0.7003010498592365	0.699390186893406	0.6990658644219632	0.6994001937699642	0.699475141909653	0.7005444684579254	0.7003589752777262	0.699958203047177	0.6986811813337926	0.7012007390104817	0.7010610343083654	0.7011807919140639	0.6993897775536964
0.01575571810573656	0.319252023782113	0.7001527005442316	0.6996401025116269	0.6998642223159204	0.700217067832446	0.6997095572569635	0.7001798721188691	0.6996943551141666	0.7000748987279705	0.6996013627955243	0.7009588709705601	0.6998999210471593	0.7046276170665048	0.6990609926414377	0.699232018368702	0.6996023402870213	0.7000644929863468	0.7003580294490972	0.7021894185121489	0.6986723113817008	0.7012046180180322	0.6995476831094762	0.6993634893704184	0.6993132815229308
0.5302413519054969	0.8407432296350275	0.7002169380244665	0.6999969500287772	0.6993096225776398	0.7002074215357444	0.6997079131164541	0.7002469785052096	0.6997199022288102	0.6999852870275045	0.6997812083375924	0.700426483633688	0.7002444764523309	0.69943330678681	0.6991331224081466	0.6993607626567991	0.699641892477765	0.7001169878097286	0.7007149141341654	0.7000265137886186	0.7003391813688085	0.7010823768218324	0.6996882696895138	0.7012562393242515	0.7000299782985129
0.10950383412549985	0.3629647168342476	0.7002554272181529	0.6999529740640761	0.6999160185068867	0.7000784661231633	0.6998207082042922	0.7001228984811866	0.6996990012921775	0.700007886350887	0.699896043143677	0.7005065722315237	0.700291698564992	0.6994274378871519	0.6991222373141094	0.6987402904246404	0.699596011609497	0.7005266904831768	0.7006920900161779	0.6998957464441424	0.6987615990709669	0.70236799444375	0.7009195016342274	0.6982944153795375	0.6993763917124156
0.6531840872313404	0.8721154894331229	0.7003817201507289	0.6996304854676361	0.6994048127033407	0.7003371517373389	0.6997064758570231	0.7002885949497457	0.699719071995382	0.7000811465521178	0.6997103141493286	0.700768370069919	0.7002946768795825	0.6993580114148272	0.6990570717768975	0.6993900940593686	0.6995811693088956	0.7000877277904011	0.7006349321830353	0.6995537616839955	0.6986404060043888	0.7010275287316946	0.7006740162364059	0.7007467020936746	0.69997521526852
0.9050936000505592	0.5889364165341645	0.7002098256570092	0.699615970856558	0.6993877915405119	0.7003307539528378	0.6997092757503579	0.7002432444351427	0.6996956992968683	0.7000754918074078	0.6998717482061025	0.6990359171227296	0.7002040212895558	0.6994579306869553	0.6991833192979999	0.6995720171214066	0.7004253634717259	0.7005238858525038	0.7007319340226197	0.6999551599442866	0.6987963659216174	0.7010521200564265	0.7000783035211116	0.700476152790892	0.6989095641396796
0.13486725814828435	0.20454446671064497	0.7002546111209424	0.6996402703653609	0.6998539245599371	0.7002264187192516	0.6997147890748503	0.7003674866601274	0.6996971852130938	0.7000098842145305	0.6998675158411166	0.7003923106114022	0.7002911285153343	0.699428354515569	0.6991310156726105	0.6995741137269582	0.6994094644808848	0.7005370576828767	0.7000938088479041	0.6999045155668792	0.6987596531664374	0.7012126326934677	0.6997586330398567	0.7008132174795033	0.699290425667702
0.3413993849241921	0.7397617929619635	0.700218538307889	0.6996608430481525	0.6998443588385888	0.7002342202253847	0.6997177079794147	0.7003880748350492	0.6996893711909863	0.7000564913753735	0.6998679064904232	0.7007293998542389	0.7002991577146628	0.6994286712086155	0.6991512564759482	0.6992464461945662	0.6991949400104017	0.7005041147295173	0.7000512255666372	0.69987655102673	0.7006285168315132	0.701192788672619	0.7010910771982843	0.7007489569732887	0.699418233002767
0.05701989635735876	0.2698635314170827	0.7002008603275149	0.6996158996728996	0.6993877667079392	0.7003378015948962	0.6994927038684395	0.7001419237781855	0.6996951453770874	0.7000722418063395	0.6998697438784309	0.7007216506132778	0.7000635695662843	0.6993678526806734	0.6991002109791823	0.6995758712968091	0.7003974139452253	0.7005220261954638	0.7006414695646456	0.6998567527405702	0.6992156728382104	0.7010423315058713	0.7001049960819761	0.6993488420733935	0.7000074812129442
0.276900677775472	0.9599306775665717	0.700197978964742	0.6999880670854146	0.699873288523587	0.7003282677469661	0.6997262232085678	0.7001285450809261	0.6997117865464004	0.7000712251516994	0.6998516197219241	0.7004572901408548	0.7002959883048314	0.6994312052684906	0.6987037085765618	0.6995891781401284	0.6994872740751281	0.7000194828164299	0.7004168506664938	0.6999002522465789	0.699190718937622	0.7011920454279875	0.7009588420619236	0.6993742767954149	0.6999494405052334
0.2557541561582806	0.7881454414395077	0.7001804318836585	0.6996549287677242	0.6998808316558474	0.7002132311837718	0.6996886885911396	0.7003759221937393	0.699720718166161	0.7000879487749606	0.6998512473839653	0.7009640942205807	0.7000654807353068	0.6995052747648739	0.6990108005203726	0.6993571441157339	0.6994336750484343	0.7006867990621622	0.7006959901694386	0.7001515017545077	0.7003922488625047	0.701193302509406	0.6996794475337939	0.7007208707394429	0.6991359334539785
0.6378298281332151	0.012042327312608903	0.700187552782193	0.6999887282528509	0.6998101019161949	0.7000735574527893	0.6996852087839162	0.7002705557765424	0.6997296586287034	0.7000698938342896	0.6997337392783992	0.7007053413690247	0.7000530708638056	0.6993368399688836	0.6990625335804269	0.699712744310743	0.7004006068534456	0.6997899540248865	0.7000915814019827	0.6988242276282093	0.700679702526228	0.7010160886351634	0.7009744893682142	0.7001716833542353	0.6993015209928183
0.36428314637622716	0.2749480080219268	0.7006102037884134	0.6996441080007448	0.6993220079300537	0.7002094981987604	0.6997137208733277	0.7003779393172912	0.6998938879649309	0.7000606143309978	0.6998641459538851	0.7004688242285185	0.7003099320180607	0.6994358125885317	0.6991354909176372	0.6993907972585282	0.6995372830714037	0.7000737706749866	0.7006098532395273	0.6999087571284499	0.7007058486267936	0.7010936538961341	0.7010500040784898	0.700604763835506	0.6992839115287953
0.4576120570871476	0.5780554105519806	0.6999705610701954	0.6996490702065793	0.6992612728259108	0.7000712801979327	0.6997445653442024	0.7003816513789448	0.6998836386128909	0.7000808612032406	0.6994780087769388	0.7004648494318138	0.7003250783897238	0.6993545730557272	0.6986551774377042	0.6997026616266375	0.6995093694065017	0.7005113613602758	0.700678486381335	0.7000131743113774	0.6986900147655055	0.701019625025559	0.7010173744202363	0.6980897372386499	0.6993449715896969
0.3135058659709667	0.3311210188949759	0.7001873100095738	0.6995925079544739	0.6998641838563695	0.700311647492923	0.6997100623245588	0.7003880748350492	0.699693652399105	0.7000244253076503	0.6998683146781591	0.6991758143631412	0.7003016050015558	0.7048400631495465	0.6991512959331126	0.6993722445073246	0.6991949400104017	0.7005008182535776	0.7007156524168596	0.6999269586470266	0.6989634916403938	0.7011923343233265	0.6995588659242763	0.7003024106001904	0.699418233002767
0.4425218573230282	0.32213717157019056	0.7001683902900852	0.6999707949541661	0.6998640739449317	0.7000446850468198	0.6997095554441279	0.7001494339899195	0.699694180279681	0.7000286290612692	0.6997475130724888	0.7006362752838082	0.7002996037389285	0.7049815714281837	0.699172371844776	0.6993451365856749	0.6994251061177997	0.7001949318126404	0.7007157162915144	0.6999238536587236	0.6989604509694992	0.7012336748634668	0.6995114310218252	0.6993819712436684	0.6991311361349991
0.4962234369860352	0.8026081681372892	0.7001723843593971	0.6996506673878011	0.6998572990327065	0.7000481983038205	0.699482480618016	0.7002461235122632	0.6997205471007168	0.7000588726401653	0.6994769523764683	0.700491458083348	0.7002028301499155	0.6994272714760034	0.699125835826723	0.6992281826840753	0.6994697907983394	0.6999820020483007	0.7005925035377037	0.6999777223729369	0.6989496341278417	0.7011997404806913	0.7000166177329067	0.6983728433339119	0.6993800345436494
0.709215841402366	0.0116010216627222	0.7001875237388553	0.699615147490745	0.6998782076831549	0.7003422060509359	0.6997099355114957	0.7002701529097781	0.6997111140052669	0.7000005436920733	0.6994442780761884	0.6996775486277476	0.7002097941596582	0.6995159726945601	0.6990313160969128	0.6995936260014215	0.6995040647311541	0.7001607870725333	0.7006066505296387	0.6999685225735048	0.6987592666825791	0.7011941702525268	0.7009728499464392	0.7001713628971125	0.6998895703818456
0.23172214685104775	0.5303374692527287	0.7001716225354944	0.699648379086437	0.6992361627780713	0.7002342218587707	0.6997127060177757	0.7003915520848182	0.6997188994564494	0.7000584241429315	0.6997463741144562	0.7004646462665338	0.7002985299053094	0.6993773517072109	0.6991281770265152	0.6997036994863894	0.6994665192891187	0.7000557992070954	0.7001110450924594	0.7000117636192474	0.6989494954987654	0.7012424210872914	0.6995479475389595	0.7008193945380065	0.7002921013927065
0.08749982179015531	0.658456095532866	0.7003898732894425	0.6996396206570288	0.6998111031646397	0.7003339629147058	0.6997141879487703	0.7003959230753429	0.699887750871355	0.7000811874667896	0.7001527271835537	0.6992143350585648	0.7002575847197164	0.6993386610159846	0.699129112518891	0.6995838382136539	0.699502664800289	0.7005287169835798	0.7001045237716319	0.699960521782371	0.6987753026022385	0.7010819844845589	0.7010714457370468	0.7002586055404869	0.6999782484429363
0.05701989635735876	0.20561182809532222	0.7002494771357796	0.6996153058200958	0.6993877667079392	0.7003378015948962	0.6994927038684395	0.7001419237781855	0.6996951453770874	0.7000722418063395	0.6998680106516675	0.7007050251729492	0.7000635695662843	0.6993677396041235	0.6990997866311973	0.6995977608939812	0.7003974139452253	0.7005224879562973	0.7006343340702843	0.6998567527405702	0.6991685777412623	0.7010423315058713	0.7001049960819761	0.6993702573447558	0.7000072194845832
0.17262336208503615	0.3633351241314818	0.7001741966493402	0.6996509003521091	0.699915505775181	0.7003483315539586	0.6997100529808078	0.7001221886995413	0.699710829503608	0.700078348954529	0.6994787641791225	0.7005062337840647	0.7000606044095434	0.6995159726945601	0.6991405658872367	0.6992069980194541	0.6995898557128128	0.7001516442804768	0.7000980588462216	0.6999041714007662	0.6986846975077866	0.7012001450343932	0.700017767083847	0.6982795223356935	0.6993750061216971
0.5649647356801688	0.2713370039008077	0.7001997126773082	0.699987383878771	0.6993290690566765	0.7003018185511649	0.6997081454310512	0.7003863351773347	0.6997145994920734	0.7000870457234162	0.6994999103928721	0.6996716117138883	0.7001356013374713	0.6993291804625622	0.6991311350560399	0.699233836476889	0.6994872451329992	0.7005346100922513	0.7006278206924117	0.6999527298291226	0.6989567055689259	0.7010803699064293	0.7010724965566792	0.7008571477030078	0.6993931102771134
0.4038167788803928	0.7962755773548074	0.7002515363618295	0.6996161341159102	0.6999043808102238	0.7002088758517727	0.6994921597116205	0.7001421930179592	0.6996951453770874	0.7000717631536845	0.6998499892202872	0.7000546467747434	0.7000635728780196	0.699367827785698	0.6990980530857018	0.6995769219676065	0.703823729146004	0.7005245114962246	0.7006414695646456	0.699896748678683	0.6992156728382104	0.7010741014630577	0.700102657451788	0.6993701332061506	0.699957986656012
0.5857559287128793	0.7880704905091958	0.6999232876347505	0.6999814884279232	0.6998541491677248	0.7000694832854578	0.6996870803266604	0.7002278813226102	0.699692552106158	0.7000724790222559	0.6998934431787243	0.7004891775761053	0.7003895963746347	0.6993454190056981	0.699070069818621	0.6992468938783911	0.7004235426859835	0.7005295494100083	0.7001078869612111	0.699858101600158	0.6987569488922846	0.7012063147512796	0.6995044561413994	0.6993413896774812	0.6994113478520941
0.4770750467324377	0.08630631589037019	0.7002549759855871	0.6996582146250249	0.6998601724309597	0.7000756271716059	0.6997413960785193	0.7002695740319023	0.6997356749475976	0.7000082279564909	0.699883728018213	0.7009486070527752	0.7003151939775932	0.6994266868867698	0.699093439628986	0.699577411647587	0.6995337118278474	0.7005241835147995	0.7000968526356378	0.6999921090452099	0.6986743884551161	0.7008679410815956	0.6996728484656064	0.7007911932794867	0.6999835265978841
0.2974172047090484	0.29310485825044785	0.7002739561248331	0.6996401144904341	0.6998831667236252	0.7002169817268611	0.6997099351788162	0.7002719255273047	0.6996031413425654	0.7000695796078855	0.699599903472706	0.7003980791255441	0.6999175646308838	0.6993908247700832	0.6991983621049558	0.6995885339657912	0.6995040253785691	0.7000230248406722	0.7003757389184879	0.6999819253783549	0.6987457184928212	0.7012487261037512	0.7009727095022495	0.7003853952145428	0.6993595478990755
0.43356330895936424	0.1874858508797574	0.700214990410249	0.6999501325945774	0.6993446778226078	0.700337199721368	0.6997466830481432	0.7001474142915168	0.6997184753026764	0.7001763222351716	0.6998240994629873	0.700297976838531	0.7002958447244738	0.6993590244520052	0.699164340930786	0.6992429208900971	0.6994132256858411	0.7005310690716693	0.7006393003156144	0.6999791316970979	0.6989482382063373	0.7010624561539294	0.7006720895140895	0.7007894062555151	0.6999864393868913
0.6552325833949859	0.2608683379228446	0.7002740682240148	0.6996425853033837	0.6999067964045689	0.7002239342385017	0.6994673490818933	0.7004967405275282	0.6997297725764334	0.7000808498868482	0.699431218820522	0.7005255391748022	0.700642982764437	0.6994343498612948	0.6983628235035725	0.6997124156759151	0.7004020976437312	0.7001720983455726	0.7005993006621443	0.6988134257675387	0.6987494172100112	0.7010189656708797	0.701194815068936	0.7001666657448811	0.6993931102771134
0.6053824042054718	0.208041916383636	0.7002501616571423	0.699651379376673	0.6994165102020741	0.7003071744070879	0.699709191865476	0.7002384084722073	0.6997182603545191	0.7000377307396803	0.6998680109814525	0.7009674703080803	0.7002951998463448	0.7039348083194077	0.6990739361191679	0.6995734865597709	0.6997484819275758	0.7005020704640521	0.7000835992136701	0.6999506471864742	0.7005128834950737	0.7012694418136597	0.7005390556480113	0.7007347412448651	0.6999574512708159
0.039313430203061134	0.5090258843782157	0.7003782464050275	0.6996165156701967	0.6998563689871912	0.7002264573108715	0.6997026339860267	0.7002714294073159	0.6996988048592641	0.7000315773459689	0.6997186090552046	0.700497458295652	0.7002932634124697	0.6994284505450349	0.6991259710933908	0.6996225559961596	0.6991846184511089	0.700069541881411	0.7006939634689715	0.6999023061167171	0.6992255064707551	0.7012448291315255	0.6996813166503724	0.700668540781073	0.6994851187344764
0.5242549652703905	0.5944430239389686	0.7002103351552478	0.6996353837437868	0.6993948476247566	0.7002067401259463	0.6994593906492882	0.700242550224779	0.6996082185685711	0.699986096027517	0.6998519562941132	0.7004786036872543	0.7000635868234976	0.6993521625379944	0.6991333049627757	0.6993529258629694	0.6994758685876676	0.7000940902323196	0.7007031225382683	0.7000258699220343	0.7002952231083613	0.701083722136756	0.7000057030752345	0.7004740745499606	0.699961913459893
0.3547172386708456	0.9451137761741539	0.7002564457130356	0.6999424811515951	0.6999440973601011	0.700209976673086	0.6996865593893594	0.7001810603384899	0.6998515195607394	0.7000106543293	0.6997419161489039	0.7007448584344336	0.7006011683837865	0.6994314631894506	0.6991265431507466	0.6993945550021667	0.6994819042432708	0.7000565489651659	0.700047793646738	0.6998987627249994	0.6987429181831744	0.7011925622416364	0.6996693525979022	0.6996355719995835	0.6993753483089249
0.14178756069213344	0.5413855074549624	0.7001876604274824	0.6996643196827703	0.6997994300305995	0.7002267092313724	0.6997002181889789	0.7002801382475715	0.69970057857095	0.700081232938958	0.6998910477309248	0.7003912411173386	0.7000510355908598	0.6993584554955324	0.6990786010526964	0.6997137385536745	0.7004746124312207	0.7005417380789803	0.7006495863334813	0.6999800975020235	0.7006921635582539	0.7010337033418916	0.7008343445140869	0.7001720471029602	0.6993622061714767
0.1979623907604452	0.321560014322669	0.7002593397236164	0.6996540571094899	0.6998606747776138	0.7000771318168305	0.6994760434983551	0.7002380948984559	0.6997029991119358	0.7000800535923414	0.704059569831412	0.7009332220621572	0.7002640960844415	0.699333492943187	0.6990949908196288	0.6992427535408173	0.7035053534033099	0.7000560087980767	0.7000951659526061	0.6999688675922292	0.6986751748322902	0.7008703897481846	0.6995464518883058	0.7006772522901309	0.6993129550792336
0.49929403607684797	0.7845856319425358	0.7002001615340272	0.6996506673878011	0.6998572990327065	0.7000481190115547	0.6997003738605014	0.7002413861121389	0.6997146745491837	0.7000870518979083	0.6994769523764683	0.700491458083348	0.7001337133699055	0.6994272714760034	0.6991258391753159	0.6992282588613629	0.6994697907983394	0.7005451622382116	0.7005925035377037	0.6999521204408133	0.6989496341278417	0.7011997404806913	0.7000166177329067	0.6983728433339119	0.699393200341127
0.5961538607016899	0.07385398595692924	0.7001867999176925	0.6999559343327398	0.701227820488063	0.7002231281323236	0.6997211597562807	0.7003057336222647	0.6996938327962957	0.7000803229160101	0.6998050894369262	0.7004639396936805	0.7003070129115757	0.6994258599112565	0.6991720948777331	0.6992302788246578	0.7003576821270412	0.7006781831288357	0.7007109393957934	0.6998853191854901	0.6985427268615599	0.7012008531269649	0.6998391313071328	0.7006039271519096	0.6999575599261819
0.07646942799354456	0.03135406093333981	0.700271397884877	0.699611687026998	0.6993946322770938	0.7003481159367796	0.6997137160405164	0.7001437855312632	0.6997189813136581	0.7000803156530954	0.6998565700588365	0.7009836325370365	0.7000645592919623	0.6994361150496742	0.6991411298045853	0.6992465970461614	0.6995995661255763	0.7000324518779502	0.700081432169945	0.7019483785765372	0.6986566118527135	0.7010937494160565	0.7000021257390556	0.70038978154374	0.7001974330275734
0.5673624092800426	0.2860346606833712	0.7002678976665433	0.6999796686099995	0.699263641158416	0.7002338084014398	0.6997095926469985	0.700154576708441	0.6995999011946006	0.7000880931596299	0.6996039545201839	0.7006407690607097	0.7003687721460787	0.6993908879044874	0.6986856461049317	0.6992471945360358	0.6994926070959898	0.7003055776802656	0.7003734888975515	0.6999820883474102	0.7002577591089575	0.7011996908209601	0.7010299830495978	0.6994398745391263	0.6991358665284904
0.1934101573775109	0.02017787880241928	0.7002593397236164	0.6996514399314571	0.6998606747776138	0.7000771318168305	0.6994760434983551	0.7002473154175651	0.6997033516330049	0.7000795325632931	0.6998563729525543	0.7009332220621572	0.7002640960844415	0.699333492943187	0.6990949908196288	0.6992282702149775	0.7035053534033099	0.7000558321687848	0.7000968526356378	0.6999583938362366	0.6986751748322902	0.7008703897481846	0.7000449826947499	0.7006772522901309	0.6994135343124243
0.20316564163971498	0.9934030106261518	0.700200423123386	0.6996486221606703	0.6998972675176185	0.7002058298964062	0.6997148314348124	0.7001236460356821	0.6996192218379028	0.7000122163154887	0.6998910040558209	0.7007304772140647	0.7002947474411851	0.699497493959316	0.698719153868312	0.6995750836786735	0.6996005670828803	0.7003161474656189	0.700035099215271	0.6999913512901217	0.7002795299926066	0.7010834064715137	0.6999628466695089	0.7003122395621214	0.699272329512444
0.502368009843019	0.2631661277133066	0.7002686424024361	0.699642551620923	0.6999086018440124	0.7000520189906184	0.699482480618016	0.7002461235122632	0.6997195274786587	0.7000803718262993	0.6994769523764683	0.7005266519833816	0.7002028301499155	0.6994272714760034	0.6983260686707863	0.699233748368207	0.7083282288511551	0.699973796748378	0.70059262480876	0.6988545928529105	0.6987506395963673	0.7011997404806913	0.7000166177329067	0.6984155522819285	0.6993802448244066
0.0241003549028051	0.49716162882799264	0.7001682485677431	0.69961592107515	0.699878564972893	0.7002264573108715	0.6997083292844445	0.7003757330869821	0.6997181379545062	0.7000802972134227	0.6998458604168618	0.7007327596299734	0.7001104367454556	0.6995181879879079	0.6990497152625892	0.6996050786020379	0.6995037579955121	0.700690600543326	0.7007230460829518	0.7001554852820473	0.6992445758950478	0.7012173411971236	0.6996895930023245	0.7006395147907372	0.6999658599385953
0.18138147862334514	0.29310485825044785	0.7002739561248331	0.6996435875965112	0.6998831667236252	0.7002264418533504	0.6997099351788162	0.7002719255273047	0.6996031413425654	0.7000695796078855	0.699599903472706	0.7003980791255441	0.6999175646308838	0.6993908247700832	0.6991303320782396	0.6995885339657912	0.6995040253785691	0.7000230248406722	0.7003757389184879	0.6999819253783549	0.6987236272073712	0.7012416100237179	0.7009727095022495	0.7003619883824457	0.6993524645184244
0.4219762204520927	0.831457841946473	0.7001483635424278	0.6996060194216532	0.6998542259998578	0.7002266353791412	0.6997137912658008	0.7003776719590742	0.6997352516567413	0.7000891998044665	0.699883337358698	0.7009680602850561	0.7002999105604122	0.6994266938533743	0.6991316873446258	0.6995839396836104	0.6993425650803409	0.7005302953960061	0.7000969498434435	0.6999045069578418	0.6989203285940585	0.7008677340668548	0.6996733005698327	0.7008704359086642	0.7003351551353961
0.10950383412549985	0.09791457486273654	0.7002554272181529	0.6996134267930736	0.6999440766121261	0.7000784661231633	0.6998207082042922	0.7001830021537617	0.699698903180662	0.700075994413885	0.6998951454420729	0.7007448584344336	0.700291698564992	0.6994260143375735	0.6991222373141094	0.698754149252572	0.7003920156928951	0.7005396711450684	0.7006981179283821	0.6998957464441424	0.6987606969182286	0.7011425531990007	0.6998340018849867	0.7007605420697168	0.699073355783131
0.287712975613134	0.9779295941529086	0.7001694832755403	0.6996156637218097	0.6993391807220781	0.7003273045249934	0.6997188484586868	0.7001283955384863	0.6998816896648532	0.7000104801963895	0.6998565989047081	0.7004616659215578	0.7002937601788597	0.6995069709855398	0.6991064210974869	0.6996417847236284	0.7004060615877236	0.7007531822719949	0.7007036125801	0.6995802112519584	0.6989455943418778	0.7011960712808364	0.7001410184905701	0.7022419454631428	0.7000061488057969
0.030880003189094007	0.7828515802454414	0.7001751019399577	0.6996548386686476	0.6993515898764042	0.7002099751546607	0.6996884876432314	0.700373645122357	0.6997274300515393	0.7000306414956158	0.6998708366473745	0.7007330791804194	0.7000647543062544	0.6993618530663583	0.6991535634060624	0.6996095013279247	0.6994359282297078	0.7006919025081095	0.7006959901694386	0.7001506645997934	0.7003930472074636	0.701193302509406	0.6996654615827819	0.6994144467180197	0.6994242865935241
0.3321191496660834	0.058437040270534896	0.7002107573077314	0.6996210968807158	0.6993842032634394	0.6977370611357478	0.6997470741876121	0.7001098263620866	0.6997377545003391	0.700032337086789	0.6996174356454814	0.7007360422470251	0.7002937124536587	0.6994332709944467	0.6989601983842124	0.6996049750441389	0.6995069375472708	0.7000763338663424	0.7006957767440584	0.6998956507257678	0.6986625674678992	0.701244645303187	0.6996813166503724	0.7008011736766644	0.6999658599385953
0.5558339672315882	0.2714451538044844	0.7002739561248331	0.699628986367025	0.6998831667236252	0.7002264418533504	0.6997099351788162	0.7002719255273047	0.6997086901109775	0.7000858486699582	0.699500827463588	0.7003980791255441	0.6999175646308838	0.6993908247700832	0.6991303571469187	0.6995885339657912	0.6995042530049863	0.7005337220608736	0.7003414280558421	0.6999816599259638	0.6987197821127951	0.7012416100237179	0.7009731469506945	0.7008644677156667	0.6993524645184244
0.20463044084008847	0.09737920539512565	0.7001698081909485	0.6996582146250249	0.6998607745217715	0.7002176783744917	0.6997148938002857	0.7003846282750097	0.6997115578940057	0.7000314720856491	0.6996200409309289	0.7004672710305202	0.7003159662317073	0.6994119773840304	0.6991101795193334	0.6995759942946685	0.6995360407471488	0.7000616736924589	0.7000968526356378	0.6999922987876263	0.6986743884551161	0.7008679410815956	0.6996784815643126	0.7007188352559945	0.6999934275127019
0.28301299010304226	0.48437731357722874	0.7002169380244665	0.6999969500287772	0.6993389392865136	0.7000727948071164	0.6997079131164541	0.7002470101809738	0.6997199022288102	0.700075482925975	0.6997812083375924	0.7004255866582447	0.7002444764523309	0.6994331718191193	0.6986755494213526	0.6993607626567991	0.699641892477765	0.7005384901104574	0.7001035104074886	0.6999551599442866	0.7003391813688085	0.7010522013648871	0.6996882696895138	0.7012562393242515	0.6989022370242356
0.5242549652703905	0.8315682185643538	0.700180390445355	0.6996353837437868	0.6998919922479754	0.7002067401259463	0.6994665377498565	0.700242550224779	0.6996082185685711	0.699986096027517	0.6998519562941132	0.7004786036872543	0.7000689471354667	0.6993521625379944	0.6991333049627757	0.6993529258629694	0.6994757386915393	0.700097073751463	0.7007031225382683	0.7000258699220343	0.7003691769375356	0.701083722136756	0.7000166532678219	0.7008649434542381	0.699961913459893
0.1443253416455596	0.025245316173846677	0.7001764833839712	0.6999424811515951	0.6999440766121261	0.700210030471702	0.7014487842602507	0.7001809134144908	0.6997116516944147	0.7000104670864244	0.6997318796481871	0.7007448584344336	0.7006188235028253	0.6994368570499345	0.6991274581289981	0.6987402904246404	0.699481031313806	0.7005396711450684	0.7000975033909637	0.6998957464441424	0.6987443617521902	0.7010759850572342	0.7009195016342274	0.6993498488862414	0.6993753483089249
0.6552325833949859	0.20901953976627446	0.7001621278268549	0.6996060506643285	0.6998874495946339	0.7002248281518174	0.6997152788907494	0.7004972385014586	0.6997184977497262	0.7000895035439278	0.6994209241522379	0.7005240522325956	0.7002941933548121	0.6993291804625622	0.6991296961305964	0.6997077113819007	0.7004020976437312	0.7001077325824966	0.7006274494609345	0.6988182966834563	0.7007169256452146	0.7008724755605874	0.6995998595736438	0.7001700440384502	0.6993931102771134
0.330039920602842	0.27598307883487544	0.7003832064548607	0.6995438363617928	0.699861371187979	0.7003287076530871	0.6997136461209564	0.7003836834654537	0.6998932920925379	0.7000140444525561	0.6994354154011699	0.7004721714970399	0.7003141473220903	0.6994247385274266	0.6990949636723612	0.6992515954190754	0.6995375286361747	0.7000682961970202	0.7000968819186412	0.6999577559554512	0.6986832368630939	0.7010453825202074	0.7010326080871431	0.700276363358923	0.6993687654207811
0.011397154892483136	0.5341781169681861	0.7001824655097103	0.6999968345662012	0.6998775605974706	0.7002132999232255	0.6996951784212997	0.7002796140431656	0.6998757150547977	0.7001219194485313	0.6998803797847168	0.7003994110456232	0.7001847968910025	0.6993581119879707	0.6986957433339172	0.6995910297052192	0.6996082373476342	0.7005384821725356	0.7000555615668759	0.6998576591476505	0.7003358082100342	0.7010728929410389	0.7000458828088792	0.699519490288046	0.6993550459701048
0.3026808061919012	0.7674819485528745	0.7002721105395918	0.6996364807087313	0.6999056750915376	0.7002278606522654	0.6997595203727186	0.7000468204729959	0.6997067463452104	0.700079181151504	0.6997603098732231	0.7007916596333379	0.700635283593208	0.6994318453755334	0.6983541893125048	0.6992512243401915	0.6995014203877938	0.700171360617868	0.7003632177403152	0.7000309859294546	0.6987923196472345	0.7012388332633843	0.6947058364760323	0.7003864294795967	0.6993494565139704
0.15928590011917257	0.7921666662615056	0.7001758568828661	0.699592010989927	0.69995417187942	0.700223002251304	0.6997072882547789	0.7002700310969568	0.6996943770338627	0.6982774210270988	0.6994837778887374	0.7008889976654896	0.7002944443782315	0.6994306609009968	0.6990517406882878	0.6995761406209315	0.699515578568495	0.7000698434709047	0.7001041072241193	0.7021356658235727	0.6989534851015357	0.7012542296311476	0.7009008816987388	0.7008174092650886	0.6993229535348235
0.23900487183616723	0.2710759026187979	0.7002519510295122	0.6996153858267713	0.699404587843907	0.7003922088596495	0.6997066417599458	0.7001739217176828	0.6997182862088934	0.7000131053746579	0.6997069240990329	0.700791599861566	0.7002891181802626	0.6994381230778375	0.6990535382950808	0.699388240064457	0.703684878259556	0.7000883189759699	0.700083760075458	0.6998834268760432	0.7005157048041701	0.701073641793623	0.7006936747181896	0.7007203417584281	0.6999568448099873
0.3890764839811581	0.658456095532866	0.7003898732894425	0.6996396206570288	0.699818054025575	0.7003339629147058	0.6994852666688263	0.7002390840206292	0.6998992914869568	0.7000852175196128	0.6998688599264375	0.6992143350585648	0.7002575847197164	0.6993390366824332	0.6991282605056233	0.6995269795539345	0.6995027202400989	0.7005390551014142	0.7001045237716319	0.699982613194964	0.6987753026022385	0.7010819844845589	0.7010714457370468	0.7002603647299881	0.6999782484429363
0.5017861309839743	0.08210111922098001	0.700180390445355	0.6996401835082723	0.6993636987429624	0.7003463748572962	0.699745274403335	0.700242550224779	0.6996075745350334	0.7000847737025814	0.6998519562941132	0.7004786036872543	0.7000696998694899	0.6993514650585281	0.699141618733655	0.6995270138134754	0.6994974793981196	0.700097073751463	0.7007078845804395	0.6999821035853341	0.7003691769375356	0.7010819632168563	0.7009896273952572	0.7008772774557026	0.7002100126388263
0.20497903037012416	0.06816801167560815	0.7001751912173954	0.6996583933375567	0.6998607745217715	0.7002102055952124	0.6996883965351457	0.7003736105120073	0.7045508897592055	0.7000314720856491	0.6998700850639445	0.7004785371057015	0.7003159662317073	0.6994119773840304	0.6991101795193334	0.6995762097609193	0.699436130203069	0.7000415458550043	0.7000843354197037	0.7001528859209122	0.6986743884551161	0.7008679410815956	0.6996784815643126	0.7007108871086026	0.6999934275127019
0.42058227103095064	0.2509822260859983	0.7001614813740379	0.6996425376469422	0.6998874495946339	0.7003039354224919	0.6994673490818933	0.7003863351773347	0.6997145994920734	0.7000894207480566	0.6994491511400812	0.7005240522325956	0.7001335633877571	0.6993291804625622	0.6991311350560399	0.6992337817427529	0.6994752196961489	0.700105794755921	0.7006278206924117	0.6998813077948868	0.7004268843244656	0.7012525338847858	0.7010688905458445	0.7008723899987732	0.6993931102771134
0.25938402594856685	0.48973252147942303	0.7001725262317949	0.6996054158803741	0.6998772190413405	0.7001942207605536	0.6996951784212997	0.7002801386968172	0.6998934615812364	0.7000878671693208	0.699856555973355	0.7007304502824455	0.7001847968910025	0.699432562208614	0.6989044113083608	0.6996159651037983	0.6995003474264764	0.7005384482647894	0.7000963998022991	0.6998578501106527	0.7003776920964041	0.7010728929410389	0.699661670261687	0.7007229549221031	0.6993578333437414
0.6838255392902677	0.3014342345953686	0.7003930731872804	0.6996411392754842	0.6998541980278395	0.7000740239402957	0.6997595203727186	0.7000432624796525	0.6998990750393833	0.7000790802677308	0.6997603098732231	0.7007916596333379	0.700634787101524	0.6994318453755334	0.6991665372049592	0.6992512243401915	0.6995014203877938	0.7001534326810324	0.7003632177403152	0.7000324647497552	0.6992227709437013	0.7012498059183725	0.6947058364760323	0.7003864294795967	0.699348247365056
0.45621150362667606	0.5616377092155453	0.7001714781022954	0.6996488552795467	0.6998758514969025	0.7003325011765367	0.6997148172106639	0.7003844335459558	0.6997120847977681	0.7000073118754941	0.6994762877335277	0.7004648494318138	0.7003250783897238	0.6993609341924529	0.6986551774377042	0.6995753752649466	0.699536075941266	0.7005257096707239	0.7006064625877659	0.6999922748757074	0.6988710810047368	0.7008640869427181	0.6996787120168091	0.7002118487921307	0.6993271876941662
0.23900487183616723	0.208041916383636	0.7002519510295122	0.6996153858267713	0.6994085187525507	0.7032584457201755	0.6997445893252093	0.7001739217176828	0.6997182927362852	0.7000126499907952	0.6998680109814525	0.700393907522408	0.7002891181802626	0.699442241732827	0.6990535382950808	0.6988002892331764	0.703684878259556	0.7005398215457667	0.700083760075458	0.6998961562504017	0.7005157048041701	0.701073641793623	0.6995383706263958	0.6993704189327544	0.6999574512708159
0.3493010302194962	0.5022189594129156	0.7003783178318007	0.6996165156701967	0.699859309365393	0.7002266256124706	0.6997061183497821	0.7002495943696828	0.699698697962884	0.7000626886554314	0.6998654483935534	0.700461777588509	0.7002932079404703	0.6993433098251531	0.6991681097801544	0.6996050721103676	0.6993453934889154	0.7000603386479056	0.7006939634689715	0.6999504516684536	0.6992232336025981	0.7012416333562517	0.6995631386041846	0.7002706326810422	0.7001222340592836
0.6852715969873944	0.2607033395336717	0.7002008603275149	0.6996426387066198	0.6993877667079392	0.7003378015948962	0.6994927038684395	0.7004881314028235	0.6997289532006739	0.7000722418063395	0.6998565153825267	0.7005223341605619	0.7000834245357253	0.6993682180694949	0.6991002109791823	0.6995765379484263	0.7003974139452253	0.7001686704380214	0.7006413297263485	0.6998814009981217	0.6992156728382104	0.7010423315058713	0.7011793644148391	0.6993488420733935	0.7000074812129442
0.042215189141048326	0.07385398595692924	0.7001867999176925	0.6999559343327398	0.701232519928645	0.7002231766733736	0.6997211597562807	0.7003057336222647	0.6996938327962957	0.7000803229160101	0.6998050894369262	0.700497414053345	0.7003070129115757	0.6994258599112565	0.6991720948777331	0.6992302788246578	0.7003576821270412	0.7000883856326937	0.7006935210626362	0.6998853191854901	0.6985427268615599	0.7012008531269649	0.6998391313071328	0.7006669833269684	0.6999575599261819
0.18362878511878264	0.5616377092155453	0.7002748036596272	0.6996488552795467	0.6998758514969025	0.7003341559978264	0.6997146856075223	0.7003844335459558	0.6997120847977681	0.7000073118754941	0.699601120180695	0.6998868024818224	0.7003250783897238	0.6993618397629026	0.6986551774377042	0.6995753752649466	0.699536075941266	0.7005181905232285	0.7006091281538777	0.6999922748757074	0.6987254175227724	0.7012421032899935	0.6996787120168091	0.7003611062495926	0.6993524247276248
0.15926677126230399	0.9157863886871993	0.7001758568828661	0.699592010989927	0.69995417187942	0.7000733543041926	0.6997072882547789	0.7002700310969568	0.6996943770338627	0.6982774210270988	0.6994797199515604	0.7009084873745134	0.700306977955996	0.6994330612222363	0.6990542471153212	0.6996127593693129	0.699515578568495	0.7000688728515367	0.7000482442922067	0.7021356658235727	0.6986678221676716	0.7012544471587102	0.700968765338199	0.6984430535321	0.6993237725538319
0.3295629463828972	0.8026081681372892	0.7001723843593971	0.6996506673878011	0.6998572990327065	0.7000481983038205	0.699482480618016	0.7002461235122632	0.6997121005357183	0.7000593034184891	0.6994771839273433	0.700491458083348	0.7003129605310925	0.6994246659888513	0.699125835826723	0.6992523856448997	0.6994697907983394	0.6999820020483007	0.7001206236946179	0.699957613502429	0.6989496341278417	0.7011997404806913	0.7010245969119571	0.7003727423991516	0.6993800345436494
0.38528361474016554	0.5678707188195592	0.7002101652772936	0.6996730993487565	0.6998766092934247	0.7003345897294819	0.6996956460871474	0.7002474885539983	0.6997113829909333	0.7000017912407096	0.6994380436793901	0.7007753536106458	0.7002992801319124	0.6994121946542031	0.6990708377671893	0.6995720516531004	0.6996014657320706	0.7001042762152858	0.7001043052044474	0.6995543664983701	0.69880417548021	0.7008768635973662	0.6997116076996722	0.6993211826059902	0.6994256706081612
0.3850129828368626	0.8026081681372892	0.7001723843593971	0.6999582251159295	0.6998572990327065	0.7000733268403112	0.6994512662513976	0.7002461601076712	0.6997195428337939	0.7000813942564417	0.6997596547591489	0.6990664722824285	0.7002020306639272	0.6994330500574165	0.6990564532323066	0.6995828234032678	0.6994044721359205	0.6999789777232495	0.700808691084326	0.6999879203860492	0.6992217057239603	0.701238249808785	0.7013687795499385	0.6984446149538036	0.699977555642914
0.22222321478331347	0.7970896493930111	0.7003857920176545	0.6996152608315607	0.6993816551161747	0.7003382463083835	0.6997452955641283	0.7003260649839275	0.699718532259092	0.7000806141641751	0.6998133790350591	0.7003935317694964	0.7002946828888649	0.6994305904397982	0.6990518223502009	0.6995766783792498	0.7000683036293323	0.7005266391260627	0.7001035757622537	0.6999723036619863	0.6989482382063373	0.7012295504454974	0.6997385144153294	0.7008178631031033	0.69997521526852
0.1979623907604452	0.9736868790705893	0.7002593397236164	0.6996483692748101	0.6998606747776138	0.7000771318168305	0.6997159735696511	0.700124230951255	0.6997029991119358	0.7000797871061955	0.704059569831412	0.7007258283825358	0.700294033360598	0.6995033657736219	0.6990949908196288	0.6992427062100359	0.7035053534033099	0.7000559470851245	0.7000951659526061	0.6999917436286416	0.6987145492011511	0.7008677552346279	0.6995464518883058	0.7006772522901309	0.6993129550792336
0.20574843310349406	0.7785780606105859	0.7002039612997376	0.6999787092383744	0.6998188926213931	0.700211327876085	0.6997140650309323	0.7001476300734734	0.6997018593302033	0.6999995991500817	0.699463451044768	0.7007737454794303	0.7003150367039522	0.6994262047977846	0.6990212828780312	0.6992152037382617	0.6995360410255682	0.6991408320029071	0.7007366798345006	0.6999846318040346	0.702382367853794	0.7008635623972718	0.7000935384016289	0.7007194830059865	0.7001250824502718
0.3321191496660834	0.49716162882799264	0.7003782464050275	0.6996210968807158	0.6993842032634394	0.7003295908103664	0.6997470952056769	0.7001098263620866	0.6994355593023592	0.7000306899013472	0.6997239669230422	0.7007327596299734	0.7002937124536587	0.6994328574434282	0.7040365473040756	0.6996049750441389	0.6995080848251627	0.7000763338663424	0.7006957767440584	0.6998956507257678	0.6992252031504942	0.701244645303187	0.6996813166503724	0.700668540781073	0.6999658599385953
0.43356330895936424	0.18604811157988413	0.7002134130991673	0.6999536848013015	0.6993446778226078	0.700337199721368	0.6997469576380086	0.7002721641377986	0.6997184753026764	0.7001763222351716	0.6998240994629873	0.7005286316214397	0.6998990935893692	0.6993590244520052	0.6991990599544969	0.6992429208900971	0.6994882703919676	0.7005310690716693	0.7006393266708265	0.6999791316970979	0.6989482382063373	0.7010624561539294	0.7006720895140895	0.7007896765198589	0.6999864393868913
0.0047512224028787575	0.9758680272762061	0.7001794966096798	0.6999823282667909	0.6993836047594759	0.7002059742868915	0.6999503946299828	0.7001435090793988	0.6994795258025116	0.7000156174646714	0.6996057669068766	0.7008109975220626	0.7001119665448956	0.6994915485460468	0.6992453350826656	0.6995978131798727	0.699487658927794	0.7003200817838822	0.7007304928416842	0.699895062486812	0.6989870878750838	0.7011925112170775	0.7009870128509109	0.7001859092334531	0.6999759368633653
0.5916873122068373	0.518280868929089	0.7003782464050275	0.6996165156701967	0.6994172376185475	0.7002264573108715	0.6997092094795145	0.70029948269969	0.6997243826065171	0.7000300872890253	0.6997167801174162	0.7007327596299734	0.7002951238943843	0.6994294399241056	0.6991259766436857	0.6995734018497966	0.6995073038412095	0.7000771824896026	0.700694770633062	0.6998965840092082	0.6992255064707551	0.7012700769750714	0.7005903805680188	0.700668540781073	0.6999658599385953
0.17032263167469266	0.8315682185643538	0.7001803720049792	0.6996352121658558	0.6998919922479754	0.7002067401259463	0.6994665377498565	0.700242550224779	0.6996072723008887	0.7000778093213418	0.6994876736645588	0.7005072987604126	0.7000689471354667	0.6995060561814789	0.6991333049627757	0.6992183209350101	0.6994757386915393	0.7001537595921483	0.7000507666378415	0.7000255797969224	0.7003691769375356	0.701083722136756	0.7000177417843686	0.7008218736229838	0.6999684443522259
0.3190222300039392	0.7829204564405192	0.7002040089888524	0.6999893576965429	0.6998188926213931	0.700211327876085	0.6997001821059345	0.7001476300734734	0.6997018593302033	0.6999995991500817	0.6994569456830083	0.7007737454794303	0.7000583206527825	0.6994262047977846	0.6990212828780312	0.6992152037382617	0.6995360410255682	0.6990737994680162	0.7007335685071935	0.6999846318040346	0.702382367853794	0.7008759035891343	0.7001029681472934	0.7007194830059865	0.7001205022378633
0.3456735713939221	0.7828515802454414	0.7001804318836585	0.6996548386686476	0.6992750089609802	0.7002098806788644	0.6996887400776608	0.7002785662182589	0.6998755652830464	0.7000886636224519	0.6998679896974235	0.7004877171305737	0.7003702877682647	0.6993581563017098	0.6991535634060624	0.6993549235361088	0.6994364021484961	0.7005406539116844	0.7006959901694386	0.6999809393226007	0.7002604898146833	0.7011933178536647	0.699589621061452	0.6996389902492423	0.6993658856160446
0.10950383412549985	0.011533827947075886	0.7002549039989201	0.6999437942509021	0.6999440766121261	0.7000784661231633	0.6998128007299629	0.7001830021537617	0.6996989448638667	0.700007731276462	0.699896043143677	0.7007448584344336	0.7002932371509445	0.6995167523153086	0.6991222373141094	0.698754275971449	0.699596011609497	0.7005396711450684	0.7006981179283821	0.6998957464441424	0.6992354758619438	0.70236799444375	0.7009195016342274	0.7007605420697168	0.6999564814337522
0.4962234369860352	0.5818841783615296	0.7001726517909234	0.6996506080590801	0.6998689958030981	0.7000481983038205	0.699482480618016	0.7002461235122632	0.6994741184294627	0.70005981367428	0.6996026255571955	0.7004868217738928	0.7002028301499155	0.6994272362865566	0.6991248167619152	0.6992281826840753	0.6995027712779568	0.7000513180629662	0.700774097783409	0.6999777999245643	0.6989496341278417	0.7011998746023065	0.7000166177329067	0.6983323884479262	0.7001477306762803
0.5673624092800426	0.3853977257269927	0.7001530783332042	0.6999796686099995	0.699263641158416	0.7002338084014398	0.6997095926469985	0.7001548444833015	0.6997207134063699	0.7000880931596299	0.6998418427472046	0.7006407690607097	0.7003687721460787	0.699432858960833	0.6986856461049317	0.6992471945360358	0.6994926070959898	0.7003055776802656	0.7001071897557781	0.6999820874537652	0.7002577591089575	0.7011998891366625	0.6995100399828085	0.6994241727593371	0.6991358665284904
0.34149884840632655	0.7828515802454414	0.7001804318836585	0.6996548386686476	0.6998776873664753	0.7002099751546607	0.6996875162223255	0.7002785662182589	0.6998750963142176	0.7000886456806388	0.6998679896974235	0.7004877171305737	0.7000654807353068	0.699358199728437	0.6991535634060624	0.6993549235361088	0.6994347721983788	0.7005406539116844	0.7006959901694386	0.7001548315873645	0.7003930472074636	0.701193302509406	0.6996654615827819	0.6996389902492423	0.6993561261640959
0.35111162230016296	0.11910439546972479	0.7001614118707642	0.699642673178531	0.6998602207002755	0.700313619976134	0.6994673490818933	0.7004972385014586	0.6997186115413683	0.7000808498868482	0.6994209241522379	0.7005240522325956	0.7002916372859166	0.6993291804625622	0.6991302567965979	0.6997083293516843	0.7003764937026193	0.700105794755921	0.7006053251768575	0.6999590974105341	0.6992266839161592	0.7010189656708797	0.6995634979820025	0.7002743201170101	0.699389603958923
