4.446268162048778E-17	0.7743508469181856	0.7312167119489166	0.7444588282889409	0.6999521644539074	0.7001040372597321	0.6999364421179125	0.6999894381534535	0.700190898207176	0.6997475113030385	0.6996857736068933	0.7004996054728081	0.7001399751681363	0.7003394370049221	0.699820314326447	0.7006825802216279	0.6995024789106266	0.7010426382542224	0.7005814417164855	0.7006666165348691	0.699494645873044	0.7003664529855506	0.7001142333397038	0.6988986854609172	0.7002047309595643
0.9999999999800391	2.2721738874779385E-11	0.73124876662226	0.7444518184498847	0.6999452107639356	0.700335264989729	0.7002447440090948	0.6977417571563356	0.699761799911908	0.6997391882402619	0.6998841394338228	0.7006959409096759	0.7004630588275977	0.7003381539880078	0.699983801088048	0.700494326404894	0.7011600472837196	0.7010443362750247	0.7001675858594294	0.7006216707418078	0.6990324776353766	0.7007243632237086	0.7005295124327268	0.7025709396436318	0.7003888970644818
0.9999999999971565	0.006081391087115862	0.7312577933076336	0.7445318121803551	0.6999164445578694	0.69992424621117	0.6998831532360211	0.6996069056874443	0.6997590819911248	0.6997240131505932	0.6997999804899834	0.7007550280635947	0.7004531276698026	0.7000497794524493	0.7895159653189174	0.7008142687172202	0.6850196810927566	0.7476537207431205	0.7082522054312371	0.7394721902132082	0.6989263052891579	0.7265736025506578	0.6979256071437044	0.7023194227012161	0.7006057110565074
5.667476889958619E-7	0.9999870111186369	0.7312515502204734	0.7444558605446395	0.6999594820339914	0.700031218369347	0.699915838722745	0.6796816236243811	0.7001432419079123	0.6835598514447581	0.6996551227490228	0.6542197929676681	0.7001392946866402	0.7003144795652984	0.6996089644776152	0.7006377216278842	0.6993577656352693	0.6994677182144101	0.6780653154224262	0.7012802453243672	0.6994894676258051	0.7005825122422484	0.6942652508495115	0.6996196673304762	0.7000846056913881
0.9999999999971565	0.999999999903874	0.7312483970626494	0.7444859113255761	0.6999605601327389	0.7000334864539767	0.7002639923911536	0.6995502333025383	0.6997590819911248	0.699833927382181	0.699791581864966	0.700949813280004	0.7004380552774101	0.7182678416179333	0.699810153790255	0.7001481754521474	0.6993581083346377	0.7013118686795219	0.6993931750055217	0.7031016890263223	0.6851733766815203	0.700663610157735	0.7005545246106291	0.6931775806723198	0.7002093303306449
0.0062499865539940025	2.3653074546057986E-11	0.7312453598659936	0.7431279061345674	0.7851610476113797	0.7000049219001687	0.6998593532211965	0.7013296152809475	0.7000705046059451	0.7027546407546744	0.6723225545571745	0.7012247704502809	0.7000110426413662	0.7015910726804769	0.6999377752137275	0.6651050738941645	0.6989466597376415	0.7012426122088179	0.7004888707087717	0.7022289088259495	0.7000268768313115	0.7003904217061098	0.7003587818535828	0.6985385888733845	0.7001711276262342
0.021389053718960258	2.3653074546057986E-11	0.7312462114648011	0.7442766004285211	0.6999534045004316	0.7000257079877993	0.7000252929132006	0.7000797563646327	0.6997708771998997	0.7002159518933699	0.6995084032693887	0.7006603879066794	0.7004253601663606	0.6997362843989211	0.6999578724577487	0.7125520408644629	0.6994139881401491	0.70131234235135	0.7020661527100787	0.7021557666966246	0.6991879392293888	0.7005819770297531	0.7002805738810935	0.7005367428280518	0.7001699283948255
0.9999999999982575	0.023052405246688057	0.7312648673623974	0.8092637236916509	0.6999530392226767	0.7002395165418057	0.6998831532360211	0.7029907370199453	0.6997590110466566	0.6997365456613621	0.6998076208118225	0.701331475848559	0.7234216759139737	0.7003350787176996	0.7849765381926395	0.7018502504681973	0.7012153994422996	0.7014496647120781	0.7135342807002473	0.7014253719793577	0.6993875951661076	0.7004759244657585	0.7000897762969495	0.7159249827301698	0.7005594401036331
0.00129719128131911	0.999999999903874	0.731266603474093	0.6642741479435523	0.6999207626998492	0.7002268927107247	0.6999083875709815	0.6995734292871351	0.6998051935056606	0.700542835886245	0.69968369427888	0.7006738750782966	0.7004606936852262	0.7003142219200725	0.6999392658752686	0.7005749587889081	0.6993557518606746	0.7010746362626732	0.70000942191373	0.7006557751873589	0.699496796045724	0.6875148955895656	0.6942655896083857	0.6996775740223594	0.7001958579913523
8.436101415158449E-7	0.9971961618225246	0.7312086936725563	0.7444695551196754	0.7023825265649748	0.6992847832437838	0.6999008292293677	0.6992026309401789	0.7001890489736777	0.6997311467477084	0.6997964609480207	0.7006779586844174	0.7003726460351208	0.7003357029832104	0.7312948648754425	0.701627818247258	0.6993361896708802	0.6744667062200093	0.6999592383345166	0.7015277774056158	0.6992175641745131	0.7004937421765043	0.7002158571076115	0.6999770452068242	0.6989522718331406
0.9999999999971565	0.023052405246688057	0.7312577933076336	0.7445318121803551	0.6999164445578694	0.7002355797227362	0.6998831532360211	0.6996069056874443	0.6997590819911248	0.7001120132435164	0.6997999804899834	0.700961033744536	0.7004393946200584	0.7003886852792752	0.7885617150913178	0.700809335722126	0.6993541969900575	0.7010680602119875	0.7082522054312371	0.6740668193305399	0.6989873333312309	0.6994977670133776	0.7000897762969495	0.5942810637211929	0.7002282597474592
1.0938322046726034E-6	0.999393435299618	0.7312547069334611	0.7444508119580701	0.6999540815873514	0.7000390408587885	0.6999040551045828	0.6997154726983659	0.7287904496528268	0.7008264850091374	0.6997105231862862	0.697835829318055	0.7003874863673307	0.7006777286519076	0.7001689491496079	0.6895043370369283	0.6988652012322216	0.6994673336284094	0.6788970607972143	0.6738211584952544	0.6994894023559599	0.7006252325100408	0.6944236001380063	0.6996134459194469	0.7000887022520758
0.9999999999971565	0.5833961555411453	0.7312577933076336	0.7445041565086661	0.6999164445578694	0.7002355797227362	0.6998870363477914	0.6996069056874443	0.7001950025350518	0.7001085750408561	0.6100858695251641	0.700961033744536	0.7004393946200584	0.7003886852792752	0.7885617150913178	0.7005748676549937	0.6993541969900575	0.7010680602119875	0.7082522054312371	0.6740668193305399	0.6989873333312309	0.7006202977316923	0.7000897762969495	0.7001604678631128	0.7002281200066567
0.9999999999971565	0.023052405246688057	0.7312577933076336	0.7445318121803551	0.6999164445578694	0.7002355797227362	0.6998831532360211	0.6996069056874443	0.6997590819911248	0.7001120132435164	0.6997999804899834	0.700961033744536	0.7004393946200584	0.7003886852792752	0.7885617150913178	0.700809335722126	0.6993541969900575	0.7010680602119875	0.7082522054312371	0.6740668193305399	0.6989873333312309	0.6994977670133776	0.7000897762969495	0.5942810637211929	0.7002282597474592
6.381559271344944E-8	0.9945982346561315	0.7312900752049929	0.7445319286290554	0.6999542962985976	0.6994506745464856	0.7000755739535669	0.6995782547580188	0.7000859619702621	0.6843860394031286	0.6996753546044278	0.6217243468790732	0.7001437035227068	0.7003945764682411	0.6089542830238579	0.6995334163111021	0.6992564484204629	0.701044111571992	0.6864354943251519	0.7013161789835786	0.6994806790845006	0.7006929528626893	0.7002956815494775	0.699924865337545	0.7001014949860203
0.9999999999971565	0.588159997431927	0.7312578951587574	0.7445041565086661	0.6999579247518829	0.7002618476121182	0.6998870363477914	0.7000339879931828	0.7000893090193453	0.7001085750408561	0.6100858695251641	0.700961033744536	0.7004393946200584	0.7003886852792752	0.7885617150913178	0.7005889405307449	0.6995568663294562	0.7010665327862763	0.7004203707523792	0.6734942335615735	0.6989873333312309	0.7006202977316923	0.7000897762969495	0.6987232183725754	0.7002281200066567
1.0938322046726034E-6	0.9999998123162329	0.7311823962209716	0.7444508177553563	0.6999540815873514	0.6994529869410658	0.6999040551045828	0.6724844814664572	0.6997904814001065	0.6837551865111872	0.7005841981128939	0.6230843471530637	0.7002016284786783	0.7003292086720738	0.610525024654713	0.689559792366609	0.6988696127234133	0.699434748522455	0.6780536367216464	0.699906533841519	0.6994886112691903	0.7006945783072265	0.6984010936460011	0.6987631231908766	0.7000887022520758
0.0067413479819107835	0.999999999903874	0.731264803925306	0.7444866168209344	0.6999203609421565	0.7002357653539086	0.7001969940766596	0.699994340904785	0.700145052185709	0.7000787385598312	0.6997957633331434	0.70097167185261	0.7003149763728507	0.7152041154906784	0.6997878345836072	0.700573652424028	0.6993557518606746	0.7010747237211802	0.6990165085594267	0.7005407286473412	0.6993971838671619	0.7007291905927716	0.6943636121319491	0.6996793202106449	0.7002580909236006
4.823972167605067E-8	0.9999297428778718	0.7312217227425953	0.7445329645905209	0.6999596509258585	0.6992887448208222	0.6999340159979807	0.6999823817817566	0.699790631815191	0.6993362661269972	0.6997762677171396	0.6217243468790732	0.7001398970416427	0.7003430825014323	0.7020148994492561	0.7006837832219199	0.6992788484124436	0.701044111571992	0.6864354943251519	0.7006406540607789	0.6995018099152353	0.7003511275975635	0.743532942725953	0.5655029431843054	0.6627992678082187
0.1739635956836848	0.8757699852122011	0.7314222312890362	0.7444510223861368	0.6999581743920581	0.6999517572343767	0.70027993257968	0.6995501680013021	0.6997777091292391	0.7000369663365609	0.6996818764488393	0.7013126160500638	0.7000046610920861	0.7003960466964707	0.7001447723082782	0.7004855363422016	0.6994690307664695	0.7012848915694351	0.6999023107603338	0.7005408354669311	0.6995047139012122	0.7004900852131487	0.7004988618414634	0.7004628303482647	0.700136214173193
0.418762282722912	0.04410779834223695	0.7313293951929277	0.7444576936140349	0.699952899242228	0.7002323415810547	0.6998997324263794	0.6999517601627334	0.7000433669936383	0.6997519044330108	0.6996920044397519	0.7004995390174962	0.70046554022337	0.7002636137347502	0.7001364709889004	0.7006255889261103	0.69950168636586	0.701124994203949	0.6999996516500265	0.7013723224668644	0.6989345906440894	0.7007022552342086	0.7004321098283113	0.6996773298109411	0.7001570946873292
0.6333896778129531	0.6012907081096774	0.7312499885145846	0.744458510561823	0.6999616035887186	0.6999245450053043	0.7000089240485236	0.6999986707376655	0.7000698469463045	0.6997495350405846	0.6997945962136493	0.7005438340295692	0.7004296983516204	0.7002534803055155	0.7001269594916466	0.7006263630923192	0.699339422693681	0.701063271748926	0.7000142163985624	0.7006230382420834	0.6989080460804638	0.7006414673550468	0.7002851699473425	0.6987726245062277	0.6986125613987618
0.7989882536188695	0.18412457751798855	0.731255172640332	0.7444494542358608	0.6999565677797777	0.7002423659825546	0.6999452911100501	0.6979141133614151	0.6997740652239294	0.7000909135375153	0.6996901193772137	0.7006682198494462	0.7005812211848138	0.7003125977775664	0.6999409491811743	0.7005830403051149	0.6991065490859221	0.7010755255885194	0.7004177585612908	0.7012969241950562	0.6989497633178869	0.7005839387294294	0.7004293018409227	0.6996282071594968	0.7001980133858828
0.1569457730889006	0.21600414846605193	0.731249860440684	0.7445354023501217	0.6999615005482674	0.7003579783918801	0.7000089240485236	0.6999986707376655	0.6997833431252929	0.6997559172615873	0.6997941061913784	0.7005438203985377	0.7004296983516204	0.7002540102103066	0.7001269594916466	0.7006263436489579	0.699339422693681	0.7010646627611942	0.7000199448482061	0.7005336007455858	0.6994440826292854	0.7006414729000998	0.7002611457999629	0.6987899230064427	0.6986278739124224
0.06554056035075423	0.5684824087789091	0.7312558835003055	0.7444505998543918	0.6999562724998502	0.6994436061326962	0.6998944735142156	0.699517713672612	0.7001153071915794	0.6997321608767229	0.6997782017411045	0.7007419861563614	0.7000053387161761	0.7007097098763073	0.6997689493120001	0.7006179876517121	0.6993625314386857	0.7012894780865092	0.7000414274013946	0.7012311291428045	0.6988148910396476	0.7006703116443361	0.700568596018325	0.6999056704478561	0.7002539661992101
0.3913766307937648	0.9057293885900171	0.7312651418445462	0.7445365125298287	0.6999547493640098	0.6999533400526915	0.6998887747329431	0.6995366131456497	0.6997794377069477	0.6998528517396688	0.699772170832201	0.7006458150276645	0.7003759967338978	0.7002381784104554	0.7001427806264822	0.7006439430850481	0.6994957458699351	0.7010656001664254	0.6999237442322584	0.7006182377901294	0.6992297967604607	0.7004900526153822	0.7006740859127708	0.7005548685256441	0.7005917384059573
0.5816800517899614	0.14972378652372695	0.7312172167810262	0.7444358040445692	0.6999530564545854	0.7001064518080805	0.6999379858237406	0.6999845695671183	0.7001394870290821	0.7000907097347111	0.6996853065791623	0.7006518546793222	0.7003759309824765	0.7003430913922826	0.700103555310687	0.7006825802216279	0.6993646345390783	0.7010759586517874	0.7005758578260081	0.7005976185376938	0.6989886392576548	0.7006697733372519	0.700116699064233	0.6988984233200398	0.7002059425808094
0.6112382034471425	0.3094562028384398	0.7312647574890389	0.7444351369137518	0.699953019825155	0.7003554383021096	0.6998918187937008	0.6996476232424246	0.6997719027678392	0.7000591303503619	0.6996903217244028	0.7006553273237942	0.7003768776222316	0.7003430232351686	0.6997964621795113	0.7006283642193083	0.6992717004144234	0.701279324906392	0.7002190164156714	0.7007100661918925	0.6994927343510554	0.7006285710631937	0.7004988182521892	0.6999440555411183	0.7001601397613153
0.9999999999971565	0.8886129012772397	0.7312483970626494	0.7444809451364189	0.699952199900502	0.700008883490606	0.7002572733365748	0.6995173857770468	0.7001860300026268	0.6997460861238728	0.699695001033643	0.700949813280004	0.7004297333295225	0.7182045007206316	0.7000180183733551	0.700147881732227	0.6993512561441849	0.7012850463415613	0.6999125861571847	0.7030434140150966	0.6994902883592149	0.7006348908104968	0.6998644205990403	0.6919500980057811	0.7002109885967376
0.11115814340216895	0.9503551487444228	0.7312556543731438	0.7444865449603056	0.6999580943001587	0.699269604845448	0.6999259008237713	0.6979457113082033	0.7001408023026535	0.7000717302347987	0.69968886881229	0.7009488752242112	0.7004284916962722	0.7007110471100602	0.6999422623107868	0.7005751164157503	0.6992991126262034	0.7010663141072437	0.6999031582811528	0.7011393363384777	0.6992906727128466	0.7005844532879961	0.7008334343853487	0.7004927976754967	0.7002008416681874
0.5448684195938831	0.7961385027611887	0.7312647396145294	0.744450846770918	0.6999613381944135	0.7000128740544337	0.6998868128300576	0.7013480821214807	0.7001320278566621	0.69986264277463	0.6995001073442557	0.700494029339816	0.7006049237021121	0.7003885762425492	0.7001320386254888	0.7006373009092056	0.6995533204979834	0.6994257473043897	0.700107079225315	0.7005932572833606	0.699501824699409	0.7006043469304252	0.7001079550537953	0.6998677959799471	0.7001737874734545
0.44495820191130225	0.1416203798642747	0.7312527472727322	0.7444504840103289	0.6999121979226304	0.7001521713649691	0.6996055118222074	0.6996140523284834	0.7001292664840453	0.7000891457451063	0.6996853731651299	0.7005049590199204	0.7004555475059342	0.7003832623689232	0.6998174512818286	0.7006253645765016	0.6993378167401629	0.699413104125488	0.7004131929366127	0.7013753817265154	0.6995019635355502	0.7005831821997501	0.7000821610866074	0.6998850682785782	0.7002124439942838
0.2086775682313441	0.5787411366043184	0.7313446303402418	0.7444592012614462	0.6999523728357747	0.6993060236263472	0.6999370858400625	0.6996530564036333	0.7000806407550737	0.6998439039269162	0.6998082023486443	0.7009323892084057	0.700601063601063	0.7003225302468356	0.7001303930265328	0.7006262347680337	0.6995521246535789	0.701041711721559	0.700427778454351	0.7013673054057606	0.6994682023626292	0.7006209944205294	0.7001661051332126	0.700280584969681	0.7002323889115077
0.29104418762534773	0.3041533062892849	0.7312496171795061	0.7444538943275814	0.699912137485034	0.6992839717993705	0.7003080713938219	0.699999565118191	0.7001278564548185	0.6998631234650663	0.6994981690175538	0.7006402047646555	0.7005759329303503	0.7003829883710468	0.6998098119385928	0.7005893229688006	0.6993346891173328	0.6994328843397529	0.6999601655090704	0.6998009965320302	0.6994528030007259	0.7006446653522168	0.7003267008368816	0.6997046326839809	0.700212218338244
0.21360266416201096	0.5033552255795453	0.7312494632666843	0.7444508123408681	0.6999514700908698	0.700194696719971	0.6996030910776777	0.6996690853760958	0.7001293355302582	0.7000902826966324	0.6996868305671672	0.7004697652425038	0.7004570797871943	0.7003823501017775	0.7001337841474493	0.7006253645765016	0.6995518247441285	0.699413104125488	0.7004131929366127	0.7013671521478445	0.6995020550527211	0.7005839059255213	0.7001977182397944	0.6998850682785782	0.7002323965336373
0.22162327546564176	0.23217979266551242	0.7312494342026338	0.744453647929864	0.6999521962821084	0.7000058793648729	0.699886544387124	0.7013480821214807	0.7000701506077306	0.7002094611577873	0.6996894192674369	0.7006696705069158	0.7006031003247882	0.7007338599997863	0.6999245860054428	0.7006334316689781	0.6989512578219537	0.7012910812359977	0.7004437221181724	0.7005932572833606	0.6995041609231708	0.7003919552413086	0.7001102957368526	0.6985084448614491	0.7001737730924087
0.3342927360800693	0.8758361681229937	0.7314222312890362	0.7444506191550707	0.6999581743920581	0.7003253615587106	0.6998942484459698	0.6995177389652034	0.6997777091292391	0.6997467797111999	0.6996801437478471	0.7013126160500638	0.7000046610920861	0.7007091276758551	0.7000216948394061	0.7004869784265702	0.6994690307664695	0.7012848915694351	0.6999123118052749	0.7011655291663382	0.6995047139012122	0.700634696103216	0.7004988618414634	0.7004628303482647	0.700136214173193
0.6380006418514135	0.28223456193127355	0.7312905816697972	0.7445293600210217	0.6999592552175851	0.6999749252602648	0.700005828666764	0.6977960376613577	0.7000582854272377	0.7001411112818556	0.6997909513196287	0.7004960152816989	0.7006052924982269	0.7002810907236239	0.6955188908243994	0.6995004104065788	0.7011027864181439	0.7010724892893154	0.7004242964299446	0.7013029349807542	0.6994238295304565	0.7006463770618732	0.7002857676972066	0.7005620615288404	0.6976864293238861
0.9999999999971565	0.24232249203851297	0.855770284506322	0.7444566581058272	0.699957236474435	0.7000084142404648	0.7002572733365748	0.6995173857770468	0.7001950561349937	0.6997474979082249	0.699695001033643	0.7005387845746613	0.7004297333295225	0.7004953372991867	0.7000180183733551	0.700147881732227	0.6993492773825564	0.7012848285574879	0.6999125861571847	0.7006586663570369	0.699490296864825	0.700585735973535	0.70026012516072	0.6919500980057811	0.7002109885967376
0.0777290983984221	0.19284722084710154	0.7313313722881363	0.7444574626720691	0.699952899242228	0.6999415082099617	0.7000443830983948	0.6999793711590729	0.6997716728745669	0.6997489805538751	0.6997953499405706	0.7006576479252786	0.700470647110675	0.7003435014690957	0.7001513237714737	0.7005109263867775	0.6993365359105183	0.7012783951385786	0.7000219606859065	0.7006251075911271	0.6994461834136603	0.7006102024423473	0.7005389791428569	0.6998843758485185	0.7003900733372451
0.2423193440579109	0.5787411366043184	0.731264534534288	0.7445693408503246	0.6999523728357747	0.6993060236263472	0.7000129609604849	0.6996530564036333	0.7000806407550737	0.6998439039269162	0.6996898063331906	0.7009323892084057	0.7000228043761307	0.7002740423119631	0.7001303930265328	0.7006262347680337	0.6995180076892712	0.701041711721559	0.7002383238328339	0.7013673054057606	0.698874385639839	0.7006209944205294	0.7001661051332126	0.700276437341702	0.7002781239092535
0.1418402396761875	0.3180217868694843	0.7312668584067443	0.7445325410767712	0.6999530651448413	0.7003554585480487	0.6998969258485277	0.6995961369391634	0.6997787273881125	0.7000588927054348	0.699694702816549	0.7005366898166098	0.7001308658333842	0.7003413848879638	0.6999814889342687	0.7006275157290351	0.6993547946412753	0.7010634643866046	0.7004463117176383	0.7007228432480582	0.6988528992687082	0.7006288396487134	0.7004991520600701	0.6999395504477601	0.7000720636230463
0.7198321551713325	0.15143488248885312	0.7312527641650088	0.7444504792311387	0.6999665171802665	0.6992734313907054	0.6999391107112655	0.6996147166169312	0.700138242813614	0.7000781004355161	0.699685426396043	0.70050586647541	0.7006084090757217	0.7003103811109908	0.699820314326447	0.7006829720428935	0.6993342543849586	0.7012866578920733	0.7105974567204953	0.7006113901004684	0.6993771610165407	0.7006722985887529	0.7000777245409788	0.6997070917713759	0.7000864361537676
0.9972729720214772	0.999999999903874	0.7312548570067352	0.7445769896156481	0.6999207626998492	0.700250054905695	0.6999083875709815	0.699574252904314	0.7001404716437557	0.7000636239222744	0.69968369427888	0.7006597463996744	0.7004606936852262	0.7003142219200725	0.6999392658752686	0.7005749587889081	0.6993557518606746	0.7010747237211802	0.7119961867688669	0.7006141514566212	0.699496796045724	0.7006255456273894	0.6942655896083857	0.6996803906460012	0.7001958579913523
0.3112582054636749	0.5952133542216687	0.7312645613394668	0.7445039164371372	0.6999536772692222	0.699947633962938	0.700021604335824	0.6994770080061522	0.7001883026204799	0.6998027714051532	0.6996908254252078	0.700669562769921	0.7003950996193572	0.7003324359770632	0.7000072197967037	0.7005734784733785	0.6995147142959839	0.7011621818919024	0.700440682378856	0.7006109861679407	0.6990094510696344	0.7006239726587415	0.7051934594167834	0.6997060033381995	0.7001963213982213
0.23518964701537143	0.9057293885900171	0.7312490521474637	0.7444539482741157	0.6999547493640098	0.7002082288608326	0.6998933848994062	0.6995419773296552	0.7001310843603477	0.6998474795874785	0.699772170832201	0.7006458150276645	0.7001586291373632	0.7002381784104554	0.7001112986005089	0.7006255755827603	0.6995569908490048	0.7010668256892891	0.6999237428178846	0.7006182377901294	0.6992297967604607	0.7005877512556814	0.7006858444803574	0.7005909551467995	0.7005917384059573
0.8754851473927492	0.8757750702798274	0.7312648880250078	0.744452296290328	0.6999611552395155	0.6992589948519107	0.6999001530545391	0.7000271989424119	0.6997559505637708	0.7000415762638901	0.6996801047013185	0.7012215434843303	0.7000204856128437	0.700274339831497	0.7001136951550666	0.7004902433771245	0.7012932234553673	0.7010737935656093	0.6999020606492793	0.7006617792155511	0.6988625422193016	0.7006292529640475	0.6998729378807874	0.6999198541280451	0.697616148346799
4.446268162048778E-17	2.2048700804716548E-5	0.731264347422581	0.7439734088603722	0.6999197765778662	0.7000247030338788	0.7002344478104761	0.7000411430290143	0.7001854985433354	0.6998224570534541	0.6996636585503687	0.7006690636158264	0.7001478666825052	0.7002494488095148	0.7000970021825729	0.7006350610945781	0.6993584306493312	0.7014097679895008	0.7004205203566902	0.7012770029307326	0.6991111290537175	0.7006450944050803	0.7002586089032024	0.6999854851301657	0.7002069132723829
0.3984793953413002	0.022801800904664937	0.7313279299569608	0.7444320266849332	0.6999536780406366	0.7002533252565987	0.7000227048556031	0.6996004342271649	0.7000409278119011	0.6998011230318854	0.6996871869314507	0.7006597122448038	0.7003752406769627	0.7003076997696128	0.7004029620141777	0.700643738187627	0.699450309477295	0.7009032141694168	0.7002271923969569	0.7006925209662535	0.6989089758129532	0.7006322711790978	0.7050328674790911	0.7005548685256441	0.7001753189581303
0.0017368621571060006	0.8886129012772397	0.7312483970626494	0.7414895675853124	0.6999521142857964	0.7000239500598596	0.7002572733365748	0.699544557608589	0.6997590819911248	0.6998222579154996	0.6996639401606765	0.700949813280004	0.700149002092826	0.7008374091667844	0.7004888441484184	0.7001481754521474	0.6993584215456895	0.7014096174914168	0.7003922878317749	0.7031016890263223	0.6994861425869804	0.700663610157735	0.6998695774044326	0.6917065198409518	0.7002070386580763
0.3652387175191404	0.9035329453944833	0.7312889737482237	0.7445353655569898	0.6999573499174437	0.700363750041515	0.7000039432142655	0.7000042003520428	0.6997738541502487	0.69975081814213	0.6997933268477585	0.7005377720774567	0.7004296983516204	0.7002532904096761	0.6999816286135288	0.7006331495137026	0.699354633315657	0.7010669199121743	0.7000142163985624	0.7005440315108717	0.698854122306185	0.7004998417056876	0.7002571627748104	0.6999292595950546	0.7000703671162043
0.2916439039971017	0.8195323651466067	0.7312496171795061	0.744458136151518	0.6999580125319437	0.6993349683542724	0.7003080713938219	0.7000253779201178	0.7000858741007656	0.6998631234650663	0.699498629413162	0.7006399572005904	0.7005993774860572	0.700248588563731	0.7001584782888439	0.7005892442687136	0.6995520936480409	0.701173642726875	0.699957965829538	0.7005993927173776	0.6994528030007259	0.7006446653522168	0.7003236172989858	0.6987348931046303	0.7002187987275293
0.3254897976247356	0.19284722084710154	0.7312635846156795	0.7444574626720691	0.699952899242228	0.6999477484715445	0.7000222787720491	0.6994930624419562	0.6997719164653712	0.6997364947950196	0.6997953499405706	0.7006552877461142	0.7003729044516904	0.7003434766991529	0.7001563583835583	0.7005109263867775	0.6995071035525743	0.7012783951385786	0.7000280954264665	0.7007084199158107	0.6994461834136603	0.7006102024423473	0.7005389791428569	0.6998843758485185	0.7003900733372451
0.46717299219215647	0.5971787358921032	0.7312529625471678	0.744434078726883	0.6999560256198966	0.7000998705300162	0.6999393034667459	0.6996403952713527	0.7001304268403385	0.6997276882328679	0.6997990054204828	0.7007375955110728	0.7005820563233045	0.7001202087484502	0.699798324213597	0.7006289528155625	0.6994626077806733	0.7012789651972271	0.7004067591764046	0.7012267460619547	0.699226263199403	0.7006423653267178	0.7063852406409793	0.69966693396368	0.70011610824736
0.2575829732151658	0.6043190791329303	0.7312493660575573	0.7444554775788063	0.6999521834080848	0.7000058793648729	0.7002836020652348	0.6996251865183394	0.6997148154560204	0.6998394502786508	0.6996908114946665	0.7006578590416163	0.6999905685046504	0.7003877610871595	0.700140173693338	0.7006442365168042	0.6989559438550761	0.7010733611460264	0.7078103596852547	0.700544670731537	0.6995112419906153	0.7006251736934392	0.7001131405117258	0.6996923278531144	0.700174115705751
0.0067413479819107835	0.3133642567284711	0.731264803925306	0.744530116523563	0.6999691609581425	0.6999950754670808	0.6999320793810893	0.699994340904785	0.7001451404492669	0.7000787385598312	0.6997897719847666	0.70097167185261	0.7003135701786425	0.715081548859762	0.6998459038220727	0.700573626692772	0.6993557518606746	0.7010747237211802	0.6990165085594267	0.7005407286473412	0.6994119807101696	0.7007291065270788	0.6943636121319491	0.6996793202106449	0.7002249543821266
0.03988283686131533	0.19179658545791137	0.7312499884612655	0.7445406455646719	0.6999573499174437	0.6999401421750283	0.7002219386181356	0.6996310523932433	0.6997815892171667	0.6997551236781614	0.6997941061913784	0.7006665502372249	0.7004296983516204	0.7002534264399733	0.6999417371097764	0.698690768564951	0.699339422693681	0.7012848613983129	0.7020776666395463	0.7005405108902526	0.6988917271562912	0.7006311275196883	0.7013889804770156	0.6987899230064427	0.6986278739124224
0.058142552836879274	0.32271682575942195	0.7312967475779828	0.7445308909227701	0.6999580468908931	0.699269604845448	0.7000111598119886	0.7000212748217414	0.700118799817856	0.6998514599608198	0.6996814356864005	0.7005320098129053	0.7004256513661056	0.7003953626281141	0.7001172368111661	0.7005777934960283	0.6992991126262034	0.7012895199951008	0.6999481259527555	0.7011308304441342	0.6994920639297156	0.7006990851667838	0.7003384019924982	0.7005970680250573	0.7006123001837157
0.7162427677350934	0.023123839087816803	0.7312527641650088	0.7444504792311387	0.6999668358990534	0.7001749238738509	0.6998839615652385	0.7031492528010784	0.7001418762529152	0.6997598384492345	0.6998046923536573	0.7005062644000795	0.7009127109651371	0.7003350844084378	0.699820314326447	0.7006829720428935	0.6993142406677472	0.7012850254683122	0.7109858820835105	0.7006074161816466	0.6993771610165407	0.7006689790337657	0.714643794678145	0.6997070917713759	0.7000864361537676
0.001610676313447315	0.9637046521154429	0.731294919366023	0.7444534906332072	0.699951480365523	0.6999497181668057	0.7000972151389556	0.6995782547580188	0.7000879761753734	0.69975393984387	0.699692364543091	0.7007026077447762	0.7001397831644924	0.7003850235304938	0.6998720934886012	0.7004808333569175	0.6992788484124436	0.7010352328400864	0.6862322899766008	0.7013349168049298	0.6989799826915202	0.7006384288392316	0.7003274774936813	0.699293666006548	0.7000875313476497
0.5145049159607636	0.04230066450090414	0.7312642153643754	0.7445039664820796	0.6999536772692222	0.6999476324553652	0.7000208280029075	0.6994770080061522	0.700035357377484	0.6998060999164785	0.6996908254252078	0.7006697679405015	0.7005699333620982	0.7003324359770632	0.7001347573767794	0.7006239611559558	0.6995147142959839	0.7011621818919024	0.700440682378856	0.7013866194479991	0.6989349005132126	0.7006238741191314	0.7051934594167834	0.6997025348049632	0.7001963213982213
0.28359995462779275	0.9365029177126719	0.7312576683899326	0.7444586406044822	0.6999523728357747	0.6993130854309181	0.7003071561126496	0.7000258940299012	0.699779721892283	0.6998630721345835	0.6996821975147933	0.7006344944601712	0.7003800243653056	0.7003439381336648	0.7001303430575733	0.70048507238632	0.6995521246535789	0.7010598568113728	0.7000199479733199	0.7014282346525601	0.6994014781896304	0.7006225771770083	0.7001901336890668	0.6989509632716241	0.7002323889115077
0.7257172234691569	0.19306704751865805	0.7312516005289922	0.744453891079094	0.6999667478778682	0.6992848490327971	0.7002222542511624	0.6996121984098002	0.7000556024208039	0.6997550833229172	0.6995249175246223	0.7006676584107245	0.700576249880255	0.7003422570664566	0.6999416032699812	0.700628202802049	0.699337397547514	0.7012849657975284	0.7004572750931916	0.6997794851019277	0.6994027478735807	0.7006298020631259	0.7013541060333915	0.6997076292057504	0.7000872183268245
0.38064199284612416	0.49110930004614395	0.7312500261032485	0.7445353981973336	0.6999536954751214	0.7002639466733247	0.7000089240485236	0.7000052378373948	0.6997815892171667	0.6997557547143883	0.6997941061913784	0.7005374610136289	0.7003751206847723	0.7003103293978102	0.7001325900749868	0.7006448878335116	0.699339422693681	0.7012972919196683	0.7021233948863759	0.7005405108902526	0.6989080460804638	0.7005838667798163	0.7000200239635876	0.6988146468212897	0.6986210240543319
0.4899758460743766	0.5765330902703312	0.731264626834584	0.7445313888509094	0.6999523208418512	0.7003648167215446	0.7003512936486043	0.6995912481775383	0.6997785686157754	0.6997288946721741	0.6996903223366849	0.700670613999826	0.7004711751941008	0.6978643950536255	0.7001094499874165	0.7006202310578828	0.6993164325155904	0.7010635545965057	0.7004535646257032	0.7007228432480582	0.6994380366688189	0.7006226215151706	0.7003731877772205	0.699885215702205	0.7000441532493883
0.5456683461038425	0.7825891486430304	0.7312660230064914	0.7444524431318114	0.6999519171218089	0.700010517315254	0.7002278777504142	0.7014078714330991	0.7001904683843875	0.6997489805538751	0.699500090371022	0.7004995390174962	0.7005765962054816	0.7002622752321755	0.7001357313795794	0.7006252131867061	0.6994981421288335	0.701124994203949	0.6999996516500265	0.7013723224668644	0.6994902860855465	0.7007022552342086	0.7000986939563729	0.6996544934845712	0.7001579401581917
0.4933097507757762	0.19284722084710154	0.7313313722881363	0.7444574626720691	0.699952899242228	0.6999415082099617	0.7000493714290854	0.6999814564506794	0.6997716728745669	0.6997489805538751	0.6997953499405706	0.7006576479252786	0.700470647110675	0.7003434851649802	0.7001566474279777	0.7005109263867775	0.6993365359105183	0.7012783951385786	0.7000048168607054	0.6998693532470884	0.6994472960867306	0.7006102024423473	0.7004321098283113	0.6998843758485185	0.7000100212799537
0.07470376988374926	0.23217979266551242	0.7312494363574205	0.7445299573729636	0.6999582136244061	0.6999455666393422	0.7000101949736557	0.6995135821229302	0.7007939041993516	0.7002094611577873	0.6996878680772985	0.7006696705069158	0.700655609028596	0.7007418875655653	0.6999188706600874	0.7004854655022228	0.6994428458162618	0.7012908028596405	0.6999386293863097	0.7005554916676334	0.6988683244378869	0.7003919552413086	0.7001223738962595	0.6985084448614491	0.700137078953587
0.030832049208324996	0.12032787617215362	0.7312665230697113	0.7445340769645704	0.6999528681264247	0.7002279846550641	0.6999102317489675	0.6995777553918189	0.6997786708635404	0.6998609757966181	0.6996908505213116	0.7006367351996208	0.7004601398300337	0.7003435656814314	0.7001495051488805	0.7006227205000648	0.6993166747785506	0.7010700608619983	0.6999952719096105	0.7006565786843484	0.6994465679668198	0.7005750136430511	0.7002005642526297	0.6998902109820916	0.7000148295481098
0.36155228789880367	0.2210790981587432	0.7312683710273195	0.7445358552705701	0.6999524110953843	0.7003605635227462	0.6998859870091458	0.7000278968224731	0.700066223215715	0.7000495951547192	0.6996962860185819	0.7006752281716315	0.7003272924923124	0.7003438292228006	0.7001303378443089	0.7005773187057871	0.6993971381794684	0.701069206553815	0.7004272106281147	0.7006909678069715	0.6994673807705326	0.7007254043903238	0.7001594207454266	0.6999337588810225	0.700232355690549
0.6616648567224259	0.8985706823922506	0.7312648411032557	0.7444541267142588	0.6999521858073775	0.6999374621064413	0.7002002211458744	0.699978495956572	0.7001724731793965	0.7000840718704461	0.6996824661963036	0.7008076096370938	0.700314525740669	0.7002505361082413	0.6997865753518672	0.7004912518848724	0.702002700294953	0.7012849523492092	0.7004426196024462	0.7022841655324732	0.6993962541363972	0.70062650576658	0.7002341624097264	0.7005326359540529	0.7000820460402958
0.30936314475153753	0.9306459853168085	0.7312647365307701	0.7445324723791038	0.6999523324194539	0.7003560691031763	0.7003512936486043	0.6995912481775383	0.6997786787049581	0.6998665599759919	0.6996903223366849	0.700670613999826	0.7003799055755829	0.700343742378756	0.7001094499874165	0.7006239446855003	0.6993155969841386	0.7010635545965057	0.7004400351211959	0.7007228432480582	0.6994380366688189	0.7006227191228965	0.7001775499765952	0.6999334091621497	0.7000421307420391
0.1226498517337688	0.9137580936852188	0.73126440706324	0.7445291661745926	0.6999592552175851	0.6999749252602648	0.700006676422778	0.7001452182801308	0.7000576120788907	0.7001411112818556	0.6997909513196287	0.7004960152816989	0.7003009048669567	0.7002810907236239	0.6954177364840297	0.6995159217137945	0.7010909270844641	0.7010724892893154	0.7004427060718409	0.7013029349807542	0.6994237151590332	0.7006463623681419	0.7002857676972066	0.7005620615288404	0.6976698211822661
0.44495820191130225	0.5033552255795453	0.7312494632666843	0.7444508123408681	0.6999117872241953	0.7001521713649691	0.6996055118222074	0.7000232515738497	0.7001293355302582	0.7000897029288129	0.699682579929758	0.7004836716295132	0.7004570797871943	0.7003823501017775	0.6992141788305696	0.7006253645765016	0.6994645269497656	0.699413104125488	0.7004131929366127	0.7013753817265154	0.6995019635355502	0.7005823736453771	0.7001973832108928	0.6998850682785782	0.7002124439942838
0.15392988880080394	0.7483886073605863	0.7312646752943244	0.7444532746790682	0.6999536889772243	0.6992785523749183	0.6998889600120377	0.699617537087357	0.7000678753727114	0.6997477420201985	0.6996862304945864	0.7013313813784261	0.7004567344491937	0.7003514870504927	0.6998644864210786	0.700649297173897	0.7022286824962575	0.7013078927226651	0.7030171840988289	0.7007114273503577	0.6993799634464151	0.700631677908498	0.7004959575179639	0.6997001425157353	0.7005575589627194
0.2997401371115872	0.5746703308872415	0.7312558835003055	0.7444340328743735	0.6999562724998502	0.6993084375606785	0.6998889350374735	0.7000592453052088	0.7001153071915794	0.7002165464583254	0.6997782017411045	0.70075159276437	0.7004523991157693	0.7006629739139678	0.6999393025541354	0.7006179876517121	0.6993625314386857	0.7012894780865092	0.700043047987702	0.7005437742559971	0.6988148910396476	0.7006318100733193	0.697980098513318	0.6999056704478561	0.7005844932655879
0.6736431062987246	0.18412457751798855	0.7312553063743946	0.7445772797052498	0.699956663765045	0.7002496879917575	0.6998877669634258	0.6979457785984498	0.6997740652239294	0.7000736734425854	0.6997831050976279	0.7006682198494462	0.7004283585734795	0.70031498821116	0.6999409491811743	0.7005750508649915	0.6991083312344076	0.7010756180653288	0.7004434947128686	0.7012969241950562	0.69948939637076	0.7005839387294294	0.7002857477428136	0.7005040660850247	0.7001974683703128
0.4629098496383726	0.04210604891035517	0.7313293951929277	0.7444576936140349	0.6999521783584683	0.6999744687446642	0.6998997324263794	0.6999661915055925	0.7001586211137294	0.6997605297144998	0.6996920044397519	0.7004894868415905	0.7005735247542608	0.7002622752321755	0.6956334535066	0.700461495537657	0.6994982407717597	0.701124994203949	0.7004244694462813	0.7013723224668644	0.6989345906440894	0.7007020410451447	0.7002631692505551	0.6995372337254464	0.6988931964310896
0.25783483361093584	0.8195323651466067	0.7312496171795061	0.744458136151518	0.6999581766788011	0.7000122841887197	0.7002833376306393	0.7000253779201178	0.7000893924905686	0.6998631234650663	0.699498629413162	0.7006399572005904	0.7006025732340817	0.7002524217435178	0.7001584782888439	0.7006452837253321	0.6995520936480409	0.7011765639418042	0.699957965829538	0.7005993927173776	0.6994528030007259	0.7006446653522168	0.7003203965147158	0.6997156155918014	0.7002187987275293
0.7257172234691569	0.3209926226397024	0.7312710799655241	0.744453891079094	0.6999667478778682	0.6992848490327971	0.6998736321776505	0.6996121984098002	0.7000556024208039	0.6997550833229172	0.6995249175246223	0.7006816599769514	0.700576249880255	0.7003469009415827	0.6999463175138966	0.700647016923469	0.699337397547514	0.7012849657975284	0.7004572750931916	0.6998018646603263	0.6993759251535614	0.7006298020631259	0.7013541060333915	0.6997075562279739	0.7000872183268245
0.6333896778129531	0.49110930004614395	0.7312493095153335	0.744458510561823	0.6999616035887186	0.6999401421750283	0.7000089240485236	0.6999986707376655	0.7000698469463045	0.7000801132613531	0.6997939230612463	0.7005438340295692	0.7004296983516204	0.7002534803055155	0.7001269594916466	0.7006263630923192	0.699339422693681	0.7010636277613104	0.7000142163985624	0.7011955580766002	0.6989080460804638	0.7006414729000998	0.7002851699473425	0.6987899230064427	0.6986278739124224
0.3800778895440662	0.9991569474518348	0.7312513069949234	0.7444506250499848	0.699957602621153	0.7002376519310319	0.6998867827128881	0.7000295329893175	0.7001442387980515	0.6832615623980911	0.69965605917092	0.7006835401178559	0.7004605522593063	0.7003145953950396	0.7004860890149801	0.7005865905093783	0.6993565711093632	0.6993973994673817	0.7002153130961952	0.7006407332876027	0.6994825365634516	0.7007081399841409	0.694306300247079	0.6996210603064729	0.7000554959275006
0.03988283686131533	0.49110930004614395	0.7312499884612655	0.7445353655569898	0.6999573499174437	0.6999401421750283	0.7000089240485236	0.6999986707376655	0.6997815892171667	0.6997557547143883	0.6997941061913784	0.7005364332676051	0.7004296983516204	0.7002534264399733	0.7001246179102996	0.7005777743053997	0.699339422693681	0.7012972919196683	0.7020776666395463	0.7005405108902526	0.6989080460804638	0.7005842553896483	0.7002591514459705	0.6987899230064427	0.6986278739124224
0.018109746389906062	0.986942468209797	0.7312511039229708	0.7444581400030486	0.6999143347417713	0.7000192400807851	0.6996086590884859	0.7000234961159065	0.6997739407006225	0.6996683343353388	0.6993419573018197	0.6986790472881726	0.7001392944275334	0.7003767691352792	0.6992117341805287	0.7006376744259614	0.6995823787659833	0.6993759477477686	0.6999567025795433	0.7013683141499478	0.6994893068133637	0.7005839055126244	0.7002957368543897	0.7005150679829873	0.7000885110512804
0.1418402396761875	0.310625332252475	0.7312668584067443	0.7445325410767712	0.6999610241936414	0.7003554585480487	0.7002828182448758	0.6995514101325012	0.69977899166274	0.7000588927054348	0.699791043787316	0.7005366898166098	0.7001288083384127	0.7003413848879638	0.6999814889342687	0.7006275157290351	0.699354779406187	0.7010634811516341	0.7004463117176383	0.7009781029089195	0.6988528992687082	0.7006285510644411	0.7004991520600701	0.6934234412848097	0.7000720636230463
0.33443590644763566	0.030470943098407255	0.7312582388624981	0.7444118492937366	0.6999560256198966	0.7000998705300162	0.6998929156405479	0.6996448322540858	0.7001568984570208	0.6997276882328679	0.6997943462072876	0.7013125573035544	0.7006017357426152	0.7001202087484502	0.6997967405768603	0.7004835847234274	0.6994688736822793	0.7012430046556268	0.6999016936623084	0.7011937728867383	0.6994767189919232	0.7003948270922415	0.7063852406409793	0.6996709114998436	0.7001363357121084
0.7993387118055036	0.24825157612609156	0.7313313722881363	0.7444574626720691	0.6999528943430489	0.6999360826518467	0.699890251695632	0.6999661915055925	0.7001777507715821	0.6997489805538751	0.699689429692181	0.7006938898619035	0.7005769093602885	0.700262120443374	0.6997927891244585	0.7005829403693183	0.6993681294607702	0.7012779191309074	0.6999996516500265	0.70060523769962	0.6989489774044467	0.7006099567559642	0.7004321889539141	0.6996544934845712	0.6999293573966572
0.7198321551713325	0.5781245172310295	0.7312527766570064	0.7444504792311387	0.69996679845736	0.6992734313907054	0.6999391107112655	0.7000563145292661	0.700138242813614	0.6997298293422637	0.699685426396043	0.7007516488000428	0.7006084090757217	0.7003103811109908	0.699820314326447	0.7006826862781631	0.6993622982519883	0.7012894927768628	0.7105974567204953	0.7006113901004684	0.6993771610165407	0.7006285958264119	0.7000777245409788	0.6998995023709138	0.7000864361537676
4.446268162048778E-17	0.9917926898284773	0.731294919366023	0.7444560732316076	0.6999596509258585	0.6999493388633587	0.7000972151389556	0.6995782547580188	0.7000879761753734	0.69975393984387	0.699692364543091	0.700510300677777	0.7001440331509093	0.7003802353765319	0.6999783762480064	0.7006012723851001	0.6992788484124436	0.7010352328400864	0.6862322899766008	0.7013419248759413	0.6989881523282864	0.7006421945210134	0.7002573128686846	0.699293666006548	0.6999535494904485
0.029252833027923912	0.7758074656858066	0.7312172167810262	0.744457102521829	0.6999521644539074	0.7001063849502174	0.7002229417170083	0.6999854893137465	0.700190898207176	0.6997520267275079	0.6996853477292835	0.7004993153532934	0.7001010819034613	0.700339328591556	0.699820314326447	0.7006835331737945	0.6995013772699356	0.7010693961551088	0.7005839780517408	0.7006137289276453	0.6995000970445135	0.7003656936843677	0.700116699064233	0.6989060734556704	0.7002047309595643
0.011633063004190813	0.24825157612609156	0.7313313722881363	0.7444574626720691	0.6999529247980165	0.6999360826518467	0.699890251695632	0.6991195048736633	0.6997900682753905	0.699727928469147	0.699689429692181	0.7006938898619035	0.7005769093602885	0.7003312534009944	0.6997927891244585	0.7005829403693183	0.6993681294607702	0.7012613859292914	0.6996334508019905	0.70060523769962	0.6989243412014444	0.7006148556827477	0.7004321889539141	0.6996544934845712	0.6999293573966572
0.4085872297692871	0.48599188308804553	0.7314125054210798	0.7444587646314954	0.6999562839662499	0.699264681255002	0.6999076483488335	0.7000071604624262	0.7000723060604508	0.7000820483563094	0.6996873162130554	0.7009265842813814	0.7004562122428116	0.700279246917972	0.7003558365783664	0.7006253645765016	0.6994636090968098	0.7013930277259587	0.6999622764192909	0.7013369417630689	0.6989326460867079	0.7006086837961178	0.7005819021323587	0.6998886162215786	0.7001117977964773
0.5369696121229643	0.9803317451247816	0.7312643196902961	0.7444518184498847	0.6999530140408514	0.7003416812680889	0.7001975911128693	0.6998879496441802	0.7000448449031639	0.7000871074506134	0.7041223570532997	0.7006959409096759	0.7003089643886283	0.6995550898323727	0.6997817671448496	0.706702795713432	0.6994843570493625	0.7010435281269555	0.700129388562646	0.700632216386825	0.6990372916759263	0.7007291660386897	0.7005295124327268	0.6997098216894786	0.7003892919219857
0.7038045488171139	0.18412457751798855	0.731255172640332	0.7444499120619155	0.6999566197522019	0.7002423659825546	0.6999397776208048	0.6979141133614151	0.6997740652239294	0.7000909135375153	0.6997843358122006	0.7006682198494462	0.7004283585734795	0.7003104504212578	0.6999409491811743	0.7005785666570551	0.6991083312344076	0.7010755255885194	0.7004434947128686	0.7012969241950562	0.69948939637076	0.7005839387294294	0.7002857477428136	0.7005171606445978	0.7001980133858828
0.5156179329795819	0.23215437735604966	0.7312647365307701	0.744457435770673	0.6999529876258002	0.7003560691031763	0.6998917806197835	0.6999762443787992	0.6997786787049581	0.7000475358881992	0.6996909746702665	0.7004759905239174	0.7003234750176176	0.7002612042380808	0.7001168202452782	0.7006283642193083	0.6993491136257626	0.7013076900506453	0.7000005435973451	0.7007228432480582	0.6995021710130942	0.7006288346502264	0.7002102321129334	0.6996745118752308	0.7000421307420391
0.21416399588248666	0.516351752112054	0.7312492450448522	0.7444508123408681	0.6999548192076908	0.700194696719971	0.6996242120954056	0.6996690853760958	0.7001293355302582	0.7000902826966324	0.6996868305671672	0.7007414108723525	0.7001541673957115	0.7003823501017775	0.700134199467665	0.7006253645765016	0.6995518247441285	0.699413104125488	0.6999235668646683	0.7013663712075366	0.6995020550527211	0.7005835215914247	0.70021256783808	0.6998868234881649	0.7006156229865007
0.06714971201117198	0.4790657055590939	0.7312497731012494	0.7445318316741796	0.6999572882086057	0.6999401421750283	0.7000089240485236	0.6999985868672332	0.6997815871382587	0.6997490323839558	0.6997958169880457	0.7004976590906051	0.7004317613337067	0.7002534264399733	0.7001242703622658	0.7005777166285926	0.6994984445237857	0.7011584903581132	0.699906774006563	0.7005558563499187	0.6989080460804638	0.7006414729000998	0.7002592217881307	0.6987899230064427	0.6986278739124224
0.23346569297517658	0.516351752112054	0.7312492450448522	0.7444508123408681	0.6999548214822573	0.700194696719971	0.6996361828362704	0.6996690853760958	0.7001294723908537	0.6997551302977484	0.6996886802147998	0.7007414108723525	0.7001541673957115	0.7003823501017775	0.7001342117726234	0.7006253650013846	0.6995518247441285	0.699413104125488	0.6999235668646683	0.7013662760850617	0.6995020550527211	0.7005835215914247	0.70021256783808	0.6998868234881649	0.7006156229865007
0.4931980515681078	0.5908608734465014	0.7312541527754882	0.744457858566612	0.699952899242228	0.6999415082099617	0.7000493714290854	0.6999814564506794	0.6997716728745669	0.6997278595903659	0.6997953499405706	0.7006576479252786	0.700470647110675	0.7003434851649802	0.7001566474279777	0.7005109263867775	0.6993356539917738	0.7012783951385786	0.7000048168607054	0.6998693532470884	0.6994472960867306	0.7006099545759258	0.706220488275415	0.6998843758485185	0.7000078292523914
0.7853961760039622	0.5670981169314485	0.7313318885581385	0.7444576321322361	0.6999523728357747	0.6993137256939458	0.6999370858400625	0.6996530564036333	0.7000806407550737	0.6998439039269162	0.6996863331121964	0.7006940336390134	0.7006006315507786	0.7003225302468356	0.7001303930265328	0.7006253592509605	0.6995437110311821	0.701041711721559	0.700427778454351	0.7013673054057606	0.6989514276613231	0.7006102634738574	0.7001661051332126	0.6996549597262788	0.7002323889115077
