6.884231347929972364e-03
5.761907594288318349e-03
5.882723433941442100e-03
1.828873507622027486e-03
3.748720429147376146e-03
1.270969877629432934e-03
4.526953151038436325e-03
4.946026965844548505e-03
1.331268120694368813e-03
6.507327649710291893e-03
1.448571176612443263e-03
2.419192204379228515e-03
6.392902022539936717e-03
8.209724862125747369e-03
4.331489388977456147e-03
7.166839515659179788e-03
6.356662524682403330e-03
6.161945920955210799e-03
3.663374499493664369e-03
7.428093204741290957e-03
4.374010051395677001e-03
1.640446482570206282e-03
4.314286648745534365e-03
7.787119856108656521e-03
5.591483539333700487e-03
5.428788772830414611e-03
7.514983397086390064e-03
4.367367114519963428e-03
9.426341112331902000e-03
5.544432876074117944e-03
1.231689074759879281e-03
