-18559.0 -19249.0 
-18559.0 -19249.0 
-19537.0 -18042.0 
-19537.0 -18042.0 
-18701.0 -19244.0 
-19364.0 -18518.0 
-19376.0 -18432.0 
-19257.0 -18699.0 
-19216.0 -18705.0 
-19159.0 -18778.0 
-18701.0 -19244.0 
-19200.0 -18766.0 
-18773.0 -19174.0 
-18996.0 -18947.0 
-18880.0 -19100.0 
-19215.0 -18754.0 
-19274.0 -18642.0 
-18773.0 -19174.0 
-19502.0 -18049.0 
-19451.0 -18316.0 
-18973.0 -19014.0 
-19141.0 -18822.0 
-18818.0 -19117.0 
-18981.0 -18997.0 
-19460.0 -18274.0 
-19327.0 -18565.0 
-19340.0 -18542.0 
-19291.0 -18612.0 
-18809.0 -19134.0 
-19027.0 -18940.0 
-19274.0 -18642.0 
-18846.0 -19116.0 
-19474.0 -18239.0 
-19302.0 -18581.0 
-19071.0 -18888.0 
-19098.0 -18856.0 
-19460.0 -18274.0 
-19431.0 -18361.0 
-19071.0 -18888.0 
-19051.0 -18908.0 
-19060.0 -18903.0 
-18781.0 -19160.0 
-19098.0 -18856.0 
-19291.0 -18612.0 
-18846.0 -19116.0 
-19323.0 -18577.0 
-19340.0 -18542.0 
-18943.0 -19016.0 
-19364.0 -18518.0 
-19043.0 -18927.0 
-18923.0 -19019.0 
-18809.0 -19134.0 
-19474.0 -18239.0 
-18892.0 -19055.0 
-19443.0 -18319.0 
-18981.0 -18997.0 
-18901.0 -19050.0 
-18781.0 -19160.0 
-19416.0 -18407.0 
-19159.0 -18778.0 
-19125.0 -18831.0 
-19438.0 -18344.0 
-19395.0 -18429.0 
-18886.0 -19080.0 
-19141.0 -18822.0 
-19442.0 -18341.0 
-19304.0 -18579.0 
-19110.0 -18845.0 
-19429.0 -18379.0 
-19110.0 -18845.0 
-19125.0 -18831.0 
-18886.0 -19080.0 
-19420.0 -18391.0 
-19257.0 -18699.0 
-19027.0 -18940.0 
-18943.0 -19016.0 
-18996.0 -18947.0 
-18908.0 -19040.0 
-19410.0 -18413.0 
-18774.0 -19170.0 
-18908.0 -19040.0 
-19043.0 -18927.0 
-19407.0 -18420.0 
-18920.0 -19025.0 
-18920.0 -19025.0 
-19395.0 -18429.0 
-19376.0 -18432.0 
-19420.0 -18391.0 
-19502.0 -18049.0 
-19429.0 -18379.0 
-19407.0 -18420.0 
-18892.0 -19055.0 
-19499.0 -18217.0 
-19495.0 -18073.0 
-19495.0 -18073.0 
-18681.0 -19056.0 
-18845.0 -18919.0 
-19115.0 -18680.0 
-19351.0 -18366.0 
-19245.0 -18534.0 
