-19209.0 -18734.0 
-18192.0 -19688.0 
-18192.0 -19688.0 
-18345.0 -19660.0 
-18272.0 -19666.0 
-19148.0 -18916.0 
-18966.0 -19122.0 
-19185.0 -18812.0 
-18403.0 -19631.0 
-18407.0 -19609.0 
-18501.0 -19599.0 
-18266.0 -19683.0 
-19103.0 -18965.0 
-18678.0 -19460.0 
-18633.0 -19509.0 
-18705.0 -19444.0 
-18804.0 -19378.0 
-18953.0 -19179.0 
-19112.0 -18921.0 
-18345.0 -19660.0 
-18749.0 -19421.0 
-18887.0 -19239.0 
-18452.0 -19602.0 
-18548.0 -19558.0 
-18755.0 -19397.0 
-19109.0 -18941.0 
-18549.0 -19534.0 
-18668.0 -19477.0 
-18922.0 -19235.0 
-19072.0 -18976.0 
-18813.0 -19342.0 
-18218.0 -19686.0 
-19043.0 -19052.0 
-18833.0 -19307.0 
-18714.0 -19431.0 
-19174.0 -18830.0 
-18452.0 -19602.0 
-19165.0 -18877.0 
-18509.0 -19570.0 
-18633.0 -19509.0 
-18865.0 -19295.0 
-18984.0 -19110.0 
-18668.0 -19477.0 
-18879.0 -19269.0 
-19185.0 -18812.0 
-19170.0 -18865.0 
-18876.0 -19270.0 
-18945.0 -19203.0 
-18598.0 -19519.0 
-19004.0 -19057.0 
-19056.0 -19020.0 
-18945.0 -19203.0 
-18828.0 -19327.0 
-18403.0 -19631.0 
-19061.0 -19016.0 
-18948.0 -19186.0 
-18995.0 -19086.0 
-18524.0 -19563.0 
-18776.0 -19389.0 
-18578.0 -19526.0 
-18826.0 -19334.0 
-18982.0 -19116.0 
-19165.0 -18877.0 
-18774.0 -19392.0 
-19064.0 -18996.0 
-18218.0 -19686.0 
-18846.0 -19298.0 
-19027.0 -19056.0 
-18995.0 -19086.0 
-18922.0 -19235.0 
-19064.0 -18996.0 
-19174.0 -18830.0 
-19003.0 -19071.0 
-18903.0 -19237.0 
-18804.0 -19378.0 
-18598.0 -19519.0 
-18953.0 -19179.0 
-18524.0 -19563.0 
-19072.0 -18976.0 
-18714.0 -19431.0 
-18578.0 -19526.0 
-18903.0 -19237.0 
-18813.0 -19342.0 
-19043.0 -19052.0 
-19056.0 -19020.0 
-19027.0 -19056.0 
-19003.0 -19071.0 
-19170.0 -18865.0 
-18749.0 -19421.0 
-18846.0 -19298.0 
-18509.0 -19570.0 
-18588.0 -19524.0 
-18865.0 -19295.0 
-18776.0 -19389.0 
-18588.0 -19524.0 
-18501.0 -19599.0 
-18549.0 -19534.0 
-19056.0 -19020.0 
-18749.0 -19421.0 
-19043.0 -19052.0 
