-19252.0 -18797.0 
-19252.0 -18797.0 
-18057.0 -19772.0 
-18057.0 -19772.0 
-18484.0 -19612.0 
-19154.0 -18962.0 
-19173.0 -18885.0 
-19055.0 -19095.0 
-18592.0 -19515.0 
-19044.0 -19129.0 
-19098.0 -19052.0 
-18157.0 -19764.0 
-18589.0 -19549.0 
-19102.0 -19013.0 
-18283.0 -19711.0 
-18627.0 -19511.0 
-18819.0 -19385.0 
-19215.0 -18825.0 
-18421.0 -19628.0 
-19212.0 -18869.0 
-18225.0 -19722.0 
-19063.0 -19072.0 
-18100.0 -19767.0 
-19123.0 -19009.0 
-18500.0 -19590.0 
-18936.0 -19237.0 
-19017.0 -19132.0 
-18692.0 -19472.0 
-18205.0 -19729.0 
-19241.0 -18813.0 
-19133.0 -18987.0 
-18911.0 -19277.0 
-18383.0 -19655.0 
-18509.0 -19582.0 
-18763.0 -19402.0 
-18193.0 -19743.0 
-18660.0 -19478.0 
-19001.0 -19143.0 
-18750.0 -19419.0 
-19148.0 -18983.0 
-18776.0 -19396.0 
-18738.0 -19424.0 
-18319.0 -19679.0 
-18399.0 -19652.0 
-18349.0 -19657.0 
-18917.0 -19253.0 
-18884.0 -19292.0 
-18100.0 -19767.0 
-19174.0 -18871.0 
-18954.0 -19233.0 
-18523.0 -19564.0 
-18555.0 -19550.0 
-18869.0 -19309.0 
-18305.0 -19698.0 
-19154.0 -18962.0 
-18857.0 -19334.0 
-18714.0 -19430.0 
-19225.0 -18822.0 
-19201.0 -18870.0 
-18157.0 -19764.0 
-18655.0 -19485.0 
-18193.0 -19743.0 
-18693.0 -19456.0 
-18970.0 -19210.0 
-18406.0 -19634.0 
-18990.0 -19182.0 
-19173.0 -18885.0 
-18640.0 -19494.0 
-18283.0 -19711.0 
-18995.0 -19161.0 
-18421.0 -19628.0 
-18840.0 -19362.0 
-18819.0 -19385.0 
-18225.0 -19722.0 
-18884.0 -19292.0 
-18327.0 -19660.0 
-18869.0 -19309.0 
-18857.0 -19334.0 
-19063.0 -19072.0 
-18840.0 -19362.0 
-18322.0 -19672.0 
-18305.0 -19698.0 
-18979.0 -19199.0 
-18970.0 -19210.0 
-18523.0 -19564.0 
-19098.0 -19052.0 
-18996.0 -19158.0 
-18711.0 -19436.0 
-18776.0 -19396.0 
-18844.0 -19351.0 
-18547.0 -19552.0 
-18990.0 -19182.0 
-18338.0 -19658.0 
-18917.0 -19253.0 
-18693.0 -19456.0 
-18711.0 -19436.0 
-18844.0 -19351.0 
-18979.0 -19199.0 
-18911.0 -19277.0 
-18640.0 -19494.0 
