-18490.0 -19523.0 
-19288.0 -18505.0 
-18490.0 -19523.0 
-19288.0 -18505.0 
-19253.0 -18647.0 
-19259.0 -18543.0 
-19207.0 -18767.0 
-18668.0 -19410.0 
-19211.0 -18713.0 
-19167.0 -18830.0 
-19234.0 -18690.0 
-18871.0 -19197.0 
-18529.0 -19468.0 
-18907.0 -19195.0 
-19167.0 -18830.0 
-19207.0 -18767.0 
-18690.0 -19338.0 
-18688.0 -19373.0 
-18670.0 -19378.0 
-18627.0 -19416.0 
-18494.0 -19478.0 
-18505.0 -19469.0 
-18759.0 -19318.0 
-19020.0 -19050.0 
-18537.0 -19440.0 
-18590.0 -19424.0 
-18627.0 -19416.0 
-19003.0 -19054.0 
-18821.0 -19250.0 
-19253.0 -18647.0 
-19034.0 -19011.0 
-19234.0 -18690.0 
-18785.0 -19288.0 
-18802.0 -19251.0 
-18730.0 -19326.0 
-19066.0 -18998.0 
-18736.0 -19320.0 
-18827.0 -19232.0 
-18965.0 -19115.0 
-18977.0 -19103.0 
-18848.0 -19225.0 
-19022.0 -19024.0 
-19072.0 -18967.0 
-18590.0 -19424.0 
-18564.0 -19430.0 
-19271.0 -18533.0 
-18916.0 -19159.0 
-19133.0 -18891.0 
-18764.0 -19293.0 
-19136.0 -18876.0 
-19094.0 -18944.0 
-18986.0 -19080.0 
-19117.0 -18892.0 
-19104.0 -18924.0 
-19156.0 -18848.0 
-19156.0 -18848.0 
-18926.0 -19157.0 
-18709.0 -19332.0 
-19055.0 -19004.0 
-19104.0 -18924.0 
-18997.0 -19072.0 
-18763.0 -19300.0 
-18932.0 -19127.0 
-19271.0 -18533.0 
-18709.0 -19332.0 
-18852.0 -19222.0 
-18937.0 -19122.0 
-18794.0 -19262.0 
-18554.0 -19438.0 
-19144.0 -18867.0 
-19028.0 -19019.0 
-19211.0 -18713.0 
-19094.0 -18944.0 
-18972.0 -19105.0 
-18852.0 -19222.0 
-18871.0 -19197.0 
-19080.0 -18959.0 
-19114.0 -18902.0 
-18910.0 -19177.0 
-19261.0 -18542.0 
-19080.0 -18959.0 
-19144.0 -18867.0 
-18548.0 -19439.0 
-18927.0 -19140.0 
-19114.0 -18902.0 
-18792.0 -19268.0 
-18910.0 -19177.0 
-18950.0 -19120.0 
-18950.0 -19120.0 
-19055.0 -19004.0 
-18986.0 -19080.0 
-18564.0 -19430.0 
-18997.0 -19072.0 
-19072.0 -18967.0 
-18792.0 -19268.0 
-18827.0 -19232.0 
-18927.0 -19140.0 
-18494.0 -19478.0 
-18785.0 -19288.0 
-19066.0 -18998.0 
