0.8057757622429685 158625.28041431567 
0.919930180587401 129886.3376172715 
0.6489521557757609 136574.09326563065 
0.39131985761402066 154675.64238478988 
0.3746414726188979 199722.05798086748 
0.4553716689761296 162270.25370743393 
0.49858481979925895 163437.435166678 
0.04147663947663749 147939.3047140795 
0.652596341250587 167704.88595976407 
0.008199093376083155 175043.66361301093 
0.17319818724119396 197685.9761561121 
0.6618241965442293 161772.64490943894 
0.4024060578025367 132632.85995558536 
0.4019353041825625 183020.22456182135 
0.8675711327746168 192211.64297066742 
0.09983742795333861 186184.7147924374 
0.46517680380228454 160625.44061427357 
0.1813634954084491 160928.85792173748 
0.5551269779684839 127577.15532618998 
0.16713740040616165 165333.52614129477 
0.2966161936922763 128085.49652176509 
0.9769430913528587 156828.42660644685 
0.20460075585434245 163030.72572611328 
0.3678904449667141 143468.12739373685 
0.8362172764298753 150227.881065255 
0.18942784092673992 198907.49367746734 
0.08672283937172254 165921.63323915834 
0.8179233645247983 145032.0422760811 
0.011713016243366958 154590.40139749032 
0.6938875502005039 139395.98688006875 
0.7527945252324504 155500.00175617269 
0.38101092507312717 140644.4172098245 
0.9382387973595313 169818.68143026583 
0.8327763437669902 160029.47690005854 
0.6218753986251965 113618.28312535035 
0.6116923865427639 189291.1868071462 
0.5079096594321607 169367.04797299742 
0.8928612576987359 171625.7673568463 
0.41309924468979475 165921.99149137168 
0.33114975060365026 145367.56319876545 
0.46878750813110925 169521.38736144215 
0.906006863127547 153466.56715369973 
0.11209750021732556 181187.47877658732 
0.03951993808361809 159466.6094562149 
0.5908736835725363 187066.522201736 
0.20353666764000566 190350.83620867218 
0.6012508904670957 122804.51864648801 
0.4188588389688054 185828.3043731561 
0.27856263143115156 127208.59223161024 
0.25804358934795757 142068.98365043977 
0.15882473458805257 153029.07084960135 
0.17545262446273546 110308.32647450417 
0.7929680242468136 163087.43729054977 
0.33595061786074076 166172.83109404947 
0.5005038572158714 164119.7350066139 
0.15146723125839212 165884.1272493548 
0.544013500172783 190428.9821231892 
0.081437074453942 135102.59304328883 
0.6899367581062599 139093.8813702141 
0.39957882744700934 194795.86569707838 
0.06899797941554398 204215.34026097375 
0.1914366270755783 167192.17823732778 
0.7352543781388322 147119.03087261427 
0.37199077481074316 148439.2873103032 
0.9663312957672626 194301.3514683655 
0.0750653257761994 166326.94729674348 
0.5175915844007485 179058.99490991567 
0.45269330932040586 154997.25397136415 
0.28427882070103505 169445.96386510646 
0.01740027843665881 167842.70989266539 
4.6878045776554966E-4 171328.71685609256 
0.5107556473992401 192452.45059019662 
0.2882542002108509 149182.92198387734 
0.918690108338174 154146.25064331366 
0.7921812280811745 169211.95785076707 
0.21020857697533435 167232.7854422001 
0.36278823388394466 107405.25891536489 
0.535114089410892 154281.15799754072 
0.43645651671133734 157387.9737935065 
0.15162240492488022 130010.8807870545 
0.19778231002544278 165301.5767735796 
0.904607067523141 165693.78580937377 
0.2426541965314789 168735.77518121453 
0.07288834318237736 156584.82398644014 
0.07228877754637131 141213.43696619445 
0.9336439378573816 142364.60310723988 
0.9309489785914331 160185.7969119396 
0.4418643909289025 204721.90959979655 
0.7073987107733584 155708.0462740817 
0.6745337629843279 177979.95766756858 
0.33504458079378996 139421.05541622953 
0.2559967837326603 148091.51838491412 
0.9016576440250477 131512.43672033673 
0.12037911406147794 134555.32020553557 
0.19019068903023983 146233.7643463221 
0.14159837198866 157152.74128405665 
0.8142494779598596 119543.73319704208 
0.16430920099803026 170858.90243517296 
0.11834445551264527 180144.36625301736 
0.8238432755541932 154088.0819770094 
