0.9318053587771769 158971.12198578575 
0.6884364214882013 117207.07216183523 
0.4444886448787073 151507.8268107469 
0.785054097722028 127502.87909466618 
0.06436987945040262 158395.51217016712 
0.9486642618725839 194644.06797171672 
0.21847586123064722 160368.13680758575 
0.8864593819400591 165026.7330748863 
0.07513238276167189 184285.67310232925 
0.49820874276535876 164819.16377240303 
0.2669275375208343 162577.79187934188 
0.7773609407209765 170971.4639679479 
0.24490753452899072 152133.0711742373 
0.7432297792456843 175502.30897698918 
0.27141645018220073 136186.94793321154 
0.9107313476205565 183464.81356915607 
0.5182996230429407 143139.6924661883 
0.5231382543367041 143923.90995866482 
0.48705182945133396 201114.99588595246 
0.4256007398684819 148649.144102942 
0.8537992008717166 174912.4740910055 
0.7338725080772482 197128.63696185403 
0.9949051859777402 157809.0574213511 
0.08066989793707591 154996.07641636804 
0.7023211904436131 187528.23769284075 
0.16170692386272045 169912.40462634581 
0.2810285616433411 186014.02167847828 
0.056446238116947156 147536.89054913563 
0.7473765352056957 143646.62185125359 
0.08475341297214833 186387.27635306737 
0.6646427024609557 168604.93514304655 
0.009994054978133549 157460.31640162464 
0.821546061276605 175956.47758717305 
0.23779570813647566 164732.25533829225 
0.5919379098581833 143089.5332701221 
0.9868408899546263 170945.88617866134 
0.988284081598337 165844.75000250494 
0.040010583186354975 171993.97982985302 
0.8817092951513759 144617.90194122444 
0.6607442453963428 152614.64235194447 
0.2994241579011113 119428.2546231066 
0.4703099620048192 184987.55013575792 
0.7857198572818572 150068.4090287282 
0.9084717892766868 143714.3730095938 
0.522262877077799 192847.94828926993 
0.42616643498614304 175888.11427221738 
0.8245963868851233 159357.34979482845 
0.8914580734669413 139114.71802120717 
0.04441866834551422 169547.80384848313 
0.05058875291902476 153355.45508943973 
0.7999003818967428 202289.48622648223 
0.6434433732007563 175990.1346963982 
0.20752158341375804 148224.71237260388 
0.97999246448617 152769.09359353821 
0.4373323343617137 160523.2145527504 
0.05892189758825561 166120.26056900964 
0.7350274399520855 162269.45750737694 
0.6494116243633034 188156.121162948 
0.42501938749857704 183709.74984082914 
0.45667487785235783 166072.59585772693 
0.44805963443281194 152896.50344466823 
0.3252951524902703 183826.33136504624 
0.4624180977658072 177428.7247603625 
0.6336977576989895 204306.62159519797 
0.14915673787493366 196663.33151605495 
0.3860607774167377 158280.66550068735 
0.14449072135967123 146270.76243185112 
0.9221593080930915 173364.07280105565 
0.5291328502735815 174777.09719046703 
0.5506959928694503 145442.00184011305 
0.5189503245985786 180841.24163491506 
0.3085208466802314 178165.59279389685 
0.4146852519252966 181157.4609684067 
0.419080817305337 168806.77533723993 
0.23864879047049814 171095.94680199175 
0.1654131972612478 179356.77552991416 
0.8641084366730805 180066.0150311883 
0.35447564574801116 176169.9876113596 
0.5521887010202186 133719.34347751053 
0.7246728929625295 153225.82841445712 
0.91344446699897 183789.4046473702 
0.12287337446346991 176149.40333020766 
0.82258689316201 144249.45101870375 
0.23349008026446216 150548.70849055058 
0.7432440645060252 167567.95936119222 
0.6796796755541517 166963.18748628118 
0.999884434065704 147916.04198726846 
0.6066712813150398 160109.3900550779 
0.9269514078680409 182750.23552810083 
0.1486053889518485 183203.2126870085 
0.10245303388065763 148493.7906484474 
0.545985600360796 167353.77959806146 
0.10826821585278823 166159.55532323473 
0.9348941182984732 200174.0831219785 
0.9162553669436048 173949.98065615844 
0.4421503912923377 144127.75342366807 
0.2970996334902538 177084.5629681393 
0.7845823774316657 166486.3617433743 
0.3322985433359329 178189.4580157443 
0.8433760068463528 145424.324117387 
