1	0.6795378545705567
2	0.6789529094242182
3	0.6783298935332563
4	0.6753206027397465
5	0.6753202684455408
6	0.6720103819191984
7	0.6719222569724398
8	0.671842964661847
9	0.6718576467918117
10	0.6718576467918117
11	0.6718574204323274
12	0.6718505494323544
13	0.6717116888377427
14	0.6717116888377427
15	0.6713038394946527
16	0.6713038394946527
17	0.6713038394946527
18	0.6713038394946527
19	0.6713038394946527
20	0.6712971426301889
21	0.6712971426301889
22	0.6713035857535753
23	0.6713035857535753
24	0.6713035857535753
25	0.6713035857535753
26	0.6711843582147885
27	0.6709499534739664
28	0.6709499534739664
29	0.6708270679224854
30	0.670403050745288
31	0.670403050745288
32	0.6703535160179268
33	0.6695732757912232
34	0.6693828007650333
35	0.668460308885008
36	0.668460308885008
37	0.6684047065517662
38	0.6684047065517662
39	0.6684047065517662
40	0.6683220804587781
41	0.667792542101658
42	0.667792542101658
43	0.667792542101658
44	0.667792542101658
45	0.6677276865429126
46	0.6677276865429126
47	0.6677276865429126
48	0.6677276865429126
49	0.6677071555053972
50	0.6677071555053972
51	0.667454811804047
52	0.667454811804047
53	0.667454811804047
54	0.6668845227476178
55	0.6668845227476178
56	0.666184931465249
57	0.666086607495226
58	0.666086607495226
59	0.666086607495226
60	0.6660667689864123
61	0.6660667689864123
62	0.6660667689864123
63	0.6660141488433445
64	0.6660141488433445
65	0.6660141488433445
66	0.6660137973874807
67	0.6660137973874807
68	0.6657672769664036
69	0.6656932230015683
70	0.6658444073974993
71	0.6658444073974993
72	0.6657618291630615
73	0.6657618291630615
74	0.6656484875557372
75	0.6656484875557372
76	0.6656484875557372
77	0.6656484875557372
78	0.6656484875557372
79	0.6655311855796788
80	0.6655311855796788
81	0.6655311855796788
82	0.6632539285053569
83	0.6632539285053569
84	0.6632539285053569
85	0.6630035550307369
86	0.6630035550307369
87	0.6629123939694322
88	0.6629123939694322
89	0.6629123939694322
90	0.6629123939694322
91	0.6629123939694322
92	0.6629123939694322
93	0.6627913873753289
94	0.6627913873753289
95	0.6627913873753289
96	0.6627913873753289
97	0.6627878120291637
98	0.6627878120291637
99	0.6627878120291637
100	0.6627648757010105
101	0.6627648757010105
102	0.6627648757010105
103	0.6627648757010105
104	0.6615122360583741
105	0.6615122360583741
106	0.6614404178847367
107	0.6614404178847367
108	0.6614404178847367
109	0.6614338091118007
110	0.6614338091118007
111	0.6614314425819918
112	0.6613927583541986
113	0.661391011173604
114	0.661391011173604
115	0.6613464265149486
116	0.6613464265149486
117	0.6613328746624189
118	0.6613328746624189
119	0.6609637978194767
120	0.6609637978194767
121	0.6609637978194767
122	0.6609637978194767
123	0.6609637978194767
124	0.6609637978194767
125	0.6609637978194767
126	0.6609637978194767
127	0.6609637978194767
128	0.660938036246508
129	0.660938036246508
130	0.660938036246508
131	0.660938036246508
132	0.6568929775828268
133	0.6568929775828268
134	0.6568929775828268
135	0.6568929775828268
136	0.6568929775828268
137	0.6568929775828268
138	0.6568929775828268
139	0.6568910887355429
140	0.6568910887355429
141	0.6568910887355429
142	0.656834400161516
143	0.656834400161516
144	0.656834400161516
145	0.656834400161516
146	0.656834400161516
147	0.656834400161516
148	0.6567954598741998
149	0.6558398390503986
150	0.6558398390503986
151	0.6558398390503986
152	0.6558398390503986
153	0.6558398390503986
154	0.6558398390503986
155	0.6558398390503986
156	0.6558398390503986
157	0.6558398390503986
158	0.6558398390503986
159	0.6558398390503986
160	0.6558398390503986
161	0.6558398390503986
162	0.6558398390503986
163	0.6558398390503986
164	0.6558398390503986
165	0.6558398390503986
166	0.6558398390503986
167	0.6558398390503986
168	0.6558398390503986
169	0.6558398390503986
170	0.6558398390503986
171	0.6558398390503986
172	0.6558398390503986
173	0.6558398390503986
174	0.6558398390503986
175	0.6558398390503986
176	0.6558398390503986
177	0.6558398390503986
178	0.6558360295606361
179	0.6558360295606361
180	0.6558174379528239
181	0.6558174379528239
182	0.6557846447527841
183	0.6557846447527841
184	0.6557846447527841
185	0.6557846447527841
186	0.6557846447527841
187	0.6557787366411347
188	0.6557787366411347
189	0.6557784315597853
190	0.6557784315597853
191	0.6557784315597853
192	0.6557784315597853
193	0.6557784315597853
194	0.6557784315597853
195	0.65577839189907
196	0.65577839189907
197	0.65577839189907
198	0.65577839189907
199	0.65577839189907
200	0.6556646634672652
201	0.655652727918481
202	0.6555000583442343
203	0.6554877519777639
204	0.6554877519777639
205	0.6554877519777639
206	0.6554877519777639
207	0.6554877519777639
208	0.6554877519777639
209	0.655423334782741
210	0.6554191093312585
211	0.6554191093312585
212	0.6554191093312585
213	0.6554191093312585
214	0.6554191093312585
215	0.6554191093312585
216	0.6554191093312585
217	0.6554191093312585
218	0.6554191093312585
219	0.6553994691862438
220	0.6553994691862438
221	0.6553994691862438
222	0.6550493731285418
223	0.6550493731285418
224	0.6550493731285418
225	0.6550226757155487
226	0.6550226757155487
227	0.6550224485662927
228	0.6550224485662927
229	0.6550224485662927
230	0.6550224485662927
231	0.6550224485662927
232	0.6548284959347825
233	0.6548284959347825
234	0.6548284959347825
235	0.6547283056566274
236	0.6547248798500341
237	0.6547248798500341
238	0.6547248798500341
239	0.6547248798500341
240	0.6547248798500341
241	0.6547179500494303
242	0.6547179500494303
243	0.6547179500494303
244	0.6528995205683693
245	0.6528995205683693
246	0.6528995205683693
247	0.6528995205683693
248	0.6528768658438419
249	0.6528768658438419
250	0.6528768658438419
251	0.6528760914351548
252	0.6528760914351548
253	0.652228338199373
254	0.651855092393041
255	0.651855092393041
256	0.651855092393041
257	0.651855092393041
258	0.651855092393041
259	0.6516921079969141
260	0.6514887784537098
261	0.6514887784537098
262	0.651573426187668
263	0.651573426187668
264	0.6515732897134511
265	0.6515222186876289
266	0.6510497642028111
267	0.6510497642028111
268	0.6510497642028111
269	0.6503835411620646
270	0.6503835411620646
271	0.6503835411620646
272	0.6503835411620646
273	0.6503835411620646
274	0.6503835411620646
275	0.6503835411620646
276	0.6503830658858112
277	0.6503830658858112
278	0.6503432910290751
279	0.6503432910290751
280	0.6503122335352484
281	0.6503122335352484
282	0.6495659276473087
283	0.6493896553431739
284	0.6493896553431739
285	0.6467060660410312
286	0.6467060660410312
287	0.6467034920845477
288	0.6467034920845477
289	0.6467034920845477
290	0.6467034920845477
291	0.6466833584956658
292	0.6466833584956658
293	0.6466833584956658
294	0.6466833584956658
295	0.6466245157235605
296	0.6466245157235605
297	0.6466245157235605
298	0.6466245157235605
299	0.6466245157235605
300	0.6466245157235605
301	0.6466245157235605
302	0.6466245157235605
303	0.6466245157235605
304	0.646638059592219
305	0.646610561070879
306	0.646610561070879
307	0.646610561070879
308	0.6465328444065389
309	0.6461295813588427
310	0.6461295813588427
311	0.6461295813588427
312	0.6461295813588427
313	0.6461295813588427
314	0.6458333868245217
315	0.6458305871918725
316	0.64582332067042
317	0.64582332067042
318	0.6456455272045043
319	0.6456455272045043
320	0.6456455272045043
321	0.6456455272045043
322	0.6456455272045043
323	0.6456455272045043
324	0.6456281052737709
325	0.6456281052737709
326	0.6456281052737709
327	0.6456281052737709
328	0.6456281052737709
329	0.6455284391014711
330	0.6455410278530295
331	0.6455410278530295
332	0.6455410278530295
333	0.6455405335744561
334	0.6455405335744561
335	0.6455405335744561
336	0.6455405335744561
337	0.6455405335744561
338	0.6455405335744561
339	0.6455405335744561
340	0.6455405335744561
341	0.6455405335744561
342	0.6455405335744561
343	0.6455405335744561
344	0.6455405335744561
345	0.6455405335744561
346	0.6455405335744561
347	0.6455393321415478
348	0.6455393321415478
349	0.6455393321415478
350	0.6455393321415478
351	0.6455393321415478
352	0.6455163260243649
353	0.6455163260243649
354	0.6455163260243649
355	0.6455163260243649
356	0.6455163260243649
357	0.6455163260243649
358	0.6455163260243649
359	0.6453980658168559
360	0.6453980658168559
361	0.6453980658168559
362	0.6453980658168559
363	0.6453980658168559
364	0.6453980658168559
365	0.6453753597907288
366	0.6453753597907288
367	0.6453753597907288
368	0.6452157505856718
369	0.6449622506942091
370	0.6449622506942091
371	0.6449622506942091
372	0.6449622506942091
373	0.6449622506942091
374	0.6449622506942091
375	0.6449616648798404
376	0.6448653592393846
377	0.6448653592393846
378	0.644574281651201
379	0.644574281651201
380	0.6436674059451446
381	0.6436674059451446
382	0.6436674059451446
383	0.6436674059451446
384	0.6436674059451446
385	0.6436420275835449
386	0.6436420275835449
387	0.6436420275835449
388	0.6436420275835449
389	0.6433182290802746
390	0.6433182290802746
391	0.6433182290802746
392	0.6431262322807147
393	0.6431262322807147
394	0.6431446808152465
395	0.6430971872669763
396	0.6430971872669763
397	0.6430971872669763
398	0.6430971872669763
399	0.6430875864589028
400	0.6430875864589028
401	0.6430433407704517
402	0.6430433407704517
403	0.6430412249992459
404	0.6430412249992459
405	0.6430412249992459
406	0.6430412249992459
407	0.6430408459517594
408	0.6430408459517594
409	0.6430408135505592
410	0.6430408135505592
411	0.6430408135505592
412	0.6429812745776745
413	0.6429812745776745
414	0.6429635658479522
415	0.6429635658479522
416	0.6429284496403068
417	0.6429284496403068
418	0.6429268377023126
419	0.6429268377023126
420	0.6429268377023126
421	0.6429268377023126
422	0.6429235095587256
423	0.6427380144038791
424	0.642726120918354
425	0.642726120918354
426	0.642726120918354
427	0.6427304844100906
428	0.6427304844100906
429	0.6424376816037368
430	0.6424376816037368
431	0.6424158351083669
432	0.6424158351083669
433	0.6424158351083669
434	0.6412018106807429
435	0.6412018106807429
436	0.6411965682226067
437	0.6411965682226067
438	0.6411965682226067
439	0.6411965682226067
440	0.6411965682226067
441	0.6411965682226067
442	0.6411965682226067
443	0.6411965314046132
444	0.6411965314046132
445	0.6411965314046132
446	0.6411965314046132
447	0.6412017738630503
448	0.6411950336973061
449	0.6411950336973061
450	0.6411404244547432
451	0.6411404244547432
452	0.6400926496288617
453	0.6400926496288617
454	0.6400926496288617
455	0.6400926496288617
456	0.6400926496288617
457	0.6400926496288617
458	0.640092604972877
459	0.6400921192423583
460	0.6400921192423583
461	0.6400908994535383
462	0.6400908994535383
463	0.6400476847303784
464	0.6400476847303784
465	0.6400476847303784
466	0.6400476847303784
467	0.6400476847303784
468	0.6400476847303784
469	0.6400476847303784
470	0.6400476847303784
471	0.6400476847303784
472	0.6400476847303784
473	0.640018019931817
474	0.640018019931817
475	0.640018019931817
476	0.640018019931817
477	0.6400167660964791
478	0.6400167660964791
479	0.6400167660964791
480	0.6400167660964791
481	0.6400167660964791
482	0.6400167660964791
483	0.6400167660964791
484	0.6400167660964791
485	0.6400167660964791
486	0.6400167660964791
487	0.6400167660964791
488	0.6400167660964791
489	0.6400167660964791
490	0.6400167660964791
491	0.640015659995136
492	0.6399893810666762
493	0.6399893810666762
494	0.6399893810666762
495	0.6399893810666762
496	0.6399893810666762
497	0.6399893810666762
498	0.6399826880582992
499	0.6399826880582992
500	0.6397920644192625
501	0.6397920644192625
502	0.6397920644192625
503	0.6397920644192625
504	0.6397920644192625
505	0.6397920644192625
506	0.6397920644192625
507	0.6397920644192625
508	0.6397920644192625
509	0.6397920644192625
510	0.6397920644192625
511	0.6397919689007276
512	0.6397919689007276
513	0.6397890552455799
514	0.6397890552455799
515	0.6397890552455799
516	0.6397890552455799
517	0.6397882600408942
518	0.6397882600408942
519	0.6397911736996634
520	0.6397911736996634
521	0.6397911736996634
522	0.6397733749331703
523	0.6397733749331703
524	0.6397733749331703
525	0.6397733749331703
526	0.6397733749331703
527	0.6397087826924676
528	0.6397087826924676
529	0.6397087826924676
530	0.6397087826924676
531	0.6397087826924676
532	0.6397087826924676
533	0.6397087826924676
534	0.6396912056054835
535	0.6396910860860924
536	0.6396910860860924
537	0.6396910860860924
538	0.6396579928113308
539	0.6396579928113308
540	0.6396579928113308
541	0.6396579928113308
542	0.6395856940300888
543	0.6395856940300888
544	0.639563219811684
545	0.639563219811684
546	0.6395034440541296
547	0.6395034440541296
548	0.63945799135333
549	0.6393859609648274
550	0.6393859609648274
551	0.6393836935200004
552	0.6393836935200004
553	0.6383204322303282
554	0.6383161460291313
555	0.6383161460291313
556	0.6383161460291313
557	0.6383161460291313
558	0.6383161460291313
559	0.6383161460291313
560	0.6383161460291313
561	0.6382568498643056
562	0.6382568498643056
563	0.6382568498643056
564	0.6382568498643056
565	0.6382568498643056
566	0.6382761375121517
567	0.6382761375121517
568	0.6382761375121517
569	0.6382757856068291
570	0.6382757856068291
571	0.6382748497560379
572	0.6382748497560379
573	0.6382748497560379
574	0.6382748497560379
575	0.6382748497560379
576	0.6382748497560379
577	0.6382748497560379
578	0.6382316734342629
579	0.6382316293068161
580	0.6382284181020215
581	0.6382284181020215
582	0.6382284181020215
583	0.6382284181020215
584	0.6382284181020215
585	0.638225480863062
586	0.6381164303596879
587	0.6381164303596879
588	0.6381164303596879
589	0.6381164303596879
590	0.6381164303596879
591	0.6381164303596879
592	0.6381164303596879
593	0.6381158394635621
594	0.6381158394635621
595	0.6381158394635621
596	0.6381158394635621
597	0.6381861213731522
598	0.6381861213731522
599	0.638134084059757
600	0.638134084059757
601	0.638134084059757
602	0.638134084059757
603	0.638134084059757
604	0.638134084059757
605	0.638134084059757
606	0.6381087038866522
607	0.6381087038866522
608	0.6381087038866522
609	0.6381087038866522
610	0.6380820770223254
611	0.6380820770223254
612	0.6380820770223254
613	0.6380733714217641
614	0.6380733714217641
615	0.6380733714217641
616	0.6380707374498861
617	0.6380646040421711
618	0.6379627261998494
619	0.6379627261998494
620	0.6379627261998494
621	0.6379018130375113
622	0.6379011495487377
623	0.6379011495487377
624	0.6379098574996228
625	0.6379098574996228
626	0.6379098574996228
627	0.6379752686871666
628	0.6379683846422707
629	0.6378382815676702
630	0.6378341150285342
631	0.6377968884319077
632	0.6377968884319077
633	0.6377968884319077
634	0.6377949964527065
635	0.6377936941439073
636	0.6377935565043529
637	0.6378485945870067
638	0.6378485945870067
639	0.6378487322146845
640	0.6379140008093613
641	0.6379140008093613
642	0.6379140008093613
643	0.6379140008093613
644	0.6379101535056025
645	0.6379101535056025
646	0.6377947505501338
647	0.6377985985500219
648	0.6377916817886243
649	0.6377478007609073
650	0.6377476854648768
651	0.6375863238489317
652	0.6375806687488891
653	0.6375806687488891
654	0.6375806687488891
655	0.6375799532472012
656	0.6375799532472012
657	0.6374737800191107
658	0.6374737800191107
659	0.6374737800191107
660	0.6374737800191107
661	0.6374737800191107
662	0.6375902886503354
663	0.6375625145175539
664	0.6375288613716973
665	0.6375189723675037
666	0.6375189723675037
667	0.6375169306105531
668	0.6375169306105531
669	0.6375169306105531
670	0.6375169306105531
671	0.6375505843861756
672	0.6375505843861756
673	0.6375505843861756
674	0.6376569697904407
675	0.6376569697904407
676	0.6376010230107497
677	0.6375986883145758
678	0.6375986883145758
679	0.6375854700156971
680	0.6375854700156971
681	0.6375854700156971
682	0.6375854700156971
683	0.6375854700156971
684	0.6375854700156971
685	0.6375854700156971
686	0.6375870248882577
687	0.6375870248882577
688	0.6375828458487974
689	0.6376156020061858
690	0.6376156020061858
691	0.6376156020061858
692	0.6375397056145522
693	0.6375426552495804
694	0.6373068260737196
695	0.6373068260737196
696	0.6373068260737196
697	0.6371743068919321
698	0.6370104606861083
699	0.6370104606861083
700	0.6370104606861083
701	0.6370104606861083
702	0.6370758549417905
703	0.6370758549417905
704	0.6370623725139534
705	0.6370623725139534
706	0.6372910543669726
707	0.6372910543669726
708	0.6372910543669726
709	0.6372910543669726
710	0.6373402297452243
711	0.6373402297452243
712	0.6373402297452243
713	0.6373402297452243
714	0.63733057557193
715	0.63733057557193
716	0.63733057557193
717	0.637330601041422
718	0.637330601041422
719	0.6371036340011799
720	0.6369875632277939
721	0.6369875632277939
722	0.6369875632277939
723	0.6369875632277939
724	0.6369875632277939
725	0.6369810703884207
726	0.6369810703884207
727	0.6369810703884207
728	0.6369808611061707
729	0.6369808611061707
730	0.636967059365119
731	0.636967059365119
732	0.636967059365119
733	0.636967059365119
734	0.6369808611061707
735	0.6369808611061707
736	0.6369463359692579
737	0.636942875752441
738	0.636942875752441
739	0.636942875752441
740	0.636942875752441
741	0.636942875752441
742	0.636942875752441
743	0.636945636147897
744	0.6369449225923125
745	0.6369449225923125
746	0.6369449225923125
747	0.6369113379962742
748	0.6369113379962742
749	0.6369113379962742
750	0.6369014793554145
751	0.6369110188307322
752	0.6369423529747024
753	0.6369423529747024
754	0.6369423523943654
755	0.6369423523943654
756	0.6369423523943654
757	0.6369237287458812
758	0.6369237287458812
759	0.6369237287458812
760	0.6369240174164128
761	0.6369240174164128
762	0.6369240174164128
763	0.6369240174164128
764	0.6368055209251898
765	0.6367854077688764
766	0.6367797194245999
767	0.6367751341286115
768	0.6367751341286115
769	0.6366626810441602
770	0.6366626810441602
771	0.6366624244440896
772	0.6366624244440896
773	0.6366624244440896
774	0.6366624244440896
775	0.6366602786558004
776	0.6364260573328039
777	0.6359873221019011
778	0.6359873221019011
779	0.6359873221019011
780	0.6359873221019011
781	0.6359941886075122
782	0.6359941886075122
783	0.6359760242537912
784	0.6359760242537912
785	0.6359751302603714
786	0.6359751302603714
787	0.6359751302603714
788	0.6359751302603714
789	0.6359751302603714
790	0.6359618125984272
791	0.6359653921196428
792	0.6359585442852763
793	0.6359585442852763
794	0.6359585442852763
795	0.6359210173472966
796	0.6359210173472966
797	0.6359343358635703
798	0.6359343358635703
799	0.6359343358635703
800	0.6359343358635703
801	0.6359343358635703
802	0.6359319778196871
803	0.6359319778196871
804	0.6359319778196871
805	0.6359319778196871
806	0.6359319778196871
807	0.6359195892332723
808	0.6359195892332723
809	0.6359195892332723
810	0.6359195892332723
811	0.6359195892332723
812	0.6359195892332723
813	0.6359195892332723
814	0.6358434883572105
815	0.6358503374306795
816	0.6358503374306795
817	0.6358263137492268
818	0.6358263137492268
819	0.6357388678558644
820	0.6357430793221672
821	0.6357430793221672
822	0.6357430793221672
823	0.6356761653653675
824	0.6356761653653675
825	0.6356761653653675
826	0.6356761653653675
827	0.6356761653653675
828	0.6356761653653675
829	0.6356693901955679
830	0.6356691857757846
831	0.6356689195115324
832	0.6356649164168557
833	0.6356649164168557
834	0.6356649130677557
835	0.6356647422761488
836	0.6356647422761488
837	0.6356647422761488
838	0.6356647422761488
839	0.6356647422761488
840	0.6356647422761488
841	0.6356647422761488
842	0.6356650085421509
843	0.6356650085421509
844	0.6356650085421509
845	0.6356650085421509
846	0.6356676193884683
847	0.6356676193884683
848	0.6356676193884683
849	0.6356676193884683
850	0.6356655378453575
851	0.6356655378453575
852	0.6356655378453575
853	0.6356470024262829
854	0.6356470024262829
855	0.6359413094748162
856	0.6359413094748162
857	0.6359413094748162
858	0.6360282517186027
859	0.6360282517186027
860	0.6360282517186027
861	0.6360282517186027
862	0.6360282517186027
863	0.6360282517186027
864	0.6360263895418642
865	0.63598616572637
866	0.63598616572637
867	0.6359697759407964
868	0.6359697759407964
869	0.6359697759407964
870	0.6359697759407964
871	0.635968310015027
872	0.635968310015027
873	0.635968310015027
874	0.6359591325916745
875	0.6359591325916745
876	0.6358692993072842
877	0.6358692993072842
878	0.6358692993072842
879	0.635810462593595
880	0.635810462593595
881	0.635810462593595
882	0.6358009266146789
883	0.6358009266146789
884	0.6358007696590262
885	0.6358007696590262
886	0.6356179100595748
887	0.6356179100595748
888	0.6356179100595748
889	0.6356179100595748
890	0.6356179100595748
891	0.6354350638674672
892	0.6354350638674672
893	0.6353604265569627
894	0.635312518683894
895	0.6353098779213563
896	0.6353098779213563
897	0.6353098779213563
898	0.635317548102497
899	0.6353113460473305
900	0.6353113460473305
901	0.6353163781587341
902	0.6353163781587341
903	0.6352387441642912
904	0.6351863836682408
905	0.6351796359248918
906	0.6351796359248918
907	0.6351790734456173
908	0.6351855711715706
909	0.6351855711715706
910	0.6351855711715706
911	0.635182829146908
912	0.635182829146908
913	0.635182829146908
914	0.635182829146908
915	0.635182829146908
916	0.635182829146908
917	0.6351817308287794
918	0.635182829146908
919	0.635182829146908
920	0.635182829146908
921	0.635182829146908
922	0.6351791500451996
923	0.6351791500451996
924	0.6351791500451996
925	0.6351791500451996
926	0.6351791500451996
927	0.6352008844141024
928	0.6352008844141024
929	0.6351990868376436
930	0.635192818869
931	0.6351547283904426
932	0.6351547283904426
933	0.6351547283904426
934	0.6351547283904426
935	0.6351547283904426
936	0.6351514912116436
937	0.635071125677393
938	0.635071125677393
939	0.635071125677393
940	0.635071125677393
941	0.6350689589319746
942	0.6350689589319746
943	0.6350689589319746
944	0.6350689589319746
945	0.6350689589319746
946	0.6350689589319746
947	0.6350255658344566
948	0.6350255658344566
949	0.6350236889551524
950	0.6350645760821244
951	0.6349997362437049
952	0.6349997362437049
953	0.6349769126542494
954	0.6349449197688251
955	0.6349449197688251
956	0.6349449197688251
957	0.6349449197688251
958	0.6349449197688251
959	0.6349347280379583
960	0.6349347280379583
961	0.6349347280379583
962	0.6349347280379583
963	0.6349347280379583
964	0.6349298345214233
965	0.6349341037033778
966	0.6349341037033778
967	0.6349341037033778
968	0.6349313017136335
969	0.6349313017136335
970	0.6349313017136335
971	0.6349313017136335
972	0.6349313017136335
973	0.6349313017136335
974	0.6349308700151517
975	0.6349313017136335
976	0.6349335878692739
977	0.6349335878692739
978	0.6349335878692739
979	0.6349335878692739
980	0.6349335878692739
981	0.6349962745336418
982	0.6349962745336418
983	0.6349962745336418
984	0.6348882779283551
985	0.6348661501625907
986	0.6348661501625907
987	0.6348661501625907
988	0.6348828727553283
989	0.6348828727553283
990	0.6348828727553283
991	0.6348813714614724
992	0.6348562985146177
993	0.6348533946901934
994	0.6348555039249683
995	0.6348562544196137
996	0.6348562544196137
997	0.6348562544196137
998	0.6348562544196137
999	0.6348481913905148
1000	0.6348410073906886