0.9271801481069943	370.211835226378
0.599829791659786	475.8021280972941
0.6853592955819653	436.3689332637814
0.9800191066100606	438.57969413492094
0.8145660169209451	513.0423623730462
0.38725695205480115	440.2121326256894
0.6039802257591869	449.96971913232295
0.5772972555002301	417.55898764055826
0.4374728546537674	449.29967070084865
0.9643701803140482	479.4906095756425
0.9784066018661818	449.4599499779047
0.717112448607078	491.11693592685697
0.04957144220139775	495.48841759175866
0.7027278249134459	419.358582039596
0.6335320777174727	421.4227908861954
0.2664748764548709	452.3756910496956
0.04749209694189127	468.9234300628631
0.4919729164457225	396.2196903912972
0.9866810680930883	397.53577329872167
0.812458924109549	488.8808296085492
0.5043864077165626	428.11761047082365
0.8361474406379819	436.9794095858839
0.5774529808128569	498.76983501433136
0.8667558234655866	437.8986360782259
0.5227968398803421	445.49125796111207
0.03010904592591035	467.5925852803515
0.28837236030794045	453.4581111454637
0.8640390133430285	495.34670052469716
0.43041495070610425	447.5090309207283
0.7800216502259086	407.29751628612155
0.5688216293527596	412.92026808028504
0.2112874441510154	473.88032823750854
0.8703512652786248	422.1265685177045
0.9054231996705571	514.4791300160582
0.545011528587511	489.6160193275046
0.5780915677633774	463.57871288729734
0.3549517693118146	425.439093514078
0.26001705906541484	399.267281541856
0.0023346212332292504	499.8224427980678
0.8975466749849086	475.8358922742058
0.6700892369813207	493.0409385713221
0.4541461409112898	334.1011827811127
0.831804013147368	433.04425950457943
0.1525031240257122	474.1251364722624
0.09609179154683223	432.8673341313385
0.6547752048206298	409.24595337836274
0.7597754741787585	418.0165087502528
0.7679192791476477	469.6038568920845
0.3552933333237972	471.16590215801244
0.33624810251252846	486.9339896775245
0.8301354420868705	409.4935095875767
0.27264422793850507	408.0155279309938
0.6155906142530424	431.3599205322137
0.007476702974028915	448.26803403759754
0.1681207987979828	437.23682278356614
0.5471291238478502	470.7000820517467
0.41478924128048944	483.60844243966386
0.6027332926283311	493.67625533273406
0.11441207517777052	451.4218368162503
0.11440741383723219	434.62645308417035
0.10699949264299768	497.5113340728412
0.05254126496241085	427.8099022419309
0.90476864193303	515.8563733104651
0.3315918580246665	450.9771608334021
0.36808909498683695	529.738821245825
0.3990872652099281	485.0267952456179
0.971289390224602	491.67729427563404
0.4684325975510436	449.3585098133585
0.3512642934358403	482.493700713408
0.14010546565386217	419.54619396344543
0.04719413972506503	478.28602031404296
0.0509089687614972	432.1585552383157
0.3800417647933826	466.4166963069439
0.32624162533305356	414.9605838165469
0.6102208865799809	526.2670041479391
0.613924673248983	394.2707808114809
0.9590326340912064	459.95067626518164
0.056299546343703155	406.4996378443468
0.572238606499617	460.318826194762
0.37693462830376934	449.1133851678528
0.6850776947480586	554.8663618851539
0.12057044408464646	402.25746110221655
0.17154812999260471	469.35945217377594
0.9607974917383509	417.76854622170737
0.27002567274760914	427.17230152396434
0.7328571265671698	393.343118139557
0.6746896587571461	498.3623684418524
0.830248962564567	446.8554506542074
0.96898260426013	479.90242323387037
0.2888629240854146	464.4908382092954
0.16048839996413444	480.66829646307497
0.9187297657710839	449.03221319646946
0.43909807433024994	404.7533598513833
0.2810237835325893	491.99908050361796
0.5409784563090276	453.74958753642113
0.5679966317995626	458.6075105458403
0.44603257928890505	478.7764421681472
0.8282663570371789	504.85638157136026
0.7332377589249818	500.3863970852172
0.2254206912823019	453.785981180184
