2.9514350414726723E10 2.5469755996069653E10 
1.6906263048449577E10 5.618637991273676E10 
2.776491246927101E10 2.303202514892356E10 
1.793160541046052E10 1.986314895430333E10 
3.051601925081358E10 1.987356919132634E10 
2.9389341878580032E10 1.8526417238327576E10 
2.76788605069124E10 3.2981490387655067E10 
8.152137222999842E9 3.498979102459843E10 
2.0528385387271324E10 3.468331690230588E10 
3.0616721819654533E10 3.5385063617747604E10 
2.2412235773007862E10 3.0859764451349545E10 
4.695788295021451E10 1.3760800446929379E10 
8.187322762063409E9 3.1344818745267788E10 
4.007968240914977E10 1.0790897301927715E10 
2.5012122032767696E10 3.397203168034816E10 
2.6548982659444626E10 2.8337568893164623E10 
4.444987318153239E10 1.964540375508853E10 
1.2667343691019325E10 1.762911171517782E10 
2.8917599463756874E10 1.640911322302325E10 
2.482339811778878E10 3.78003659406753E10 
1.5902392769481852E10 4.65945317127877E10 
4.074730742799588E10 2.010564015444715E10 
3.1569149398028522E10 1.3938931081635764E9 
3.8585172051957924E10 1.5595588857492826E10 
2.5966790472508053E10 1.2434647601887337E10 
2.0884942775884552E10 1.6234477166467628E10 
3.1469719459259945E10 1.739636304303482E10 
1.3175230369596483E10 2.9172702869016575E10 
2.514696305207585E10 3.711232154003389E10 
3.6245256451188446E10 1.014198475872387E10 
1.2462531106629028E10 2.099898538153959E10 
2.8287810540475346E10 2.8077758366807518E10 
7.337781063829558E9 3.889217398226261E10 
3.736928343265298E10 1.15234083356836E10 
2.1329163953130867E10 3.037855423916662E10 
2.604536625705461E10 1.957159240232234E10 
3.0021646656524017E10 1.8474897331142128E10 
2.6283218418409104E9 3.3175744013137505E10 
1.9874478340311775E10 2.466161785435208E10 
2.0475141969056683E10 3.1115518654810837E10 
3.9485607665867195E10 1.52725130598279E10 
3.943332720304531E10 1.3910821964101936E10 
5.315829232048822E10 1.1010367258081738E10 
2.628351419911165E10 4.375887395704043E8 
1.095466674788022E10 3.789185157861919E10 
3.1608547772210724E10 4.368048370063316E10 
1.0939127310493721E10 3.748475920381095E10 
3.4317020861860886E10 2.5932709038165142E10 
1.6010976781551298E10 4.495015868891843E10 
7.567383041779889E9 4.0984661624092186E10 
2.028486950193834E10 3.631346089304603E10 
1.4063239302656427E10 5.177410627120457E10 
8.365331414381475E9 3.592959428176259E10 
1.8459478966083763E10 3.88071655022995E10 
2.962198552551994E10 4.463030186852681E10 
3.005725203901268E10 2.302956745301542E10 
2.6801393619778324E10 8.620244166372992E9 
3.1692760416803032E10 8.612524161226633E9 
9.52173416793961E9 2.931436129028397E10 
1.3697630366901585E10 2.683652154128219E10 
3.567859455503613E10 5.5116671597401085E9 
3.2343371377993862E10 1.1199927152693762E10 
2.9017753883129684E10 4.098661657506391E10 
9.412886979003155E9 3.768948703886703E10 
3.568282883927221E10 2.6496591673156693E10 
4.019597027073124E10 4.393738944746599E9 
2.8393047490707966E10 2.66297149346711E10 
4.044338331477942E10 1.6229509571508976E10 
3.3242872317319767E10 2.8114826359234924E10 
4.653105608627629E10 1.9673933793522354E10 
2.597725041283506E10 3.010810131526448E10 
3.2855991847865982E10 4.70882276688848E9 
1.2126692250441288E10 2.0378982143121246E10 
1.0637649375274612E10 2.823389741232516E10 
2.997915712205937E10 2.4887197360829407E10 
3.6914183810058235E10 1.0436938319558441E10 
1.1226206467179155E9 3.878573247038483E10 
9.099876266618572E9 4.076147317277847E10 
5.355536127176773E10 1.1218139390519556E10 
3.819760717457218E10 2.6834006090079517E10 
7.725158548806702E9 4.1517541341255486E10 
3.0415365398535034E10 9.828891496708225E9 
1.5551160175335472E10 2.83643946849555E10 
2.5209958245506973E10 7.98608460121534E7 
3.443750838395099E10 2.3260079957517246E10 
1.0128344997475203E10 3.832955958696192E10 
1.5544016388029096E9 3.502587010114611E10 
2.414147303486797E10 1.4244159134270508E10 
1.6040357546431946E10 2.7346844136698803E10 
2.223544297247874E10 2.0745290884848583E10 
2.038764110709173E10 2.9103447528106834E10 
3.2345081673911026E10 9.395930345274366E9 
4.236761670177005E10 1.962417883258752E10 
4.489782749315321E10 1.2558779952317092E9 
1.7815740902725574E10 2.720836258999114E10 
3.076152818080777E10 3.9957864447621745E8 
1.8714406900083748E10 1.9324690485750385E10 
6.343094653657585E9 5.535755080411095E10 
3.362881932797752E10 2.436764057298529E10 
2.0721327140704174E10 4.022478089953745E10 
