-18655.0 -19243.0 
-19491.0 -18187.0 
-19491.0 -18187.0 
-18655.0 -19243.0 
-18859.0 -19219.0 
-19208.0 -18900.0 
-19441.0 -18329.0 
-19440.0 -18447.0 
-19025.0 -19085.0 
-18772.0 -19227.0 
-19283.0 -18801.0 
-19388.0 -18522.0 
-18705.0 -19231.0 
-19420.0 -18510.0 
-18772.0 -19227.0 
-19168.0 -18918.0 
-19474.0 -18264.0 
-19047.0 -19033.0 
-19358.0 -18567.0 
-18980.0 -19091.0 
-19296.0 -18736.0 
-19353.0 -18619.0 
-19029.0 -19036.0 
-19228.0 -18833.0 
-18705.0 -19231.0 
-18898.0 -19168.0 
-19229.0 -18804.0 
-19469.0 -18293.0 
-19378.0 -18556.0 
-18859.0 -19219.0 
-19103.0 -18984.0 
-19332.0 -18688.0 
-18969.0 -19134.0 
-19228.0 -18833.0 
-18899.0 -19154.0 
-19425.0 -18476.0 
-18898.0 -19168.0 
-19308.0 -18699.0 
-19474.0 -18264.0 
-19337.0 -18622.0 
-19452.0 -18310.0 
-18929.0 -19153.0 
-19149.0 -18934.0 
-19082.0 -19023.0 
-19336.0 -18645.0 
-19303.0 -18733.0 
-19251.0 -18802.0 
-19322.0 -18694.0 
-18944.0 -19144.0 
-19453.0 -18297.0 
-19093.0 -19016.0 
-19123.0 -18967.0 
-19425.0 -18476.0 
-18978.0 -19111.0 
-19440.0 -18447.0 
-19140.0 -18949.0 
-19103.0 -18984.0 
-18944.0 -19144.0 
-19251.0 -18802.0 
-19336.0 -18645.0 
-19128.0 -18956.0 
-18978.0 -19111.0 
-19157.0 -18924.0 
-19378.0 -18556.0 
-19123.0 -18967.0 
-18969.0 -19134.0 
-18929.0 -19153.0 
-19296.0 -18736.0 
-19093.0 -19016.0 
-19140.0 -18949.0 
-19082.0 -19023.0 
-19283.0 -18801.0 
-19358.0 -18567.0 
-19157.0 -18924.0 
-19088.0 -19022.0 
-19128.0 -18956.0 
-19308.0 -18699.0 
-19332.0 -18688.0 
-19353.0 -18619.0 
-19303.0 -18733.0 
-18980.0 -19091.0 
-19029.0 -19036.0 
-19088.0 -19022.0 
-18859.0 -19219.0 
-19425.0 -18476.0 
-19103.0 -18984.0 
-18944.0 -19144.0 
-18969.0 -19134.0 
-18929.0 -19153.0 
-19296.0 -18736.0 
-19303.0 -18733.0 
-19353.0 -18619.0 
-18980.0 -19091.0 
-19029.0 -19036.0 
-19088.0 -19022.0 
-19425.0 -18476.0 
-19353.0 -18619.0 
-18929.0 -19153.0 
-19088.0 -19022.0 
-18969.0 -19134.0 
