-18415.0 -19475.0 
-19422.0 -18328.0 
-18415.0 -19475.0 
-18563.0 -19400.0 
-19021.0 -19070.0 
-18465.0 -19406.0 
-18794.0 -19262.0 
-18461.0 -19437.0 
-18943.0 -19138.0 
-18943.0 -19138.0 
-18723.0 -19266.0 
-19316.0 -18620.0 
-19370.0 -18476.0 
-19284.0 -18631.0 
-19191.0 -18841.0 
-19374.0 -18397.0 
-19021.0 -19070.0 
-18706.0 -19300.0 
-18631.0 -19319.0 
-18802.0 -19216.0 
-18612.0 -19366.0 
-19205.0 -18795.0 
-19283.0 -18672.0 
-19386.0 -18393.0 
-18630.0 -19350.0 
-18897.0 -19166.0 
-19032.0 -19007.0 
-18668.0 -19308.0 
-19227.0 -18767.0 
-18827.0 -19215.0 
-19257.0 -18697.0 
-18612.0 -19366.0 
-19227.0 -18767.0 
-18667.0 -19315.0 
-18897.0 -19166.0 
-19323.0 -18579.0 
-19153.0 -18861.0 
-18861.0 -19187.0 
-18861.0 -19187.0 
-19386.0 -18393.0 
-19253.0 -18723.0 
-19205.0 -18795.0 
-19111.0 -18891.0 
-19075.0 -18931.0 
-19099.0 -18924.0 
-18827.0 -19215.0 
-19250.0 -18733.0 
-19133.0 -18879.0 
-19250.0 -18733.0 
-19191.0 -18841.0 
-19032.0 -19007.0 
-19033.0 -18984.0 
-19332.0 -18570.0 
-19334.0 -18545.0 
-19133.0 -18879.0 
-19350.0 -18514.0 
-18876.0 -19181.0 
-19060.0 -18965.0 
-18876.0 -19181.0 
-19257.0 -18697.0 
-19044.0 -18973.0 
-19360.0 -18477.0 
-19350.0 -18514.0 
-19342.0 -18533.0 
-19071.0 -18952.0 
-18706.0 -19300.0 
-19151.0 -18867.0 
-19283.0 -18672.0 
-19073.0 -18937.0 
-19358.0 -18491.0 
-19104.0 -18909.0 
-18723.0 -19266.0 
-19358.0 -18491.0 
-19104.0 -18909.0 
-19153.0 -18861.0 
-19342.0 -18533.0 
-19060.0 -18965.0 
-19044.0 -18973.0 
-19111.0 -18891.0 
-19323.0 -18579.0 
-19071.0 -18952.0 
-19151.0 -18867.0 
-19334.0 -18545.0 
-18794.0 -19262.0 
-19099.0 -18924.0 
-19033.0 -18984.0 
-19382.0 -18396.0 
-19332.0 -18570.0 
-18465.0 -19406.0 
-18802.0 -19216.0 
-19370.0 -18476.0 
-19382.0 -18396.0 
-19374.0 -18397.0 
-19250.0 -18733.0 
-19191.0 -18841.0 
-18706.0 -19300.0 
-19111.0 -18891.0 
-19151.0 -18867.0 
-19099.0 -18924.0 
-18465.0 -19406.0 
