-19306.0 -18871.0 
-18936.0 -19702.0 
-18936.0 -19702.0 
-19301.0 -19175.0 
-18955.0 -19646.0 
-18999.0 -19641.0 
-19071.0 -19579.0 
-19031.0 -19581.0 
-19295.0 -19204.0 
-19151.0 -19487.0 
-19119.0 -19492.0 
-19227.0 -19380.0 
-19204.0 -19384.0 
-19179.0 -19457.0 
-19160.0 -19462.0 
-19281.0 -19237.0 
-19184.0 -19413.0 
-19281.0 -19237.0 
-19245.0 -19319.0 
-19114.0 -19513.0 
-19077.0 -19556.0 
-19098.0 -19520.0 
-19007.0 -19619.0 
-19022.0 -19603.0 
-19245.0 -19319.0 
-19239.0 -19339.0 
-19092.0 -19540.0 
-19262.0 -19277.0 
-19262.0 -19277.0 
-19204.0 -19384.0 
-19239.0 -19339.0 
-19266.0 -19265.0 
-19301.0 -19175.0 
-19266.0 -19265.0 
-19022.0 -19603.0 
-19184.0 -19413.0 
-19007.0 -19619.0 
-19181.0 -19430.0 
-19227.0 -19380.0 
-19092.0 -19540.0 
-19077.0 -19556.0 
-19151.0 -19487.0 
-19160.0 -19462.0 
-19031.0 -19581.0 
-19181.0 -19430.0 
-19098.0 -19520.0 
-19114.0 -19513.0 
-19119.0 -19492.0 
-19071.0 -19579.0 
-19179.0 -19457.0 
-18936.0 -19702.0 
-19204.0 -19384.0 
-19022.0 -19603.0 
-19007.0 -19619.0 
-19227.0 -19380.0 
-19077.0 -19556.0 
-19092.0 -19540.0 
-19151.0 -19487.0 
-19114.0 -19513.0 
-19119.0 -19492.0 
-19071.0 -19579.0 
-19179.0 -19457.0 
-19077.0 -19556.0 
-19077.0 -19556.0 
-19179.0 -19457.0 
-19092.0 -19540.0 
-19071.0 -19579.0 
-19007.0 -19619.0 
-19151.0 -19487.0 
-18936.0 -19702.0 
-19092.0 -19540.0 
-19092.0 -19540.0 
-19092.0 -19540.0 
-19227.0 -19380.0 
-19022.0 -19603.0 
-19092.0 -19540.0 
-19022.0 -19603.0 
-19077.0 -19556.0 
-19151.0 -19487.0 
-19151.0 -19487.0 
-19092.0 -19540.0 
-19007.0 -19619.0 
-19007.0 -19619.0 
-19092.0 -19540.0 
-19077.0 -19556.0 
-19077.0 -19556.0 
-19092.0 -19540.0 
-19077.0 -19556.0 
-19179.0 -19457.0 
-19179.0 -19457.0 
-19179.0 -19457.0 
-19007.0 -19619.0 
-19007.0 -19619.0 
-19077.0 -19556.0 
-19092.0 -19540.0 
-19007.0 -19619.0 
-19077.0 -19556.0 
-19077.0 -19556.0 
-19077.0 -19556.0 
-19092.0 -19540.0 
