-19262.0 -18562.0 
-18288.0 -19614.0 
-18288.0 -19614.0 
-18526.0 -19516.0 
-19175.0 -18830.0 
-19254.0 -18671.0 
-19179.0 -18749.0 
-18567.0 -19487.0 
-18391.0 -19561.0 
-18446.0 -19559.0 
-18387.0 -19597.0 
-18915.0 -19200.0 
-18466.0 -19523.0 
-18726.0 -19363.0 
-19165.0 -18862.0 
-19076.0 -18987.0 
-19086.0 -18933.0 
-18334.0 -19611.0 
-18720.0 -19397.0 
-18334.0 -19611.0 
-19062.0 -19002.0 
-19130.0 -18879.0 
-18835.0 -19299.0 
-18926.0 -19166.0 
-18607.0 -19453.0 
-18648.0 -19442.0 
-19124.0 -18914.0 
-18769.0 -19308.0 
-18884.0 -19210.0 
-18768.0 -19342.0 
-19016.0 -19057.0 
-19016.0 -19057.0 
-18451.0 -19531.0 
-19194.0 -18742.0 
-18603.0 -19464.0 
-18577.0 -19468.0 
-19251.0 -18683.0 
-18781.0 -19303.0 
-19037.0 -19028.0 
-19228.0 -18690.0 
-18948.0 -19153.0 
-18868.0 -19256.0 
-18855.0 -19275.0 
-18873.0 -19229.0 
-18984.0 -19088.0 
-18855.0 -19275.0 
-18984.0 -19088.0 
-18803.0 -19301.0 
-18702.0 -19400.0 
-19033.0 -19043.0 
-18750.0 -19350.0 
-18956.0 -19135.0 
-19037.0 -19028.0 
-19064.0 -18997.0 
-18965.0 -19100.0 
-19101.0 -18925.0 
-18959.0 -19113.0 
-19197.0 -18721.0 
-18659.0 -19431.0 
-19165.0 -18862.0 
-18754.0 -19344.0 
-19228.0 -18690.0 
-18675.0 -19425.0 
-18803.0 -19301.0 
-18926.0 -19166.0 
-18868.0 -19256.0 
-18873.0 -19229.0 
-19127.0 -18900.0 
-18463.0 -19529.0 
-18684.0 -19416.0 
-19208.0 -18708.0 
-18835.0 -19299.0 
-18977.0 -19090.0 
-18970.0 -19096.0 
-18648.0 -19442.0 
-19098.0 -18929.0 
-18884.0 -19210.0 
-18948.0 -19153.0 
-18956.0 -19135.0 
-19076.0 -18987.0 
-19254.0 -18671.0 
-19210.0 -18707.0 
-19130.0 -18879.0 
-18702.0 -19400.0 
-19210.0 -18707.0 
-18387.0 -19597.0 
-19033.0 -19043.0 
-18687.0 -19414.0 
-18659.0 -19431.0 
-18750.0 -19350.0 
-19127.0 -18900.0 
-18687.0 -19414.0 
-19087.0 -18932.0 
-18959.0 -19113.0 
-18675.0 -19425.0 
-18607.0 -19453.0 
-18577.0 -19468.0 
-19101.0 -18925.0 
-19199.0 -18719.0 
-19199.0 -18719.0 
