-18302.0 -19614.0 
-19336.0 -18371.0 
-18302.0 -19614.0 
-19336.0 -18371.0 
-19314.0 -18469.0 
-18479.0 -19569.0 
-19136.0 -18875.0 
-18678.0 -19400.0 
-18856.0 -19231.0 
-18824.0 -19282.0 
-19298.0 -18488.0 
-19118.0 -18898.0 
-18426.0 -19587.0 
-18513.0 -19515.0 
-18379.0 -19592.0 
-19238.0 -18699.0 
-18782.0 -19292.0 
-18669.0 -19438.0 
-18907.0 -19177.0 
-19059.0 -18980.0 
-19171.0 -18784.0 
-19221.0 -18736.0 
-18714.0 -19371.0 
-18379.0 -19592.0 
-19197.0 -18741.0 
-18875.0 -19203.0 
-19246.0 -18643.0 
-18608.0 -19452.0 
-19067.0 -18947.0 
-19170.0 -18827.0 
-18329.0 -19613.0 
-18836.0 -19246.0 
-19094.0 -18931.0 
-19032.0 -19019.0 
-18538.0 -19508.0 
-19160.0 -18832.0 
-18329.0 -19613.0 
-18500.0 -19543.0 
-18439.0 -19583.0 
-19192.0 -18765.0 
-18881.0 -19178.0 
-19016.0 -19034.0 
-19294.0 -18530.0 
-18639.0 -19451.0 
-19281.0 -18570.0 
-19258.0 -18613.0 
-18931.0 -19105.0 
-18774.0 -19320.0 
-18721.0 -19344.0 
-18998.0 -19066.0 
-19073.0 -18935.0 
-19047.0 -18990.0 
-18737.0 -19335.0 
-18694.0 -19377.0 
-19037.0 -19002.0 
-19238.0 -18699.0 
-19314.0 -18469.0 
-18961.0 -19097.0 
-18926.0 -19131.0 
-19122.0 -18882.0 
-19252.0 -18616.0 
-19179.0 -18771.0 
-18945.0 -19104.0 
-19281.0 -18570.0 
-18500.0 -19543.0 
-18971.0 -19090.0 
-18974.0 -19073.0 
-18779.0 -19304.0 
-18639.0 -19451.0 
-19016.0 -19034.0 
-19246.0 -18643.0 
-18984.0 -19067.0 
-18759.0 -19329.0 
-19160.0 -18832.0 
-18595.0 -19461.0 
-19094.0 -18931.0 
-18576.0 -19479.0 
-18923.0 -19156.0 
-18880.0 -19196.0 
-18595.0 -19461.0 
-19287.0 -18554.0 
-19258.0 -18613.0 
-18551.0 -19504.0 
-18568.0 -19489.0 
-18439.0 -19583.0 
-18836.0 -19246.0 
-19294.0 -18530.0 
-18925.0 -19143.0 
-18729.0 -19340.0 
-18576.0 -19479.0 
-19221.0 -18736.0 
-18694.0 -19377.0 
-18568.0 -19489.0 
-18551.0 -19504.0 
-18824.0 -19282.0 
-19287.0 -18554.0 
-18759.0 -19329.0 
-18669.0 -19438.0 
-18923.0 -19156.0 
-18998.0 -19066.0 
