2.976139652642865356e-04
3.823465947639649544e-04
3.709311466665759821e-04
5.103917111886170166e-04
3.955736009586975480e-04
4.860837553522409345e-04
2.857753321607123947e-04
3.195021153210285967e-04
3.780569483535462872e-04
3.729403269709633700e-04
4.875678099436424307e-04
2.594725969596879114e-04
3.112601395015405256e-04
4.699130932902184036e-04
4.482229612199658923e-04
3.265387663465837628e-04
3.385118547363238722e-04
3.413800412362663693e-04
4.510345118069223691e-04
2.991688687057316364e-04
4.811397645374711489e-04
3.073225865353022162e-04
4.101095686622552782e-04
3.761493990181172600e-04
4.670434358417592698e-04
2.712912049291969861e-04
5.953167378871531031e-04
3.327003034621150383e-04
3.135396353081089577e-04
3.857358941026387748e-04
4.382578746221052111e-04
