-18187.0 -19505.0 
-18187.0 -19505.0 
-19163.0 -18541.0 
-19163.0 -18541.0 
-19114.0 -18752.0 
-19122.0 -18675.0 
-19160.0 -18649.0 
-18238.0 -19462.0 
-18825.0 -19095.0 
-18879.0 -19089.0 
-18458.0 -19402.0 
-18742.0 -19172.0 
-18540.0 -19355.0 
-18980.0 -18957.0 
-18296.0 -19461.0 
-19001.0 -18912.0 
-18462.0 -19379.0 
-19033.0 -18882.0 
-18737.0 -19216.0 
-18587.0 -19346.0 
-18400.0 -19403.0 
-18657.0 -19291.0 
-19081.0 -18787.0 
-18596.0 -19306.0 
-18238.0 -19462.0 
-19037.0 -18832.0 
-19038.0 -18810.0 
-18791.0 -19127.0 
-19081.0 -18787.0 
-18955.0 -18991.0 
-18618.0 -19299.0 
-18819.0 -19123.0 
-18329.0 -19447.0 
-18894.0 -19055.0 
-19024.0 -18883.0 
-18789.0 -19150.0 
-18329.0 -19447.0 
-18987.0 -18927.0 
-18496.0 -19375.0 
-18354.0 -19430.0 
-19057.0 -18801.0 
-19057.0 -18801.0 
-18812.0 -19124.0 
-18595.0 -19329.0 
-18676.0 -19268.0 
-18921.0 -19001.0 
-18618.0 -19299.0 
-19160.0 -18649.0 
-18899.0 -19044.0 
-18514.0 -19374.0 
-18354.0 -19430.0 
-18910.0 -19020.0 
-18680.0 -19247.0 
-18657.0 -19291.0 
-18723.0 -19217.0 
-18676.0 -19268.0 
-19037.0 -18832.0 
-18894.0 -19055.0 
-18782.0 -19156.0 
-18532.0 -19363.0 
-18761.0 -19167.0 
-18942.0 -18996.0 
-18304.0 -19460.0 
-18704.0 -19232.0 
-19024.0 -18883.0 
-18717.0 -19223.0 
-18702.0 -19243.0 
-18899.0 -19044.0 
-18713.0 -19229.0 
-18496.0 -19375.0 
-18304.0 -19460.0 
-18910.0 -19020.0 
-18365.0 -19421.0 
-18365.0 -19421.0 
-18879.0 -19089.0 
-18532.0 -19363.0 
-18377.0 -19411.0 
-18514.0 -19374.0 
-18595.0 -19329.0 
-18913.0 -19010.0 
-18942.0 -18996.0 
-18587.0 -19346.0 
-18761.0 -19167.0 
-18994.0 -18918.0 
-18987.0 -18927.0 
-18773.0 -19160.0 
-18773.0 -19160.0 
-18386.0 -19409.0 
-18386.0 -19409.0 
-18400.0 -19403.0 
-18694.0 -19244.0 
-18377.0 -19411.0 
-18679.0 -19256.0 
-18994.0 -18918.0 
-18921.0 -19001.0 
-18913.0 -19010.0 
-18679.0 -19256.0 
-18694.0 -19244.0 
-18899.0 -19044.0 
-18960.0 -18985.0 
