-19061.0 -18711.0 
-19061.0 -18711.0 
-18497.0 -19310.0 
-18497.0 -19310.0 
-18555.0 -19279.0 
-18555.0 -19279.0 
-19041.0 -18733.0 
-19030.0 -18783.0 
-18955.0 -18911.0 
-18892.0 -19009.0 
-18598.0 -19260.0 
-18959.0 -18872.0 
-18720.0 -19167.0 
-18786.0 -19114.0 
-18692.0 -19190.0 
-18828.0 -19051.0 
-18927.0 -18935.0 
-18972.0 -18847.0 
-18863.0 -19025.0 
-19041.0 -18733.0 
-18646.0 -19220.0 
-18947.0 -18932.0 
-18845.0 -19050.0 
-18725.0 -19146.0 
-18899.0 -18958.0 
-18863.0 -19025.0 
-18893.0 -18983.0 
-18917.0 -18953.0 
-18991.0 -18832.0 
-18601.0 -19249.0 
-18799.0 -19091.0 
-18815.0 -19066.0 
-18802.0 -19089.0 
-19003.0 -18828.0 
-18991.0 -18832.0 
-18768.0 -19116.0 
-18674.0 -19197.0 
-18753.0 -19121.0 
-18850.0 -19029.0 
-18699.0 -19170.0 
-18616.0 -19234.0 
-18967.0 -18862.0 
-18598.0 -19260.0 
-18694.0 -19172.0 
-18815.0 -19066.0 
-18747.0 -19129.0 
-19030.0 -18783.0 
-18616.0 -19234.0 
-18622.0 -19227.0 
-18734.0 -19140.0 
-18972.0 -18847.0 
-18846.0 -19039.0 
-18734.0 -19140.0 
-19006.0 -18816.0 
-18818.0 -19058.0 
-18960.0 -18869.0 
-19006.0 -18816.0 
-18601.0 -19249.0 
-18768.0 -19116.0 
-19022.0 -18793.0 
-18747.0 -19129.0 
-18896.0 -18969.0 
-19013.0 -18801.0 
-18892.0 -19009.0 
-18659.0 -19215.0 
-18635.0 -19222.0 
-18668.0 -19202.0 
-18952.0 -18922.0 
-18786.0 -19114.0 
-18802.0 -19089.0 
-18635.0 -19222.0 
-18799.0 -19091.0 
-18924.0 -18943.0 
-18893.0 -18983.0 
-19022.0 -18793.0 
-18848.0 -19033.0 
-18896.0 -18969.0 
-18674.0 -19197.0 
-18952.0 -18922.0 
-18924.0 -18943.0 
-18917.0 -18953.0 
-18668.0 -19202.0 
-18967.0 -18862.0 
-18661.0 -19212.0 
-18753.0 -19121.0 
-18622.0 -19227.0 
-18725.0 -19146.0 
-18661.0 -19212.0 
-18818.0 -19058.0 
-19013.0 -18801.0 
-19015.0 -18799.0 
-18692.0 -19190.0 
-18720.0 -19167.0 
-18947.0 -18932.0 
-18899.0 -18958.0 
-19015.0 -18799.0 
-18695.0 -19171.0 
-18699.0 -19170.0 
-19003.0 -18828.0 
-18659.0 -19215.0 
