2.496719731919004E-14	1.0384803983003206
2.496719731919004E-14	1.0384803983003206
1.0377158556317656	0.0
0.057663876776008795	1.0345812455269037
1.035494858667978	0.016244140138389776
1.0331302809628424	0.11243814680961035
0.139265582223233	1.0288641961333524
0.008062154630568603	1.0375227883646332
1.019434181993721	0.19285028281125297
1.0168392785173013	0.23945058417932039
0.9543496169473625	0.4065666621113242
0.6528823573168375	0.8063844878628661
0.6922471535925846	0.7732747908801225
1.027088719142065	0.14967833786173843
0.5287406640916712	0.8911147886398142
0.7288108656191249	0.7386241771086905
0.20442025907760442	1.0184199252385058
0.4369822201490569	0.9417432263851632
0.8134295792357733	0.6447201781804753
0.24842933439603762	1.0065418090402065
0.9449226479903726	0.42860621539107563
0.3031804426498961	0.9924463078228349
0.9226987844161921	0.4747867781663942
0.8959280404438487	0.5243531394875888
0.6019218315108311	0.8456730799282434
0.7427261332379106	0.7220183768528229
0.7042875013053579	0.7595655254044718
0.17491361136411332	1.0231705329414233
0.407509543876696	0.9543869248675861
0.7986456954301876	0.6592890270112057
0.7172181047276126	0.7509474757482884
0.5804155049160956	0.8605637737513597
0.6221942745730211	0.8318432558621593
0.551543719690076	0.8795544863929263
0.6387828018310927	0.817968745303826
0.8709253819400231	0.5606644427121992
0.7528385893382525	0.7145790614421133
0.27879445873420455	0.9986965346946104
0.5056734435083752	0.9059562751285629
0.31630317301042876	0.9865470721130127
0.3345083831570447	0.9801035070624575
0.37782260357617276	0.9646655719946933
0.6692812358084518	0.7926492396873411
0.49294106551729533	0.9201819742633351
0.6765920315532346	0.7875722173389861
0.41216866505484007	0.9525540798058785
0.8385016736884755	0.6121903687953054
0.969959352908746	0.36883985972393035
0.8568542118833405	0.5834981163127213
1.0054983738822505	0.25682915279708596
0.9924306157812272	0.30313457080551653
0.9623968289540141	0.3874741568984982
0.7926780882242339	0.6697175773791415
0.9851576754569463	0.32350023288074714
0.8831371318258852	0.5444075870344912
1.0233352952076062	0.15799951934180412
1.0331302809628424	0.11243814680961035
1.0199236825850762	0.18225592535488694
0.9386999248467769	0.44171047157612775
0.26938540536296207	1.002646826591326
0.5164496236603228	0.8997532778207495
0.9963066312081967	0.2827224209435023
0.3597321276632418	0.9734177471249333
0.56988080307776	0.873233193493684
0.8633273383508503	0.5757242273748849
0.5939589569180431	0.8520117468176139
0.463416707303783	0.9284049759105071
0.2275549707722933	1.0122710872511447
1.0009660150889852	0.27376529825837953
0.8273627971914351	0.6266617856527356
0.9086905188126712	0.503583421344848
0.9014903460961101	0.5142818401611081
0.1637004384766811	1.0245985267477344
0.9785769920359391	0.3449120121885301
0.975681589873955	0.347107466088662
0.7819180548264762	0.6825025482664866
0.8215733246450334	0.629976397986895
0.35037848452457243	0.977380960703577
0.846643607463957	0.5996343575564604
0.765451324031385	0.7006736444347738
0.6277858157513914	0.8262765432875468
0.7776867218286821	0.6868996753824467
0.21974567546005833	1.0139682607947895
1.0087205115029447	0.24118489310629349
0.14593469958860833	1.0273267018103542
0.8793191961271839	0.5475362878398242
0.98858192439396	0.31507270621799194
0.9320041979092365	0.45417715854472657
0.3753222735075831	0.965120447207895
0.916216620310749	0.48740955409357767
0.9664662647856358	0.3786886079425673
0.7660760388356499	0.6967488052831611
0.5576851747320187	0.8748109020956469
0.9137969385349021	0.49210743514961364
0.4737557448450188	0.9232413877218526
0.4785978383099354	0.9212972533703664
0.9320041979092365	0.45417715854472657
0.45007024362596343	0.9357936639600859
0.8445811148834281	0.6027215349416809
0.44960393625504425	0.9360016587516372
