-1.768400000000000000e+04 -1.979900000000000000e+04
-1.946200000000000000e+04 -1.808600000000000000e+04
-1.940000000000000000e+04 -1.835200000000000000e+04
-1.942900000000000000e+04 -1.829300000000000000e+04
-1.936000000000000000e+04 -1.841200000000000000e+04
-1.891500000000000000e+04 -1.910200000000000000e+04
-1.891900000000000000e+04 -1.910200000000000000e+04
-1.890900000000000000e+04 -1.912200000000000000e+04
-1.871700000000000000e+04 -1.930100000000000000e+04
-1.932300000000000000e+04 -1.845900000000000000e+04
-1.938000000000000000e+04 -1.835800000000000000e+04
-1.943800000000000000e+04 -1.822900000000000000e+04
-1.921700000000000000e+04 -1.869600000000000000e+04
-1.875700000000000000e+04 -1.924700000000000000e+04
-1.941500000000000000e+04 -1.831900000000000000e+04
-1.902500000000000000e+04 -1.897200000000000000e+04
-1.834100000000000000e+04 -1.957600000000000000e+04
-1.893700000000000000e+04 -1.907300000000000000e+04
-1.911200000000000000e+04 -1.884600000000000000e+04
-1.807400000000000000e+04 -1.970500000000000000e+04
-1.900200000000000000e+04 -1.899600000000000000e+04
-1.904200000000000000e+04 -1.896800000000000000e+04
-1.907400000000000000e+04 -1.890600000000000000e+04
-1.867200000000000000e+04 -1.935000000000000000e+04
-1.897200000000000000e+04 -1.905700000000000000e+04
-1.808200000000000000e+04 -1.968200000000000000e+04
-1.865900000000000000e+04 -1.935700000000000000e+04
-1.880900000000000000e+04 -1.922400000000000000e+04
-1.913300000000000000e+04 -1.883100000000000000e+04
-1.800000000000000000e+04 -1.974200000000000000e+04
-1.871800000000000000e+04 -1.928900000000000000e+04
-1.809300000000000000e+04 -1.966100000000000000e+04
-1.773600000000000000e+04 -1.976600000000000000e+04
-1.866800000000000000e+04 -1.935300000000000000e+04
-1.875200000000000000e+04 -1.927800000000000000e+04
-1.871700000000000000e+04 -1.930600000000000000e+04
-1.837300000000000000e+04 -1.955100000000000000e+04
-1.925200000000000000e+04 -1.856500000000000000e+04
-1.878000000000000000e+04 -1.924600000000000000e+04
-1.808500000000000000e+04 -1.966500000000000000e+04
-1.917900000000000000e+04 -1.875900000000000000e+04
-1.928500000000000000e+04 -1.853400000000000000e+04
-1.843500000000000000e+04 -1.951500000000000000e+04
-1.934100000000000000e+04 -1.845100000000000000e+04
-1.904700000000000000e+04 -1.893600000000000000e+04
-1.817100000000000000e+04 -1.964500000000000000e+04
-1.901700000000000000e+04 -1.899600000000000000e+04
-1.917900000000000000e+04 -1.875300000000000000e+04
-1.820600000000000000e+04 -1.961600000000000000e+04
-1.922900000000000000e+04 -1.866500000000000000e+04
-1.924400000000000000e+04 -1.864300000000000000e+04
-1.888800000000000000e+04 -1.912600000000000000e+04
-1.820400000000000000e+04 -1.963100000000000000e+04
-1.886200000000000000e+04 -1.913200000000000000e+04
-1.928100000000000000e+04 -1.854700000000000000e+04
-1.773400000000000000e+04 -1.978000000000000000e+04
-1.873800000000000000e+04 -1.928500000000000000e+04
-1.864500000000000000e+04 -1.938300000000000000e+04
-1.843900000000000000e+04 -1.949500000000000000e+04
-1.930800000000000000e+04 -1.852700000000000000e+04
-1.867700000000000000e+04 -1.934800000000000000e+04
-1.828900000000000000e+04 -1.959800000000000000e+04
-1.850900000000000000e+04 -1.948000000000000000e+04
-1.863000000000000000e+04 -1.939600000000000000e+04
-1.815200000000000000e+04 -1.965300000000000000e+04
-1.871200000000000000e+04 -1.932900000000000000e+04
-1.909900000000000000e+04 -1.888400000000000000e+04
-1.871400000000000000e+04 -1.931500000000000000e+04
-1.768600000000000000e+04 -1.978500000000000000e+04
-1.817400000000000000e+04 -1.963800000000000000e+04
-1.919400000000000000e+04 -1.873600000000000000e+04
-1.899800000000000000e+04 -1.900600000000000000e+04
-1.858300000000000000e+04 -1.942700000000000000e+04
-1.836700000000000000e+04 -1.956300000000000000e+04
-1.888600000000000000e+04 -1.912600000000000000e+04
-1.914800000000000000e+04 -1.882900000000000000e+04
-1.915300000000000000e+04 -1.879300000000000000e+04
-1.843800000000000000e+04 -1.950500000000000000e+04
-1.904700000000000000e+04 -1.894000000000000000e+04
-1.912000000000000000e+04 -1.883300000000000000e+04
-1.875600000000000000e+04 -1.925200000000000000e+04
-1.847800000000000000e+04 -1.948300000000000000e+04
-1.841700000000000000e+04 -1.952600000000000000e+04
-1.907700000000000000e+04 -1.890600000000000000e+04
-1.904600000000000000e+04 -1.895800000000000000e+04
-1.892200000000000000e+04 -1.908700000000000000e+04
-1.906800000000000000e+04 -1.890900000000000000e+04
-1.885500000000000000e+04 -1.916500000000000000e+04
-1.860800000000000000e+04 -1.940800000000000000e+04
-1.902100000000000000e+04 -1.899400000000000000e+04
-1.846300000000000000e+04 -1.949300000000000000e+04
-1.897900000000000000e+04 -1.901200000000000000e+04
-1.858000000000000000e+04 -1.944700000000000000e+04
-1.911400000000000000e+04 -1.884200000000000000e+04
-1.871500000000000000e+04 -1.930600000000000000e+04
-1.860700000000000000e+04 -1.941300000000000000e+04
-1.874900000000000000e+04 -1.928200000000000000e+04
-1.883600000000000000e+04 -1.918400000000000000e+04
-1.900000000000000000e+04 -1.899800000000000000e+04
-1.853300000000000000e+04 -1.947800000000000000e+04
