-18172.0 -19515.0 
-19056.0 -18833.0 
-19056.0 -18833.0 
-18172.0 -19515.0 
-18333.0 -19465.0 
-18333.0 -19465.0 
-19044.0 -18906.0 
-18421.0 -19440.0 
-18421.0 -19440.0 
-18583.0 -19372.0 
-18629.0 -19331.0 
-18458.0 -19435.0 
-18982.0 -18966.0 
-19012.0 -18908.0 
-18664.0 -19297.0 
-18501.0 -19383.0 
-18465.0 -19419.0 
-18987.0 -18943.0 
-18702.0 -19270.0 
-18670.0 -19279.0 
-18585.0 -19347.0 
-18599.0 -19333.0 
-19000.0 -18920.0 
-18959.0 -19000.0 
-18941.0 -19024.0 
-18492.0 -19409.0 
-18965.0 -18968.0 
-18747.0 -19216.0 
-18646.0 -19299.0 
-18796.0 -19193.0 
-18843.0 -19129.0 
-18910.0 -19061.0 
-18873.0 -19105.0 
-18959.0 -19000.0 
-18808.0 -19172.0 
-18634.0 -19314.0 
-18865.0 -19110.0 
-18826.0 -19149.0 
-18781.0 -19206.0 
-18860.0 -19120.0 
-18717.0 -19254.0 
-18941.0 -19024.0 
-18679.0 -19275.0 
-18732.0 -19244.0 
-18725.0 -19246.0 
-18818.0 -19155.0 
-18521.0 -19382.0 
-19008.0 -18919.0 
-18991.0 -18938.0 
-18557.0 -19378.0 
-18903.0 -19065.0 
-18717.0 -19254.0 
-18963.0 -18982.0 
-18890.0 -19072.0 
-18808.0 -19172.0 
-18881.0 -19095.0 
-18735.0 -19232.0 
-18634.0 -19314.0 
-18914.0 -19046.0 
-18766.0 -19210.0 
-18526.0 -19381.0 
-18557.0 -19378.0 
-18495.0 -19399.0 
-18796.0 -19193.0 
-18766.0 -19210.0 
-18931.0 -19032.0 
-18963.0 -18982.0 
-18892.0 -19068.0 
-18885.0 -19082.0 
-18831.0 -19140.0 
-18702.0 -19270.0 
-18842.0 -19134.0 
-18919.0 -19039.0 
-18465.0 -19419.0 
-18931.0 -19032.0 
-18495.0 -19399.0 
-18832.0 -19137.0 
-18541.0 -19379.0 
-18744.0 -19223.0 
-18596.0 -19338.0 
-18881.0 -19095.0 
-18885.0 -19082.0 
-18860.0 -19120.0 
-18786.0 -19202.0 
-18541.0 -19379.0 
-18815.0 -19162.0 
-18492.0 -19409.0 
-18815.0 -19162.0 
-18991.0 -18938.0 
-18679.0 -19275.0 
-18786.0 -19202.0 
-18744.0 -19223.0 
-18596.0 -19338.0 
-18735.0 -19232.0 
-19044.0 -18906.0 
-18646.0 -19299.0 
-18919.0 -19039.0 
-18585.0 -19347.0 
-18458.0 -19435.0 
-18914.0 -19046.0 
