181.6125139672148	526.525990184785
516.2014134507416	230.06016828990988
475.5553459805882	145.15629913750746
257.08266595003573	496.4502420223455
388.30614558439015	363.07240226441917
528.6642150628059	314.7639916397257
567.5299780950847	158.92059114351872
462.46605871465977	305.45944237824267
461.8447931275386	264.0967951634891
524.9888553286048	319.7209586724166
304.90982388603186	488.6579787839334
478.9454248870384	251.8247993635336
497.40786341963803	187.1740289848479
635.919563983013	36.250487462213634
451.31200276413745	211.38095140653778
584.322247853629	234.77434695246646
320.39256599082637	470.8601626104941
465.8365936971245	98.13937076766236
348.154477369433	465.097033189709
155.46976649063177	570.4494482908513
280.0871880768379	432.8227677941764
321.6229926654896	489.73415430194336
520.9893324802939	81.30366860738586
316.6125173835113	513.5687243470142
353.701832606716	336.9589320199292
478.5101606320142	247.65122191874622
205.15519489346482	478.94409433199775
473.9781585006175	329.74581211637326
365.50059889901615	363.119549143414
544.8021117771718	268.78468521504635
525.9768412781054	110.8603050044283
485.03513524097565	0.770949364369783
467.7492817131832	344.0279550636043
479.96275762959505	233.8918757908452
501.3325347014905	107.30392027972862
94.49922697198238	462.2185439847901
373.9886900663082	450.0950737395537
71.18237220868845	486.5344745242729
518.7244677079055	17.709680042133996
472.4421301467381	354.07008136070596
319.39234239013155	414.9072221902302
549.8275329417281	282.71980706720734
612.2605032720729	216.27316509183774
318.4516152985108	452.70771813293425
416.57349833456783	443.83844892101223
383.52868325263574	415.06725395630036
441.5796537962384	348.9031279888907
491.62733147976587	242.45546521369354
538.9538500787962	11.04721388883626
501.63250568237487	219.19757308674883
536.113370347107	216.81593195849766
368.27851014479705	375.76500231618553
566.6645476424442	209.56265270865543
303.527506461719	458.1495537986279
137.8918866947286	501.30109682954276
557.0157509886902	223.53219750785456
405.5069046585923	280.46783270595955
42.49337542672949	608.1522074753656
473.44108508512187	299.6365099682672
573.9930096939604	123.70006349423463
68.67752261770275	511.38292383874693
541.1536777122873	123.72327835655175
337.1658293157888	519.441963995323
427.49901695766056	256.1330304306276
403.22496864877553	350.47824160939416
441.46617216180186	220.3036712018441
619.4576816222054	240.66214246249655
472.4271283511431	283.36560096052057
88.8052768550512	436.52651232248473
412.4872345137512	387.72685005148423
334.9276817867053	411.23027424772516
402.2212696840725	296.9088281905889
505.23830908225176	348.46046135226266
354.97647770196335	393.4095909774667
167.86628127208567	619.4289077780519
188.1109829867761	473.47492808559025
367.32502522190646	434.1193921108101
532.2833765189964	110.31049102381888
74.00803107117687	544.0930218992933
53.03842461239657	590.4372941289142
441.45230246839253	275.7575225987264
17.230775426435738	564.5347599582087
438.3726320762038	434.71276382403573
324.0163591351653	439.75113471653765
498.0726112194624	126.44146373321077
249.7851844806848	567.7835006602904
391.2055527411444	252.60009354735394
66.67054006897409	484.2672699926399
397.10570522708167	465.45321273966766
361.2327714545593	474.0054441690652
417.6466581950821	334.42807128887915
102.40333885898168	579.2628723903238
426.1265821920518	318.6246808607253
553.4614391539188	152.7176188783546
30.389023900677834	642.3607630446159
394.7173452709486	273.51812027133616
194.32095870437828	512.7480959586969
291.3124158918137	519.3427875053627
510.66414842934813	246.3701767261395
525.5411000912651	169.32419929836016
