660.7783758501263	60.5298063506741
242.9092009915694	494.50077299130925
452.185063269434	293.9622125843808
474.4154844173436	97.1010108500433
107.30467256784017	566.4239073594854
507.3389815799561	24.99645790299755
124.17177083922155	497.1054169435159
403.2863128240567	315.9394816846387
554.0281526701283	177.78666295377275
344.1051461713891	468.789431288676
144.34075273104747	545.0744709291162
555.86937652764	248.57699989042763
330.5070357807113	390.714614103085
5.861984995136221	642.6773565770018
509.16254150966705	109.28341598054976
202.8103230933836	552.9130308319507
469.68053035592953	341.18965494394644
66.06838364522162	516.7663113555561
482.3363425004764	283.17097340534553
3.9256493805410937	511.44017668675974
167.40510384060659	553.8641768983896
473.6098783829857	207.8267379691249
230.9797293549578	495.27219173221863
556.5778206619526	184.03598333651925
525.0336538396924	326.30410522814435
614.949435090042	155.6159405102537
476.3728930768445	305.129267058906
528.0401156754762	106.96899271880827
513.137134627507	245.57070435850324
415.80669168280815	255.83494713753691
500.22579741083183	322.40668186420186
558.3445707513615	89.34020677983318
491.11229888709914	217.0789383765503
151.99076764004707	485.54551008999783
231.52354031679832	573.3137765088824
232.04283686726657	521.3878333954269
375.8203736697828	288.8062757918901
556.0343205949769	51.980142762277914
248.1765215393771	507.0872127526871
161.60269632044398	535.1140725155298
170.53187816932092	562.414341907114
277.4304667573481	465.7463843944466
254.47729217529817	405.363755433508
114.4042119800763	526.364187722683
218.6154369694535	541.6278133151968
68.24540324745462	512.6026560719974
369.4599090414339	440.40416083867984
476.40844455107407	359.6638330680866
128.87841708196862	602.9911297266668
479.45484771382485	174.999575086614
222.73114991479406	544.7967166348303
430.48851284745365	240.28449068875236
448.69077078464744	204.2979122284913
569.2691943374513	101.45627263203095
107.53104218029046	546.4664967665044
342.72420356000043	502.3466513901138
386.9673636302868	260.093170489995
415.8927687129504	243.29258985611023
155.6677841096401	605.3030995749875
112.34476514205137	614.130604084776
315.7742340007874	439.6925729972177
567.4637226922986	251.19400662016773
284.51195346362147	539.7239364484279
273.16080844519325	515.1789830398897
401.64858489046367	306.8277113669536
414.21349374732716	234.73294107501582
577.1603802261243	217.53314663866874
509.91220524550937	76.27464126957717
467.16884377116224	330.45163759526196
33.75204165646653	570.0378332289489
166.42838949042894	533.1433663176949
94.8300684441268	497.53514706251445
617.7874407543827	155.45891198188605
155.47493143921545	563.6491295508988
580.7425271108957	345.6506068527747
153.43299459411259	535.3527869078564
219.43304710102862	609.4799194605516
579.9724469939363	5.346306354861678
612.728601530087	42.787008583962866
540.3196270667312	144.4828425635951
129.52353193847756	420.043968824289
487.3921630886662	48.80619950939318
344.8559558574256	476.81952163105643
478.79322381750495	417.6949449576801
484.2388677380782	97.08884244344256
98.74053742916355	606.1256637171251
380.9834873078486	397.6860742663086
442.2635749218448	114.23145569820399
433.2110555179485	427.21490599975823
616.2671000869582	188.43690216515887
434.31015090223707	142.56237644330443
44.155578353117036	550.2371146717171
561.2723031135622	134.29923914616833
203.71031034710154	550.247666036315
561.7449295823661	110.3730184649769
360.71718400402676	499.28802406626244
384.14834798516773	398.4256929621588
304.1905541717956	554.0105042235353
464.7004361783754	349.81648908601244
604.2038624050772	40.49785435957997
