8.612705502570365E-6	21.294910095358837
21.36939657099318	2.804898721721677E-7
21.051340295674414	0.8365521484437696
11.348387635515213	17.94421453345589
1.8459567647758985	21.042402758408883
0.6721382715867514	21.05077716856735
20.41402299685531	5.274690044672506
21.02234901052037	2.109951485728639
18.430291937061924	10.30179122453016
11.630544421277161	17.565436346629404
9.966825926538021	18.704448748062195
7.558735763628405	19.751510809178445
20.56803008157291	4.551807710737776
10.70105196624274	18.270173492973502
6.1559047165304674	20.270549934927665
15.314121777381992	14.547514584907544
20.15946696291755	6.279163867624547
8.13399714048821	19.56091898552534
20.009424920218724	6.6706804819384296
20.896197221251505	2.916775364476787
12.81501096160287	17.161990601913065
13.248968236973123	16.46542717003513
12.028891970302844	17.351334599992605
2.5819467772267997	20.93388065379879
15.579539532253799	14.295634222118641
19.17729430092346	8.951935786407288
9.520971414456948	18.845468032366295
10.361122206833738	18.462675805077968
6.7489257719777145	20.045604549320927
12.33413962710131	17.24178977325469
19.713373492685122	7.5834009799538595
8.627743880767351	19.302368643592633
18.71396378084462	9.917460468698602
18.24234308575037	10.727020070395199
8.937316739277769	19.107921737950246
15.09227061467928	14.936688493950909
4.152709823655078	20.747243510084516
19.61747347862948	7.949879330770924
4.9210463456006135	20.625300006166746
16.25419675650185	13.733700612144542
20.986183098785787	2.61075212912933
14.465529712259011	15.397777646452745
13.819223107628108	16.057615374075347
4.526236369333934	20.641240718182544
19.33488232799094	8.6368866810674
17.929760037354537	11.171744945799542
15.852015099357246	14.075631548039492
9.299338959690612	19.036508252514615
16.842439920634558	12.787142094929154
20.77213522573479	4.146016523733472
5.944511838676901	20.375061039845782
17.065616456297008	12.573006421641553
17.425304370774157	11.91461479758681
14.199528728086845	15.763311746408444
20.85001533107182	3.5097286991089933
17.58392276170832	11.593546129988564
16.483362550150385	13.431252690252721
20.270519365559448	5.826324351510872
3.244195786933607	20.931804078877086
21.09195116592661	0.3884979096229167
17.769553112496155	11.440605391095943
5.488342079222051	20.432147973579298
14.717548743550163	15.236106315014103
13.481130194806529	16.24830517643182
5.283395815343812	20.477602216804325
18.133292180676342	10.941944090818705
0.45263844261290215	21.10831819627847
8.387126786182435	19.500633251121435
16.022437777258876	13.881568909821848
16.72029632059299	13.060514717352302
19.966746324759445	7.133875131803794
18.768765574729287	9.699527794089441
20.826228277034026	3.665747688685889
19.84449477961678	7.233148531874488
19.01811541026546	9.322927199766882
20.356229439182933	5.684025787429602
17.264054574145675	12.38307135926941
14.881787122869218	15.051767699762593
21.148998276179846	0.16123706994920334
6.8315366007825595	19.965821836423512
13.051272688137743	16.849099972141087
9.054478745512338E-6	21.13478886228855
14.220854873439182	15.638713011937542
17.286520123210657	12.117352637022385
18.90930613846754	9.386451486180547
3.2929352504631297	20.851657799269752
20.702679137842715	4.3699133711199485
16.694081691103584	13.369137916947473
19.55337662505031	8.34459981015813
2.271778738689899	20.975866099003355
13.004893788198137	16.877293289457764
21.008419418226893	2.1232529988049236
10.548982790391712	18.30460696156412
13.683063295092415	16.13786296653588
19.55094288319757	8.44445344747424
3.7682464627959567	20.833916800126143
2.0863508832041346	20.995906945405167
7.206800159500911	19.841450090952158
3.7753699542740087	20.82755218794324
7.206800159500911	19.841450090952158
