4.129007462979314E-30	6.743180916904515E-14	92.7068282326771
89.56741926833155	0.0	0.0
5.541833755930517E-15	90.50501352371896	0.0
4.880672800300032E-14	3.250150366670959E-17	96.58550846157587
28.624310714692946	7.742920813250531	84.14088033902682
74.76794016926489	2.1765906773362294	49.10374856307333
3.4337441745520536	87.31610016984921	17.861172420702886
56.76181634167476	68.43796781763038	1.8728831761924405
49.880481491156296	70.48096402908172	25.285531630746085
46.55885039440613	40.70586024412402	62.9641969630562
1.4795391753050613	65.54490781501329	59.648215610968805
81.38967757479058	20.42827182872718	29.662025913034938
67.82144681433196	36.11356083114331	45.410383507920635
65.48940598372701	45.04791814790531	40.862347218697906
43.65343702795728	28.736284962574047	72.43258043752007
83.62301189818571	14.856386426896773	27.29867492605875
42.74957035290471	76.88099974825855	13.421503601531105
86.28997803892146	5.743193710389356	22.54221256998804
22.272326701437414	69.80595553604407	51.23373778881909
10.683111099617504	84.17639782480883	26.905724733035832
25.69378842602035	74.75605113590905	42.99487753442418
34.79356838543347	31.813938908118345	75.59441513998041
53.93166876211058	63.53988211715299	33.478193807271346
0.15818875139083646	1.4919780429446925	89.89221864086815
13.857124840860058	53.09634230960526	70.38392114999873
8.620483947870994	87.90007205207397	11.338294814949998
89.48812840185347	5.8215752889976695	4.421655305765656
5.130417498476248	18.389680675968933	87.25097517011456
7.509260961880433	78.67264590628426	42.903490732976636
54.693194206058436	58.99269037333547	37.73694570352441
20.15766647454233	5.019779008643224	86.77430714805303
40.46871302338391	79.86381509881073	8.027471202748323
61.272403059154776	56.60689791043533	30.69269769523374
48.176873986053025	34.94000725207112	67.68864767397766
52.74549435294317	51.40903538624799	47.229816790424465
12.84670570724945	39.61555870787943	79.04285540763873
8.271357141477374	81.85594742610404	32.88419727146966
4.313296385184938	88.72535104095671	6.66219569912369
57.94593387505612	44.87755530912332	51.247087432486914
63.07304506492699	61.73358700037318	15.424598323652395
81.62204689432154	37.00309285362454	4.418732478129712
16.670018965782532	54.40691901888846	68.96261610653727
31.18322686413602	22.404129780241366	80.98281518309757
45.39320683782099	12.278933439062229	75.82005795610172
32.77933870210434	8.866862381801633	82.6922068332636
70.0652278053429	50.8144129140758	26.140977379566937
18.1753402696882	75.74287336116771	43.57717847719612
71.96644236179674	46.46991126020788	23.719309782746723
61.771914001861035	42.82205990207815	47.526586644198495
15.712139949596233	10.842539869154054	87.24265347549989
54.50970752181723	66.76850593899736	23.78376764748852
4.129007462979314E-30	6.743180916904515E-14	92.7068282326771
78.22811418016265	23.827916970901846	35.23079337002367
76.9628643761289	27.057814070208586	36.88674771939622
31.75725750504859	31.037917020621588	78.14993637201263
41.19458060284316	77.96057832600802	15.096013017181356
21.473704558485995	11.434317200071986	85.8607641315907
36.55570000840747	47.624001333997555	65.895986825325
60.15788169135926	37.460051205506105	53.66353816399879
34.00769357805015	80.34007210746248	20.911373933958092
72.69827284004236	48.692294746208525	17.884649226055192
1.6916993684519015	41.6972244641844	78.63062672432766
10.440975466780742	12.789067565325931	87.79454595530827
48.912980148364596	73.18208260325673	14.216207298288484
84.63928379268954	28.444596309625677	5.676917494966365
24.695190159673693	24.207004018337994	84.21023868308878
70.28794073435344	32.02435027226004	44.882871964793566
47.59189576590447	49.47724446159602	57.11649664957783
85.5785569835532	25.819235694352628	7.431524018381736
20.421777665359336	58.57115190749505	64.08250459040254
64.5311205317821	58.313869091305925	19.12895426299318
56.545018457114345	60.99008870148567	31.406195291917783
48.76716857993407	72.58580060987781	18.715823768813912
75.13700081340276	30.0986255820053	36.02083763082726
53.87223501103286	52.50722682560125	47.07670206336108
44.45063646969967	30.576069567754043	71.1231280765083
70.82127266704576	44.100098373771395	37.10193147770023
60.49908706769946	37.34631187489775	53.837746899381784
84.50588268781964	17.626765935853737	20.1347397987514
48.062173348188296	48.927778415826644	56.82501797886344
55.13580026073352	54.18675618914986	44.46473587763784
0.9804454164228484	38.83999686512472	81.9429800727124
80.5594819281907	14.312122545083485	35.24991055012609
65.97710012433215	26.671751437271617	52.86675525114399
18.993944393893184	54.878033188437605	67.49633969778513
66.31166904954152	55.046932846461495	20.78331473207771
11.01342342709905	9.58376875565235	87.72441739011265
37.96564605714765	81.12989958302893	9.050658222123143
38.117106860925816	78.57114159724185	19.206636241944235
85.63766989483477	23.55713391422938	10.241613078258164
30.925604907318608	11.76929496180684	82.36788546028646
62.33389813046507	23.722285640500093	58.27288305257774
24.82232058859675	16.376166642025336	84.38083794318318
75.98175757349519	16.246563531555214	43.46877972458062
36.83739242856272	47.30723367961381	65.8100327147722
63.289216894521246	60.809729820439756	15.339314515847482
37.476501976030185	9.280483353483469	80.10335250562693
79.86655479990783	31.011328465246166	25.797976908191178
0.5641345075927612	0.0	88.5512474775003
5.541833755930517E-15	90.50501352371896	0.0
