-19135.0 -18702.0 
-19135.0 -18702.0 
-18144.0 -19552.0 
-18144.0 -19552.0 
-18831.0 -19135.0 
-18210.0 -19547.0 
-18339.0 -19513.0 
-19068.0 -18803.0 
-18779.0 -19180.0 
-18480.0 -19415.0 
-18791.0 -19139.0 
-18914.0 -19016.0 
-18437.0 -19416.0 
-18700.0 -19246.0 
-18210.0 -19547.0 
-18558.0 -19365.0 
-18402.0 -19463.0 
-19002.0 -18874.0 
-18264.0 -19530.0 
-19076.0 -18738.0 
-18566.0 -19342.0 
-18917.0 -18982.0 
-19026.0 -18865.0 
-18436.0 -19432.0 
-19113.0 -18719.0 
-18299.0 -19520.0 
-18637.0 -19284.0 
-18744.0 -19187.0 
-18843.0 -19099.0 
-19070.0 -18767.0 
-18347.0 -19490.0 
-18888.0 -19044.0 
-18520.0 -19372.0 
-18883.0 -19062.0 
-18932.0 -18972.0 
-18950.0 -18962.0 
-18664.0 -19257.0 
-19082.0 -18729.0 
-18734.0 -19199.0 
-18953.0 -18952.0 
-18866.0 -19064.0 
-18655.0 -19274.0 
-18264.0 -19530.0 
-18706.0 -19226.0 
-18888.0 -19044.0 
-18718.0 -19200.0 
-18622.0 -19288.0 
-18354.0 -19485.0 
-19070.0 -18767.0 
-18914.0 -19016.0 
-18495.0 -19400.0 
-18371.0 -19479.0 
-19001.0 -18892.0 
-18595.0 -19323.0 
-19053.0 -18819.0 
-19044.0 -18836.0 
-18851.0 -19067.0 
-18513.0 -19386.0 
-18843.0 -19099.0 
-18375.0 -19473.0 
-18712.0 -19212.0 
-19113.0 -18719.0 
-18987.0 -18909.0 
-18595.0 -19323.0 
-18973.0 -18933.0 
-18605.0 -19318.0 
-18495.0 -19400.0 
-19029.0 -18852.0 
-18566.0 -19342.0 
-18787.0 -19158.0 
-18987.0 -18909.0 
-18787.0 -19158.0 
-19053.0 -18819.0 
-19044.0 -18836.0 
-18282.0 -19528.0 
-18926.0 -18980.0 
-18610.0 -19309.0 
-18676.0 -19255.0 
-18421.0 -19446.0 
-18421.0 -19446.0 
-18614.0 -19296.0 
-18299.0 -19520.0 
-18538.0 -19368.0 
-18966.0 -18943.0 
-18513.0 -19386.0 
-18850.0 -19080.0 
-18977.0 -18925.0 
-18676.0 -19255.0 
-18711.0 -19223.0 
-18850.0 -19080.0 
-19029.0 -18852.0 
-18538.0 -19368.0 
-19001.0 -18892.0 
-18655.0 -19274.0 
-18412.0 -19455.0 
-18282.0 -19528.0 
-18977.0 -18925.0 
-18613.0 -19302.0 
-18412.0 -19455.0 
-18744.0 -19187.0 
