0.0	0.5695836640035044	0.5492620474098291	0.524201762093476	0.5066073214467862	0.5015573990133937	0.5009945438415897	0.5010553096332006	0.5010929090008676	0.5001535566754359
0.9968846881876966	0.5695892755466812	0.5494016405414763	0.5252407515950382	0.5066074352832102	0.5015603353231601	0.5009946389597079	0.5010538160717486	0.5010929093527294	0.5001535566531183
0.6711124370949126	0.5693864154687218	0.5492819934416521	0.5251252197375856	0.5066070225844103	0.5015620506650058	0.500994636895652	0.5010538100768709	0.5010929384753094	0.5001535566720786
0.6073746657745395	0.5695882854730078	0.549255624685159	0.5250023879007725	0.5066071618743062	0.5015577703966513	0.5009943341380277	0.5010351970253799	0.5010929090128716	0.5001535566525723
0.3831149181175324	0.5695827421415655	0.5494289740255169	0.5250833981313996	0.5066054187938448	0.5015436431260145	0.5009941454684411	0.5010377534436101	0.5010929096921101	0.5001535566749209
0.4727638490879503	0.5695892843110324	0.5492583788057938	0.5250637755272787	0.506607175340883	0.5015645243069227	0.5009946652136151	0.5010544168407863	0.5010929392282996	0.500153556677804
0.013057105686912374	0.5695891868682622	0.5494320243045081	0.5252355654238902	0.5066071195526552	0.5015463561102098	0.5009946405758202	0.5010553176491256	0.501092908909498	0.5001535566524148
0.08348149598129333	0.5695849985487054	0.5493841288379098	0.5250666745362833	0.5066073116763126	0.5015562470167065	0.5009946706463574	0.5010553154574481	0.5010929433880277	0.5001535566767057
2.4484405396296705E-4	0.5695838637992565	0.5492388267617484	0.5250105539941875	0.5066070987159674	0.5017290414396899	0.5009946397060818	0.5010553153608736	0.5010929381325251	0.5001535566837043
0.539205401677144	0.5695892563948631	0.549436619158292	0.5252896555189122	0.5066070437606127	0.5015615071648168	0.5009946166096445	0.5010538289857146	0.5010929392976058	0.5001535566531209
0.35568461731194567	0.5695849984331041	0.5493902384903104	0.5252354163605546	0.5066072480524585	0.5015565042236614	0.5009943298406824	0.5010364123412978	0.5010929437928207	0.5001535566525663
0.1464682621498345	0.5695996987805702	0.5492377456342011	0.5252569485955808	0.5066177838360696	0.5016466859358818	0.5009946399867898	0.5010557980889052	0.501092908150414	0.5001535566834576
0.09372032177991567	0.5695849985487054	0.5493846179739877	0.5250667062929266	0.5066073116763126	0.5015562470167065	0.5009943482132687	0.5010553154574481	0.5010929433880277	0.5001535566839249
0.7066188633908129	0.5695881297506181	0.5492630980818329	0.5251061521095389	0.5066179133289487	0.5015575926469178	0.5009946771649518	0.5010343203783226	0.50109290900006	0.500153556676683
0.6714110881295123	0.5695891108796448	0.5494254282762355	0.5251161732783618	0.5066177448488183	0.5015619984908537	0.500994636008766	0.5010555511524621	0.5010929369186781	0.500153556682854
0.23672173926135506	0.569589348502696	0.5494326802841205	0.5252471355109268	0.5066071618744412	0.5015557706027489	0.5009943191773838	0.5010552675241546	0.5010929087848146	0.5001535566525852
0.41706913803631845	0.5695826348342111	0.5492633630101426	0.5252365669035983	0.5066047646742752	0.5016466705805156	0.5009943229832552	0.501055186118606	0.5010929101422265	0.5001535566642142
0.1498384989561024	0.5695878626011629	0.5494317531948293	0.5252403561212922	0.5066072039914967	0.5016443427352886	0.5009943220354738	0.5010553150907964	0.5010929414580875	0.5001535566751127
0.8066681784370323	0.5695875587346995	0.5494317531948293	0.5250876154858796	0.5066072039914967	0.5016443427352886	0.5009943275893353	0.5010553150907964	0.5010929414580875	0.5001535566529618
0.7262226576929277	0.5695918077071644	0.5492558132217586	0.5250594729874447	0.5066063829837555	0.5015476285023227	0.5009946128485235	0.5010554941414425	0.5010929093707782	0.500153556653103
0.336088946524807	0.5695891108796448	0.5494254282762355	0.5252406069730964	0.5066178051003403	0.5015555464784797	0.500994636008766	0.5010555511524621	0.5010929087690922	0.5001535566822526
0.5624293024447888	0.5695883611996629	0.5492631216029771	0.5251000736479156	0.5066071919116073	0.501557639981913	0.5009943361443306	0.5010542499202641	0.5010929090042173	0.5001535566617415
0.4879587538741315	0.5695999776012343	0.54940009935061	0.5252924339482462	0.5066046143751525	0.5015433594253159	0.5009941346628054	0.5010555302238664	0.5010929393283472	0.5001535566521409
0.26805780687079206	0.5695886340106276	0.5494146756079843	0.5252377636414877	0.5066074898644987	0.5015535784818258	0.5009946336292266	0.5010351611465196	0.5010929076928172	0.5001535566657537
0.4280982456327643	0.5696007276481151	0.5492633630101426	0.5252365669035983	0.5066047646742752	0.5016466705805156	0.5009943205008207	0.501055186118606	0.5010929384698616	0.50015355666419
0.51995355758559	0.5695883728975554	0.5494352238976838	0.5252879755151122	0.5066071618744412	0.5015616227165878	0.5009943224295454	0.5010553152613408	0.5010929087848146	0.500153556652042
0.975931180362151	0.5696025043141353	0.5494059422852794	0.5252899442265812	0.5066064228305681	0.5015571908597141	0.5009946441353498	0.5010554236274171	0.5010929096524056	0.50015355665205
0.2922697894423466	0.5695891179921136	0.5494326802841205	0.5252402791484321	0.5066070449409521	0.5015556170543488	0.5009946179289391	0.5010533364505363	0.5010929087848146	0.500153556652585
0.4280982456327643	0.5696007276481151	0.5492633630101426	0.5252365669035983	0.5066047646742752	0.5016466705805156	0.5009943205008207	0.501055186118606	0.5010929384698616	0.50015355666419
0.18567511600089195	0.5695878626011629	0.5494292311412439	0.5252742423249702	0.5066051120168715	0.5016399411454358	0.5009943110530176	0.5010553384359713	0.5010929414580875	0.5001535566750979
0.7937190657334297	0.5695885865406518	0.5493826242758525	0.5252451010083706	0.5066071658256335	0.501556582897026	0.5009943177740663	0.5010557951314359	0.5010929095981879	0.500153556652324
0.7387872653665567	0.5695913220784327	0.5494254282762355	0.5252406069730964	0.5066169929640862	0.5015644826964498	0.500994636008766	0.5010555509244055	0.5010929363978732	0.5001535566822526
0.8176159094722991	0.5695849984331041	0.5493902384903104	0.5252352610554396	0.5066060747803026	0.5015557630455689	0.5009943569420499	0.5010352675243053	0.5010929437928207	0.500153556677009
0.5931892565546644	0.5695883686828164	0.5494326802841205	0.525239894771282	0.5066071618744412	0.5015557706027489	0.5009943224295454	0.5010553152613408	0.5010929087848146	0.5001535566525852
0.984219121277454	0.5695886702626412	0.5494320243045081	0.5252355654238902	0.5066072428905208	0.5015463445049408	0.5009943265971649	0.5010555049932474	0.501092908893165	0.5001535566536381
0.21262061031641033	0.5695892556679478	0.549405439605554	0.5250634342860616	0.5066051150223057	0.5015534806217338	0.5009946751251674	0.5010537780848224	0.5010929091672987	0.5001535566766862
0.8276519716740312	0.5696004133705831	0.5492811763904736	0.5250861667108906	0.5066173835400338	0.5016466238363354	0.5009946135313952	0.5010383557695494	0.5010929384673471	0.5001535566531082
0.7697136905852263	0.5695883203449174	0.5494084227122187	0.5252574046068605	0.5066072439545395	0.5015563230728648	0.5009943294686486	0.5010535143638719	0.5010929090527542	0.500153556652524
0.9268660482796404	0.5695872555830059	0.5493964507162421	0.5251002076213658	0.5066183142116599	0.5016459128134032	0.5009943485653311	0.5010547895490083	0.5010929093641328	0.5001535566519842
0.31459459644822835	0.5695829231151012	0.5494289740255169	0.5252382779081847	0.5066071774109911	0.5015436431260145	0.5009941454684411	0.5010377435772941	0.5010929087859294	0.5001535566749209
0.750889143790294	0.5695890442415664	0.5494038938402844	0.525239898828779	0.506605073658355	0.5015437557000599	0.5009943309595445	0.5010557410381477	0.5010929076648012	0.5001535566525889
0.18567511600089195	0.5695878626011629	0.5494292311412439	0.5252742423249702	0.5066051120168715	0.5016399411454358	0.5009943110530176	0.5010553384359713	0.5010929414580875	0.5001535566750979
0.32087874129159366	0.5695891108796448	0.5494326802841205	0.5252406069730964	0.5066178051003403	0.5015557706027489	0.5009943224295454	0.5010553136058434	0.5010929087690922	0.5001535566834837
0.9540536891090081	0.5695883728975554	0.5494005972747509	0.5252879755151122	0.5066071618744412	0.5015616941442284	0.5009943209507334	0.5010555852869512	0.5010929055223459	0.5001535566764684
0.5004856082948109	0.5695914716094428	0.5494065308578032	0.5252896555189122	0.5066071945938329	0.5015579629564179	0.5009941346628054	0.501055422694359	0.5010929379124092	0.5001535566520513
0.9914381009317375	0.5695886438530796	0.5493950539745168	0.5252475054116339	0.5066171246086718	0.5016466238363354	0.500994612811813	0.5010377680908066	0.5010929392383321	0.5001535566524674
0.9162038103415115	0.5695892603772965	0.5494040811740812	0.5252434239961911	0.5066074700680051	0.5015506516193822	0.5009946132828362	0.5010535372158315	0.5010929103369401	0.5001535566642619
0.21185217495349204	0.5696020529055751	0.549325555467252	0.5250646211887727	0.5066064690566746	0.5015552951859379	0.5009943217937185	0.5010551838464883	0.5010929091672987	0.5001535566766862
0.7626980289956575	0.5695883517104853	0.5493241776031119	0.5252571245197446	0.5066072348816836	0.5015565373586203	0.5009943294694129	0.5010553270715514	0.501092909052428	0.5001535566535893
0.29748518799929746	0.5695891108796448	0.5494326802841205	0.5252399121634347	0.5066071619368933	0.5015557085987311	0.5009946853313235	0.5010339469460546	0.5010929087848146	0.500153556652585
0.8584330115239435	0.5696004133705831	0.5492814060618727	0.5252474040453906	0.5066173835400338	0.5016466238363354	0.5009946135313952	0.5010386072934444	0.5010929392383321	0.5001535566531082
0.25489901193030906	0.5695891108796448	0.5494326802841205	0.5252399121634347	0.5066071619368933	0.5015557085987311	0.5009946853313235	0.5010339469460546	0.5010929087848146	0.500153556652585
0.6984915939554075	0.5695826348342111	0.5492632453955054	0.5250865028628648	0.5066048274920476	0.5016457750955613	0.5009946303442702	0.501055186118606	0.5010929101515024	0.5001535566519559
0.5869940179778131	0.5695883611996629	0.5492631203866392	0.5251047422074673	0.5066071658605906	0.501557639981913	0.5009943365095467	0.5010542132911433	0.5010929090137385	0.5001535566617415
0.8512263861578087	0.5696004133705831	0.5492814060618727	0.5252474040453906	0.5066174902433278	0.5015615962660136	0.5009946135313952	0.5010538061671186	0.5010929392314235	0.5001535566531201
0.7873918142348963	0.5695886702626412	0.5494320243045081	0.5252355654238902	0.5066071195526552	0.5015463561102098	0.5009943239801805	0.5010553176491256	0.501092908909498	0.5001535566524148
0.971396652959062	0.5696025043141353	0.5492329939801791	0.52524689988509	0.5066064370585432	0.5015476781307474	0.5009946396489046	0.501055498681085	0.5010929103234423	0.5001535566535662
0.8446817115538914	0.5695879615068261	0.5494286753462331	0.5250671724113416	0.5066071808876902	0.5015557706044584	0.5009943541812285	0.5010552823370723	0.501092907986344	0.5001535566519387
0.9658986069347874	0.5695885012636775	0.5492824660926792	0.5252919489854546	0.5066071440504888	0.5016469974010694	0.5009941344290091	0.5010555269589531	0.5010929409544433	0.500153556652053
0.9000472282478749	0.5695883290000181	0.5492824743379511	0.5252474040453906	0.5066077067453362	0.5016466238363354	0.5009946405997979	0.5010555477786495	0.5010929392383321	0.5001535566524674
0.8866777262244698	0.5695849747025179	0.5492820281876242	0.5250671724113416	0.5066060261179038	0.5015557706044584	0.5009943536461393	0.5010350897711472	0.501092907986344	0.5001535566519387
0.0035049233934131563	0.5695849985487054	0.5494287067264362	0.5250670134240213	0.5066073116763126	0.5015562470167065	0.500994351621149	0.5010553154574481	0.5010929433880277	0.5001535566839249
0.7367649944753921	0.569591357120226	0.5492557527010377	0.5250706429852368	0.5066051921754294	0.5015569098549348	0.5009946042857139	0.5010553384359713	0.5010929076893877	0.5001535566522058
0.6824118538096782	0.569578267782888	0.5492815974385336	0.5251252197375856	0.5066070993144239	0.5015620506650058	0.5009946367978823	0.5010538100768709	0.5010929384753094	0.5001535566725883
0.8625466648487707	0.5695892603772965	0.549400223169589	0.5252413116034333	0.5066074700680051	0.5015506408310153	0.5009946132828362	0.5010535372158315	0.5010929433486228	0.5001535566524843
0.5656196811003888	0.5695891091460574	0.5494294144853991	0.5252855257816705	0.506605112697888	0.5016396699964661	0.5009946167661613	0.5010552933019254	0.5010929093318643	0.5001535566742984
0.7793296616875725	0.5695891108796448	0.5494254282762355	0.5252406069730964	0.5066174648745628	0.5015644826964498	0.500994636008766	0.5010555511524621	0.501092938764405	0.5001535566822526
0.9153676924244326	0.5695883331721399	0.5492470481205015	0.5252482524687155	0.5066074794058165	0.5015517176003742	0.5009946132828362	0.5010535372158315	0.5010929103369401	0.5001535566642619
0.9048586578422017	0.5695892755466812	0.5494016405414763	0.5252992170088995	0.5066074352832102	0.5016438610218265	0.5009946388218038	0.5010538160717486	0.5010929093524307	0.5001535566531183
0.9494340687253813	0.5695892606300416	0.5494011195586171	0.5252377909797009	0.5066074957208389	0.5015588169106484	0.5009941595403644	0.5010555892953538	0.5010929404724624	0.5001535566766862
0.5725515803166382	0.5695890154019745	0.5494302352867132	0.525097839189454	0.506605115603971	0.501548327247014	0.5009946396489046	0.501055498681085	0.5010929103234423	0.5001535566535662
0.8737387317348962	0.5695826760382857	0.5492635490481709	0.5250671724113416	0.5066060261179038	0.5015557706044584	0.5009943536461393	0.5010362834328062	0.501092907986344	0.5001535566519387
0.9250336005360468	0.5695892755466812	0.5494016405414763	0.5252992170088995	0.5066074352832102	0.5016457432242825	0.5009946394473572	0.5010538160717486	0.5010929093524135	0.5001535566515911
0.7782846898108124	0.5695848422700746	0.5494218079994908	0.5250666745362833	0.5066072365324809	0.5015564934081386	0.5009946812003055	0.5010550464704973	0.5010929445507994	0.5001535566508178
0.7308904928469366	0.5695915963915199	0.5492814060618727	0.5252455392482333	0.5066174338872913	0.5016466238363354	0.5009946135313952	0.5010538061671186	0.5010929400201574	0.5001535566750193
0.7567070833254627	0.5695885865406518	0.5493829827916236	0.5252451183074698	0.5066071658256335	0.5016476519335353	0.5009943178177404	0.5010557915532752	0.5010929378445873	0.5001535566294248
0.8927307296348218	0.569588324758045	0.5492803725940315	0.5251008384373396	0.5066049340081915	0.5015549272237582	0.5009946878970899	0.5010542306801782	0.5010929087805577	0.5001535566604108
0.6854337449793235	0.5695890755419019	0.5493853095272212	0.5250654756714475	0.5066072310996207	0.5015476643683058	0.500994636895652	0.5010552696607661	0.5010929384417734	0.5001535566525432
0.8394127621197025	0.5696004133705831	0.5492806140043781	0.5252474040453906	0.5066174338872913	0.5016466238363354	0.5009943239313298	0.5010538047715486	0.5010929392383321	0.5001535566746598
0.5793281183917934	0.5695892942866523	0.5494338651192785	0.5251054944642551	0.5066051125365688	0.5016458082067208	0.5009943172582032	0.5010537911121611	0.5010929095303049	0.5001535566746631
0.8394127621197025	0.5696004133705831	0.5492806140043781	0.5252474040453906	0.5066174338872913	0.5016466238363354	0.5009943239313298	0.5010538047715486	0.5010929392383321	0.5001535566746598
0.42031143166489354	0.5695826348342111	0.5493234879131894	0.5252366342842295	0.506605000815255	0.5015580171307722	0.5009943229832552	0.501055186118606	0.5010929092738428	0.5001535566643179
0.9426432361614739	0.5695826348342111	0.5492633630101426	0.5252364384555682	0.5066044114468111	0.5016466705805156	0.5009943229832552	0.501055186118606	0.5010929101422265	0.5001535566642142
0.9474715759559121	0.5695878975746513	0.5492826850122943	0.5250715128382095	0.5066071657950526	0.5015566612316272	0.5009943457085969	0.5010368863207413	0.5010929390568285	0.5001535566529223
0.8779666421022149	0.5695846799308333	0.549432903946912	0.5250707926159408	0.5066072487631339	0.5015520442288185	0.5009946040559505	0.501055567983808	0.5010929424290792	0.5001535566525801
0.47578053792371433	0.5695884887390685	0.54940009935061	0.5252919489854546	0.5066050415885889	0.5016454782826614	0.5009941346628054	0.5010555269589531	0.5010929409544433	0.5001535566520721
0.6899130020984294	0.5696004497130032	0.5493872323357463	0.5250865028628648	0.5066047609001473	0.5016466705375444	0.5009946172018047	0.501038408675783	0.5010929101515024	0.5001535566408969
0.5071308044283807	0.5695896182099799	0.5494015905822491	0.5252896555189122	0.5066071945938329	0.5015602685856425	0.5009941346628054	0.5010554118375905	0.5010929378986231	0.5001535566520513
0.8239077403204708	0.5696004133705831	0.5492811763904736	0.5250861667108906	0.5066173835400338	0.5016466238363354	0.5009946135313952	0.5010386072934444	0.5010929386905495	0.5001535566531082
0.9426432361614739	0.5695826348342111	0.5492633630101426	0.5252364384555682	0.5066044114468111	0.5016466705805156	0.5009943229832552	0.501055186118606	0.5010929101422265	0.5001535566642142
0.9097901161305094	0.5695882565329213	0.5492820274949792	0.5252457670960344	0.5066071866026677	0.5016466238363354	0.5009946195088442	0.5010538061671186	0.5010929392383321	0.5001535566524674
0.8730024517034058	0.5695773717729009	0.5492392991053974	0.5251192073444135	0.5066051941622399	0.5017101381032311	0.5009942627831327	0.501054569649533	0.5010929384971315	0.5001535566728575
0.2605142575274194	0.5695892606300416	0.5494011195586171	0.5252377909797009	0.5066074898644987	0.5015534806217338	0.5009946326818973	0.5010536434619363	0.5010929076936369	0.5001535566766862
0.5121476040065549	0.5695914454737624	0.5493812069705222	0.5252919489854546	0.5066050879612708	0.5015645386510458	0.5009941420361316	0.5010372961930591	0.5010929382425314	0.5001535566520574
0.8952654142334686	0.5695917107364844	0.5492820540554364	0.5250593805476352	0.506606407431832	0.5015663906733943	0.5009946112955098	0.5010542291234474	0.5010929079901638	0.5001535566530964
0.47578053792371433	0.5695884887390685	0.54940009935061	0.5252919489854546	0.5066050415885889	0.5016454782826614	0.5009941346628054	0.5010555269589531	0.5010929409544433	0.5001535566520721
0.8819896521844267	0.5695849934492446	0.5492626862196167	0.5252425943448418	0.5066050722579704	0.5015645243069227	0.5009946650043632	0.5010362551922231	0.5010929392383321	0.5001535555971058
0.5158634120726768	0.5695883728975554	0.5494352238976838	0.5252879755151122	0.5066071618744412	0.5015616941442284	0.5009943224295454	0.5010553152613408	0.5010929087848146	0.500153556652042
0.9440773603269289	0.569588305199207	0.5492804461976839	0.5251008384373396	0.5066049340081915	0.5015546809720219	0.5009946878970899	0.5010551351989478	0.5010929087805577	0.50015355666032
0.9670156277795029	0.5695849985487054	0.5493841288379098	0.5250666745362833	0.5066073116763126	0.5015562470167065	0.5009946706463574	0.5010553127805055	0.5010929433880277	0.5001535566766867
