0.9914527665143373 0.5647861412937022 0.5419966598696615 0.5182593811933003 0.5042129953625757 0.5012331031477407 0.5010651621205822 0.5012015061413668 0.5010286226416018 0.5000894113260027 
0.0 0.5647705105873513 0.5420797107134671 0.5182370711883807 0.503654051759113 0.5012330426936746 0.5010647423591358 0.5012015042650658 0.5010286226396222 0.5000893526374147 
0.08695373725860445 0.5647874055531699 0.5419887125736561 0.5182355124387891 0.504207006711714 0.5012330554476493 0.5010651848808 0.5012015098385345 0.5010286226383714 0.5000893690490171 
0.25770289063229335 0.5647789101000198 0.5419715891623568 0.5181666172106072 0.5042086649744685 0.5012330479946483 0.5010647405335332 0.5012014778220772 0.5010286226414592 0.5000890185455001 
0.974048539540548 0.5647894085105973 0.5419710012496561 0.518265225664011 0.504208818493939 0.5012330461466048 0.5017284736097699 0.5012015068945518 0.5010286226382932 0.500089254083883 
0.0028191970375450737 0.5647874055531699 0.5419887125736561 0.5182355124387891 0.504207006711714 0.5012330554476493 0.5010651848808 0.5012015098385345 0.5010286226383714 0.5000893690490171 
0.39517203293826836 0.5647848789686357 0.5419716833652973 0.518188917029232 0.5042086649744685 0.5012330510685971 0.5010648386945378 0.5012014775536338 0.5010286226414461 0.5000890185455001 
0.7715066691804165 0.564785483567711 0.5421008230641545 0.5182692354618635 0.5042142617174249 0.5012330728839964 0.5010651904824208 0.5012015062409041 0.5010286226418939 0.5000893671573783 
0.7534976982802021 0.5647893743396305 0.5419969614527435 0.5182642564383463 0.5041668351633795 0.5012331033760246 0.501065196703889 0.501201505566204 0.5010286226394247 0.5000894120578285 
0.5286772131664127 0.5648021572887287 0.5420726495337537 0.5182368795508817 0.5042261668491727 0.5012330713417171 0.5010651715790412 0.5012015053364424 0.5010286226571335 0.5000894079063417 
0.5112474310303042 0.5647836316654766 0.5420662322378514 0.5182367737715867 0.5041677392837105 0.5012330449273878 0.5010648205869592 0.5012015001231641 0.5010286226416544 0.5000891473390595 
0.3465730211824404 0.5647808719843752 0.5419885169838836 0.5182338869692438 0.5041689736175475 0.5012330299286877 0.5010648444292151 0.5012014765719117 0.5010286226361056 0.5000893261426951 
0.3573066915668472 0.564802713232141 0.5420725734038653 0.5182606910608173 0.5041674495769382 0.5012330229017723 0.5010651635667905 0.5012014764884872 0.5010286226470723 0.5000893610759294 
0.4975379256003901 0.5647683246697414 0.5420725734038653 0.5182362680467599 0.5041378994249066 0.5012330449126862 0.5010651663146266 0.501201475948146 0.5010286226346631 0.5000891794968092 
0.948023967369628 0.5647683246697414 0.5420725734038653 0.5182612087638546 0.5041378994249066 0.5012330449126862 0.5010651663146266 0.501201475948146 0.5010286226349425 0.5000891794968092 
0.8876418728201836 0.5647844043488076 0.5419786346353606 0.5182326598629924 0.504186523122289 0.5012330199226941 0.5010651621746227 0.5012014762777974 0.5010286226579511 0.5000894151238771 
0.4796841678930591 0.5647878266666181 0.5420999108337459 0.5182319766219284 0.5041557303854175 0.5012331000518755 0.5010648249939978 0.5012014996455171 0.5010286226394564 0.5000891737838812 
0.4331436097062579 0.564785483567711 0.5419922526407824 0.5182679503649955 0.504198853810488 0.5012330716862644 0.5010647588748962 0.5012014995563798 0.5010286226416587 0.5000893860858493 
0.4739156666371538 0.5647878266666181 0.5419911223064524 0.5182319766219284 0.5041551626146052 0.5012331000411848 0.5010648188688482 0.5012014996455171 0.5010286226394365 0.5000891929522936 
0.8760641422796737 0.5647674405950349 0.5419886908235099 0.5182364767779206 0.5042068411573641 0.501233061458501 0.5010651635396652 0.5012015098080704 0.5010286226382878 0.5000893677020959 
0.7786708729569836 0.564785483567711 0.5421010411680758 0.5182690032544496 0.5042143337708228 0.5012330728839964 0.501065169687155 0.501201506239511 0.5010286226416025 0.5000893671573783 
0.6651139605513152 0.5647874055531699 0.5419894204428383 0.518192299756976 0.504192580043558 0.5012330715883606 0.5010651849668781 0.501201506891101 0.5010286226416167 0.5000891750697833 
0.28609381433366976 0.5647677221864194 0.5419971870517233 0.5182367762058763 0.504174178949612 0.5012330452710004 0.5010648442731248 0.5012015099030629 0.501028622638264 0.5000893454058408 
0.4125396572575383 0.564785483567711 0.5419922526407824 0.5182679503649955 0.504198853810488 0.5012330225676286 0.5010647588748962 0.5012014688125521 0.5010286226416587 0.5000891273484821 
0.7936833003018536 0.5646677706506453 0.5421198571912732 0.5182607711415703 0.5041525907233403 0.5012330449323692 0.5010648216128165 0.50120149946202 0.5010286226416599 0.5000891856910665 
0.5835553407961828 0.5647864678710809 0.5419717089771917 0.518260303624381 0.5041784900579002 0.5012331000396025 0.5010651671032912 0.5012015064047544 0.5010286226419497 0.5000892533257326 
0.3311039536835526 0.5647680184629551 0.5419788360362933 0.5182367737715867 0.5041689563191831 0.5012330449989273 0.5010648277731868 0.5012014747746122 0.5010286226416455 0.5000891680959846 
0.6779534198996927 0.5648043596441078 0.5419939577090428 0.5182600582935312 0.5041743813087136 0.5012331020341942 0.5010651671797681 0.5012015078509658 0.5010286226418198 0.500089173218272 
0.3027940563636319 0.5648011562504143 0.5419843588922185 0.518190800245723 0.5041689107825572 0.5012330476678534 0.5010648329517653 0.5012015012921205 0.5010286226359326 0.5000893436848233 
0.4486237504247465 0.5647848789686357 0.5419891328146662 0.5182323596694243 0.5042086649744685 0.5012330607825416 0.5010651770540373 0.5012015055205943 0.5010286226414461 0.5000892505309622 
0.7163006238439116 0.5647901560367906 0.5419886902998391 0.518260472188481 0.504185225658039 0.5012331021930246 0.5010651907440342 0.5012015062426741 0.5010286226425817 0.5000893663757099 
0.5499854533439482 0.5647864678710809 0.5419976109460807 0.5182604579198632 0.5041784900579002 0.5012331000396025 0.5010651671032912 0.5012015069499608 0.5010286226419416 0.5000893668459276 
0.4234191926623536 0.5647855996543633 0.5419698002844759 0.5182317790507636 0.5041686510096635 0.5012330530343518 0.5010647511923797 0.501201477046314 0.5010286226416513 0.5000893405529251 
0.9341327365391191 0.56478493108652 0.5419715331423555 0.5182357812081255 0.504208416917697 0.5012330464249439 0.5010648361486114 0.5012014749105512 0.5010286226356132 0.5000895457861988 
0.5885557248564237 0.5648037029465268 0.5420662322378514 0.5182609636679084 0.5041677560136475 0.5012330449273878 0.5010648205869592 0.5012015001231641 0.501028622647031 0.5000891473390595 
0.4486237504247465 0.5647848789686357 0.5419891328146662 0.5182323596694243 0.5042086649744685 0.5012330607825416 0.5010651770540373 0.5012015055205943 0.5010286226414461 0.5000892505309622 
0.3126182114961421 0.5647808719843752 0.541984460266812 0.5181940406567113 0.5041689736175475 0.5012330299286877 0.5010648444292151 0.5012014765719117 0.5010286226361056 0.5000893262900777 
0.827056291112272 0.56480715578404 0.5420747241518408 0.5182622122145083 0.5041928045034118 0.5012330465121235 0.5010647552426588 0.5012015078509658 0.5010286226420608 0.5000891614547649 
0.8963209701950916 0.5647846784397601 0.5419703904584839 0.5182347048251204 0.5042252614449111 0.5012330617318785 0.5010651717273743 0.5012015047473387 0.5010286226413818 0.500089368073275 
0.9078900091030534 0.5647666272829908 0.5419966598696615 0.5182600002468009 0.5041785305259961 0.5012331031477407 0.50106516289751 0.5012015061413668 0.5010286226395412 0.5000894115274905 
0.5772670710694954 0.5647855294903643 0.5419972611567455 0.5181928130552975 0.5041688579616447 0.5012330713417171 0.501065163472676 0.5012015053364424 0.5010286226416599 0.5000894000018407 
0.5618570329410397 0.564802204412512 0.5420725851387134 0.5182367808974748 0.5041745648164073 0.5012330713417171 0.5010651635894706 0.5012015053364424 0.5010286226415376 0.5000893974247295 
0.32173207792092423 0.5647808562001311 0.5419896829803008 0.5182606910608173 0.5041674495769382 0.5012330229017723 0.5010648585560692 0.5012014764884872 0.5010286226420513 0.5000893322164767 
0.6962391112033843 0.5647991804770376 0.5419882938446474 0.5182342925246489 0.5042085994793035 0.5012330478155723 0.5010651623597695 0.5012015016577864 0.5010286226410433 0.5000891464154017 
0.8445439825812188 0.5647917470316872 0.5421180411982238 0.5182336998423295 0.5042081610263944 0.5012330566861298 0.5010651962055919 0.5012014992657372 0.5010286226419655 0.5000891100317398 
0.5607990423814269 0.564786708330662 0.5419886902998391 0.5182358670211775 0.5041913567539729 0.5012330550512898 0.5010651907440342 0.5012015062409194 0.5010286226418967 0.5000893668817801 
0.806690528703583 0.5647874055531699 0.5420757971890647 0.5182637604542857 0.5042072242582725 0.5012330715757878 0.5010651850716691 0.501201506891101 0.5010286226416167 0.5000893690301796 
0.6251345781289566 0.5648033184499727 0.5419887000801804 0.5182642875522869 0.5041709999065801 0.5012330423898578 0.5010651595766457 0.5012014735880362 0.5010286226416145 0.5000894027154762 
0.6525757657214365 0.5647867937373279 0.5419886908235099 0.5182328057593022 0.5042091305658193 0.5012330471190098 0.50106479881712 0.5012015069396636 0.5010286226382482 0.5000891980626077 
0.6999691310131229 0.5647763608958047 0.5420916382160411 0.5182368102518934 0.5041693022965635 0.5012331002501489 0.5010648249939978 0.5012014996455171 0.5010286226394338 0.5000893516575757 
0.6653788951579184 0.5648045669621006 0.5420746124312893 0.5182608937088168 0.5042074487181261 0.501233022046094 0.5010648313187708 0.5012015078509658 0.5010286226470798 0.5000891832866662 
0.7019693908241464 0.5648045669621006 0.542074017052309 0.5182627456347236 0.5042074487181261 0.5012330232259072 0.5010651635181551 0.5012015078509658 0.5010286226470798 0.5000893671786681 
0.9213775468200065 0.5647852861102446 0.5419796680988451 0.5182647506958489 0.50416890048632 0.5012330449141849 0.501065162033066 0.5012014770506734 0.5010286226417582 0.5000893927337225 
0.8156471011373417 0.5646677706506453 0.5421198571912732 0.5182607249989992 0.5041693757315023 0.5012330449323692 0.5010648299836702 0.5012014996466194 0.5010286226416599 0.5000893424387489 
0.9418688185618572 0.5648033184499727 0.5419887000801804 0.5182642875522869 0.5042090625153722 0.5012330449141849 0.5010651595766457 0.5012015068993184 0.5010286226416142 0.5000894027154762 
0.7444028890063833 0.5647810224278208 0.5419969614527435 0.5182629750033841 0.5041745249566546 0.5012331033760246 0.5010651949286021 0.5012015053357484 0.5010286226394407 0.5000894120578285 
0.8266513636624716 0.5647724869958326 0.5419788089940248 0.5182332340081958 0.5041745069458422 0.5012330230020249 0.5010647330234754 0.5012014688367811 0.5010286226362102 0.5000891253260559 
0.8328764776504999 0.56480715578404 0.5420757439192158 0.5182622122145083 0.5041928045034118 0.501233046278403 0.5010651635181551 0.5012015078509658 0.5010286226468668 0.5000891857640055 
0.9418688185618572 0.5648033184499727 0.5419887000801804 0.5182642875522869 0.5042090625153722 0.5012330449141849 0.5010651595766457 0.5012015068993184 0.5010286226416142 0.5000894027154762 
0.8576253342444009 0.564667814077517 0.5421166939702028 0.5182607711415703 0.5041688726631831 0.5012330449323692 0.5010648299836702 0.5012015054419473 0.5010286226415697 0.5000891866805146 
0.4753562008703417 0.5647878266666181 0.5419911223064524 0.5182319766219284 0.504155631558399 0.5012331000518755 0.5010648187795189 0.5012014996455171 0.5010286226395126 0.5000891929522936 
6.692595736522422E-4 0.5646402536823216 0.5420011689992239 0.5181828718676702 0.5041359377456099 0.5012330444442179 0.501065140362831 0.5012015045128027 0.5010286226350074 0.5000891870620966 
0.9292575067345159 0.5647786692745888 0.5419683855260278 0.5182357812081255 0.5041765737761895 0.5012330464249439 0.5010647423358499 0.5012014749105512 0.5010286226356132 0.5000895457861988 
0.9033598072629689 0.5647766034366256 0.5419736723698672 0.5182328027622781 0.5041981242030734 0.5012330381052527 0.5010651829019659 0.5012015075742623 0.5010286226449715 0.5000893841556667 
0.6195690127089305 0.5647867301899016 0.5419693948140556 0.5182358550509796 0.5041688579616447 0.5012330713417171 0.5010651572140659 0.5012015074380957 0.5010286226393943 0.500089137852396 
0.6906264973340982 0.5647930452851301 0.5419922526407824 0.5182665885357858 0.504198853810488 0.5012330700180649 0.5010651621593377 0.5012014999426699 0.5010286226416587 0.5000893860858493 
0.8675624132624641 0.564786048395184 0.5419717089771917 0.5182613003521973 0.5041785173139072 0.501233070855087 0.5010646837922709 0.5012015054386803 0.5010286226418428 0.5000894005516425 
0.7990006502653544 0.5646625008640273 0.5421198571912732 0.5182607407343957 0.5041521989580835 0.5012330449323692 0.5010648299836702 0.5012014994551051 0.5010286226416599 0.5000891743416016 
0.7314223100762703 0.5647891175779076 0.5419778717335426 0.5182338916967152 0.5041594070549394 0.5012330566861298 0.5010652000717672 0.5012014687760228 0.5010286226419655 0.5000857464563813 
0.6138116343831828 0.5647874277533044 0.5419886552828544 0.5181928331771913 0.5042248637837218 0.5012330608091361 0.501064759664413 0.5012014677947186 0.5010286226416112 0.5000893680721481 
0.837426964774886 0.5648095659820039 0.5420748886847857 0.5182641421556965 0.5041937691277492 0.5012330700772059 0.5010651696093399 0.5012015078578809 0.5010286226472316 0.5000891854649527 
0.722851793164542 0.5647873991414345 0.5419887133433063 0.5182638192595072 0.5042261322980904 0.5012330715796509 0.5010651851266169 0.5012015063471343 0.5010286226570041 0.5000893933049576 
0.6303649884080186 0.5648049663919905 0.5419938549504245 0.5182341621823002 0.504191385388011 0.5012330568486959 0.5010651921989205 0.5012015078620364 0.5010286226379558 0.5000893759660378 
0.7387802887844915 0.5647846576348328 0.5419719277187083 0.5182347048251204 0.5042252614449111 0.501233045316222 0.5010651717273743 0.5012015047473387 0.5010286226570674 0.5000892442266984 
0.5523684911967978 0.5647873991414345 0.5419887133433063 0.5182637957860758 0.5041897555923673 0.5012330715796509 0.5010651852132789 0.5012015065161464 0.5010286226451591 0.5000893843823184 
0.6057418818728577 0.5647856352156094 0.5419922754460978 0.518234176981805 0.5041699410982623 0.5012330451296393 0.5010651597458242 0.5012015051714468 0.5010286226416599 0.5000893977861444 
0.9176285143722134 0.5648040965689727 0.5419719277187083 0.5182644208372913 0.5042252614449111 0.501233045316222 0.5010651717273743 0.5012015047473387 0.5010286226570674 0.5000893984195175 
0.5980893195242855 0.5648135301824614 0.541986420959873 0.5182652931123428 0.5042074036620247 0.5012330463456665 0.5010651635190094 0.501201509436869 0.5010286226467753 0.5000891828916817 
0.3573066915668472 0.564802713232141 0.5420725734038653 0.5182606910608173 0.5041674495769382 0.5012330229017723 0.5010651635667905 0.5012014764884872 0.5010286226470723 0.5000893610759294 
0.8993739363035229 0.5647703626927724 0.5419940393948985 0.5182347338516835 0.5042239942172133 0.5012330231012596 0.5010651717624252 0.5012015078705747 0.5010286226552845 0.5000891654556445 
0.26064412128253245 0.5647790725978944 0.5419874975481329 0.5181663095612264 0.5041975712274155 0.5012330480446732 0.501064738100492 0.5012015076949897 0.5010286226451542 0.5000893801078931 
0.8697226724568907 0.5647895475195712 0.5419894417209983 0.5182329774760451 0.5042084748163137 0.5012330604653246 0.5010651685151825 0.5012015055594526 0.5010286226416871 0.5000892544464911 
0.6906264973340982 0.5647930452851301 0.5419922526407824 0.5182665885357858 0.504198853810488 0.5012330700180649 0.5010651621593377 0.5012014999426699 0.5010286226416587 0.5000893860858493 
0.8016461592800558 0.5648045669621006 0.5420747241518408 0.5182622122145083 0.5041928045034118 0.5012330232259072 0.5010651635181551 0.5012015078509658 0.5010286226470798 0.500089173218272 
0.2648861082489672 0.5647681935154777 0.5419971056874763 0.5182368652984619 0.5041742282790459 0.5012330473108525 0.5010648371176233 0.5012014687264101 0.5010286226394726 0.5000893490193359 
0.6424130947554032 0.5647808719843752 0.541984460266812 0.5182583582879541 0.5041746203607008 0.501233100254723 0.5010648444292151 0.5012014765719117 0.5010286226419127 0.5000893316819259 
0.7387802887844915 0.5647846576348328 0.5419719277187083 0.5182347048251204 0.5042252614449111 0.501233045316222 0.5010651717273743 0.5012015047473387 0.5010286226570674 0.5000892442266984 
0.6375745666184446 0.5647848002092618 0.5419939639550507 0.518237927846581 0.5042143997541282 0.5012330231012596 0.5010651713852536 0.5012015091932942 0.5010286226380027 0.5000893630656391 
0.6708083670385975 0.5647846930081941 0.5420666083865535 0.5182367383776675 0.5042260732160437 0.5012330608637985 0.5010648193187468 0.5012015012191013 0.501028622641675 0.5000893604646732 
0.8544945037717402 0.5647665860890982 0.5419966598696615 0.5182600002468009 0.5041785305259961 0.5012331031477407 0.5010651628690598 0.5012015061413668 0.5010286226395289 0.5000893917375385 
0.6486039223526691 0.5646706323202211 0.541986420959873 0.5182654011592855 0.5041686562723671 0.5012330471135147 0.5010651609124239 0.501201509436869 0.5010286226416282 0.5000891744072627 
0.6338447224844599 0.5648043596441078 0.5419939577090428 0.5182600582935312 0.5041743813087136 0.5012331020341942 0.5010651671797681 0.5012015078509658 0.5010286226418198 0.500089173218272 
0.913252132506304 0.56478532318019 0.5419922526407824 0.5182686559886596 0.5041993893920842 0.501233071088236 0.501065163472676 0.501201506239511 0.5010286226416586 0.5000893926449845 
0.9301343902886663 0.5647786692745888 0.5419886222043806 0.5182357812081255 0.5042083040330624 0.5012330464249439 0.5010647975562077 0.5012014749105512 0.5010286226381648 0.5000895457861988 
0.8573834908472329 0.564788168710074 0.5419886826475931 0.5182340135318024 0.5042033462010913 0.5012330423628394 0.501065162387431 0.5012014799497209 0.5010286226382878 0.5000893891452908 
0.27221300836573636 0.5647677221864194 0.5419971870517233 0.5182367762058763 0.504174178949612 0.5012330637180838 0.5010651636105663 0.5012015099030629 0.501028622638264 0.5000893454058408 
0.7995067233670555 0.5648042961953857 0.5420748886847857 0.5182641117485219 0.5041933773624923 0.5012330700772059 0.5010651696093399 0.5012015078509658 0.5010286226472316 0.5000891741154879 
0.7495678298503364 0.5647940491783752 0.5420009814944117 0.5182386007892068 0.5041359377456099 0.5012330474074688 0.5010648323118213 0.5012015054530558 0.5010286226383112 0.5000893662324885 
0.413116966166713 0.564785483567711 0.5419922526407824 0.5182679503649955 0.5041915999638534 0.5012330569205056 0.5010647588748962 0.5012014995563798 0.5010286226416587 0.5000893860858493 
0.6032044213726263 0.5647858516160732 0.5419934833333225 0.5182342368523565 0.5042086649744685 0.5012330509980403 0.5010651611478015 0.5012015068065061 0.5010286226414461 0.5000891714056124 
