-18825.0 -18624.0 
-18353.0 -19329.0 
-18353.0 -19329.0 
-18825.0 -18624.0 
-18706.0 -18822.0 
-18700.0 -19047.0 
-18627.0 -19132.0 
-18757.0 -18783.0 
-18674.0 -19074.0 
-18783.0 -18730.0 
-18803.0 -18687.0 
-18762.0 -18734.0 
-18718.0 -18800.0 
-18374.0 -19303.0 
-18803.0 -18687.0 
-18409.0 -19300.0 
-18658.0 -19093.0 
-18601.0 -19140.0 
-18658.0 -19093.0 
-18502.0 -19235.0 
-18475.0 -19247.0 
-18516.0 -19219.0 
-18453.0 -19259.0 
-18475.0 -19247.0 
-18538.0 -19207.0 
-18591.0 -19143.0 
-18551.0 -19196.0 
-18700.0 -19047.0 
-18718.0 -18800.0 
-18427.0 -19283.0 
-18427.0 -19283.0 
-18374.0 -19303.0 
-18439.0 -19275.0 
-18502.0 -19235.0 
-18453.0 -19259.0 
-18516.0 -19219.0 
-18538.0 -19207.0 
-18409.0 -19300.0 
-18551.0 -19196.0 
-18439.0 -19275.0 
-18566.0 -19171.0 
-18563.0 -19179.0 
-18585.0 -19159.0 
-18563.0 -19179.0 
-18579.0 -19160.0 
-18579.0 -19160.0 
-18566.0 -19171.0 
-18585.0 -19159.0 
-18658.0 -19093.0 
-18475.0 -19247.0 
-18427.0 -19283.0 
-18374.0 -19303.0 
-18453.0 -19259.0 
-18502.0 -19235.0 
-18516.0 -19219.0 
-18538.0 -19207.0 
-18409.0 -19300.0 
-18439.0 -19275.0 
-18563.0 -19179.0 
-18453.0 -19259.0 
-18409.0 -19300.0 
-18516.0 -19219.0 
-18516.0 -19219.0 
-18516.0 -19219.0 
-18538.0 -19207.0 
-18453.0 -19259.0 
-18475.0 -19247.0 
-18427.0 -19283.0 
-18658.0 -19093.0 
-18453.0 -19259.0 
-18453.0 -19259.0 
-18453.0 -19259.0 
-18516.0 -19219.0 
-18502.0 -19235.0 
-18516.0 -19219.0 
-18453.0 -19259.0 
-18658.0 -19093.0 
-18453.0 -19259.0 
-18563.0 -19179.0 
-18453.0 -19259.0 
-18516.0 -19219.0 
-18453.0 -19259.0 
-18658.0 -19093.0 
-18453.0 -19259.0 
-18453.0 -19259.0 
-18453.0 -19259.0 
-18516.0 -19219.0 
-18453.0 -19259.0 
-18475.0 -19247.0 
-18374.0 -19303.0 
-18453.0 -19259.0 
-18563.0 -19179.0 
-18409.0 -19300.0 
-18563.0 -19179.0 
-18453.0 -19259.0 
-18453.0 -19259.0 
-18374.0 -19303.0 
-18516.0 -19219.0 
-18453.0 -19259.0 
-18516.0 -19219.0 
