-18632.0 -19093.0 
-19000.0 -18749.0 
-18632.0 -19093.0 
-18823.0 -19002.0 
-18952.0 -18876.0 
-18998.0 -18792.0 
-18971.0 -18813.0 
-18718.0 -19060.0 
-18764.0 -19038.0 
-18938.0 -18892.0 
-18860.0 -18962.0 
-18673.0 -19066.0 
-18938.0 -18892.0 
-18897.0 -18927.0 
-18897.0 -18927.0 
-18647.0 -19078.0 
-18768.0 -19018.0 
-18789.0 -19010.0 
-18952.0 -18876.0 
-18846.0 -18983.0 
-18673.0 -19066.0 
-18973.0 -18807.0 
-18879.0 -18944.0 
-18879.0 -18944.0 
-18647.0 -19078.0 
-18738.0 -19050.0 
-18971.0 -18813.0 
-18846.0 -18983.0 
-18738.0 -19050.0 
-18788.0 -19013.0 
-18726.0 -19051.0 
-18851.0 -18972.0 
-18998.0 -18792.0 
-18973.0 -18807.0 
-18851.0 -18972.0 
-18888.0 -18934.0 
-18889.0 -18929.0 
-18888.0 -18934.0 
-18789.0 -19010.0 
-18768.0 -19018.0 
-18726.0 -19051.0 
-18788.0 -19013.0 
-18889.0 -18929.0 
-18897.0 -18927.0 
-18879.0 -18944.0 
-18971.0 -18813.0 
-18846.0 -18983.0 
-18973.0 -18807.0 
-18851.0 -18972.0 
-18768.0 -19018.0 
-18971.0 -18813.0 
-18846.0 -18983.0 
-18768.0 -19018.0 
-18971.0 -18813.0 
-18971.0 -18813.0 
-18768.0 -19018.0 
-18851.0 -18972.0 
-18971.0 -18813.0 
-18971.0 -18813.0 
-18971.0 -18813.0 
-18846.0 -18983.0 
-18846.0 -18983.0 
-18971.0 -18813.0 
-18897.0 -18927.0 
-18971.0 -18813.0 
-18971.0 -18813.0 
-18971.0 -18813.0 
-18971.0 -18813.0 
-18768.0 -19018.0 
-18971.0 -18813.0 
-18971.0 -18813.0 
-18851.0 -18972.0 
-18971.0 -18813.0 
-18971.0 -18813.0 
-18971.0 -18813.0 
-18971.0 -18813.0 
-18971.0 -18813.0 
-18971.0 -18813.0 
-18768.0 -19018.0 
-18768.0 -19018.0 
-18768.0 -19018.0 
-18971.0 -18813.0 
-18971.0 -18813.0 
-18971.0 -18813.0 
-18971.0 -18813.0 
-18971.0 -18813.0 
-18971.0 -18813.0 
-18971.0 -18813.0 
-18971.0 -18813.0 
-18971.0 -18813.0 
-18971.0 -18813.0 
-18971.0 -18813.0 
-18971.0 -18813.0 
-18971.0 -18813.0 
-18971.0 -18813.0 
-18971.0 -18813.0 
-18971.0 -18813.0 
-18971.0 -18813.0 
-18971.0 -18813.0 
-18971.0 -18813.0 
