-18871.0 -19061.0 
-18564.0 -19353.0 
-18564.0 -19353.0 
-18645.0 -19290.0 
-18832.0 -19113.0 
-18832.0 -19113.0 
-18679.0 -19283.0 
-18790.0 -19179.0 
-18589.0 -19325.0 
-18775.0 -19189.0 
-18589.0 -19325.0 
-18819.0 -19139.0 
-18761.0 -19220.0 
-18697.0 -19262.0 
-18828.0 -19136.0 
-18609.0 -19307.0 
-18792.0 -19158.0 
-18697.0 -19262.0 
-18609.0 -19307.0 
-18717.0 -19248.0 
-18629.0 -19296.0 
-18751.0 -19231.0 
-18629.0 -19296.0 
-18803.0 -19153.0 
-18761.0 -19220.0 
-18679.0 -19283.0 
-18775.0 -19189.0 
-18751.0 -19231.0 
-18717.0 -19248.0 
-18803.0 -19153.0 
-18736.0 -19244.0 
-18736.0 -19244.0 
-18731.0 -19245.0 
-18731.0 -19245.0 
-18792.0 -19158.0 
-18751.0 -19231.0 
-18717.0 -19248.0 
-18803.0 -19153.0 
-18736.0 -19244.0 
-18731.0 -19245.0 
-18792.0 -19158.0 
-18731.0 -19245.0 
-18731.0 -19245.0 
-18717.0 -19248.0 
-18731.0 -19245.0 
-18751.0 -19231.0 
-18792.0 -19158.0 
-18751.0 -19231.0 
-18736.0 -19244.0 
-18751.0 -19231.0 
-18751.0 -19231.0 
-18803.0 -19153.0 
-18717.0 -19248.0 
-18751.0 -19231.0 
-18731.0 -19245.0 
-18751.0 -19231.0 
-18751.0 -19231.0 
-18731.0 -19245.0 
-18731.0 -19245.0 
-18751.0 -19231.0 
-18751.0 -19231.0 
-18731.0 -19245.0 
-18731.0 -19245.0 
-18751.0 -19231.0 
-18792.0 -19158.0 
-18731.0 -19245.0 
-18751.0 -19231.0 
-18751.0 -19231.0 
-18751.0 -19231.0 
-18717.0 -19248.0 
-18717.0 -19248.0 
-18751.0 -19231.0 
-18751.0 -19231.0 
-18751.0 -19231.0 
-18751.0 -19231.0 
-18731.0 -19245.0 
-18731.0 -19245.0 
-18751.0 -19231.0 
-18731.0 -19245.0 
-18731.0 -19245.0 
-18731.0 -19245.0 
-18731.0 -19245.0 
-18717.0 -19248.0 
-18731.0 -19245.0 
-18751.0 -19231.0 
-18751.0 -19231.0 
-18803.0 -19153.0 
-18803.0 -19153.0 
-18751.0 -19231.0 
-18731.0 -19245.0 
-18751.0 -19231.0 
-18731.0 -19245.0 
-18731.0 -19245.0 
-18731.0 -19245.0 
-18792.0 -19158.0 
-18751.0 -19231.0 
-18731.0 -19245.0 
-18751.0 -19231.0 
-18751.0 -19231.0 
-18731.0 -19245.0 
