-18413.0 -19265.0 
-19002.0 -18779.0 
-19002.0 -18779.0 
-18547.0 -19226.0 
-18912.0 -18897.0 
-18939.0 -18828.0 
-18882.0 -18943.0 
-18917.0 -18889.0 
-18882.0 -18943.0 
-18953.0 -18818.0 
-18953.0 -18818.0 
-18787.0 -19051.0 
-18855.0 -18975.0 
-18721.0 -19113.0 
-18740.0 -19084.0 
-18593.0 -19198.0 
-18813.0 -18999.0 
-18792.0 -19023.0 
-18855.0 -18975.0 
-18837.0 -18990.0 
-18568.0 -19212.0 
-18754.0 -19068.0 
-18655.0 -19156.0 
-18568.0 -19212.0 
-18768.0 -19053.0 
-18675.0 -19136.0 
-18675.0 -19136.0 
-18939.0 -18828.0 
-18753.0 -19073.0 
-18740.0 -19084.0 
-18616.0 -19161.0 
-18917.0 -18889.0 
-18813.0 -18999.0 
-18837.0 -18990.0 
-18641.0 -19159.0 
-18793.0 -19018.0 
-18599.0 -19170.0 
-18598.0 -19179.0 
-18793.0 -19018.0 
-18655.0 -19156.0 
-18690.0 -19119.0 
-18721.0 -19113.0 
-18593.0 -19198.0 
-18613.0 -19167.0 
-18707.0 -19116.0 
-18686.0 -19124.0 
-18707.0 -19116.0 
-18686.0 -19124.0 
-18641.0 -19159.0 
-18768.0 -19053.0 
-18598.0 -19179.0 
-18690.0 -19119.0 
-18613.0 -19167.0 
-18616.0 -19161.0 
-18599.0 -19170.0 
-18568.0 -19212.0 
-18675.0 -19136.0 
-18593.0 -19198.0 
-18641.0 -19159.0 
-18598.0 -19179.0 
-18613.0 -19167.0 
-18616.0 -19161.0 
-18599.0 -19170.0 
-18599.0 -19170.0 
-18599.0 -19170.0 
-18599.0 -19170.0 
-18593.0 -19198.0 
-18599.0 -19170.0 
-18599.0 -19170.0 
-18599.0 -19170.0 
-18599.0 -19170.0 
-18599.0 -19170.0 
-18599.0 -19170.0 
-18593.0 -19198.0 
-18599.0 -19170.0 
-18599.0 -19170.0 
-18599.0 -19170.0 
-18599.0 -19170.0 
-18599.0 -19170.0 
-18599.0 -19170.0 
-18599.0 -19170.0 
-18598.0 -19179.0 
-18599.0 -19170.0 
-18599.0 -19170.0 
-18599.0 -19170.0 
-18599.0 -19170.0 
-18599.0 -19170.0 
-18599.0 -19170.0 
-18599.0 -19170.0 
-18599.0 -19170.0 
-18599.0 -19170.0 
-18593.0 -19198.0 
-18599.0 -19170.0 
-18599.0 -19170.0 
-18599.0 -19170.0 
-18599.0 -19170.0 
-18599.0 -19170.0 
-18599.0 -19170.0 
-18599.0 -19170.0 
-18599.0 -19170.0 
