1.6100731172114833	0.0
9.858883475026988E-17	1.6100778578592825
1.6100731172114833	0.0
1.213131414081049	1.0586155428460635
1.497159415596842	0.5925290823753565
1.5553470529975888	0.416276214275054
0.5424923360063119	1.5160342939425204
1.0912689548737984	1.1840633191116472
0.5999828692210145	1.494167275641853
1.5149200838601693	0.5452957911035706
1.4822248633738129	0.6287974442163097
1.3958255504970376	0.802537460808755
1.0531252561045796	1.2178991716250713
1.1854918319760546	1.0894900971531183
1.372617769800208	0.841858827717813
1.3279277912407517	0.910477315070207
1.5692290056698854	0.3603912129279838
1.4241963056261555	0.7510211987550977
1.350077049897728	0.8774895356036531
1.438866829379506	0.7225961632990271
0.22525717004141538	1.594235012883668
1.241638023805246	1.0250348866582146
1.538983258562143	0.47316201870672
0.1941181898719901	1.598338639116237
1.4090077627236635	0.7791346702347374
0.9156878003726286	1.3243460599687664
0.38622568138591784	1.563074050751856
0.8292423715563683	1.3801058767077439
1.583503166608916	0.2913562217048675
0.941429952876777	1.3061834165336188
1.5463246971270448	0.4489561801532945
0.26746308913539923	1.5877215857510287
0.8969248709438179	1.3371292598378872
1.0665951721278748	1.2061162800051357
1.607995197954531	0.08458700433205417
1.0145974952218464	1.2501827020812033
0.7720864017523961	1.413026985534675
0.3549975319740561	1.5704575079144303
0.8549844648866439	1.3643061402673573
0.32920792869045834	1.576077845457094
0.8723622414491083	1.3532671718709928
0.15371034752386653	1.6028327663346944
1.4524450904708974	0.6950777834541514
1.4671266061235484	0.6632535669678722
0.4959590202039787	1.531784366668858
1.5984564279520843	0.19342278120494452
1.1696595701045522	1.1065623399881621
1.5947161354878412	0.22278763841581722
0.9891310124358337	1.2704138728247791
1.578194020486121	0.3188053021236603
0.7396737161398934	1.4301928118965144
1.6019788811933633	0.1625541902769431
1.2639946470499306	0.9973476802432233
0.958397717589606	1.293794380608922
0.5199067307441403	1.5238322767405894
1.120675406796282	1.156047893799172
1.1528231530197954	1.1240334351641421
0.4546598201184368	1.5445532935045736
1.1398634087876969	1.1371243638079056
1.2791080612776795	0.9778747986806999
1.5267134581504436	0.5117029282373233
0.03257732691874337	1.6097691851783502
0.10738156019132952	1.6064964168765012
1.3616446556530934	0.859440032004013
0.71445525116318	1.4428936373258547
0.6910628637598119	1.4542367272980592
1.6058103324339879	0.11715956297496523
0.9776063015097688	1.2793114474474532
0.4684393849874471	1.5404288226367049
0.07646287102451091	1.6083713214784026
0.7854082028164179	1.4056392973586542
1.5726583231299402	0.3455283920455826
0.4217171360570088	1.5538736766802845
1.6093321974355406	0.0487623547876167
1.2509534688533117	1.0136531743329846
0.13157056876971437	1.6046968669391317
0.29752071998818963	1.5823660636338621
1.604396067018154	0.13536933658325304
1.5894996354575432	0.2565500381880219
1.3136643070156444	0.9309409381694415
1.4612173730283688	0.6761753702145455
1.0141411200506325	1.2505663530339035
1.5245822822975215	0.5177278374174916
0.05788204981125007	1.609051134869702
0.6758448587671169	1.461392983637958
0.4152354480134094	1.555615986010395
1.3136643070156444	0.9309409381694415
1.289725455257051	0.9638227194533959
0.6172636101056426	1.4871028799756916
0.6467916853156631	1.474500187049925
0.660284050979381	1.4684573088734603
0.6306134474496632	1.4814609867471031
1.5904556681401856	0.25072940595431414
0.8089464625479335	1.3921158580593935
1.1231636164622387	1.1538033900163347
1.289725455257051	0.9638227194533959
0.7299707956265713	1.4352172382351067
0.8050774293713364	1.3944606754929894
1.6093321974355406	0.0487623547876167
0.2878201253042919	1.5841463339421316
