-19108.0 -18683.0 
-18428.0 -19374.0 
-19108.0 -18683.0 
-18428.0 -19374.0 
-19081.0 -18716.0 
-18523.0 -19331.0 
-18690.0 -19259.0 
-18746.0 -19241.0 
-18487.0 -19369.0 
-18550.0 -19329.0 
-19076.0 -18785.0 
-18919.0 -19005.0 
-19015.0 -18894.0 
-18910.0 -19054.0 
-18600.0 -19323.0 
-18876.0 -19099.0 
-18991.0 -18898.0 
-19092.0 -18696.0 
-18765.0 -19207.0 
-18636.0 -19300.0 
-18479.0 -19373.0 
-18845.0 -19113.0 
-18983.0 -18935.0 
-18967.0 -18951.0 
-18790.0 -19182.0 
-19063.0 -18798.0 
-19019.0 -18849.0 
-19034.0 -18806.0 
-18638.0 -19278.0 
-18765.0 -19207.0 
-18600.0 -19323.0 
-19029.0 -18839.0 
-18929.0 -18994.0 
-18881.0 -19060.0 
-18828.0 -19153.0 
-18746.0 -19241.0 
-18800.0 -19156.0 
-18790.0 -19182.0 
-18883.0 -19058.0 
-18945.0 -18965.0 
-18660.0 -19269.0 
-18836.0 -19130.0 
-18669.0 -19260.0 
-18937.0 -18982.0 
-18636.0 -19300.0 
-18983.0 -18935.0 
-18957.0 -18961.0 
-18836.0 -19130.0 
-18937.0 -18982.0 
-19046.0 -18805.0 
-18876.0 -19099.0 
-18840.0 -19116.0 
-19046.0 -18805.0 
-18811.0 -19155.0 
-18662.0 -19264.0 
-19020.0 -18840.0 
-19076.0 -18785.0 
-18957.0 -18961.0 
-18811.0 -19155.0 
-18910.0 -19054.0 
-19019.0 -18849.0 
-18945.0 -18965.0 
-18991.0 -18898.0 
-18800.0 -19156.0 
-18660.0 -19269.0 
-18638.0 -19278.0 
-18828.0 -19153.0 
-18479.0 -19373.0 
-18669.0 -19260.0 
-18881.0 -19060.0 
-18840.0 -19116.0 
-19029.0 -18839.0 
-19034.0 -18806.0 
-18883.0 -19058.0 
-19020.0 -18840.0 
-18428.0 -19374.0 
-18746.0 -19241.0 
-18983.0 -18935.0 
-18836.0 -19130.0 
-19046.0 -18805.0 
-19076.0 -18785.0 
-18811.0 -19155.0 
-18910.0 -19054.0 
-19019.0 -18849.0 
-18800.0 -19156.0 
-18638.0 -19278.0 
-18660.0 -19269.0 
-18669.0 -19260.0 
-18881.0 -19060.0 
-19029.0 -18839.0 
-18883.0 -19058.0 
-18669.0 -19260.0 
-18910.0 -19054.0 
-18836.0 -19130.0 
-18800.0 -19156.0 
-19019.0 -18849.0 
-19019.0 -18849.0 
-18883.0 -19058.0 
-18883.0 -19058.0 
-19019.0 -18849.0 
