-18550.0 -19297.0 
-19167.0 -18687.0 
-18550.0 -19297.0 
-19167.0 -18687.0 
-19114.0 -18802.0 
-19143.0 -18764.0 
-18570.0 -19268.0 
-19059.0 -18894.0 
-18945.0 -19060.0 
-18621.0 -19265.0 
-18992.0 -18954.0 
-19067.0 -18832.0 
-18926.0 -19078.0 
-19143.0 -18764.0 
-18974.0 -18993.0 
-18820.0 -19169.0 
-18862.0 -19152.0 
-19022.0 -18939.0 
-19059.0 -18894.0 
-18754.0 -19210.0 
-18949.0 -19021.0 
-18986.0 -18985.0 
-18684.0 -19250.0 
-19072.0 -18831.0 
-19022.0 -18939.0 
-18648.0 -19257.0 
-18875.0 -19125.0 
-19072.0 -18831.0 
-18772.0 -19203.0 
-18906.0 -19087.0 
-18875.0 -19125.0 
-18733.0 -19213.0 
-18848.0 -19155.0 
-18955.0 -19016.0 
-18848.0 -19155.0 
-18684.0 -19250.0 
-18715.0 -19237.0 
-18906.0 -19087.0 
-18885.0 -19106.0 
-18955.0 -19016.0 
-19012.0 -18942.0 
-19012.0 -18942.0 
-18772.0 -19203.0 
-18890.0 -19100.0 
-18703.0 -19243.0 
-18648.0 -19257.0 
-18787.0 -19188.0 
-18787.0 -19188.0 
-18634.0 -19260.0 
-18890.0 -19100.0 
-18803.0 -19171.0 
-18796.0 -19172.0 
-18716.0 -19227.0 
-18723.0 -19223.0 
-18885.0 -19106.0 
-18634.0 -19260.0 
-18791.0 -19182.0 
-18986.0 -18985.0 
-18723.0 -19223.0 
-18704.0 -19240.0 
-18733.0 -19213.0 
-18791.0 -19182.0 
-18949.0 -19021.0 
-18803.0 -19171.0 
-19067.0 -18832.0 
-18703.0 -19243.0 
-18796.0 -19172.0 
-18716.0 -19227.0 
-18704.0 -19240.0 
-18550.0 -19297.0 
-19167.0 -18687.0 
-18875.0 -19125.0 
-18684.0 -19250.0 
-18772.0 -19203.0 
-18648.0 -19257.0 
-18634.0 -19260.0 
-18723.0 -19223.0 
-18733.0 -19213.0 
-18949.0 -19021.0 
-19067.0 -18832.0 
-18796.0 -19172.0 
-18704.0 -19240.0 
-18684.0 -19250.0 
-18684.0 -19250.0 
-18684.0 -19250.0 
-18723.0 -19223.0 
-18723.0 -19223.0 
-18648.0 -19257.0 
-18723.0 -19223.0 
-18550.0 -19297.0 
-18723.0 -19223.0 
-18723.0 -19223.0 
-18648.0 -19257.0 
-18723.0 -19223.0 
-18723.0 -19223.0 
-18684.0 -19250.0 
-18723.0 -19223.0 
-18684.0 -19250.0 
-18723.0 -19223.0 
-18648.0 -19257.0 
