3.738130894413500718e-04
3.341693703842561346e-04
3.445809802154300755e-04
4.772085738807937592e-04
3.759841972649851597e-04
3.610103058305101555e-04
3.185378482679584555e-04
3.476354391408405004e-04
4.345027343412022347e-04
3.125802190166594285e-04
2.932222696691241001e-04
2.871678095786598718e-04
4.171255104401492566e-04
2.614943031176245069e-04
3.668131286613919920e-04
3.842454582766581766e-04
2.814618023487762259e-04
3.102407969891794433e-04
5.020262542683175903e-04
3.128003083055338942e-04
2.500508161081690874e-04
3.325207743604799752e-04
4.068072574410176376e-04
3.315960199082404491e-04
2.961082101659972404e-04
3.538490779800151790e-04
3.465078797927601505e-04
4.520179814122579176e-04
3.547579319934625265e-04
2.977420860323013829e-04
2.904041104869559218e-04
