0.9538432033967407 0.044481776148338814 0.1943201561828083 0.308997622372726 0.5757264522030986 0.6292353455483675 0.8154482641763873 0.5299705552225684 0.8701714427665477 0.5435187082710794 
0.4054025596513512 0.6822252588742239 0.4508042154418316 0.5863721223971771 0.5982124342086016 0.5194150203380159 0.8405291462789524 0.26256203516884147 0.6684121528756012 0.9229383724536581 
0.48639482106585774 0.08611753690001722 0.2556386999242829 0.2707159311563093 0.2315391238290756 0.11564400426473864 0.5141996095429793 0.6330478990198488 0.7047112408797269 0.9269116361290813 
0.8667769946978366 0.33080391415487465 0.17936418690329792 0.0546937259375222 0.343554296583348 0.36445051774844783 0.8117578197270099 0.9159543545522117 0.1964248684172032 0.21271731517614456 
0.01773971124136664 0.5251240703376829 0.07744466089313695 0.3636953769356689 0.1071318384618003 0.011042541191386923 0.49281394422354075 0.6286984992530209 0.5830785489451081 0.47008702909092204 
0.5387903037828772 0.4249065795875764 0.11201114412885171 0.8011293553129726 0.623039289241866 0.8651175892450409 0.1396264302452861 0.965443325789378 0.21127593445465076 0.8174775258213576 
0.8994939096241755 0.3335456868053652 0.6574541275904031 0.5257789970297128 0.8802784893136683 0.604780597981087 0.08710883850616269 0.47924028393537677 0.5871698930172147 0.026601076114475153 
0.21183064702593146 0.6794834862237333 0.19832512378467915 0.3841480686707809 0.06148824147828136 0.9741063927711655 0.4545093446113103 0.6457792983166697 0.6084998345872096 0.25052641501969775 
0.3745731792976932 0.6676045732304708 0.49343530642507616 0.10943411030772376 0.9672830850736611 0.9972582273495094 0.5219100593128948 0.5289147289078094 0.46327580726967976 0.7596699197673609 
0.7246489812208472 0.436714070616835 0.6092549753999885 0.1861162390616694 0.8059090642154352 0.8456405841139496 0.8791195371084578 0.979547308264888 0.04564359698351894 0.036936148420221415 
0.03830459961223043 0.9829192009363512 0.9745787143578986 0.2195606140712243 0.164217124485184 0.7573020063571055 0.6185758377037756 0.6916952450052488 0.6257810618923566 0.3432075299321461 
0.6107117013374767 0.5021675185196982 0.4516060146872899 0.09282854460051038 0.46277983900734054 0.7242907114053767 0.4713378885287337 0.7198699328142776 0.034637905199718655 0.7256610608726292 
0.10756153024127468 0.4335966869518578 0.5502337445969933 0.9882964765022447 0.22891144608958025 0.7049047718658348 0.9787645097134549 0.2199309441855969 0.3041862351211758 0.35553055506738995 
0.7628140996060615 0.9881257505506912 0.982718772694853 0.9073188850875517 0.7638614779602165 0.16543705471077264 0.04182929173778627 0.016605565707213388 0.5045032460663206 0.2729675159441327 
0.0505721707841611 0.8090447960935319 0.4286379020699611 0.03400885889473171 0.6170874509795725 0.003117383664977158 0.05902123080299526 0.19781976255942468 0.5769976181258549 0.14073581224811482 
0.900355027395003 0.7596163640792911 0.7414573618623431 0.6814055933528315 0.2754905000061689 0.99479345038566 0.9918599416630456 0.31224172898367264 0.40035564652496747 0.5918649516463329 
0.5767465459659893 0.6750896792980354 0.3528135459482239 0.292635359147985 0.8016669052439448 0.0735296164497371 0.4175971557925582 0.47574109362093786 0.4596624553423634 0.6652694806023814 
0.273518125969309 0.14287231468842265 0.8939020929516038 0.8253060334776262 0.34794516616198357 0.6921393250895147 0.8688281512441618 0.7128059764960758 0.23411799570392022 0.7130448302027892 
0.6665227807297822 0.8195752976606294 0.7123212834748429 0.7787840091014007 0.08772442030802607 0.8349754488510333 0.6299052267466291 0.6146835259395667 0.9621945727162717 0.09190743826103553 
0.6242321359452281 0.5408644720862755 0.04484079072395719 0.6076980353417513 0.7770540448148521 0.6661724814051092 0.5347358091183573 0.2087028254171055 0.26914228481758895 0.31097805857546246 
0.19019307955883347 0.4850137860633489 0.3428796224219347 0.42769098204532563 0.23383224666522073 0.9400410664186617 0.02913607838750021 0.9026215842514308 0.18776607969814285 0.15981800153462677 
0.3619547149164165 0.697558203044106 0.43816107380869573 0.49995751338529737 0.9525144100207612 0.1342252072117599 0.7451155106064726 0.5155813143331329 0.1354944238388356 0.5387938073313798 
0.20889433037545269 0.2065988088033489 0.14868439676690093 0.475076401043548 0.7885043399059601 0.799992692266488 0.4662111109062782 0.5914737868124055 0.40790409974332187 0.6630032467020145 
0.966206566992731 0.525039896797933 0.07429999416929345 0.3510901152863727 0.9689645776856762 0.3814142238519337 0.21236377008954554 0.8262695990806395 0.9534992130962662 0.7266659378753325 
0.8847897161401564 0.09910221160643373 0.8267001488774361 0.5531136309296557 0.4153378055697754 0.3342656632829266 0.8961563939570563 0.13262163429820328 0.9885497049088919 0.8661797891386213 
0.06852469821207907 0.6172290386047 0.8612381850742671 0.647974811873448 0.22398651256610247 0.9599738892654159 0.26857962825264126 0.07660086675895295 0.2648676689795445 0.558626842566728 
0.8167723082979547 0.07635198517079134 0.23426686660187668 0.43315206365929426 0.47716499877626006 0.5984559914376723 0.6114609249312596 0.9468438824556417 0.5371766044509858 0.7999595439288333 
0.6124938763082693 0.527031609424241 0.26931463470021433 0.47026910911930075 0.5916652917707527 0.34536062372908183 0.500709584893453 0.2510898884774455 0.8285304506405442 0.5314130640138467 
0.38961024414732526 0.326606117832861 0.8492772571765939 0.8462309384040598 0.8898545818219397 0.29077303019605627 0.6411479305099992 0.8739251165101126 0.370508586248004 0.7699532989206741 
0.2655198876339039 0.28909299462965365 0.1535396691674329 0.514512820856688 0.2722958398318871 0.5720706021821927 0.5573855141772218 0.08284452181035495 0.8236725137990227 0.9889050395538448 
0.3954468090636033 0.8815317458207578 0.16001925426834773 0.33476672512477457 0.6789144540647538 0.29062292077183904 0.011960927897673224 0.8017438734693881 0.3341319307441628 0.6692008590693597 
0.6274316977426421 0.20267575024884033 0.8943590827315405 0.7886735436460539 0.5512524206640508 0.7872589905411377 0.08072719743444379 0.9186392428026062 0.20486915894437296 0.026385389255479508 
0.05407541075403777 0.8639993606452867 0.7135040906519631 0.8110545043749885 0.7309621304875116 0.36701235515589326 0.9345479095754398 0.7913546550545469 0.3010423709989136 0.3333996958314086 
0.6989657114240648 0.9169579577332827 0.15932959157118454 0.9039813662712046 0.18693449389848493 0.43224703510132045 0.06060371353053995 0.29497851774000905 0.10259559128080198 0.21004583276161248 
0.722508687707393 0.6690559575657397 0.34412319699252447 0.7158778881666363 0.4015205269886172 0.5755889039776906 0.3424851647924444 0.6978065129016469 0.5413337093443755 0.2050582470262995 
0.6228376046017821 0.291489866755808 0.5226301428001091 0.6555053437224362 0.6964810976395385 0.9645737880874751 6.896626971631958E-4 0.43078535885356994 0.4919799601662689 0.8583758856705186 
0.9513572143671333 0.5067653557293791 0.23153633946336083 0.4591550263077472 0.9049230100352491 0.5336197926831007 0.550235885739016 0.07279565547941758 0.1497318936754336 0.2116700865634471 
0.7382420326419994 0.22083272990095937 0.6635354495999974 0.82132714222918 0.4312378061522557 0.5725094938894787 0.19087394785185396 0.1555491606525523 0.7663883424000365 0.36632269245873006 
0.5037625507218698 0.29937469488827806 0.44266648532839503 0.38204248146427533 0.19220035569468574 0.6854216182699219 0.7001745652634374 0.9990583562359555 0.6533147012153843 0.8820111493623044 
0.9878080580511224 0.14524662406457545 0.8909255047173549 0.4718038001196131 0.5016759578064336 0.005520507965742216 0.5227960547633445 0.2846400820143806 0.8290110330991385 0.3847149561258366 
0.1869360041398921 0.5775813025861442 0.774945366944339 0.8387355545675694 0.11907505387991224 0.99211517186753 0.07996365747171408 0.27346286225816085 0.5042807419448527 0.2791521698175532 
0.30051509743372584 0.43172700261761443 0.8386652589508846 0.9763647363082142 0.9635491563160109 0.36151873166480364 0.34061083474600595 0.9873512261881341 0.4032470522288155 0.5280992847173585 
0.027439830975671597 0.788155573465037 0.3207208605762951 0.8269551304376105 0.5513060285021073 0.6432514273148152 0.8885900826556584 0.9825915876616106 0.31216275227234347 0.5803943220219487 
0.11091029038013989 0.8820862983943915 0.4872361725824833 0.06580759502500422 0.07203554810425539 0.46070943593739344 0.46630174902018084 0.41849332514826443 0.8306816240298821 0.3448107835239159 
0.7128233390753033 0.59581130400714 0.1252154164980258 0.8545713183866328 0.19965248458608542 0.8245257634882803 0.06397037427974439 0.9204977716175058 0.8584245304916184 0.1169304253100838 
0.5402044671017339 0.9724773297420372 0.24861671107718974 0.27380466574569673 0.30484970574550063 0.9616368342154942 0.2877091943618557 0.7729279595425652 0.047039505775656854 0.5314057359301365 
0.6136619084515332 0.8549695371098964 0.6735991179149706 0.9343413862936373 0.5876917583584226 0.8359156986104744 0.7134498424528588 0.12179341792158138 0.7638966717299255 0.5369929681765233 
0.27664046046626156 0.0668534545706283 0.5448225217371971 0.41116885940727466 0.48723536387393773 0.8156782437229998 0.07210414949910537 0.5531504646919138 0.24645632275660667 0.681614593099321 
0.6008808882938027 0.20966362811904538 0.2651232464966866 0.048988586091812225 0.49724838192860665 0.027116761284495028 0.552894786288846 0.47811583666658164 0.23611984949378095 0.7472595934845346 
0.34450833109859946 0.654596653418339 0.2936886558533588 0.06817032305765436 0.645969884504675 0.050988782269942856 0.7140465570907512 0.3673359545126951 0.3839742408630856 0.752421613989175 
0.5108199095878306 0.6740414488608991 0.17680993739229733 0.5160495370162811 0.3305408389826885 0.7073540832453505 0.19962812498537752 0.7765562838170901 0.2777329444610056 0.01929148375981482 
0.7348144080730097 0.2948121228759836 0.8109196562818759 0.7841461424456019 0.26915357735293377 0.20037288369155748 0.37991046206161183 0.8661710632359829 0.9417218738537476 0.7849269163405316 
0.9994032853621077 0.7544574634088863 0.37992243086683986 0.7845713541873484 0.7658205508784309 0.3928120057097292 0.3680125843448998 0.8951193223909936 0.15669452489124924 0.10832416047764926 
0.8724760245137279 0.7765941808748237 0.9687233782956011 0.6623231093395062 0.866066480220793 0.9148515052430618 0.4542035902148107 0.26484244364621035 0.22809480457567288 0.8267438775929375 
0.6867237230528631 0.536393962812834 0.4511929331532494 0.747856308122427 0.5900508676897132 0.2746742225514991 0.5091173016660104 0.30234977217922343 0.2531578787949458 0.682976197925043 
0.8189272346997576 0.21064142962144583 0.27565008038543637 0.8799455894754471 0.734225728713007 0.705318070565298 0.5144868280527911 0.6499830567954881 0.4156893337396267 0.2531504930305398 
0.9347856813391672 0.5484614792414172 0.45098906686806806 0.4568565953657473 0.04809068502014657 0.7584181600631495 0.3597267231286265 0.0362898343231749 0.6791027096632206 0.9256986611400584 
0.8707931603956014 0.5638212910567595 0.6885639950588018 0.10195071841548853 0.18047605066235006 0.5438160337874405 0.10427235048140349 0.9046257647119013 0.031594822165423975 0.6874939351444311 
0.8535257562921087 0.2451362655955055 0.7410051911516226 0.8551736674471094 0.9376903431745607 0.2281327016334065 0.517734311427533 0.20546651397375892 0.8179757952006464 0.15643334517991225 
0.09447686708618419 0.22855260932303545 0.5489920949124523 0.9010452164528792 0.12290243199610362 0.8478299677540322 0.34924221473776085 0.5673802574600769 0.046234833902272676 0.1704018720700956 
0.6044915369541092 0.27075495001379946 0.5656639436505146 0.8294504416329344 0.5737909691042521 0.4696362384698233 0.42047641293832694 0.9422552463008864 0.5060930270796005 0.18758375913776504 
0.3090203140790322 0.8320072615948416 0.25925598855971443 0.15867362594435563 0.7062330720161317 0.9994693843289649 0.5499438504151889 0.7652148673672812 0.925188253024043 0.9105881923091174 
0.010484508390865677 0.468909576863098 0.6328678757609479 0.7552967890699628 0.2663016234414922 0.29306634104296003 0.12290005140828719 0.2725002767825542 0.606685081558098 0.0741797953176172 
0.6837959375430765 0.9623705184110148 0.5255017950858235 0.4999101760066661 0.5445054422130765 0.4131290040006639 0.4817492025919081 0.6965000415027538 0.23145727115842896 0.22866331730444156 
0.9677904610123441 0.44025164660647775 0.8927875421766035 0.2458451528707949 0.08399235869531851 0.7596430324599375 0.9161242191515043 0.14574842738291638 0.8298360909531436 0.724929916345745 
0.07674193795520667 0.960695175901979 0.9720550385846555 0.48660593452701906 0.6421210185430943 0.745253154927976 0.06575376764384855 0.28494499941985785 0.1606619651035882 0.9878870358779152 
0.7239763714355731 0.7107979751424575 0.2774297097751589 0.21979329812542092 0.8687686674725544 0.9392197194182381 0.013410835688919542 0.07468126724903712 0.9465900395561943 0.0833451651774606 
0.4041954230322725 0.33987476281030726 0.09535216207089936 0.18565827596337237 0.933742570435659 0.508214400961119 0.6608128371762925 0.2686908545429437 0.6241806048983979 0.5478131861149841 
0.05714628376443864 0.9875552773626963 0.44602311645450976 0.08629275943970205 0.9598195661075034 0.2515725432685574 0.2480720853106646 0.2801168778812452 0.6757367747405221 0.47390928458242576 
0.4683383669029886 0.6218187742537167 0.2848672316022347 0.14531815212698096 0.5635950379800716 0.10037688379617049 0.7974353801057041 0.060186876907422526 0.1502497882596595 0.25142863149881844 
0.25531138197521186 0.8770575728399727 0.2820229048381595 0.6677836325813064 0.08918666059251035 0.5146720594474692 0.8857622791449534 0.5267863684195156 0.39054847527453695 0.49718106961731134 
0.7856368897626034 0.6092082246793358 0.6867526805211625 0.5195486689749266 0.10215759718185646 0.42593074354022276 0.13211155764817795 0.6561982601453493 0.7683917836763839 0.14178433931253398 
0.953223958781497 0.9244314789893776 0.6951614080573758 0.8280337832022487 0.5271378501922999 0.5387152631517312 0.8133292572327399 0.517874643382066 0.8445559098431487 0.9935423415136498 
0.775050558031339 0.7419044861234281 0.23363212962386093 0.05063211649767274 0.27150939400183527 0.37834705268336055 0.7592704359333473 0.5667440904647755 0.857661968925647 0.8256417997283346 
0.11596052766248666 0.6239186177358959 0.9073449910641381 0.3321249452698918 0.5151144081214916 0.6973872952643391 0.5897058235448589 0.3172843689247322 0.03645718778777174 0.5616616206444393 
0.9841061228729643 0.5423122335253565 0.30569387841651086 0.2578862899851686 0.4802608239438728 0.13515308671654458 0.23139078834048676 0.3962742385794711 0.7108396079091498 0.7554016235141219 
0.31901818868017795 0.6691243994938687 0.5649066755462023 0.3812205419548247 0.16171827202670752 0.7018632336151976 0.35462773525127067 0.0044342608534350125 0.4047703019175174 0.8362249199953639 
0.8148271887234457 0.6197410723575776 0.2067301630319447 0.1576782164395697 0.4109117252561405 0.6187376005728668 0.4372751180722072 0.3477729592583759 0.3919847634757553 0.9711878931170161 
0.5819384688922531 0.12160040480259493 0.13371630193399886 0.23814071799952796 0.4560323693511611 0.07278008662955937 0.6687254540776586 0.669411574542848 0.10979112197512775 0.6764838190681629 
0.40464270068207664 0.5623098296113405 0.45289166700812955 0.9894168797329708 0.30113333893904093 0.00417754537831827 0.7006148280321934 0.17444672883032208 0.10420268286535106 0.07864969469147232 
0.1524307054726517 0.9695114096663563 0.6444724243120165 0.5904737275274231 0.4021676539807112 0.4207118287227616 0.171977576482512 0.019745571985640642 0.024228454592711723 0.06237300008698521 
0.5619792137976387 0.28648311660434334 0.03435578884098689 0.35075892283204524 0.7567083590688375 0.21623273248573915 0.5754897958132316 0.08008720301578376 0.15754072664838925 0.0012484055830042085 
0.1801810064209486 0.900231577988084 0.3261206072260451 0.6837942145227122 0.8453157790570894 0.9752686480455611 0.6162564355045216 0.7555105624588585 0.9901998965333789 0.44676002409035476 
0.41752954608656656 0.3235445046656642 0.3296117633887701 0.07238597715995965 0.01995925509461438 0.8351172881982516 0.09936051309301197 0.8873817951674827 0.6993240102823236 0.8565473541438202 
0.09323565826442703 0.5893243715270643 0.9522503953267385 0.6752354134851587 0.22446169426112805 0.6620782516232565 0.12677105978208447 0.3056226652102586 0.4558175598819515 0.028908897332757144 
0.08435839252767185 0.4189361663714636 0.11400278633197214 0.6318896706011176 0.7349011593860851 0.6459669050006921 0.3148606609232464 0.5180877503674635 0.3822083988860968 0.58559454052451 
0.07261706338950003 0.13236377681815792 0.3249044443103881 0.205825645943165 0.9726548422705744 0.33423272127760484 0.3591203753558282 0.12629722857091719 0.09463010744558098 0.08946167270365468 
0.26986713060297296 0.6242696431338323 0.1286318293156321 0.9168900130553324 0.761244840049485 0.7862287916561118 0.6942309366249275 0.948893055136627 0.19934887405639734 0.6604079871223147 
0.09816868513705812 0.3733021635727617 0.40460535600886893 0.37414296070085473 0.28516576926840864 0.9986400603552761 0.12378611744560508 0.2668197194673302 0.047304412824039965 0.5008845669206468 
0.7402401377371838 0.7610845665965655 0.6046939028367426 0.7670856814401655 0.8233685276614541 0.965054728393232 0.8236185660111064 0.7583454004298263 0.46321685421164305 0.8758494599671447 
0.43254012315715695 0.3567296100736316 0.25646868582555415 0.3685009102104424 0.9861897073906137 0.04563400279870189 0.7093974303231032 0.2577467099002628 0.4497353901176765 0.647326844645416 
0.1910745434776413 0.2512680309001333 0.33490398606205685 0.08470997360386323 0.33237692565231625 0.3712792102215924 0.7202105414736455 0.43873996450299946 0.007600113877342385 0.5106141552664984 
0.6007749749260018 0.6630803743592741 0.21878064747843629 0.6569215495464977 0.9131375205293414 0.3678009573082781 0.7601309191051897 0.9307003056647186 0.7156108372507831 0.07683136133300861 
0.4364842267246647 0.49915766501895054 0.5520220294109813 0.46933344364467344 0.8469006542369248 0.038398177510704845 0.3198953824050057 0.041766035048538486 0.9138865590468163 0.2784295188816306 
0.6850461529426056 0.2846219894361548 0.03970429894669758 0.9902704116541483 0.13946516281118193 0.0980041922372914 0.38591325535830634 0.1101641318936678 0.9102310071321127 0.5972537710849539 
0.06348764690591668 0.8276450947651077 0.7476060169608599 0.7990180986341361 0.9960558964324923 0.857571945054681 0.7044466564145728 0.899167466565769 0.1392890531536889 0.007235825287997044 
0.3895020479180975 0.21598067485172434 0.5358488310708602 0.3688973257637854 0.5060283905350357 0.9666460414639785 0.29519968711535927 0.09443956194971492 0.19291176284113432 0.273275017984301 
0.33429728611533915 0.32857583260933165 0.41034634279238846 0.44712650836058176 0.7731298801608941 0.9154743573984142 0.4197625488443002 0.6608656531140055 0.055565575474660345 0.6633543008937053 
0.8609634525394207 0.7914112525110297 0.7083750119627861 0.6873293134149111 0.22050355187294035 0.9633088339480903 0.1831247036471959 0.9633050531096378 0.8802546127729464 0.7431984903953456 
0.22545582045529078 0.8488542722074042 0.6406115410625153 0.9441322327662914 0.35647032033327397 0.2126552665370921 0.6293579561543091 0.5431439032935665 0.3663352826502878 0.1825298348388772 
