-19439.0 -18374.0 
-18694.0 -19469.0 
-19439.0 -18374.0 
-18694.0 -19469.0 
-19429.0 -18461.0 
-19401.0 -18470.0 
-19056.0 -19151.0 
-19016.0 -19223.0 
-19055.0 -19204.0 
-18847.0 -19397.0 
-18903.0 -19345.0 
-19037.0 -19208.0 
-18806.0 -19422.0 
-18811.0 -19405.0 
-19174.0 -18974.0 
-18766.0 -19437.0 
-19150.0 -19041.0 
-19261.0 -18809.0 
-18954.0 -19290.0 
-19381.0 -18579.0 
-19383.0 -18546.0 
-19203.0 -18923.0 
-18738.0 -19445.0 
-19260.0 -18840.0 
-19360.0 -18608.0 
-19308.0 -18706.0 
-19112.0 -19114.0 
-18766.0 -19437.0 
-19166.0 -19004.0 
-19078.0 -19149.0 
-18930.0 -19295.0 
-19288.0 -18786.0 
-19201.0 -18953.0 
-19130.0 -19051.0 
-18923.0 -19328.0 
-19399.0 -18509.0 
-18874.0 -19347.0 
-19088.0 -19118.0 
-19241.0 -18865.0 
-19302.0 -18751.0 
-19118.0 -19072.0 
-18961.0 -19276.0 
-18864.0 -19368.0 
-19080.0 -19131.0 
-18710.0 -19460.0 
-18882.0 -19346.0 
-18732.0 -19448.0 
-18864.0 -19368.0 
-19341.0 -18615.0 
-19189.0 -18970.0 
-19218.0 -18917.0 
-19336.0 -18635.0 
-19335.0 -18653.0 
-19330.0 -18665.0 
-19316.0 -18693.0 
-19293.0 -18770.0 
-18987.0 -19246.0 
-19360.0 -18608.0 
-18979.0 -19247.0 
-19392.0 -18532.0 
-18998.0 -19237.0 
-19162.0 -19012.0 
-19191.0 -18957.0 
-19325.0 -18677.0 
-19274.0 -18796.0 
-18847.0 -19397.0 
-19227.0 -18899.0 
-18966.0 -19253.0 
-19300.0 -18765.0 
-19381.0 -18579.0 
-19237.0 -18882.0 
-19114.0 -19100.0 
-18965.0 -19259.0 
-19227.0 -18899.0 
-18998.0 -19237.0 
-19318.0 -18682.0 
-19274.0 -18796.0 
-19339.0 -18620.0 
-19124.0 -19067.0 
-19250.0 -18853.0 
-19250.0 -18853.0 
-19399.0 -18509.0 
-18923.0 -19328.0 
-19127.0 -19058.0 
-19392.0 -18532.0 
-19157.0 -19026.0 
-18717.0 -19458.0 
-19429.0 -18461.0 
-19237.0 -18882.0 
-19302.0 -18751.0 
-18806.0 -19422.0 
-19157.0 -19026.0 
-19308.0 -18706.0 
-18929.0 -19308.0 
-18929.0 -19308.0 
-18717.0 -19458.0 
-19114.0 -19100.0 
-19218.0 -18917.0 
-19088.0 -19118.0 
-18811.0 -19405.0 
