1	173.411725455606
2	163.5792471570289
3	136.11234366192738
4	128.6917998632455
5	122.59631332441671
6	117.03771247998097
7	113.48292604758116
8	94.21871210897598
9	91.70409112638795
10	77.9548814432298
11	77.9548814432298
12	70.6422265710618
13	68.20075044176151
14	62.72620841373093
15	59.61919739313084
16	55.32533822019955
17	54.188017620537835
18	48.22094051956109
19	47.643652067441316
20	45.822616783508394
21	41.490243545875835
22	39.93700932601473
23	38.967979136831254
24	38.452978086281384
25	36.78387021603339
26	36.517713710816814
27	33.39914872298537
28	32.35580835073442
29	32.35580835073442
30	32.35580835073442
31	31.15031816811274
32	30.7984225255389
33	30.72528504685705
34	30.72528504685705
35	30.05609935230135
36	29.607580591553504
37	29.607580591553504
38	28.73418329984359
39	28.73418329984359
40	28.533819858028686
41	27.54503945397922
42	26.790358132710665
43	26.760705179855762
44	26.738958700648205
45	26.58316975543416
46	25.786071199675177
47	25.763641380118315
48	25.46387644858861
49	25.187836415478635
50	24.579868265967836
51	24.579868265967836
52	23.893273129094737
53	23.893273129094737
54	23.809153756760477
55	23.809153756760477
56	23.733711877285494
57	23.394027473138383
58	23.197943214062125
59	23.197943214062125
60	23.016533339152158
61	23.016533339152158
62	22.70533002390125
63	22.68164379675805
64	22.43403406901131
65	22.33168375142851
66	21.990232514806877
67	21.990232514806877
68	21.958506498345827
69	21.915941559597144
70	21.0025150723421
71	20.941092341125074
72	20.941092341125074
73	20.701242487108043
74	20.523777076734802
75	20.38529395572917
76	20.220135771021692
77	20.20850239320127
78	19.842507735689164
79	19.74972056561494
80	19.554287534035616
81	19.554287534035616
82	19.38244227699119
83	19.38244227699119
84	19.15475619346125
85	19.01433433487825
86	18.91822510628826
87	18.900989456501865
88	18.7522981384108
89	18.697181565966293
90	18.697181565966293
91	18.557554078791874
92	18.494582315989142
93	18.3956685046359
94	18.165513122188074
95	18.15329838650546
96	18.085128021048362
97	18.01160151155603
98	17.873005781861853
99	17.873005781861853
100	17.698464843609425
101	17.698464843609425
102	17.54893029123046
103	17.54893029123046
104	17.427222641026106
105	17.13140203694727
106	17.13140203694727
107	17.13140203694727
108	17.05382536116769
109	17.04844328848694
110	17.020112252110547
111	16.98720403262057
112	16.940579754857872
113	16.862019375720745
114	16.787449691232425
115	16.787449691232425
116	16.7617493584813
117	16.598428191741288
118	16.598428191741288
119	16.598428191741288
120	16.550898502546357
121	16.51209821408623
122	16.494303033607906
123	16.46114759767331
124	16.409573620535927
125	16.409573620535927
126	16.38040489372821
127	16.312675401748702
128	16.312675401748702
129	16.312675401748702
130	16.287325278448343
131	16.287325278448343
132	16.287325278448343
133	16.276923374094757
134	16.270666304191586
135	16.260579524861225
136	16.180632883376436
137	16.040054655219222
138	16.040054655219222
139	16.037475271782128
140	16.037475271782128
141	16.037475271782128
142	16.037475271782128
143	16.024589221415162
144	16.024589221415162
145	16.024589221415162
146	15.98729577383453
147	15.964639507415036
148	15.964639507415036
149	15.950216136289189
150	15.950216136289189
151	15.945787824760268
152	15.932692103127868
153	15.932692103127868
154	15.909867916601097
155	15.833644745403529
156	15.825168764785282
157	15.825168764785282
158	15.825168764785282
159	15.775379459035655
160	15.771285387178153
161	15.749579089425216
162	15.725252880855761
163	15.71989273520851
164	15.71989273520851
165	15.699517897916966
166	15.699517897916966
167	15.690789438587807
168	15.690789438587807
169	15.655552408866924
170	15.648314322052824
171	15.637623099764701
172	15.637623099764701
173	15.637623099764701
174	15.63472546767881
175	15.632525790990545
176	15.616609593691393
177	15.561617332987602
178	15.561617332987602
179	15.547651827168592
180	15.538075323521241
181	15.52095059502045
182	15.511528052617287
183	15.511528052617287
184	15.4846841679671
185	15.484410976081792
186	15.483670215190065
187	15.453073429562986
188	15.433799133863328
189	15.433626976377148
190	15.433345085482516
191	15.433345085482516
192	15.40605272150707
193	15.402326047523893
194	15.402326047523893
195	15.36848528842025
196	15.36754821900014
197	15.36754821900014
198	15.360727676956051
199	15.348715930254999
200	15.336578364557823
201	15.313245627530588
202	15.313245627530588
203	15.313245627530588
204	15.313245627530588
205	15.308431577343422
206	15.308431577343422
207	15.27416724361912
208	15.27416724361912
209	15.27305709082125
210	15.243819195160178
211	15.243819195160178
212	15.243819195160178
213	15.234765227853119
214	15.234275487850677
215	15.232259372017188
216	15.176560957067881
217	15.176560957067881
218	15.176560957067881
219	15.155505572712116
220	15.137291556750423
221	15.137291556750423
222	15.137291556750423
223	15.136870464002087
224	15.124040587123243
225	15.122778949307273
226	15.122778949307273
227	15.122778949307273
228	15.11363974573131
229	15.11363974573131
230	15.112287239378098
231	15.109799192881685
232	15.105273208598682
233	15.105273208598682
234	15.102662097396518
235	15.102662097396518
236	15.097348484999044
237	15.095981431132065
238	15.095981431132065
239	15.092463807471228
240	15.080968297185786
241	15.073831008408293
242	15.073831008408293
243	15.063501642031055
244	15.06120013305631
245	15.06120013305631
246	15.048565727871958
247	15.048565727871958
248	15.040313818223973
249	15.03693876865585
250	15.033030465024458
251	15.033030465024458
252	15.01242536474622
253	15.007396964620572
254	15.007396964620572
255	15.007396964620572
256	14.999655328431533
257	14.999655328431533
258	14.999655328431533
259	14.981347351403729
260	14.973658844134262
261	14.973658844134262
262	14.973369242279139
263	14.973369242279139
264	14.963368998258147
265	14.961612051282724
266	14.961347495140963
267	14.948679327448446
268	14.947300284555839
269	14.939068879460581
270	14.929797207030322
271	14.927703277706167
272	14.927703277706167
273	14.927703277706167
274	14.927703277706167
275	14.91133825187049
276	14.91133825187049
277	14.902836648128828
278	14.901155628222346
279	14.901155628222346
280	14.898650934882923
281	14.894277060716922
282	14.893674980515213
283	14.88995055834043
284	14.888616739240847
285	14.887982940347905
286	14.885020399492026
287	14.884985268510492
288	14.88244469482548
289	14.881654135606041
290	14.880154951648914
291	14.878825804483801
292	14.869961524495784
293	14.869961524495784
294	14.869961524495784
295	14.864485594587055
296	14.864485594587055
297	14.863971631099552
298	14.859235297511395
299	14.856203703061139
300	14.856203703061139
301	14.856203703061139
302	14.85050580194775
303	14.85050580194775
304	14.841307783547894
305	14.841307783547894
306	14.835078217039053
307	14.835078217039053
308	14.823714363817652
309	14.823417539671278
310	14.819156123261857
311	14.818054147109235
312	14.813136502631075
313	14.808420135351124
314	14.808420135351124
315	14.794483158134016
316	14.794483158134016
317	14.794483158134016
318	14.794483158134016
319	14.793571372399274
320	14.79052092055025
321	14.79052092055025
322	14.79052092055025
323	14.785038510335768
324	14.784643773330934
325	14.783207968342262
326	14.78140855924938
327	14.779468715397249
328	14.773170528679298
329	14.773170528679298
330	14.773034767376428
331	14.773034767376428
332	14.770520143521756
333	14.76968417818095
334	14.769055117222933
335	14.767682569121451
336	14.76613600824443
337	14.761604931083014
338	14.761604931083014
339	14.761604931083014
340	14.761604931083014
341	14.761604931083014
342	14.755297941921292
343	14.751487467918372
344	14.751487467918372
345	14.751487467918372
346	14.748806330221816
347	14.748806330221816
348	14.74403633167799
349	14.74403633167799
350	14.74403633167799
351	14.740035008088247
352	14.740035008088247
353	14.725289901706674
354	14.725289901706674
355	14.725289901706674
356	14.725190714484295
357	14.725190714484295
358	14.72486494850512
359	14.719520880433109
360	14.718808024107899
361	14.717169608915404
362	14.717169608915404
363	14.715878442050325
364	14.715878442050325
365	14.71004078354447
366	14.71004078354447
367	14.71004078354447
368	14.71004078354447
369	14.71004078354447
370	14.705464874161848
371	14.705464874161848
372	14.705464874161848
373	14.705464874161848
374	14.702746462842127
375	14.702746462842127
376	14.702495294780277
377	14.702401685933514
378	14.697090350989656
379	14.693849194861661
380	14.693849194861661
381	14.693849194861661
382	14.691241156009712
383	14.686541303515495
384	14.686541303515495
385	14.679108988217116
386	14.679108988217116
387	14.679108988217116
388	14.679108988217116
389	14.678176275214001
390	14.678032091499677
391	14.67743162551166
392	14.67743162551166
393	14.674874079246019
394	14.673007131621747
395	14.672499200619601
396	14.67073228621668
397	14.667058555578247
398	14.665978861386032
399	14.66331326635928
400	14.66331326635928
401	14.662998941237815
402	14.657865413040362
403	14.655016226999352
404	14.655016226999352
405	14.652248869479237
406	14.652014537689418
407	14.647927603041248
408	14.647927603041248
409	14.647927603041248
410	14.646557726715475
411	14.641749599101129
412	14.634483879839314
413	14.634483879839314
414	14.6344548604527
415	14.63153508840727
416	14.63032307504688
417	14.63032307504688
418	14.63032307504688
419	14.627421120494967
420	14.627421120494967
421	14.625532398458851
422	14.624520810382167
423	14.624520810382167
424	14.618629413727517
425	14.618629413727517
426	14.61783809952984
427	14.615409965615523
428	14.615409965615523
429	14.615409965615523
430	14.608592901292283
431	14.608592901292283
432	14.608592901292283
433	14.607539611412816
434	14.607539611412816
435	14.60389553725881
436	14.60389553725881
437	14.603776755406246
438	14.603175086906552
439	14.601166389439657
440	14.599531118255557
441	14.599442301366995
442	14.599442301366995
443	14.599442301366995
444	14.599409842882633
445	14.599409842882633
446	14.599329964045475
447	14.59899415156924
448	14.598823728764296
449	14.598712988221367
450	14.598254665359175
451	14.598254665359175
452	14.597971239491685
453	14.596128054239307
454	14.595168439052149
455	14.59493211882376
456	14.59493211882376
457	14.59493211882376
458	14.59493211882376
459	14.594872356730878
460	14.594872356730878
461	14.590781047773655
462	14.590781047773655
463	14.590781047773655
464	14.590781047773655
465	14.589746775439425
466	14.589746775439425
467	14.589746775439425
468	14.587335470353672
469	14.583133107393254
470	14.57965813867294
471	14.579516273855392
472	14.579152497509394
473	14.579152497509394
474	14.579151600876948
475	14.578955035275012
476	14.578955035275012
477	14.576653238563589
478	14.576653238563589
479	14.576653238563589
480	14.576175853012058
481	14.574020549492142
482	14.574020549492142
483	14.574020549492142
484	14.574020549492142
485	14.57394595936557
486	14.57368771388821
487	14.57368771388821
488	14.573651631188245
489	14.571203904343648
490	14.571203904343648
491	14.571203904343648
492	14.571203904343648
493	14.571203904343648
494	14.571203904343648
495	14.570765075638379
496	14.570542522689763
497	14.5705182717178
498	14.570095329244179
499	14.569895497579003
500	14.569696781132382
501	14.569486856341786
502	14.569424065883942
503	14.569424065883942
504	14.569274502279395
505	14.569242155127652
506	14.569152459908306
507	14.568880818036076
508	14.568192335408048
509	14.56682681899024
510	14.566521693105438
511	14.566521693105438
512	14.56650243228558
513	14.565560422515437
514	14.565450232824398
515	14.565450232824398
516	14.564574191733131
517	14.564574191733131
518	14.564491140401728
519	14.564401010687781
520	14.562602068172492
521	14.562558632003892
522	14.561904702083002
523	14.561904702083002
524	14.561832596360068
525	14.560656010890927
526	14.560656010890927
527	14.559811520114181
528	14.559811520114181
529	14.559811520114181
530	14.55971131743051
531	14.55937668185491
532	14.55912667658311
533	14.558960593068857
534	14.558870022835645
535	14.558598385517671
536	14.558414929154639
537	14.558409311450788
538	14.55678732016425
539	14.555813623095988
540	14.555813623095988
541	14.55526180902403
542	14.55526180902403
543	14.55526180902403
544	14.554625296115569
545	14.554485684397514
546	14.55448155778443
547	14.5543393318338
548	14.554044016555762
549	14.553969995673516
550	14.55214309211065
551	14.55214309211065
552	14.55214309211065
553	14.55214309211065
554	14.55214309211065
555	14.550880562921998
556	14.550880562921998
557	14.550880562921998
558	14.549015680246361
559	14.54899927907401
560	14.548742036383224
561	14.546890208374464
562	14.546433566626895
563	14.546344535312167
564	14.545485210668048
565	14.545485210668048
566	14.545485210668048
567	14.545485210668048
568	14.545485210668048
569	14.545025854318254
570	14.545025854318254
571	14.545025854318254
572	14.545025854318254
573	14.544907032542776
574	14.544820994739451
575	14.544820994739451
576	14.544477836013893
577	14.544477836013893
578	14.543778754060138
579	14.543778754060138
580	14.543703151145595
581	14.542356298428345
582	14.541867535813097
583	14.541867535813097
584	14.541867535813097
585	14.541867535813097
586	14.541724105798577
587	14.541186955169632
588	14.541071036786287
589	14.541071036786287
590	14.540179885645363
591	14.540179885645363
592	14.540179885645363
593	14.540105475068676
594	14.539460410084903
595	14.539460410084903
596	14.539460410084903
597	14.538893304724073
598	14.538893304724073
599	14.537857757097136
600	14.537857757097136
601	14.537329785211439
602	14.537116589043842
603	14.53687637135772
604	14.53687637135772
605	14.536865413556795
606	14.536865413556795
607	14.535875813098357
608	14.535828422581096
609	14.535701015546914
610	14.535425834918087
611	14.535425834918087
612	14.534707405016334
613	14.534707405016334
614	14.534697535954667
615	14.534697535954667
616	14.534668119824087
617	14.533643596611077
618	14.53311680023768
619	14.53296131617076
620	14.532925225821758
621	14.532500161880591
622	14.532500161880591
623	14.532438091523957
624	14.531362709622211
625	14.531098543471252
626	14.530801671643491
627	14.530801671643491
628	14.530801671643491
629	14.530796647928161
630	14.528974599574829
631	14.528974599574829
632	14.528974599574829
633	14.528974599574829
634	14.528974599574829
635	14.528974599574829
636	14.52767773757169
637	14.52767773757169
638	14.52767773757169
639	14.526836432338913
640	14.526791616931055
641	14.526791616931055
642	14.52576570892055
643	14.524499031652041
644	14.524499031652041
645	14.524337341124811
646	14.524337341124811
647	14.524159286014685
648	14.524085073169918
649	14.523701323174864
650	14.523701323174864
651	14.523701323174864
652	14.523442020292627
653	14.523442020292627
654	14.520818136396365
655	14.520818136396365
656	14.520818136396365
657	14.520818136396365
658	14.520543939371692
659	14.520543939371692
660	14.520543939371692
661	14.519335749473068
662	14.519335749473068
663	14.519335749473068
664	14.519335749473068
665	14.519335749473068
666	14.519294144741297
667	14.518396978509957
668	14.518396978509957
669	14.518396978509957
670	14.51812404848062
671	14.51812404848062
672	14.51812404848062
673	14.51812404848062
674	14.516615806560145
675	14.5164409216726
676	14.515849701181304
677	14.514969616355186
678	14.514920312813414
679	14.514885661754553
680	14.514801779273286
681	14.514580864457963
682	14.514375475630178
683	14.514375475630178
684	14.514375475630178
685	14.514256909066757
686	14.514256909066757
687	14.514256909066757
688	14.514256909066757
689	14.513764870346733
690	14.513764870346733
691	14.513764870346733
692	14.513521003129911
693	14.513521003129911
694	14.513125081328068
695	14.513125081328068
696	14.513125081328068
697	14.511227971528697
698	14.51086143901332
699	14.51082711637231
700	14.510770451805689
701	14.510770451805689
702	14.510490167437522
703	14.510490167437522
704	14.510385439988777
705	14.510223704902096
706	14.510223704902096
707	14.510179887300003
708	14.510069143899006
709	14.510069143899006
710	14.50930750983344
711	14.50930750983344
712	14.50918671169819
713	14.508719157265173
714	14.508058850424858
715	14.508058850424858
716	14.508058850424858
717	14.506657967056327
718	14.506657967056327
719	14.506218548638971
720	14.50602703793256
721	14.505821858633754
722	14.505773244450795
723	14.505773244450795
724	14.505773244450795
725	14.505773244450795
726	14.505752401175329
727	14.505611540546388
728	14.504913759118292
729	14.504913759118292
730	14.504602604430671
731	14.504602604430671
732	14.504602604430671
733	14.504602604430671
734	14.504433529802808
735	14.504385977301824
736	14.503948637106927
737	14.503948637106927
738	14.503948637106927
739	14.503948637106927
740	14.503878390781823
741	14.503878390781823
742	14.503835385243612
743	14.503725291255614
744	14.503714678140959
745	14.503714678140959
746	14.503649276604554
747	14.503152994625358
748	14.503152994625358
749	14.503152994625358
750	14.503152994625358
751	14.503152994625358
752	14.502772817592971
753	14.502772817592971
754	14.502758110608612
755	14.502758110608612
756	14.502695811096332
757	14.50250137763139
758	14.50234794616362
759	14.501959216744673
760	14.501959216744673
761	14.501959216744673
762	14.501959216744673
763	14.501959216744673
764	14.501863097333818
765	14.501839171584539
766	14.501788208639894
767	14.501568288017344
768	14.501484040941943
769	14.501484040941943
770	14.501352603921932
771	14.50110519222317
772	14.50110519222317
773	14.50110519222317
774	14.50110519222317
775	14.501040171495427
776	14.5010089618775
777	14.5010089618775
778	14.500957614475086
779	14.500467063744711
780	14.500225799689733
781	14.500225799689733
782	14.500225799689733
783	14.500180974864252
784	14.500180974864252
785	14.500149263984715
786	14.5000323737041
787	14.5000323737041
788	14.499456684439796
789	14.499456684439796
790	14.498848213237345
791	14.497751606103208
792	14.497116050131263
793	14.497116050131263
794	14.497116050131263
795	14.497116050131263
796	14.497112559346276
797	14.497111988800928
798	14.496938334942323
799	14.496748586184527
800	14.496733243485357
801	14.496634367597101
802	14.496634367597101
803	14.49663430722471
804	14.49602637581872
805	14.495622921626282
806	14.495622921626282
807	14.495622921626282
808	14.495354746433438
809	14.494349057354974
810	14.494349057354974
811	14.494349057354974
812	14.494349057354974
813	14.494349057354974
814	14.494346198957038
815	14.494344099356711
816	14.494100981184335
817	14.494039153597653
818	14.494039153597653
819	14.494039153597653
820	14.49382564332098
821	14.493693766118053
822	14.493491977516312
823	14.493491977516312
824	14.493404397622408
825	14.493404397622408
826	14.492901410770996
827	14.492858898598955
828	14.491979350060019
829	14.49172198878881
830	14.49172198878881
831	14.4912991845411
832	14.490837935172227
833	14.490837935172227
834	14.490837935172227
835	14.490837935172227
836	14.490656643844328
837	14.490656643844328
838	14.490288887284505
839	14.490288887284505
840	14.489953089701782
841	14.489845763081869
842	14.489845763081869
843	14.489845763081869
844	14.489823422012437
845	14.489823422012437
846	14.489511876128487
847	14.489454827628938
848	14.489445153168537
849	14.489370303370306
850	14.489370303370306
851	14.489286279784835
852	14.489286279784835
853	14.489171615663775
854	14.489171615663775
855	14.488997242011472
856	14.488644944742726
857	14.488450949703667
858	14.488450949703667
859	14.48844710053114
860	14.48825510799666
861	14.48804673164782
862	14.487984852336025
863	14.487984852336025
864	14.487958405690502
865	14.487951515510938
866	14.487753259808139
867	14.487719334992311
868	14.487514195899646
869	14.487514195899646
870	14.487503761879434
871	14.487503761879434
872	14.487503761879434
873	14.487459609660966
874	14.487459609660966
875	14.487111504327897
876	14.487111504327897
877	14.487111504327897
878	14.48707637780562
879	14.48707637780562
880	14.48707637780562
881	14.48707637780562
882	14.486642749270247
883	14.486642749270247
884	14.486642749270247
885	14.486642749270247
886	14.486642749270247
887	14.486642749270247
888	14.486642749270247
889	14.486533956454558
890	14.485965355565654
891	14.485823133064171
892	14.485823133064171
893	14.485363466479782
894	14.485363466479782
895	14.485362597611454
896	14.48435853584374
897	14.48435853584374
898	14.48435853584374
899	14.484284533695506
900	14.484260810857105
901	14.484260810857105
902	14.484254188323337
903	14.484228492146142
904	14.484228492146142
905	14.484125905651508
906	14.484125905651508
907	14.484125905651508
908	14.484125905651508
909	14.484125905651508
910	14.484125905651508
911	14.484125905651508
912	14.483965681176416
913	14.483965681176416
914	14.48394448336061
915	14.48394448336061
916	14.48382184823055
917	14.48382184823055
918	14.483546715061795
919	14.483530089024478
920	14.483503657816346
921	14.483174508993772
922	14.483174508993772
923	14.483174508993772
924	14.483174508993772
925	14.483174508993772
926	14.482997650586531
927	14.482997650586531
928	14.482997650586531
929	14.482997650586531
930	14.482969584668304
931	14.482525859203419
932	14.482491577668858
933	14.482491577668858
934	14.482491577668858
935	14.482491577668858
936	14.482342673065565
937	14.481970817951979
938	14.481970817951979
939	14.481970817951979
940	14.481816371664262
941	14.481447284404307
942	14.481447284404307
943	14.48135410388838
944	14.48135410388838
945	14.481239172797183
946	14.481239172797183
947	14.481202817495133
948	14.481202817495133
949	14.481202817495133
950	14.481055177611344
951	14.48089020641572
952	14.48089020641572
953	14.480826214240931
954	14.480685683142521
955	14.480633190266532
956	14.480632647351962
957	14.480632647351962
958	14.480632647351962
959	14.480347067238178
960	14.480347067238178
961	14.480347067238178
962	14.480324009168582
963	14.480324009168582
964	14.480182231165271
965	14.480101926219003
966	14.480060301787779
967	14.479964813470843
968	14.479833965829549
969	14.479833965829549
970	14.479833965829549
971	14.479833965829549
972	14.479833965829549
973	14.479833965829549
974	14.479833965829549
975	14.479833965829549
976	14.47960813008512
977	14.47960813008512
978	14.479312112617032
979	14.479312112617032
980	14.479009340731842
981	14.479009340731842
982	14.479009340731842
983	14.478951025460148
984	14.478906366692604
985	14.47890569712233
986	14.478795407261217
987	14.478795407261217
988	14.4784289005467
989	14.477917807519713
990	14.477917807519713
991	14.477917807519713
992	14.477917807519713
993	14.477917807519713
994	14.477841690856387
995	14.477735882373146
996	14.477735882373146
997	14.477735882373146
998	14.477708555258028
999	14.477692759208672
1000	14.477692759208672