-18320.0 -19669.0 
-19403.0 -18308.0 
-18320.0 -19669.0 
-19403.0 -18308.0 
-19380.0 -18566.0 
-18436.0 -19578.0 
-18500.0 -19573.0 
-19151.0 -18914.0 
-19008.0 -19115.0 
-19108.0 -18921.0 
-19329.0 -18589.0 
-18432.0 -19609.0 
-19190.0 -18836.0 
-19196.0 -18779.0 
-18376.0 -19633.0 
-19016.0 -19051.0 
-19330.0 -18579.0 
-19228.0 -18771.0 
-19292.0 -18634.0 
-18389.0 -19613.0 
-18528.0 -19528.0 
-19235.0 -18723.0 
-18874.0 -19273.0 
-18912.0 -19223.0 
-18569.0 -19520.0 
-18838.0 -19307.0 
-19162.0 -18853.0 
-18734.0 -19378.0 
-19102.0 -18960.0 
-18882.0 -19248.0 
-18763.0 -19367.0 
-19292.0 -18634.0 
-18810.0 -19308.0 
-18721.0 -19401.0 
-18792.0 -19336.0 
-18577.0 -19487.0 
-18376.0 -19633.0 
-19168.0 -18837.0 
-18613.0 -19460.0 
-18917.0 -19191.0 
-19255.0 -18703.0 
-19028.0 -19029.0 
-19217.0 -18777.0 
-18656.0 -19450.0 
-18676.0 -19410.0 
-19062.0 -19002.0 
-18838.0 -19307.0 
-18776.0 -19341.0 
-19046.0 -19011.0 
-19255.0 -18703.0 
-18874.0 -19273.0 
-18572.0 -19514.0 
-18982.0 -19123.0 
-18944.0 -19153.0 
-19380.0 -18566.0 
-18641.0 -19456.0 
-19275.0 -18678.0 
-18524.0 -19537.0 
-18694.0 -19403.0 
-19041.0 -19021.0 
-18600.0 -19479.0 
-19072.0 -18997.0 
-18958.0 -19145.0 
-18524.0 -19537.0 
-18935.0 -19178.0 
-18965.0 -19133.0 
-19024.0 -19048.0 
-18591.0 -19485.0 
-18609.0 -19467.0 
-18500.0 -19573.0 
-18882.0 -19248.0 
-18667.0 -19416.0 
-19279.0 -18662.0 
-19279.0 -18662.0 
-18657.0 -19429.0 
-19087.0 -18969.0 
-18800.0 -19317.0 
-18912.0 -19223.0 
-19275.0 -18678.0 
-19162.0 -18853.0 
-18982.0 -19123.0 
-19235.0 -18723.0 
-19090.0 -18962.0 
-18763.0 -19367.0 
-19087.0 -18969.0 
-18664.0 -19428.0 
-18694.0 -19403.0 
-19072.0 -18997.0 
-18641.0 -19456.0 
-18776.0 -19341.0 
-19151.0 -18914.0 
-18961.0 -19134.0 
-18728.0 -19390.0 
-18389.0 -19613.0 
-18935.0 -19178.0 
-18944.0 -19153.0 
-18800.0 -19317.0 
-18728.0 -19390.0 
-18924.0 -19187.0 
-18924.0 -19187.0 
