-18564.0 -19434.0 
-19305.0 -18497.0 
-18564.0 -19434.0 
-19305.0 -18497.0 
-19286.0 -18510.0 
-19282.0 -18629.0 
-19258.0 -18711.0 
-18840.0 -19268.0 
-18760.0 -19329.0 
-18644.0 -19402.0 
-18590.0 -19429.0 
-18922.0 -19185.0 
-19274.0 -18653.0 
-18666.0 -19377.0 
-18818.0 -19297.0 
-19123.0 -18935.0 
-19177.0 -18836.0 
-18590.0 -19429.0 
-18689.0 -19364.0 
-18977.0 -19120.0 
-18725.0 -19351.0 
-19227.0 -18719.0 
-19178.0 -18792.0 
-18728.0 -19340.0 
-18948.0 -19121.0 
-19142.0 -18866.0 
-18842.0 -19243.0 
-18644.0 -19402.0 
-18896.0 -19186.0 
-19132.0 -18896.0 
-18887.0 -19210.0 
-19043.0 -19022.0 
-19274.0 -18653.0 
-19210.0 -18746.0 
-18791.0 -19302.0 
-18689.0 -19364.0 
-19013.0 -19078.0 
-18990.0 -19084.0 
-19017.0 -19051.0 
-18873.0 -19214.0 
-19084.0 -18950.0 
-18868.0 -19225.0 
-19034.0 -19042.0 
-19201.0 -18776.0 
-18931.0 -19157.0 
-19104.0 -18937.0 
-18659.0 -19394.0 
-18892.0 -19193.0 
-19007.0 -19079.0 
-19052.0 -19020.0 
-18780.0 -19310.0 
-18939.0 -19136.0 
-19061.0 -18988.0 
-19157.0 -18861.0 
-18818.0 -19297.0 
-18856.0 -19231.0 
-18938.0 -19154.0 
-18979.0 -19103.0 
-19020.0 -19047.0 
-18853.0 -19238.0 
-18771.0 -19311.0 
-19282.0 -18629.0 
-19220.0 -18735.0 
-19258.0 -18711.0 
-19075.0 -18969.0 
-18944.0 -19128.0 
-19058.0 -19006.0 
-19068.0 -18978.0 
-19132.0 -18896.0 
-19137.0 -18883.0 
-19195.0 -18783.0 
-19164.0 -18851.0 
-19210.0 -18746.0 
-18979.0 -19103.0 
-19075.0 -18969.0 
-19220.0 -18735.0 
-19104.0 -18937.0 
-19090.0 -18949.0 
-19137.0 -18883.0 
-18990.0 -19084.0 
-18791.0 -19302.0 
-19161.0 -18857.0 
-19063.0 -18979.0 
-19164.0 -18851.0 
-19090.0 -18949.0 
-19201.0 -18776.0 
-19286.0 -18510.0 
-19058.0 -19006.0 
-18659.0 -19394.0 
-19227.0 -18719.0 
-18725.0 -19351.0 
-19034.0 -19042.0 
-19177.0 -18836.0 
-19189.0 -18784.0 
-18771.0 -19311.0 
-18728.0 -19340.0 
-19184.0 -18791.0 
-18931.0 -19157.0 
-19123.0 -18935.0 
-19188.0 -18790.0 
