-18315.0 -19550.0 
-19398.0 -18292.0 
-18315.0 -19550.0 
-19398.0 -18292.0 
-19174.0 -18855.0 
-19325.0 -18517.0 
-19221.0 -18788.0 
-19327.0 -18414.0 
-19180.0 -18791.0 
-18514.0 -19502.0 
-19226.0 -18718.0 
-19120.0 -18860.0 
-18448.0 -19515.0 
-19361.0 -18310.0 
-18534.0 -19465.0 
-18623.0 -19420.0 
-19355.0 -18405.0 
-18582.0 -19453.0 
-19108.0 -18866.0 
-18795.0 -19291.0 
-18683.0 -19351.0 
-18666.0 -19387.0 
-18742.0 -19310.0 
-18898.0 -19152.0 
-18323.0 -19549.0 
-18623.0 -19420.0 
-19301.0 -18573.0 
-18893.0 -19180.0 
-19372.0 -18296.0 
-18711.0 -19343.0 
-18367.0 -19548.0 
-19311.0 -18531.0 
-19037.0 -18964.0 
-18680.0 -19372.0 
-19243.0 -18689.0 
-18940.0 -19102.0 
-19031.0 -18994.0 
-19357.0 -18362.0 
-19256.0 -18653.0 
-19256.0 -18653.0 
-18961.0 -19089.0 
-19284.0 -18590.0 
-18999.0 -19020.0 
-19081.0 -18942.0 
-18984.0 -19067.0 
-18398.0 -19540.0 
-18732.0 -19331.0 
-18666.0 -19387.0 
-18817.0 -19258.0 
-18829.0 -19233.0 
-19357.0 -18362.0 
-19271.0 -18614.0 
-19098.0 -18900.0 
-18529.0 -19474.0 
-18873.0 -19184.0 
-18520.0 -19495.0 
-19018.0 -19011.0 
-18763.0 -19303.0 
-19243.0 -18689.0 
-18915.0 -19143.0 
-19342.0 -18413.0 
-18867.0 -19196.0 
-18598.0 -19442.0 
-18964.0 -19077.0 
-18398.0 -19540.0 
-18598.0 -19442.0 
-19278.0 -18599.0 
-18829.0 -19233.0 
-19052.0 -18962.0 
-18367.0 -19548.0 
-18763.0 -19303.0 
-18720.0 -19334.0 
-18426.0 -19525.0 
-19052.0 -18962.0 
-19098.0 -18900.0 
-18444.0 -19522.0 
-18426.0 -19525.0 
-19226.0 -18718.0 
-18997.0 -19039.0 
-18983.0 -19074.0 
-18849.0 -19208.0 
-18795.0 -19291.0 
-18850.0 -19198.0 
-18813.0 -19263.0 
-19271.0 -18614.0 
-18923.0 -19138.0 
-19019.0 -18998.0 
-19087.0 -18924.0 
-19087.0 -18924.0 
-18582.0 -19453.0 
-18997.0 -19039.0 
-19301.0 -18573.0 
-18936.0 -19115.0 
-18936.0 -19115.0 
-19081.0 -18942.0 
-18849.0 -19208.0 
-18813.0 -19263.0 
-19311.0 -18531.0 
-18923.0 -19138.0 
-18448.0 -19515.0 
