-19328.0 -18578.0 
-19328.0 -18578.0 
-18816.0 -19159.0 
-19188.0 -18887.0 
-19131.0 -18890.0 
-19196.0 -18822.0 
-19257.0 -18775.0 
-19315.0 -18615.0 
-18841.0 -19154.0 
-19274.0 -18727.0 
-19295.0 -18652.0 
-19315.0 -18615.0 
-19295.0 -18652.0 
-19280.0 -18681.0 
-18993.0 -19047.0 
-19267.0 -18737.0 
-19213.0 -18794.0 
-19012.0 -19026.0 
-19105.0 -18918.0 
-18890.0 -19100.0 
-19237.0 -18788.0 
-18958.0 -19068.0 
-18931.0 -19088.0 
-18914.0 -19094.0 
-19129.0 -18897.0 
-18857.0 -19124.0 
-18881.0 -19113.0 
-19012.0 -19026.0 
-19237.0 -18788.0 
-18960.0 -19051.0 
-18970.0 -19049.0 
-19208.0 -18809.0 
-19281.0 -18678.0 
-19092.0 -18930.0 
-19051.0 -18981.0 
-18914.0 -19094.0 
-18938.0 -19077.0 
-19019.0 -19006.0 
-19257.0 -18775.0 
-19056.0 -18969.0 
-19069.0 -18954.0 
-18993.0 -19047.0 
-18841.0 -19154.0 
-19037.0 -18992.0 
-18859.0 -19121.0 
-19092.0 -18930.0 
-19114.0 -18903.0 
-19038.0 -18985.0 
-19082.0 -18949.0 
-19267.0 -18737.0 
-18857.0 -19124.0 
-18876.0 -19116.0 
-19281.0 -18678.0 
-19023.0 -19003.0 
-19083.0 -18942.0 
-19274.0 -18727.0 
-18890.0 -19100.0 
-18938.0 -19077.0 
-18932.0 -19079.0 
-19208.0 -18809.0 
-19109.0 -18908.0 
-19023.0 -19003.0 
-19197.0 -18819.0 
-19064.0 -18963.0 
-18970.0 -19049.0 
-19083.0 -18942.0 
-19037.0 -18992.0 
-19188.0 -18887.0 
-19196.0 -18822.0 
-19213.0 -18794.0 
-19114.0 -18903.0 
-18958.0 -19068.0 
-19197.0 -18819.0 
-19019.0 -19006.0 
-19069.0 -18954.0 
-19280.0 -18681.0 
-19051.0 -18981.0 
-19109.0 -18908.0 
-19064.0 -18963.0 
-19059.0 -18966.0 
-18859.0 -19121.0 
-19059.0 -18966.0 
-19082.0 -18949.0 
-18876.0 -19116.0 
-18877.0 -19115.0 
-19131.0 -18890.0 
-19038.0 -18985.0 
-18960.0 -19051.0 
-18932.0 -19079.0 
-18877.0 -19115.0 
-19012.0 -19026.0 
-19267.0 -18737.0 
-18857.0 -19124.0 
-18970.0 -19049.0 
-19197.0 -18819.0 
-19131.0 -18890.0 
-18877.0 -19115.0 
-19012.0 -19026.0 
-19197.0 -18819.0 
-19012.0 -19026.0 
