-18515.0 -19414.0 
-18515.0 -19414.0 
-19417.0 -18278.0 
-18520.0 -19358.0 
-19227.0 -18842.0 
-18631.0 -19303.0 
-19158.0 -18848.0 
-19147.0 -18939.0 
-18622.0 -19339.0 
-18744.0 -19302.0 
-18801.0 -19244.0 
-19331.0 -18615.0 
-19230.0 -18741.0 
-18868.0 -19233.0 
-19365.0 -18436.0 
-19345.0 -18527.0 
-19407.0 -18352.0 
-19358.0 -18523.0 
-19255.0 -18740.0 
-18941.0 -19150.0 
-19026.0 -19065.0 
-19101.0 -18946.0 
-19383.0 -18396.0 
-19295.0 -18618.0 
-19273.0 -18675.0 
-19383.0 -18396.0 
-19294.0 -18637.0 
-19039.0 -19034.0 
-18998.0 -19071.0 
-18962.0 -19144.0 
-18870.0 -19199.0 
-19407.0 -18352.0 
-19051.0 -18998.0 
-18903.0 -19157.0 
-18775.0 -19254.0 
-18760.0 -19273.0 
-18757.0 -19282.0 
-19365.0 -18436.0 
-19092.0 -18982.0 
-18968.0 -19109.0 
-19065.0 -18991.0 
-19275.0 -18658.0 
-19273.0 -18675.0 
-18874.0 -19183.0 
-18993.0 -19085.0 
-18892.0 -19173.0 
-18974.0 -19108.0 
-18622.0 -19339.0 
-19034.0 -19041.0 
-18993.0 -19085.0 
-18775.0 -19254.0 
-19065.0 -18991.0 
-18974.0 -19108.0 
-19255.0 -18740.0 
-19275.0 -18658.0 
-18894.0 -19161.0 
-19051.0 -18998.0 
-19345.0 -18527.0 
-19331.0 -18615.0 
-19098.0 -18972.0 
-19158.0 -18848.0 
-18903.0 -19157.0 
-18744.0 -19302.0 
-19034.0 -19041.0 
-19092.0 -18982.0 
-19100.0 -18959.0 
-18874.0 -19183.0 
-19100.0 -18959.0 
-18962.0 -19144.0 
-19358.0 -18523.0 
-18892.0 -19173.0 
-19098.0 -18972.0 
-18631.0 -19303.0 
-19227.0 -18842.0 
-18968.0 -19109.0 
-19101.0 -18946.0 
-18894.0 -19161.0 
-19230.0 -18741.0 
-19383.0 -18396.0 
-19407.0 -18352.0 
-19273.0 -18675.0 
-18622.0 -19339.0 
-18775.0 -19254.0 
-19065.0 -18991.0 
-18974.0 -19108.0 
-19275.0 -18658.0 
-19345.0 -18527.0 
-18903.0 -19157.0 
-18744.0 -19302.0 
-19034.0 -19041.0 
-19092.0 -18982.0 
-18962.0 -19144.0 
-19358.0 -18523.0 
-18622.0 -19339.0 
-18622.0 -19339.0 
-18962.0 -19144.0 
-18622.0 -19339.0 
-18974.0 -19108.0 
-18622.0 -19339.0 
-18744.0 -19302.0 
