-19414.0 -18284.0 
-18476.0 -19450.0 
-18494.0 -19400.0 
-18805.0 -19249.0 
-19403.0 -18371.0 
-18564.0 -19377.0 
-18870.0 -19181.0 
-18564.0 -19377.0 
-18856.0 -19231.0 
-19163.0 -18875.0 
-19298.0 -18661.0 
-19390.0 -18438.0 
-19339.0 -18511.0 
-19364.0 -18503.0 
-18618.0 -19360.0 
-19283.0 -18682.0 
-19036.0 -19043.0 
-18763.0 -19251.0 
-19306.0 -18599.0 
-19369.0 -18461.0 
-19260.0 -18683.0 
-19112.0 -18950.0 
-19090.0 -18962.0 
-19334.0 -18539.0 
-18899.0 -19152.0 
-19392.0 -18396.0 
-19310.0 -18550.0 
-19306.0 -18599.0 
-19241.0 -18740.0 
-18944.0 -19111.0 
-19122.0 -18913.0 
-18924.0 -19135.0 
-18640.0 -19355.0 
-18971.0 -19104.0 
-18899.0 -19152.0 
-19012.0 -19071.0 
-18759.0 -19259.0 
-18709.0 -19289.0 
-18719.0 -19265.0 
-18686.0 -19298.0 
-19222.0 -18748.0 
-18494.0 -19400.0 
-18645.0 -19339.0 
-18618.0 -19360.0 
-18977.0 -19084.0 
-18668.0 -19337.0 
-19122.0 -18913.0 
-18924.0 -19135.0 
-18868.0 -19206.0 
-18992.0 -19074.0 
-19139.0 -18876.0 
-19402.0 -18393.0 
-19247.0 -18719.0 
-18731.0 -19264.0 
-19372.0 -18448.0 
-19055.0 -19010.0 
-19063.0 -19002.0 
-19066.0 -18975.0 
-18676.0 -19334.0 
-18856.0 -19231.0 
-19012.0 -19071.0 
-19163.0 -18875.0 
-18944.0 -19111.0 
-19138.0 -18883.0 
-19298.0 -18661.0 
-19065.0 -18988.0 
-19207.0 -18770.0 
-19055.0 -19010.0 
-19038.0 -19035.0 
-19246.0 -18720.0 
-18868.0 -19206.0 
-19038.0 -19035.0 
-19138.0 -18883.0 
-19207.0 -18770.0 
-19222.0 -18748.0 
-18680.0 -19318.0 
-19112.0 -18950.0 
-18680.0 -19318.0 
-19078.0 -18970.0 
-19318.0 -18547.0 
-18709.0 -19289.0 
-19200.0 -18778.0 
-19078.0 -18970.0 
-18731.0 -19264.0 
-18984.0 -19076.0 
-19318.0 -18547.0 
-19247.0 -18719.0 
-19260.0 -18683.0 
-18686.0 -19298.0 
-18971.0 -19104.0 
-19364.0 -18503.0 
-19372.0 -18448.0 
-18984.0 -19076.0 
-19200.0 -18778.0 
-18645.0 -19339.0 
-19310.0 -18550.0 
-19340.0 -18505.0 
-19198.0 -18825.0 
-19301.0 -18635.0 
-19337.0 -18272.0 
