-18506.0 -19288.0 
-18506.0 -19288.0 
-19214.0 -18584.0 
-19214.0 -18584.0 
-19189.0 -18711.0 
-18583.0 -19260.0 
-19207.0 -18628.0 
-19050.0 -18808.0 
-18525.0 -19266.0 
-19095.0 -18804.0 
-18789.0 -19143.0 
-19207.0 -18628.0 
-18901.0 -19030.0 
-19048.0 -18853.0 
-19123.0 -18725.0 
-18591.0 -19239.0 
-18724.0 -19182.0 
-19039.0 -18870.0 
-19106.0 -18776.0 
-19153.0 -18723.0 
-18623.0 -19228.0 
-19106.0 -18776.0 
-18755.0 -19155.0 
-19121.0 -18748.0 
-19153.0 -18723.0 
-18803.0 -19108.0 
-18954.0 -18965.0 
-18623.0 -19228.0 
-18965.0 -18955.0 
-18922.0 -18998.0 
-18742.0 -19160.0 
-18906.0 -19000.0 
-18693.0 -19189.0 
-18970.0 -18930.0 
-19011.0 -18882.0 
-19121.0 -18748.0 
-19189.0 -18711.0 
-18649.0 -19218.0 
-18857.0 -19076.0 
-19000.0 -18901.0 
-19012.0 -18881.0 
-18843.0 -19086.0 
-18878.0 -19046.0 
-18929.0 -18978.0 
-18789.0 -19143.0 
-18878.0 -19046.0 
-18755.0 -19155.0 
-18663.0 -19214.0 
-18843.0 -19086.0 
-18525.0 -19266.0 
-18732.0 -19168.0 
-18649.0 -19218.0 
-18861.0 -19061.0 
-18985.0 -18912.0 
-18828.0 -19099.0 
-19039.0 -18870.0 
-18869.0 -19050.0 
-19000.0 -18901.0 
-18681.0 -19192.0 
-19048.0 -18853.0 
-18903.0 -19014.0 
-18591.0 -19239.0 
-18942.0 -18969.0 
-18693.0 -19189.0 
-18805.0 -19105.0 
-18821.0 -19102.0 
-18828.0 -19099.0 
-18803.0 -19108.0 
-18978.0 -18927.0 
-18903.0 -19014.0 
-18666.0 -19203.0 
-18732.0 -19168.0 
-18861.0 -19061.0 
-18965.0 -18955.0 
-18991.0 -18910.0 
-18724.0 -19182.0 
-19095.0 -18804.0 
-18857.0 -19076.0 
-18671.0 -19200.0 
-18935.0 -18976.0 
-18671.0 -19200.0 
-18681.0 -19192.0 
-19012.0 -18881.0 
-18869.0 -19050.0 
-18942.0 -18969.0 
-18977.0 -18929.0 
-18991.0 -18910.0 
-18821.0 -19102.0 
-18922.0 -18998.0 
-18978.0 -18927.0 
-18935.0 -18976.0 
-18929.0 -18978.0 
-18985.0 -18912.0 
-18663.0 -19214.0 
-19050.0 -18808.0 
-18666.0 -19203.0 
-18970.0 -18930.0 
-18805.0 -19105.0 
-19123.0 -18725.0 
-18623.0 -19228.0 
