-18365.0 -19360.0 
-19160.0 -18606.0 
-19160.0 -18606.0 
-18390.0 -19335.0 
-19097.0 -18737.0 
-18856.0 -19091.0 
-18455.0 -19328.0 
-18523.0 -19306.0 
-18936.0 -18935.0 
-19058.0 -18854.0 
-19133.0 -18699.0 
-19065.0 -18803.0 
-19093.0 -18788.0 
-18523.0 -19306.0 
-19018.0 -18907.0 
-18455.0 -19328.0 
-18903.0 -19037.0 
-18638.0 -19264.0 
-18576.0 -19287.0 
-19026.0 -18871.0 
-18586.0 -19270.0 
-18673.0 -19210.0 
-19142.0 -18654.0 
-19142.0 -18654.0 
-18980.0 -18914.0 
-18974.0 -18933.0 
-18665.0 -19244.0 
-18909.0 -19001.0 
-18935.0 -18979.0 
-19133.0 -18699.0 
-18867.0 -19044.0 
-19097.0 -18737.0 
-18668.0 -19242.0 
-18705.0 -19201.0 
-18827.0 -19106.0 
-18864.0 -19057.0 
-18799.0 -19141.0 
-18638.0 -19264.0 
-18390.0 -19335.0 
-18724.0 -19173.0 
-18770.0 -19148.0 
-18576.0 -19287.0 
-18761.0 -19156.0 
-18740.0 -19160.0 
-18723.0 -19189.0 
-19026.0 -18871.0 
-18818.0 -19124.0 
-19058.0 -18854.0 
-18801.0 -19135.0 
-19065.0 -18803.0 
-18713.0 -19190.0 
-18827.0 -19106.0 
-19093.0 -18788.0 
-18931.0 -18990.0 
-18924.0 -18991.0 
-18705.0 -19201.0 
-18909.0 -19001.0 
-18586.0 -19270.0 
-18924.0 -18991.0 
-18739.0 -19161.0 
-18818.0 -19124.0 
-19018.0 -18907.0 
-18822.0 -19116.0 
-18673.0 -19210.0 
-18739.0 -19161.0 
-18724.0 -19173.0 
-18801.0 -19135.0 
-18822.0 -19116.0 
-18903.0 -19037.0 
-18980.0 -18914.0 
-18935.0 -18979.0 
-18864.0 -19057.0 
-18865.0 -19053.0 
-18770.0 -19148.0 
-18761.0 -19156.0 
-18799.0 -19141.0 
-18867.0 -19044.0 
-18767.0 -19150.0 
-18713.0 -19190.0 
-18974.0 -18933.0 
-18767.0 -19150.0 
-18865.0 -19053.0 
-18931.0 -18990.0 
-18723.0 -19189.0 
-18523.0 -19306.0 
-19142.0 -18654.0 
-19097.0 -18737.0 
-18576.0 -19287.0 
-18586.0 -19270.0 
-19018.0 -18907.0 
-18673.0 -19210.0 
-18739.0 -19161.0 
-18864.0 -19057.0 
-18761.0 -19156.0 
-18799.0 -19141.0 
-18767.0 -19150.0 
-18673.0 -19210.0 
-18761.0 -19156.0 
-18761.0 -19156.0 
-18761.0 -19156.0 
