-18383.0 -19365.0 
-19266.0 -18465.0 
-19266.0 -18465.0 
-18383.0 -19365.0 
-18498.0 -19343.0 
-18409.0 -19349.0 
-19174.0 -18643.0 
-18882.0 -19055.0 
-18676.0 -19237.0 
-19250.0 -18521.0 
-18844.0 -19115.0 
-18789.0 -19120.0 
-18621.0 -19255.0 
-19154.0 -18698.0 
-18505.0 -19315.0 
-18586.0 -19277.0 
-18875.0 -19085.0 
-18586.0 -19277.0 
-19037.0 -18812.0 
-18540.0 -19313.0 
-19250.0 -18521.0 
-18772.0 -19161.0 
-19218.0 -18561.0 
-18546.0 -19300.0 
-18621.0 -19255.0 
-18751.0 -19176.0 
-18892.0 -19010.0 
-19005.0 -18873.0 
-19002.0 -18903.0 
-18714.0 -19181.0 
-19111.0 -18744.0 
-19218.0 -18561.0 
-19035.0 -18846.0 
-19092.0 -18775.0 
-18983.0 -18912.0 
-19190.0 -18602.0 
-18681.0 -19204.0 
-19154.0 -18698.0 
-18875.0 -19085.0 
-18929.0 -18964.0 
-18844.0 -19115.0 
-18979.0 -18934.0 
-19032.0 -18851.0 
-19181.0 -18628.0 
-18409.0 -19349.0 
-19067.0 -18787.0 
-18927.0 -18991.0 
-18774.0 -19144.0 
-19121.0 -18723.0 
-18958.0 -18953.0 
-18935.0 -18957.0 
-19132.0 -18715.0 
-18688.0 -19199.0 
-18546.0 -19300.0 
-19132.0 -18715.0 
-19211.0 -18583.0 
-18904.0 -18995.0 
-18899.0 -18999.0 
-18751.0 -19176.0 
-18774.0 -19144.0 
-19052.0 -18806.0 
-19092.0 -18775.0 
-19181.0 -18628.0 
-18928.0 -18987.0 
-18698.0 -19192.0 
-18676.0 -19237.0 
-19190.0 -18602.0 
-19024.0 -18869.0 
-18714.0 -19181.0 
-19205.0 -18589.0 
-18892.0 -19010.0 
-18698.0 -19192.0 
-18789.0 -19120.0 
-18967.0 -18945.0 
-18967.0 -18945.0 
-19067.0 -18787.0 
-19055.0 -18796.0 
-19205.0 -18589.0 
-19104.0 -18759.0 
-19121.0 -18723.0 
-19020.0 -18871.0 
-19107.0 -18757.0 
-18979.0 -18934.0 
-19104.0 -18759.0 
-18958.0 -18953.0 
-19211.0 -18583.0 
-18983.0 -18912.0 
-19002.0 -18903.0 
-19059.0 -18794.0 
-19024.0 -18869.0 
-19059.0 -18794.0 
-18935.0 -18957.0 
-18681.0 -19204.0 
-18505.0 -19315.0 
-18904.0 -18995.0 
-19052.0 -18806.0 
-19020.0 -18871.0 
-19107.0 -18757.0 
-18928.0 -18987.0 
-18505.0 -19315.0 
