-20088.0 -19402.0 
-20088.0 -19402.0 
-19203.0 -20293.0 
-19203.0 -20293.0 
-19427.0 -20227.0 
-19374.0 -20242.0 
-19638.0 -20077.0 
-20059.0 -19526.0 
-19545.0 -20161.0 
-19263.0 -20291.0 
-19400.0 -20232.0 
-19593.0 -20085.0 
-19340.0 -20270.0 
-20064.0 -19469.0 
-19843.0 -19835.0 
-20030.0 -19567.0 
-19987.0 -19596.0 
-19563.0 -20131.0 
-19821.0 -19848.0 
-19473.0 -20195.0 
-19497.0 -20188.0 
-19806.0 -19883.0 
-19473.0 -20195.0 
-19710.0 -19992.0 
-19304.0 -20281.0 
-19647.0 -20026.0 
-19497.0 -20188.0 
-19985.0 -19628.0 
-19948.0 -19687.0 
-19675.0 -19997.0 
-19590.0 -20105.0 
-20070.0 -19460.0 
-19304.0 -20281.0 
-20059.0 -19526.0 
-19340.0 -20270.0 
-19545.0 -20161.0 
-19955.0 -19685.0 
-19563.0 -20131.0 
-19883.0 -19751.0 
-20073.0 -19431.0 
-19263.0 -20291.0 
-20030.0 -19567.0 
-19743.0 -19960.0 
-19746.0 -19931.0 
-20009.0 -19594.0 
-19848.0 -19797.0 
-19966.0 -19630.0 
-19965.0 -19647.0 
-19648.0 -20016.0 
-19669.0 -20011.0 
-19787.0 -19890.0 
-19927.0 -19707.0 
-19851.0 -19778.0 
-19714.0 -19974.0 
-20073.0 -19431.0 
-20012.0 -19581.0 
-19785.0 -19906.0 
-19590.0 -20105.0 
-19821.0 -19848.0 
-19759.0 -19926.0 
-19965.0 -19647.0 
-19912.0 -19710.0 
-19759.0 -19926.0 
-19779.0 -19911.0 
-19927.0 -19707.0 
-19729.0 -19964.0 
-19870.0 -19773.0 
-19806.0 -19883.0 
-19850.0 -19786.0 
-19779.0 -19911.0 
-19873.0 -19769.0 
-19898.0 -19733.0 
-19729.0 -19964.0 
-19647.0 -20026.0 
-19906.0 -19721.0 
-19906.0 -19721.0 
-19843.0 -19835.0 
-19638.0 -20077.0 
-19898.0 -19733.0 
-19890.0 -19742.0 
-20012.0 -19581.0 
-19890.0 -19742.0 
-19848.0 -19797.0 
-19873.0 -19769.0 
-20064.0 -19469.0 
-19714.0 -19974.0 
-19955.0 -19685.0 
-19675.0 -19997.0 
-19669.0 -20011.0 
-19593.0 -20085.0 
-19912.0 -19710.0 
-19710.0 -19992.0 
-19787.0 -19890.0 
-19870.0 -19773.0 
-19746.0 -19931.0 
-19743.0 -19960.0 
-19985.0 -19628.0 
-19497.0 -20188.0 
-20064.0 -19469.0 
-20088.0 -19402.0 
