-20088.0 -19321.0 
-18862.0 -20459.0 
-18862.0 -20459.0 
-20088.0 -19321.0 
-20064.0 -19387.0 
-18939.0 -20425.0 
-19009.0 -20419.0 
-18937.0 -20439.0 
-19933.0 -19654.0 
-19284.0 -20299.0 
-19943.0 -19599.0 
-19177.0 -20343.0 
-19709.0 -19954.0 
-19963.0 -19595.0 
-19804.0 -19812.0 
-19375.0 -20242.0 
-19462.0 -20146.0 
-19837.0 -19795.0 
-19658.0 -20009.0 
-19218.0 -20340.0 
-19620.0 -20025.0 
-19881.0 -19717.0 
-19997.0 -19518.0 
-19329.0 -20255.0 
-20064.0 -19387.0 
-19521.0 -20138.0 
-19096.0 -20388.0 
-19976.0 -19545.0 
-19659.0 -19971.0 
-19801.0 -19831.0 
-19444.0 -20163.0 
-19162.0 -20359.0 
-19746.0 -19903.0 
-19644.0 -20018.0 
-19306.0 -20270.0 
-19119.0 -20372.0 
-19727.0 -19906.0 
-20011.0 -19464.0 
-19679.0 -19961.0 
-19568.0 -20095.0 
-19221.0 -20323.0 
-19571.0 -20063.0 
-19041.0 -20404.0 
-19856.0 -19734.0 
-20041.0 -19422.0 
-19980.0 -19521.0 
-19255.0 -20304.0 
-20002.0 -19483.0 
-19123.0 -20363.0 
-19904.0 -19678.0 
-20012.0 -19437.0 
-19022.0 -20416.0 
-20028.0 -19435.0 
-19901.0 -19696.0 
-19540.0 -20130.0 
-19886.0 -19702.0 
-19550.0 -20125.0 
-19716.0 -19925.0 
-19080.0 -20391.0 
-19600.0 -20055.0 
-19788.0 -19850.0 
-19395.0 -20201.0 
-19409.0 -20196.0 
-19255.0 -20304.0 
-19976.0 -19545.0 
-19851.0 -19761.0 
-19306.0 -20270.0 
-19851.0 -19761.0 
-19579.0 -20057.0 
-19414.0 -20182.0 
-19767.0 -19869.0 
-19329.0 -20255.0 
-20041.0 -19422.0 
-19933.0 -19654.0 
-19568.0 -20095.0 
-19392.0 -20218.0 
-19492.0 -20141.0 
-19853.0 -19739.0 
-19788.0 -19850.0 
-19492.0 -20141.0 
-19429.0 -20168.0 
-19041.0 -20404.0 
-19837.0 -19795.0 
-19375.0 -20242.0 
-19673.0 -19970.0 
-19427.0 -20178.0 
-19080.0 -20391.0 
-19759.0 -19884.0 
-19392.0 -20218.0 
-19904.0 -19678.0 
-19767.0 -19869.0 
-19759.0 -19884.0 
-19716.0 -19925.0 
-19607.0 -20044.0 
-19607.0 -20044.0 
-19956.0 -19596.0 
-18937.0 -20439.0 
-19221.0 -20323.0 
-19550.0 -20125.0 
-20006.0 -19481.0 
