-18455.0 -19360.0 
-19256.0 -18559.0 
-19256.0 -18559.0 
-18455.0 -19360.0 
-19178.0 -18733.0 
-18984.0 -19015.0 
-19115.0 -18779.0 
-19077.0 -18844.0 
-19111.0 -18820.0 
-18778.0 -19185.0 
-19155.0 -18764.0 
-19196.0 -18670.0 
-19247.0 -18565.0 
-19236.0 -18603.0 
-18990.0 -18971.0 
-19069.0 -18886.0 
-18667.0 -19254.0 
-18951.0 -19017.0 
-19196.0 -18670.0 
-19055.0 -18906.0 
-18494.0 -19343.0 
-18659.0 -19277.0 
-19016.0 -18952.0 
-19197.0 -18639.0 
-18568.0 -19305.0 
-18537.0 -19332.0 
-19155.0 -18764.0 
-18549.0 -19321.0 
-19212.0 -18615.0 
-18756.0 -19208.0 
-19028.0 -18917.0 
-18741.0 -19212.0 
-18724.0 -19234.0 
-18913.0 -19055.0 
-18839.0 -19129.0 
-18946.0 -19027.0 
-18696.0 -19248.0 
-18494.0 -19343.0 
-18510.0 -19338.0 
-19077.0 -18844.0 
-19002.0 -18965.0 
-18896.0 -19087.0 
-18931.0 -19051.0 
-18821.0 -19135.0 
-18632.0 -19286.0 
-18610.0 -19299.0 
-19022.0 -18928.0 
-18933.0 -19033.0 
-19111.0 -18820.0 
-19069.0 -18886.0 
-18632.0 -19286.0 
-18592.0 -19303.0 
-18849.0 -19122.0 
-19006.0 -18955.0 
-18795.0 -19160.0 
-18756.0 -19208.0 
-18610.0 -19299.0 
-18724.0 -19234.0 
-18878.0 -19093.0 
-19055.0 -18906.0 
-18791.0 -19172.0 
-18908.0 -19064.0 
-19236.0 -18603.0 
-18541.0 -19330.0 
-18510.0 -19338.0 
-18709.0 -19243.0 
-18741.0 -19212.0 
-18820.0 -19141.0 
-18562.0 -19313.0 
-18650.0 -19280.0 
-18592.0 -19303.0 
-18709.0 -19243.0 
-18932.0 -19043.0 
-18907.0 -19073.0 
-18696.0 -19248.0 
-19115.0 -18779.0 
-19212.0 -18615.0 
-19201.0 -18634.0 
-18813.0 -19148.0 
-19205.0 -18629.0 
-18791.0 -19172.0 
-18896.0 -19087.0 
-18844.0 -19123.0 
-19028.0 -18917.0 
-18862.0 -19107.0 
-18867.0 -19101.0 
-18878.0 -19093.0 
-19022.0 -18928.0 
-18650.0 -19280.0 
-18907.0 -19073.0 
-18813.0 -19148.0 
-18802.0 -19156.0 
-18859.0 -19110.0 
-18802.0 -19156.0 
-18562.0 -19313.0 
-18667.0 -19254.0 
-18859.0 -19110.0 
-18867.0 -19101.0 
-19205.0 -18629.0 
-18990.0 -18971.0 
