-19177.0 -18455.0 
-19177.0 -18455.0 
-18361.0 -19449.0 
-18936.0 -18991.0 
-19071.0 -18803.0 
-18888.0 -19045.0 
-18889.0 -18992.0 
-19014.0 -18892.0 
-18482.0 -19369.0 
-18455.0 -19402.0 
-18747.0 -19164.0 
-18839.0 -19047.0 
-19137.0 -18646.0 
-18530.0 -19366.0 
-18962.0 -18926.0 
-19173.0 -18520.0 
-19154.0 -18574.0 
-19117.0 -18717.0 
-18596.0 -19317.0 
-19154.0 -18574.0 
-19018.0 -18831.0 
-18975.0 -18904.0 
-19160.0 -18521.0 
-18675.0 -19255.0 
-18409.0 -19403.0 
-18558.0 -19325.0 
-19077.0 -18745.0 
-18775.0 -19151.0 
-18652.0 -19275.0 
-18631.0 -19289.0 
-18787.0 -19102.0 
-19032.0 -18815.0 
-18962.0 -18926.0 
-18631.0 -19289.0 
-18691.0 -19233.0 
-18366.0 -19421.0 
-18405.0 -19414.0 
-19082.0 -18736.0 
-18596.0 -19317.0 
-18655.0 -19257.0 
-18539.0 -19343.0 
-18702.0 -19200.0 
-18376.0 -19415.0 
-18838.0 -19070.0 
-19119.0 -18684.0 
-19137.0 -18646.0 
-18815.0 -19100.0 
-18823.0 -19097.0 
-18467.0 -19384.0 
-18691.0 -19233.0 
-18786.0 -19123.0 
-18727.0 -19181.0 
-19027.0 -18822.0 
-18712.0 -19193.0 
-18558.0 -19325.0 
-18467.0 -19384.0 
-18786.0 -19123.0 
-18539.0 -19343.0 
-18838.0 -19070.0 
-18713.0 -19182.0 
-18975.0 -18904.0 
-18775.0 -19151.0 
-18727.0 -19181.0 
-19082.0 -18736.0 
-19129.0 -18663.0 
-19129.0 -18663.0 
-19117.0 -18717.0 
-18823.0 -19097.0 
-18702.0 -19200.0 
-19124.0 -18677.0 
-19032.0 -18815.0 
-19014.0 -18892.0 
-19077.0 -18745.0 
-18530.0 -19366.0 
-19018.0 -18831.0 
-18376.0 -19415.0 
-19124.0 -18677.0 
-18815.0 -19100.0 
-19119.0 -18684.0 
-19160.0 -18521.0 
-19173.0 -18520.0 
-18409.0 -19403.0 
-18787.0 -19102.0 
-18889.0 -18992.0 
-18713.0 -19182.0 
-19154.0 -18574.0 
-18962.0 -18926.0 
-18596.0 -19317.0 
-18691.0 -19233.0 
-18558.0 -19325.0 
-18467.0 -19384.0 
-18539.0 -19343.0 
-18975.0 -18904.0 
-18775.0 -19151.0 
-19077.0 -18745.0 
-18530.0 -19366.0 
-19018.0 -18831.0 
-18409.0 -19403.0 
-18530.0 -19366.0 
-18775.0 -19151.0 
