9.236834858665535 7.97103533435093 
4.381062834992712 14.560051512450963 
8.77576294344486 7.279820998467581 
6.849716515684881 7.587549264631412 
9.367226772828026 6.100410013199187 
9.5050746474042 5.991797282388405 
7.919069611943855 9.436180301579645 
2.7290773298780393 11.713473761579186 
6.246417434890832 10.55350780450271 
8.876640839216407 10.259116003919496 
7.049937579735225 9.707171355450562 
13.864557947090862 4.062947543803925 
2.7236414479435602 10.427346031656107 
11.997760187092002 3.23023013781444 
7.234838416723719 9.826521699084374 
8.249713949894785 8.805491359228416 
12.141819745160147 5.366290928233285 
5.627376542812903 7.831606385398141 
10.025950316735543 5.689163587797543 
6.966305223266096 10.608091827089183 
4.38770187504984 12.856110217300916 
12.593436179361715 6.213885336538317 
11.266104464714243 0.4974396101466317 
11.475014153942874 4.63804081624467 
9.409906665911421 4.506096873278986 
8.09969991580425 6.29613376246345 
10.048226158537174 5.5546281694289545 
4.638219971848403 10.269984606274173 
7.69432691718086 11.355420294419273 
11.525833816968952 3.225107016712815 
5.328491559919883 8.978346004921665 
9.042710375002972 8.975563397777563 
2.2947045604839977 12.162539087485113 
11.423971072559093 3.522761781648377 
7.190751303192019 10.241593574149993 
8.684249743978214 6.5257134275498 
9.399593937367404 5.784377350585845 
0.8873533572009659 11.20053387642901 
6.811496044420844 8.452172157053079 
6.6785712868733285 10.149243886965099 
11.398317820843506 4.408719228839005 
11.328537725822649 3.996347318249143 
14.10959894915279 2.9224389932958927 
9.552341126984768 0.15903493277337621 
3.590511322538068 12.419466995770609 
8.360498657017288 11.553540135686767 
3.388765993386512 11.612176515973234 
10.18917387614671 7.699761658595721 
4.827835850216533 13.55395055230705 
2.3122332950967746 12.522968465094573 
6.2010214224116424 11.100911884011309 
3.7204842980877175 13.697039869979047 
2.855923111594845 12.266359049816415 
5.516151802926316 11.596547028509338 
7.806720096235991 11.76208374681499 
9.56583786441482 7.329249794931899 
9.446155892392271 3.03820657168938 
11.244353755613687 3.0556589935365164 
3.2483361829551116 10.00058379912251 
4.929457043826131 9.657836910472069 
11.861627082404025 1.832396742823547 
10.67650080644604 3.697079994549681 
8.038817958392459 11.354564199020409 
3.001074610140248 12.016394425414878 
10.645107825289472 7.904616437051884 
12.641475024141085 1.381813668348096 
8.839850070330176 8.290856679444635 
12.499184174815616 5.015792759531398 
10.151231033405217 8.585301989322058 
12.951575188073969 5.476093908110252 
8.052632591250212 9.333146274486797 
11.157307909077046 1.5990320956589616 
5.2198083133688735 8.77192050493317 
3.838948596089886 10.18913831519226 
9.311039437358062 7.729559412512197 
11.709639859984517 3.310727106733463 
0.3543573147984893 12.24278927247598 
2.7024542685819193 12.105221427411287 
14.589141594665143 3.0559596669784206 
10.99653867700368 7.72512226956836 
2.336295936892605 12.556022317539233 
10.007729847376948 3.2340525753793563 
5.06610702599433 9.240279026219305 
10.670568777276603 0.03380254111035882 
10.578772607772246 7.145206150391796 
3.1547436515503255 11.938765395909304 
0.487946091669831 10.995058160355203 
8.670090320858172 5.115601109361953 
5.767021709881349 9.832065362418609 
8.277492778207073 7.72276026583681 
6.535480610094648 9.329427372580513 
10.493083219390922 3.0481382001297344 
12.893652295670268 5.9721872069538655 
13.69102264893886 0.3829640549900401 
5.917902186181829 9.037874390567897 
10.091130131339657 0.1310793168471233 
6.9285852981318605 7.154528973606938 
1.6935547652031586 14.780016549212121 
9.75752640496821 7.070361108986884 
6.117323911613432 11.875108788412746 
