21.0885486321407	4.174929832971431E-11
4.3694953939001044E-10	21.084752687451456
20.82265546768034	3.0357896724602678
7.9253022988106245	19.521339929807564
20.95723136397182	2.322068399113881
14.14130925264822	15.732414403831243
8.625129829803228	19.234714674591405
18.397439688908026	10.213015522310565
2.427436591954495	20.911841137070205
13.151953664544035	16.442834817627396
3.9084168498968115	20.701580379423635
14.514572964223527	15.39335583415867
12.214459913091076	17.16782293891933
20.668206485296302	4.009410665777041
3.2439576360121865	20.824200047649867
20.724072972710065	3.6855050263608953
20.05143887724685	6.422537303975091
4.243618155699191	20.613552349801086
10.948142392888691	17.977191070552745
12.647767894827593	16.90009204523874
0.6809180871953866	21.02605723460515
15.220357272193606	14.570411639962098
6.685224043644556	19.97468410276992
1.5795884935957003	20.985258918067093
13.60496537329402	16.203571055819243
19.559720578498595	7.790185668393186
17.448288827743934	11.877848800123694
18.164582144204104	10.757612886283436
13.70885118642295	15.96910435549545
20.596702709607186	4.708516026141504
16.84292959976572	12.793733134074621
16.45867592447459	13.254460861621165
21.054195991569898	0.6548087785005877
12.861712011999517	16.744355544119767
7.2082634322721155	19.91599434498374
20.16579785981935	6.060176004823248
4.782008952074033	20.49488763860204
1.4792614124305727	20.997137530352965
11.787846903812058	17.55411613615672
20.965782891614385	1.779744509830797
19.893456353177356	6.904123701896454
20.26255677406701	5.678042909429399
17.12315583680728	12.300465444170008
20.99404078204092	1.442800163674346
5.301278527694686	20.41590746788359
14.681926649587675	15.116298451747443
21.01389185343587	0.939917186043138
16.612460766514282	12.913663124602403
18.84919795993351	9.424399924741447
17.874935756813077	11.114978669943001
11.985643946962837	17.388951781635896
8.861775384817896	19.08584925877572
9.142288401715573	18.956132681454065
19.464376900531512	8.290792364070773
9.879710482095557	18.597501596866238
17.09083870971789	12.410912547638304
18.65934085215237	9.943292350307548
16.00583941260148	13.91393871428206
0.4495650534443552	21.027489586108036
6.334026032113794	20.07912972406915
7.5183031293138125	19.658700268279432
15.500181756477472	14.275763602092605
20.482611911935937	4.810917085940675
9.577133903859227	18.74794360639555
15.783622727611329	13.978930498960256
18.673057395942056	9.723531498919195
5.715320893686852	20.28305195685027
11.326448350455882	17.757824418914918
19.686136361771613	7.48908866262836
21.05978064553783	0.021579306717361864
10.648917482150006	18.15480146809967
10.599265134754095	18.314040226518003
10.216445723848587	18.404429473901725
14.972734504757929	14.801341258839198
20.39673796302496	5.231758409943305
6.186272012531994	20.21366846978919
11.398073368053296	17.72836983905934
19.18940754593741	8.672211213874226
19.382094498464728	8.398084819109627
17.7437912814994	11.385744502520721
18.09762550644909	10.923725678824217
9.396379821493781	18.831346590723186
16.202025482004856	13.47108114545764
16.14952489996805	13.584710747029352
14.949045093701931	14.973054386232851
5.055001311429438	20.47868664444913
20.36392945402862	5.365220278150579
15.573952231552308	14.194081030232585
7.464665524699748	19.796837942854395
18.95149061208755	9.157831810192498
2.7738073933174068	20.879299208851126
5.8336601843695455	20.247463779832383
17.522703024305184	11.684402888154851
19.788606452239694	7.325409175131672
19.123467098057382	8.796366242980202
19.056895429019026	9.075627065055157
10.194613588356175	18.586168475807746
19.855591425604516	7.120401037498146
2.9412020351268797	20.872886412255145
17.679399472098698	11.57052571290453
