-18463.0 -19604.0 
-19334.0 -18640.0 
-19334.0 -18640.0 
-19293.0 -18807.0 
-19295.0 -18712.0 
-18551.0 -19582.0 
-19108.0 -19121.0 
-19201.0 -18986.0 
-18576.0 -19573.0 
-18950.0 -19333.0 
-18841.0 -19434.0 
-18605.0 -19570.0 
-18605.0 -19570.0 
-18654.0 -19539.0 
-19083.0 -19156.0 
-18877.0 -19385.0 
-19221.0 -18926.0 
-19083.0 -19156.0 
-18983.0 -19294.0 
-19319.0 -18654.0 
-18913.0 -19334.0 
-18851.0 -19392.0 
-18551.0 -19582.0 
-19315.0 -18689.0 
-18889.0 -19359.0 
-18654.0 -19539.0 
-18752.0 -19473.0 
-19214.0 -18948.0 
-18694.0 -19535.0 
-19277.0 -18815.0 
-19267.0 -18842.0 
-18812.0 -19444.0 
-19065.0 -19182.0 
-19259.0 -18879.0 
-19168.0 -19014.0 
-18908.0 -19354.0 
-19049.0 -19189.0 
-19201.0 -18986.0 
-19148.0 -19054.0 
-19012.0 -19239.0 
-18843.0 -19413.0 
-18703.0 -19529.0 
-19240.0 -18913.0 
-18986.0 -19269.0 
-19214.0 -18948.0 
-19123.0 -19089.0 
-19162.0 -19021.0 
-19115.0 -19095.0 
-19168.0 -19014.0 
-18951.0 -19309.0 
-19253.0 -18899.0 
-18812.0 -19444.0 
-19236.0 -18918.0 
-18997.0 -19252.0 
-19023.0 -19224.0 
-18745.0 -19495.0 
-18790.0 -19456.0 
-18743.0 -19496.0 
-18668.0 -19536.0 
-19125.0 -19070.0 
-18790.0 -19456.0 
-19159.0 -19039.0 
-18849.0 -19404.0 
-19259.0 -18879.0 
-19037.0 -19214.0 
-19136.0 -19055.0 
-19015.0 -19233.0 
-18724.0 -19504.0 
-19065.0 -19182.0 
-18709.0 -19513.0 
-18955.0 -19304.0 
-18710.0 -19510.0 
-18909.0 -19338.0 
-19034.0 -19221.0 
-18997.0 -19252.0 
-18773.0 -19464.0 
-18966.0 -19299.0 
-19274.0 -18831.0 
-18724.0 -19504.0 
-19302.0 -18704.0 
-19302.0 -18704.0 
-19253.0 -18899.0 
-18986.0 -19269.0 
-18877.0 -19385.0 
-19037.0 -19214.0 
-19049.0 -19189.0 
-19267.0 -18842.0 
-19315.0 -18689.0 
-18764.0 -19470.0 
-19319.0 -18654.0 
-19159.0 -19039.0 
-18889.0 -19359.0 
-18773.0 -19464.0 
-19125.0 -19070.0 
-18966.0 -19299.0 
-18668.0 -19536.0 
-19274.0 -18831.0 
-19115.0 -19095.0 
-19136.0 -19055.0 
-18764.0 -19470.0 
