-19551.0 -18021.0 
-19551.0 -18021.0 
-18594.0 -19284.0 
-18594.0 -19284.0 
-18616.0 -19230.0 
-18733.0 -19227.0 
-19518.0 -18205.0 
-19465.0 -18375.0 
-19541.0 -18115.0 
-19349.0 -18602.0 
-19101.0 -18923.0 
-19495.0 -18312.0 
-19518.0 -18205.0 
-19465.0 -18375.0 
-18606.0 -19247.0 
-19541.0 -18115.0 
-19443.0 -18419.0 
-18953.0 -19050.0 
-19414.0 -18436.0 
-19384.0 -18527.0 
-18916.0 -19094.0 
-19141.0 -18871.0 
-19495.0 -18312.0 
-18877.0 -19120.0 
-18838.0 -19145.0 
-19502.0 -18263.0 
-19167.0 -18842.0 
-19502.0 -18263.0 
-18754.0 -19211.0 
-19146.0 -18848.0 
-18926.0 -19073.0 
-18980.0 -19040.0 
-19106.0 -18880.0 
-18941.0 -19067.0 
-19542.0 -18063.0 
-18754.0 -19211.0 
-19394.0 -18476.0 
-19215.0 -18753.0 
-19073.0 -18926.0 
-19113.0 -18879.0 
-18902.0 -19116.0 
-19544.0 -18062.0 
-19019.0 -18992.0 
-19316.0 -18621.0 
-19363.0 -18555.0 
-19413.0 -18456.0 
-18820.0 -19154.0 
-19187.0 -18814.0 
-19000.0 -19021.0 
-19019.0 -18992.0 
-19275.0 -18681.0 
-19443.0 -18419.0 
-19060.0 -18950.0 
-18984.0 -19031.0 
-19398.0 -18466.0 
-19245.0 -18700.0 
-19367.0 -18543.0 
-18793.0 -19165.0 
-18785.0 -19175.0 
-19283.0 -18660.0 
-19209.0 -18779.0 
-18785.0 -19175.0 
-18860.0 -19132.0 
-19232.0 -18739.0 
-19175.0 -18819.0 
-19349.0 -18602.0 
-19209.0 -18779.0 
-19294.0 -18639.0 
-18860.0 -19132.0 
-19000.0 -19021.0 
-19187.0 -18814.0 
-19214.0 -18771.0 
-19316.0 -18621.0 
-19037.0 -18968.0 
-18821.0 -19151.0 
-19037.0 -18968.0 
-19279.0 -18662.0 
-18733.0 -19227.0 
-19363.0 -18555.0 
-19044.0 -18960.0 
-19237.0 -18721.0 
-19237.0 -18721.0 
-19069.0 -18936.0 
-19061.0 -18937.0 
-19262.0 -18688.0 
-19294.0 -18639.0 
-19305.0 -18630.0 
-19305.0 -18630.0 
-19394.0 -18476.0 
-18902.0 -19116.0 
-19232.0 -18739.0 
-18789.0 -19173.0 
-19262.0 -18688.0 
-19378.0 -18531.0 
-19044.0 -18960.0 
-19378.0 -18531.0 
-19252.0 -18696.0 
-19252.0 -18696.0 
-18793.0 -19165.0 
-19175.0 -18819.0 
