-19506.0 -18109.0 
-18702.0 -19113.0 
-18702.0 -19113.0 
-19219.0 -18738.0 
-19105.0 -18863.0 
-19475.0 -18175.0 
-18766.0 -19088.0 
-19182.0 -18767.0 
-18910.0 -19020.0 
-19230.0 -18695.0 
-19457.0 -18246.0 
-19134.0 -18843.0 
-18822.0 -19056.0 
-19411.0 -18329.0 
-18775.0 -19058.0 
-19071.0 -18884.0 
-18865.0 -19024.0 
-19451.0 -18272.0 
-19004.0 -18950.0 
-18913.0 -18988.0 
-19018.0 -18906.0 
-19413.0 -18302.0 
-19142.0 -18791.0 
-19336.0 -18504.0 
-19045.0 -18905.0 
-19140.0 -18837.0 
-19071.0 -18884.0 
-19302.0 -18597.0 
-19446.0 -18293.0 
-19402.0 -18378.0 
-19302.0 -18597.0 
-18934.0 -18973.0 
-19367.0 -18458.0 
-19410.0 -18363.0 
-18959.0 -18968.0 
-19279.0 -18636.0 
-19465.0 -18200.0 
-19308.0 -18573.0 
-18773.0 -19059.0 
-18981.0 -18956.0 
-19385.0 -18414.0 
-19322.0 -18564.0 
-19011.0 -18920.0 
-19276.0 -18644.0 
-19462.0 -18213.0 
-19325.0 -18542.0 
-19279.0 -18636.0 
-19358.0 -18495.0 
-19364.0 -18486.0 
-19166.0 -18780.0 
-18844.0 -19043.0 
-18766.0 -19088.0 
-19148.0 -18781.0 
-18981.0 -18956.0 
-19045.0 -18905.0 
-19333.0 -18541.0 
-18959.0 -18968.0 
-18934.0 -18973.0 
-19376.0 -18455.0 
-19246.0 -18686.0 
-19263.0 -18664.0 
-18844.0 -19043.0 
-19432.0 -18298.0 
-19396.0 -18395.0 
-18864.0 -19026.0 
-18830.0 -19047.0 
-19381.0 -18437.0 
-19471.0 -18182.0 
-19011.0 -18920.0 
-19432.0 -18298.0 
-19166.0 -18780.0 
-19335.0 -18522.0 
-19335.0 -18522.0 
-19462.0 -18213.0 
-18913.0 -18988.0 
-19396.0 -18395.0 
-19266.0 -18658.0 
-18864.0 -19026.0 
-19388.0 -18406.0 
-19266.0 -18658.0 
-19246.0 -18686.0 
-19143.0 -18785.0 
-19358.0 -18495.0 
-19308.0 -18573.0 
-19410.0 -18363.0 
-19379.0 -18442.0 
-19254.0 -18672.0 
-19388.0 -18406.0 
-19004.0 -18950.0 
-19471.0 -18182.0 
-18830.0 -19047.0 
-19322.0 -18564.0 
-19364.0 -18486.0 
-19253.0 -18676.0 
-18822.0 -19056.0 
-19253.0 -18676.0 
-19381.0 -18437.0 
-19254.0 -18672.0 
-19379.0 -18442.0 
-19140.0 -18837.0 
