-15863.0 -16852.0 
-16625.0 -16100.0 
-15863.0 -16852.0 
-16625.0 -16100.0 
-16336.0 -16451.0 
-15946.0 -16764.0 
-15915.0 -16803.0 
-16017.0 -16704.0 
-16055.0 -16693.0 
-15885.0 -16804.0 
-16006.0 -16731.0 
-16501.0 -16239.0 
-16066.0 -16671.0 
-16556.0 -16186.0 
-16139.0 -16627.0 
-15976.0 -16760.0 
-16569.0 -16180.0 
-16421.0 -16361.0 
-16118.0 -16636.0 
-16095.0 -16664.0 
-15992.0 -16735.0 
-16399.0 -16363.0 
-16304.0 -16452.0 
-16211.0 -16541.0 
-15983.0 -16752.0 
-15876.0 -16821.0 
-16598.0 -16120.0 
-16396.0 -16390.0 
-16496.0 -16255.0 
-16139.0 -16627.0 
-16598.0 -16120.0 
-16537.0 -16223.0 
-16578.0 -16145.0 
-16553.0 -16214.0 
-16265.0 -16505.0 
-16168.0 -16598.0 
-16244.0 -16527.0 
-15946.0 -16764.0 
-16168.0 -16598.0 
-16579.0 -16130.0 
-16374.0 -16397.0 
-16361.0 -16427.0 
-16293.0 -16479.0 
-16448.0 -16325.0 
-16490.0 -16266.0 
-15915.0 -16803.0 
-16186.0 -16589.0 
-16200.0 -16571.0 
-15876.0 -16821.0 
-16301.0 -16462.0 
-16277.0 -16483.0 
-16361.0 -16427.0 
-16458.0 -16303.0 
-16203.0 -16554.0 
-16173.0 -16591.0 
-16424.0 -16341.0 
-16269.0 -16493.0 
-16231.0 -16533.0 
-16545.0 -16222.0 
-16478.0 -16269.0 
-16537.0 -16223.0 
-16578.0 -16145.0 
-16463.0 -16291.0 
-16426.0 -16340.0 
-16458.0 -16303.0 
-16055.0 -16693.0 
-16017.0 -16704.0 
-16111.0 -16645.0 
-16200.0 -16571.0 
-16107.0 -16647.0 
-16501.0 -16239.0 
-16463.0 -16291.0 
-16206.0 -16550.0 
-16231.0 -16533.0 
-16474.0 -16275.0 
-16397.0 -16381.0 
-16095.0 -16664.0 
-16438.0 -16332.0 
-16372.0 -16400.0 
-16274.0 -16488.0 
-16438.0 -16332.0 
-16066.0 -16671.0 
-16448.0 -16325.0 
-16474.0 -16275.0 
-16254.0 -16514.0 
-16186.0 -16589.0 
-16369.0 -16410.0 
-16569.0 -16180.0 
-16364.0 -16418.0 
-16107.0 -16647.0 
-16303.0 -16461.0 
-16252.0 -16519.0 
-16293.0 -16479.0 
-16579.0 -16130.0 
-16397.0 -16381.0 
-16254.0 -16514.0 
-16553.0 -16214.0 
-16369.0 -16410.0 
-16364.0 -16418.0 
-16252.0 -16519.0 
