0.9998668515977392 0.600034830916538 0.5999903999595683 0.6003497197944986 0.600892773321245 0.6021751520036707 0.6048168252586633 0.6100545191792625 0.621201191124004 0.6469289778250799 
0.0 0.6000328940151171 0.5999903158016021 0.6003498157352967 0.6008775637055574 0.6021634938752691 0.6047692241711334 0.6100540864969051 0.6212013745782197 0.6469278861986071 
0.0 0.6000328940151171 0.5999903158016021 0.6003498157352967 0.6008775637055574 0.6021634938752691 0.6047692241711334 0.6100540864969051 0.6212013745782197 0.6469278861986071 
0.4608946141248293 0.6000347897177118 0.5999909691458631 0.6003651811889146 0.6010596738613062 0.602165079764451 0.6048185393200819 0.610062406698945 0.6212120398406 0.6469305858408282 
0.7796684187196375 0.6000341829490298 0.5999908853938014 0.6003500574982114 0.6008867211731493 0.6021672775193357 0.6048161394486643 0.6100615296166929 0.6212116661346503 0.6469304785818841 
0.6710892602521488 0.6000291657552799 0.5999910474965404 0.6003648797794026 0.6010702599522179 0.6021672056299044 0.6048151298746142 0.6100620160844682 0.6212009944016619 0.646930585153377 
0.10165830660071801 0.6000344662482548 0.5999910694153529 0.60033973081251 0.6009118153495064 0.6021735708413775 0.6048164949520614 0.6100542002272541 0.6212029684713142 0.6469259214174093 
0.06760813534816722 0.6000351878004476 0.599990561587233 0.6003500674106826 0.6010606093768781 0.6021650152544471 0.6047731888975749 0.6100519469458906 0.6212104918900908 0.6469269864856864 
0.914948310293646 0.6000311194822505 0.5999910541871377 0.600348206984939 0.6010584957664582 0.602164396276588 0.6047675837338865 0.6100535201785403 0.6212007759446901 0.6469291570159297 
0.16475862671423697 0.600031195303946 0.5999903135187026 0.6003487322202129 0.6008800564229868 0.6021635200557663 0.6047699738702174 0.6100534269475438 0.6212007711434048 0.6469285941335814 
0.4069773231501218 0.6000305693324397 0.59999088458728 0.6003500410148356 0.6010684716211235 0.6021664368277981 0.6048181865278567 0.6100541632165828 0.6212116948552805 0.6469305072457701 
0.7671703666853573 0.600029355352436 0.5999903763584885 0.6003648797794026 0.6010616168040341 0.6021673341324095 0.6047693215446293 0.6099784966914379 0.6212007123207484 0.6469272691002615 
0.8123409551072014 0.6000340575867084 0.59999088458728 0.6003500652406261 0.6010621563770367 0.6021672775193357 0.6048161394486643 0.6100618274408574 0.6212114332760781 0.6469305224772137 
0.44174847717565147 0.6000312000201226 0.5999908308834013 0.6003500776344971 0.6010622616092763 0.6021696224976144 0.6048133454925697 0.6100534418012131 0.6212106673975509 0.6469286019225079 
0.9062347019286106 0.6000305828406953 0.5999908446968331 0.6003580290203974 0.6010667964730094 0.6021650033558962 0.6047774374927727 0.6100534953222513 0.6212120083665285 0.6469290054067307 
0.7938550515104756 0.6000226631301452 0.5999907822131069 0.6003496095701809 0.6010506487797975 0.6021673001726109 0.6047625521949236 0.6100520279065034 0.6212008551871716 0.6469279881052401 
0.20059509546830073 0.6000231625270187 0.5999905529528433 0.6003479425086493 0.6010640610502014 0.6021646015693457 0.6047731972650555 0.6100519469458906 0.6212010444908718 0.646926980427579 
0.9859115216105085 0.6000349669660285 0.5999908708641453 0.6003648928161547 0.6010594144994026 0.6021673645452512 0.6048169838966383 0.6100542650532453 0.6212007760878745 0.6469305121015548 
0.6604348186132174 0.6000347770517672 0.5999902211626752 0.6003579968991968 0.6008926782006531 0.6021625830203813 0.6048159111757595 0.6100522689164449 0.62120078124214 0.6469301551301426 
0.8352501290736065 0.6000286125708101 0.5999905195220798 0.6003494543799041 0.6008920093031276 0.6021355901556743 0.6047685946746997 0.6100521614091646 0.6212002693959078 0.6469293203901473 
0.9283439490587169 0.6000301406388111 0.5999910541871377 0.600348206984939 0.6010584957664582 0.602164396276588 0.6047675662743519 0.6100497148442954 0.6212004621959865 0.6469291570159297 
0.8760543017364067 0.6000291599134315 0.5999902907526065 0.6003656014827775 0.6008760719851325 0.6021644731902808 0.6048157015478091 0.6100523839380683 0.6212005141864417 0.6469291570782469 
0.6880501390642745 0.6000221161511736 0.5999904172194617 0.6003482817765099 0.6008892534163232 0.6021657644613442 0.6047693269493339 0.610058014705393 0.6212013872294808 0.6469270435176654 
0.8006550582589853 0.6000344662482548 0.5999910694153529 0.60033973081251 0.6010657868094641 0.6021735708413775 0.6048164979861712 0.610061537744325 0.6212029684713142 0.6469305763145788 
0.479796280790733 0.6000340644913255 0.599990813344815 0.6003505887121001 0.6008884760357467 0.6021649324100244 0.6047717797917566 0.610054056617295 0.6212116939705649 0.6469289428358869 
0.9776456115696377 0.6000352417333719 0.5999903998452767 0.6003500556818516 0.6008922881491494 0.6021751721359029 0.6048164030423163 0.6100544886798146 0.6212015638669255 0.6469290498185816 
0.42186383159958274 0.6000291087652405 0.5999910278941666 0.6003648797794026 0.6010642365694996 0.6021629352352679 0.604768976018649 0.6100536944068434 0.6212005153060319 0.6469293688144248 
0.9392728727552491 0.6000344560556493 0.5999910350214794 0.6003497206164918 0.6010816565265924 0.6021745777154913 0.604818160157915 0.6100526826403714 0.621202443817794 0.6469291630212749 
0.22231713006262677 0.6000228485262497 0.5999910523095228 0.6003585199023805 0.60106000449162 0.6021656569613503 0.6048184984000242 0.6100540208327971 0.6212011321726622 0.6469291169943056 
0.557552868646479 0.6000233974242303 0.599990363320635 0.6003476176850004 0.6008872987102203 0.6021672196224812 0.6047718207261745 0.6100525321401015 0.6212010965180431 0.6469289329162444 
0.12179569082537528 0.6000316205358799 0.5999903620793989 0.600364495035987 0.6010596695427586 0.6021672056299044 0.6047730409321765 0.6100507003274379 0.621202954522819 0.6469272691002615 
0.3101326289136295 0.6000304904296451 0.5999903870669134 0.600350063624008 0.6008776395005707 0.6021692184051807 0.6047742395956283 0.610053444850812 0.6212106672608139 0.6469278867027147 
0.8886957338887345 0.6000310580690369 0.5999910497789263 0.6003500658257372 0.6008853437383044 0.6021676241405942 0.6048149805623227 0.6100614476584596 0.6212025352026729 0.646930705989239 
0.04622703320698901 0.6000291599134315 0.5999902948774215 0.6003655015325227 0.6008760719851325 0.6021628502939405 0.6048164836387733 0.6100616785508618 0.6212005382164136 0.6469291323472286 
0.9950896083159562 0.6000347876406817 0.5999903999595683 0.6003645179632399 0.6010427185701502 0.6021752919865472 0.6048157759887364 0.610062202124718 0.6212009946865203 0.6469289713941991 
0.5426847001514515 0.6000339816890423 0.5999903766954727 0.6003499676251011 0.6008813417464635 0.6021673332056171 0.604815647668606 0.6100522480878682 0.6212007029093438 0.646929266263629 
0.8415077894812902 0.6000314144237463 0.5999908068886298 0.6003498297645687 0.6010596430691957 0.602162770742388 0.6047758029033156 0.6099697904967313 0.6212015861648107 0.646927741582716 
0.35086246214691774 0.6000288663014611 0.5999908910393547 0.6003497252785839 0.6008790293330531 0.6021665185544366 0.6047732683167594 0.6100528333227495 0.621200314294032 0.6469271354981471 
0.2514088374736957 0.600023176273576 0.5999906130071662 0.6003500058005353 0.6010667569523857 0.6021670361194061 0.6047699753597672 0.6100527534150939 0.6212007182178771 0.6469241325068803 
0.6489190629060265 0.6000288708189184 0.599990808351639 0.6003503589252399 0.601066252134384 0.6021671305025473 0.60481721599362 0.6100615368280001 0.6212007610292297 0.6469276614960559 
0.7103831473171767 0.6000344627726817 0.5999910540269142 0.6003497294581217 0.60106000449162 0.6021745777154913 0.6048184984000242 0.6100540208327971 0.6212011321726622 0.6469291535526662 
0.43158444965565335 0.6000293309573017 0.5999908191558379 0.600350300698021 0.6010640499555289 0.6021628597890468 0.6048162589710652 0.6100539103507833 0.6212007610292297 0.6469276897524403 
0.7561159896375902 0.6000219061351202 0.5999908308834013 0.6003500832229506 0.6010622616092763 0.6021696224976144 0.6048238513440812 0.6100534352504131 0.6212106673975509 0.6469286092893213 
0.7293094058710727 0.6000232127650615 0.5999910574239828 0.6003398289444136 0.601060688933019 0.6021628597890468 0.6047737761684597 0.6100499946437687 0.6212005070909872 0.6469291269726778 
0.2588023693473597 0.6000347897177118 0.5999904210120595 0.6003499669424752 0.6010596527082 0.602165079764451 0.604817182940369 0.6100522404329493 0.6212110180178373 0.6469242841607271 
0.38943917998278677 0.6000293945029576 0.5999905348396443 0.600350465350896 0.6008713224730479 0.6021572335682732 0.604769936429294 0.6100541545156039 0.6212007064173467 0.6469242871815851 
0.2981393740300976 0.6000349453795998 0.5999904210120595 0.6003500013936468 0.6010596527082 0.6021662358197695 0.6048157551868614 0.6100522404329493 0.6212110180178373 0.6469242841607271 
0.27538471189227803 0.600034230221605 0.5999904440174493 0.6003495427158441 0.6010509365269355 0.6021675193376981 0.604816891123493 0.6100543704370315 0.6212025483655662 0.6469290148031466 
0.13828949653592115 0.6000291657552799 0.5999910248408044 0.6003648797794026 0.601064820056868 0.6021672056299044 0.6047693215446293 0.6100618713331774 0.6212005333283824 0.6469287874703483 
0.03008143424745341 0.600035048233463 0.5999909640071535 0.6003649762397787 0.6010570031050566 0.6021672061244954 0.6048145958634205 0.6100624357963693 0.621202740115216 0.6469305277318838 
0.523753760528226 0.6000314448301405 0.5999908565925796 0.6003386928300546 0.600877620909193 0.6021628184156007 0.6047678649742234 0.6100500322124889 0.6212026169174976 0.6469277473957319 
0.32490465298511695 0.6000304472370709 0.5999908201717293 0.6003497073545462 0.6010696253037884 0.6021672067031102 0.6047685182411584 0.6100521328438361 0.6212011939046103 0.6469271710470831 
0.33978896272220127 0.6000304083901212 0.5999908225176666 0.6003494162194103 0.6010675634881836 0.6021753670672098 0.6048207940203059 0.6100622258896409 0.6212015671728733 0.6469272196019106 
0.6368418345198573 0.6000348897756579 0.5999904179104465 0.6003652974536562 0.6010596527082 0.6021662358197695 0.6048157560472013 0.6100613851169552 0.6212111011547096 0.6469273125991382 
0.8592552236353201 0.6000343061185561 0.5999903841861188 0.60034953808165 0.6010507090599372 0.6021672946750194 0.6048157421632621 0.6100526201520006 0.6212110686480792 0.6469291829266582 
0.4926437167296934 0.6000350444829551 0.599990857359033 0.6003474757516369 0.6010603127023063 0.6021672922451956 0.6047762313815608 0.6100542701119552 0.6212007712009622 0.6469305139698711 
0.6918215252492028 0.6000287469024468 0.5999903926001762 0.6003482028150086 0.600889090660458 0.6021635609077183 0.6047675837338865 0.6100526710843495 0.6212007453676185 0.6469270122143175 
0.3628340202367084 0.6000304358948788 0.5999903458887378 0.6003474508664652 0.6010584887631504 0.6021672056299044 0.6048239650837115 0.6100507886107546 0.6212004580407688 0.6469272938404304 
0.012770821085020312 0.6000301477606992 0.5999910469833759 0.6003395170717917 0.601070423712224 0.6021631867980667 0.6047660941530822 0.610054219977108 0.6212012530556901 0.6469259676508118 
0.9323435454522304 0.6000288233061992 0.5999902948774215 0.6003645397414493 0.6010748409754153 0.6021644489279876 0.6048157350861322 0.6100536700127613 0.6212007712665106 0.6469292243839346 
0.8496626156428149 0.6000346560325642 0.5999909659543708 0.6003478526955363 0.6010697365556544 0.6021671135401967 0.6048237827300078 0.6100540066354069 0.621200646027423 0.6469288680179379 
0.9650640087366803 0.600028812604162 0.5999910272495552 0.6005268019222035 0.6010657275552141 0.6021672956165313 0.6047731360089743 0.6100609545508215 0.6212005442593811 0.6469308244967152 
0.6151582783213998 0.6000301889344997 0.5999903919672708 0.6003483298116569 0.6010673247058121 0.6021674711138054 0.6048171651419111 0.6100497643814856 0.621202811790094 0.6469258230349443 
0.3694328576437682 0.6000314138166131 0.5999906812113545 0.6003498311018342 0.6010651292211632 0.6021636821663794 0.604816891123493 0.6099696590162762 0.6212015618214622 0.6469288842173048 
0.6263072645751495 0.6000291652779852 0.5999902973225895 0.6003656014827775 0.6008759133781201 0.6021644868913433 0.6048157015478091 0.6100612752513443 0.6212005382164136 0.6469273381582018 
0.5317949350666232 0.6000287936839394 0.5999903914409035 0.6003483111056633 0.6010653830669335 0.6021634368503355 0.6047675355927142 0.6100522346422507 0.6212025910592933 0.646929202890132 
0.3845120244980691 0.6000232572255855 0.599778603964112 0.600348206984939 0.6010584957664582 0.6021581919940939 0.6047674180932928 0.6100542043116759 0.6212004621959865 0.6469291647841251 
0.572626475158325 0.6000300957516813 0.5999903917362265 0.6003495315782387 0.6010648788519753 0.6021673054105856 0.604816891123493 0.6100543365928793 0.6212025483655662 0.6469292526980363 
0.23316818286950505 0.6000290699649429 0.5999905404624943 0.6003487684488767 0.6010576958267362 0.6021346618919106 0.6047692747841965 0.6100615527560934 0.6212005455419208 0.6469291834985181 
0.7528841337705316 0.6000341829490298 0.5999908853938014 0.6003496124629667 0.6008867211731493 0.6021672775193357 0.6048161394486643 0.6100615296166929 0.6212114396192168 0.6469304785818841 
0.7012814219780048 0.6000344470095773 0.5999904442484937 0.6003500426440771 0.6010675803416404 0.6021674843306863 0.6048171651419111 0.6100580518363151 0.6212029768408575 0.6469270470148176 
0.6436272239991218 0.6000291108181097 0.5999910278941666 0.6003648797794026 0.6010656965647649 0.6021672056299044 0.6047699330412037 0.610061270980619 0.6212005153060319 0.6469293688144248 
0.7187048530522838 0.6000345062920294 0.599990966400193 0.6003501447102232 0.6010582460450948 0.6021643767154722 0.6047666932523952 0.6100540099185093 0.6212026822297032 0.6469288680179379 
0.82236124148196 0.6000314693174978 0.5999903910939794 0.6003495349266529 0.6008775789230413 0.6021654940060996 0.604774170617736 0.6100526327311339 0.6212008466874592 0.6469278740413323 
0.5948890630389596 0.6000293945029576 0.599990539108691 0.600350465350896 0.6010516811307033 0.6021673341324095 0.604769948531747 0.6100541545156039 0.6212007064173467 0.6469272788834061 
0.8530560522256997 0.6000344089550083 0.5999903919672708 0.60035002346768 0.6010673247058121 0.6021674746223131 0.6048171651419111 0.6100496322565967 0.6212029259970326 0.6469258125565748 
0.48485525192311896 0.6000304358948788 0.5999903441858708 0.6003474757516369 0.6008815877581543 0.6021672056299044 0.6047762313815608 0.6100506261835756 0.6212004580407688 0.6469272691002615 
0.7220108561495311 0.6000347666009943 0.5999902375397352 0.6003580449665202 0.6008929514112766 0.6021615131906097 0.604816294132114 0.6100515749191296 0.62120078124214 0.6469301551301426 
0.8708399621746752 0.6000304273878815 0.5999910381961348 0.600348198143309 0.6010584957664582 0.602164396276588 0.6048211640962613 0.6100535701985065 0.6212004621959865 0.6469291570159297 
0.18405367417233792 0.6000293309573017 0.5999908090841621 0.6003478019279639 0.601060688933019 0.6021628597890468 0.6047750460821856 0.6100501186485355 0.6212007665690145 0.6469276897524403 
0.2871455593455874 0.6000287936839394 0.5999908535417167 0.6003500497130365 0.6010511851060655 0.6021636507774479 0.6047675355927142 0.6100526342676601 0.6212026285675297 0.6469290274017127 
0.9477910155020839 0.6000292801944673 0.5999910422286137 0.6003651506436056 0.6010619838732115 0.6021672196224812 0.6047731161249109 0.6100525321401015 0.6212010965180431 0.6469289329162444 
0.3303840749040318 0.6000304472370709 0.599990823186161 0.6003497073545462 0.6010696253037884 0.6021672067031102 0.6048220986035332 0.6100522480878682 0.6212011939046103 0.6469271710470831 
0.9599431835940474 0.6000287469024468 0.5999908606909408 0.600348206984939 0.6010584957664582 0.6021634217546995 0.6047675837338865 0.6100526195094849 0.6212007382479178 0.646929163039743 
0.6290081234602882 0.600031177236825 0.5999910469833759 0.6003395170717917 0.601070423712224 0.6021631867980667 0.6047717177283229 0.6100541903619058 0.6212012530556901 0.6469259676508118 
0.9561578931329313 0.6000221161511736 0.5999908853102263 0.6003482859464403 0.6010586585223232 0.6021656253083254 0.6047693269493339 0.6100579631305285 0.62120138010978 0.6469291943430909 
0.5816837012134876 0.6000287936839394 0.5999908535417167 0.6003500497130365 0.6010653830669335 0.6021634368503355 0.6047675355927142 0.610052600423508 0.6212026285675297 0.6469292652966024 
0.5924538003200699 0.6000232331585837 0.59999079964745 0.6003500056992921 0.6010580957392625 0.6021681802290706 0.6047705376580996 0.6100621858644222 0.6212007078084621 0.64692715941255 
0.9478629543284622 0.6000292818821619 0.5999910422286137 0.6003651506436056 0.6010619126457812 0.6021672598653608 0.6048173438073166 0.6100525321401015 0.6212010850753754 0.6469289329162444 
0.8951972193987631 0.6000340357211452 0.5999907976963954 0.600364281555003 0.6010546774693492 0.6021672757046846 0.604816863609005 0.6100522480878682 0.6212113696499795 0.6469292237321026 
0.18405367417233792 0.6000293309573017 0.5999908090841621 0.6003478019279639 0.601060688933019 0.6021628597890468 0.6047750460821856 0.6100501186485355 0.6212007665690145 0.6469276897524403 
0.7443828989672923 0.6000340100403576 0.5999901889336298 0.6003499955273016 0.6010545410009656 0.6021672781943649 0.604816863609005 0.6100521159629794 0.6212114838569182 0.6469291913581209 
0.5839035760657344 0.6000305693324397 0.59999088458728 0.6003500498062718 0.6010684716211235 0.6021662610352577 0.6048189115394954 0.6100541632165828 0.6212116948552805 0.6469305072457701 
0.5153799634846905 0.6000288100749206 0.5999908091358213 0.6003483258041704 0.6008838158143897 0.6021669235710838 0.604774796370905 0.6100502990076625 0.6212003111507454 0.6469292243378224 
0.7032485002500835 0.6000345852095106 0.5999910574239828 0.6003488860445276 0.6010606956641205 0.6021630265022109 0.6048160435402875 0.610054191322613 0.6212005097734168 0.6469291836148295 
0.5635086928925868 0.6000233974242303 0.5999903629228139 0.6003476176850004 0.6008872987102203 0.6021642929265725 0.6047675668794079 0.6100525517386496 0.6212010965180431 0.6469289422533069 
0.5382024308740193 0.6000340479922626 0.5999901889336298 0.6003483067261328 0.6010545410009656 0.6021672781943649 0.604816863609005 0.6100522480878682 0.6212113696499795 0.6469292018364903 
0.6120500587316635 0.6000293330101709 0.5999908173706548 0.6003503589252399 0.6010656800067262 0.6021671301836834 0.60481721599362 0.6100615368280001 0.6212007610292297 0.6469276897524403 
0.7366395404308862 0.6000342364841009 0.5999905404877569 0.600350465350896 0.6010516811307033 0.6021673341324095 0.604769948531747 0.6100541545156039 0.6212007064173467 0.6469273419388841 
0.5019903453712271 0.6000311719304646 0.599990384158195 0.6003479278346421 0.6008775780505221 0.6021670307733022 0.6047741123891656 0.6100511703094271 0.6212008416048325 0.6469278734783015 
