0.9999745374347789 0.5996783042190635 0.5993670955480461 0.5989276631240148 0.5978208305617205 0.5959987368569111 0.59239535018235 0.5854553117549474 0.5729239648229321 0.5531516182803458 
0.0 0.5996781435299506 0.5993668144078648 0.5989299125420995 0.5978211065367232 0.5960367035880819 0.5924106598431745 0.5854885842637872 0.5729248088405269 0.553278806093802 
0.9999745374347789 0.5996783042190635 0.5993670955480461 0.5989276631240148 0.5978208305617205 0.5959987368569111 0.59239535018235 0.5854553117549474 0.5729239648229321 0.5531516182803458 
0.7503416049767136 0.5996822996431365 0.5993668600368073 0.5989315568047658 0.5978212280302185 0.5960001148997061 0.5923966004361947 0.5854913210078304 0.5729248757698532 0.5532548883385371 
0.4674972718256385 0.5996781393113525 0.5993675889234604 0.598932098083627 0.5978215150115626 0.5960030455928554 0.5924000969059904 0.5854964966383668 0.5729250214386971 0.5532792870027159 
0.3190378090968551 0.599678158824524 0.5993675279336868 0.598931705005042 0.5978213922239507 0.596004887932965 0.5923954717777157 0.5854890507069825 0.5729247667554751 0.5532508537915597 
0.1288338632031782 0.5996781742291425 0.5993675432397608 0.5989458290504146 0.5978214701909764 0.596032438560503 0.5924060254786161 0.5854887504731142 0.5729251202513619 0.5532764730800912 
0.36134834246844627 0.5996783881945748 0.5993670862161594 0.5989299125420995 0.5978211065367232 0.5960408504647349 0.5924106598431745 0.5854885842637872 0.5729248070390256 0.553278810211975 
0.2895917634141152 0.5996764295913829 0.5993666453005598 0.5989324818607599 0.5978214557580559 0.5960059722016974 0.5923953057945135 0.5854530579921686 0.5729248019113876 0.553269290564111 
0.4902294571583669 0.5996781854000239 0.5993671037125771 0.5989307219268424 0.5978215160736805 0.5960048879747148 0.5924056684265699 0.5854885764029647 0.572924761054521 0.5532513025807593 
0.44830733706639914 0.5996757053963702 0.5993676129260113 0.5989324526651048 0.597821403372872 0.5960045947331453 0.5923960678651117 0.585486176674558 0.5729251152539955 0.5532523916841641 
0.8630492421277205 0.5996782616282575 0.5993676607636351 0.598927492700007 0.59782082685247 0.5960072076217628 0.5923950775448336 0.5854885625220976 0.5729239625339749 0.5531535195622044 
0.7247089352547407 0.5996796480269148 0.5993671648529945 0.5989315471640708 0.597821440398047 0.59600441879292 0.5924147321374347 0.5854908618340345 0.572925084324865 0.5532765752039494 
0.43420817886697 0.5996789009250194 0.5993671289959905 0.5989305949512291 0.5978211074375224 0.5960037294560183 0.5924060198405189 0.5854880049663823 0.5729247411063637 0.5532549157977998 
0.3870108259594921 0.5996780286455858 0.5993668075125457 0.5989331054731492 0.5978214387336697 0.596002353886043 0.5923955703740283 0.5854861887412193 0.5729243408472425 0.5532738317549057 
0.5960195793904602 0.5996822529152369 0.5993671171143097 0.5989319818395985 0.5978211706924138 0.5959966043294903 0.5923963772881737 0.5854895089989866 0.5729239714223898 0.553275560564493 
0.15936333492116478 0.5996758713621835 0.5993676579481632 0.5989298299423308 0.5978211090202058 0.5960045870391932 0.5923996872843207 0.5854851097053347 0.5729248005806382 0.5532500568066846 
0.5823983786027029 0.5996765948791971 0.5993671147146266 0.5989319164312201 0.5978214689959029 0.5959979196961236 0.5923956307469971 0.5854548484042338 0.5729239714223898 0.553275560564493 
0.945742478655305 0.5996796617369063 0.5993671342308836 0.5989471881007039 0.5978215100380748 0.596030633223966 0.5924058144458547 0.5854960580831005 0.5729252509617871 0.5532789922754544 
0.777919737700857 0.5996750472917667 0.5993666738517369 0.5989312907955056 0.5978214514123041 0.5960010693351088 0.5923950488160171 0.5854502972474221 0.5729248399151976 0.553249580346778 
0.621381457919571 0.5996820563060554 0.5993671762902121 0.5989479423231798 0.5978214452093219 0.5959182489121915 0.5923974509244209 0.5854911616352052 0.5729248737944634 0.5532540516850187 
0.9365169479536599 0.5996791989177256 0.5993675436784331 0.5989460320684011 0.5978214703434409 0.5960318498266142 0.5924058377369696 0.5854911226160329 0.5729251167904464 0.5532769536919455 
0.41749402650922207 0.5996780992723293 0.5993671384955263 0.5988999629721308 0.5978212002385994 0.5960280354915248 0.5924060918486658 0.5854897029908818 0.5729250909759666 0.5532754617954039 
0.8305949336592909 0.5996757570468457 0.5993676561226247 0.5989298299423308 0.5978211089527462 0.5960045870391932 0.5924059900324824 0.5854861967562635 0.5729239522457046 0.5532515906794564 
0.8883040678752716 0.5996784724261982 0.5993671430839823 0.5989467007971611 0.5978212007561141 0.5960281010157636 0.5924093096732105 0.5854896063695146 0.5729253496790057 0.5532753027965556 
0.9673656154047193 0.599679669176525 0.5993668085156427 0.5989451566481586 0.5978214127853719 0.5960039035485843 0.5923982978476628 0.5854914373030183 0.5729250021634119 0.5532553448911223 
0.9291638008858996 0.5996821603660203 0.5993675424673358 0.5989323563219754 0.5978215220001363 0.5960114354673367 0.5924002661753933 0.5854907940898495 0.5729251149722233 0.5532768896995918 
0.5326657728433853 0.5996791989177256 0.5993671152877006 0.5989307210264757 0.5978211324047158 0.5960378424149814 0.5923970081702984 0.5854899883128435 0.5729237631169298 0.5532511168234796 
0.697195878200676 0.5996796380525621 0.5993675483197598 0.598932127131697 0.5978215220001363 0.5960113705993036 0.592315171262889 0.585490902210735 0.5729251559756432 0.5532785024228231 
0.9746103360387011 0.5996764250094389 0.599367515372738 0.59893243621498 0.5978214073598436 0.5960304266982713 0.5924052813708245 0.5854885271583335 0.5729250689085529 0.5532739238952651 
0.9534099842337487 0.5996821226375869 0.5993668034756345 0.5989322359287141 0.5978211542946846 0.595997984968711 0.5923946041236207 0.5854896151062722 0.5729240604524902 0.5532525989171835 
0.8153870710084281 0.5996843500200761 0.5993671117024088 0.5989472983648112 0.5978214124414043 0.5960377601003072 0.5924102767942713 0.5854885380255981 0.5729254512662757 0.5532788432235295 
0.8775813516767674 0.599676414448077 0.5993674564616368 0.5989326284636638 0.5978211467435351 0.5960010430676036 0.5923857505946208 0.5854881521841724 0.5729248164891529 0.5532759382769097 
0.5664704471107114 0.5996781597099451 0.5993671220690897 0.5989300903682526 0.5978211060503008 0.5960260199632968 0.5923953365126824 0.5854884797700498 0.5729239646070349 0.5532748215422268 
0.06349586559046344 0.5996786223825241 0.5993670962585003 0.5989307012736576 0.597821454703627 0.5959979387149401 0.5923956317276252 0.5854542578430129 0.5729250380250314 0.5531547864374656 
0.02833882101507429 0.599676287518491 0.599366779634239 0.5989307158507073 0.5978214120141208 0.5959984280663683 0.5923956575389732 0.5854481598510021 0.5729248085458415 0.5532499958287564 
0.9601348313971849 0.5996796617369063 0.5993671342308836 0.5989471889513537 0.5978215064968944 0.596030633223966 0.5924058144458547 0.5854960580831005 0.5729252509617871 0.5532789922754544 
0.8510908981371053 0.5996753788510567 0.5993666349350922 0.598931858347722 0.5978211744918965 0.5960022468059365 0.5923977536761329 0.585449342036701 0.5729238061034488 0.5532755770118307 
0.8228091082888496 0.5996786223825241 0.5993670962585003 0.5989307012736576 0.597821454703627 0.5959979387149401 0.5923977898957421 0.5854889078328849 0.5729250380250314 0.5531547864374656 
0.3930157486640008 0.5996765336362494 0.5993671082137615 0.598932123437924 0.5978215207900515 0.5960408777188467 0.5924117322397838 0.5854861887412193 0.5729242372426732 0.5532784211066921 
0.24817922453450705 0.5996781487708942 0.5993671431717331 0.5989333923905215 0.5978214396017958 0.5960071905042704 0.5923952712074457 0.5854891797849536 0.5729256670847407 0.5532759904182512 
0.9940180979290673 0.5996797408585439 0.5993671226960253 0.5989435671231963 0.5978213878157748 0.5960295214798408 0.5924001129576025 0.5854890843472794 0.5729251480916936 0.5532842357656361 
0.7104766310952744 0.5996796619786505 0.5993671134136351 0.5989472983648112 0.5978214128123177 0.5960055647544302 0.5924104289813401 0.5854885380255981 0.5729254512662757 0.5532788432235295 
0.6717518427685324 0.5996765916871198 0.5993666197174999 0.5989324096967622 0.5978211610359769 0.5959063618343702 0.5923955798217643 0.5854885148585465 0.5729249732536993 0.5532553282169201 
0.07781940252648673 0.5996764400558364 0.5993668413543701 0.5989456471996635 0.5978210292509294 0.5960031329397966 0.5923975717506114 0.5854489902989608 0.5729239045353541 0.5531546686429568 
0.7388412331247257 0.5996783630446784 0.5993676420676637 0.5989320400889512 0.5978214742809937 0.5959178035818818 0.5923963820352074 0.5854499947680812 0.5729248478402619 0.5532549171693207 
0.7713986666593117 0.5996766132379153 0.599367567454856 0.5989453540952434 0.5978210213726424 0.5960338637473215 0.592396487719952 0.5854885672428436 0.5729239170577708 0.55327368734528 
0.34826218090835553 0.5996783682970548 0.5993666401731086 0.5989324737561649 0.5978211326145061 0.5960378715529483 0.5924118091218669 0.5854890860401051 0.5729248500251699 0.5532768945127825 
0.8069546992184247 0.5996466871610512 0.5993676802242275 0.5989333504034746 0.59782141059766 0.5960382313339587 0.592397449013104 0.5854968791198862 0.5729254181280273 0.553255320262483 
0.23490196457297752 0.5996773452507058 0.5993668617693926 0.598932377000836 0.5978214307682704 0.5960337275064013 0.5923975792310139 0.5854434365105963 0.5729243741704156 0.553278248481866 
0.27774680682602365 0.5996757430072626 0.5993666453005598 0.5989324818607599 0.5978214557580559 0.5959128040327601 0.5923953057945135 0.5854528403130008 0.5729248262716663 0.553275817371459 
0.9160147871924847 0.599679158897435 0.5993676251457396 0.5989320535218513 0.5978214672230977 0.5960373239457305 0.5923964988799051 0.585495980945935 0.5729250174234255 0.5532548867242767 
0.9215696782604524 0.5996823375255009 0.5993676141774804 0.598932029548703 0.597821455230192 0.5960094918676729 0.5923965005880432 0.585496848608431 0.5729250174234255 0.5532547597969297 
0.5084543035492648 0.5996782047506777 0.5993671048691682 0.5989298952848439 0.5978214400219445 0.5960405640262302 0.592410846152304 0.5854885916638377 0.5729248438671917 0.5532785820641545 
0.1859634496212019 0.599676435337258 0.599367092614823 0.5989453538005833 0.5978211831345145 0.5960031184049719 0.5923978603885915 0.5854862705214717 0.5729239032239096 0.5532738009161238 
0.9866947190658185 0.5996821603660203 0.5993675428250698 0.5989323563219754 0.5978215220001363 0.5960113401546157 0.5924002661753933 0.5854907940898495 0.5729251514129335 0.5532836181481888 
0.677505059084394 0.5996757661303209 0.5993676344278285 0.5989317517246091 0.5978213939459568 0.5960310549026054 0.5924131056102719 0.585490851356082 0.5729248694562772 0.5532805323908185 
0.211364729848759 0.5996795611551354 0.5993671420489781 0.5989320348391669 0.5978211851342644 0.5960015393339347 0.5924118441886654 0.5854885288466795 0.5729248234889154 0.5532537850884154 
0.5014244150288303 0.5996780711336759 0.599367120202468 0.5989307333153294 0.5978215295036478 0.5959154095452781 0.5924002288160256 0.5854885795650563 0.5729250388578113 0.5532758729234709 
0.9816439223203399 0.5996753325195089 0.5993671375003143 0.598931604354795 0.597821021172643 0.5960013018880044 0.592318678983277 0.585446686643836 0.5729239660029335 0.5532794908353806 
0.1967178370969772 0.5996797408585439 0.5993671232049407 0.5989441835517106 0.5978214533085409 0.5960379181434374 0.5923951044767596 0.5854888468459781 0.5729248041457988 0.5532498452218589 
0.1695221813870023 0.5996781739547438 0.5993676421560528 0.5989315289979308 0.597821174880407 0.5960081445517882 0.5923998359043766 0.5854885817225162 0.5729248579752607 0.5532769665041771 
0.5539096064378071 0.5996821116168425 0.5993668951029937 0.5989306014504127 0.5978212112167366 0.59600139756514 0.5923963882161272 0.5854876107759024 0.5729243483080569 0.5532499849945475 
0.5732704257783101 0.5996757014291024 0.5993674655746579 0.5989321542305707 0.5978210526103801 0.5960007984204754 0.5923195390195753 0.5854501293988482 0.5729247810248242 0.5532505688263241 
0.22192613392418378 0.5996774393484297 0.5993675779963706 0.5989459907557712 0.5978211744918965 0.5960069957772286 0.592397855811403 0.5854890721161876 0.5730126732588794 0.5532756008708752 
0.7349958672554834 0.5996783630446784 0.5993676513263562 0.5989320400889512 0.5978214473653214 0.5959178035818818 0.59239599152405 0.5854499947680812 0.5729249698931159 0.5532549171693207 
0.8008257312356671 0.5996820293862358 0.5993675927283777 0.5989467423504856 0.5978214669722323 0.5960317336749643 0.5924060343609017 0.5854959363936828 0.5729250084691362 0.5532800155042484 
0.3350880115529275 0.5996764722098432 0.5993675853811146 0.5989322053234757 0.5978211594269319 0.5959079816263302 0.5923978589837086 0.5854885479768359 0.5729254410629149 0.5531563183882036 
0.7900727401931444 0.599677579315689 0.5993675225227608 0.59892917026927 0.5978214444330392 0.596037412012637 0.5924134188481496 0.5854886643333018 0.572924350961933 0.5532501832720131 
0.7082229504884892 0.5996765644008567 0.5993671385402094 0.5989283308674251 0.5978214548229587 0.5960345181188891 0.5923966254311555 0.585451203551162 0.5729247981175947 0.553280340388982 
0.8545257921592544 0.5996796595015937 0.5993671384955263 0.5989467064990759 0.5978212002385994 0.5960280354915248 0.5924060918486658 0.5854896053968827 0.5729250909759666 0.5532754472157417 
0.8394785588632542 0.5996781989795434 0.5993675193266153 0.598933672858546 0.5978214381801344 0.596032224464206 0.5924066296757208 0.5854911226160329 0.5729251155904521 0.5532760032894277 
0.6871884657952274 0.5996753709281758 0.5993666445922694 0.5989318473073246 0.5978211666775122 0.5959139468629449 0.5923932343328723 0.5854884999199196 0.5729243439379705 0.5532535912695546 
0.7713986666593117 0.5996766132379153 0.599367567454856 0.5989453540952434 0.5978210213726424 0.5960338637473215 0.592396487719952 0.5854885672428436 0.5729239170577708 0.55327368734528 
0.09746083244496984 0.599675178989585 0.5993665530842307 0.5989318461603473 0.5978210210442927 0.5960011119259043 0.5923945883138667 0.5854485866093935 0.572923874185204 0.5532503103179207 
0.8987823612138071 0.5996781784846748 0.5993676844047416 0.5989458011129476 0.5978214091275922 0.5960381444231969 0.5923982818932554 0.5854908118105284 0.5729248601898848 0.5532534397332505 
0.5193120998273912 0.5996791989177256 0.5993671152877006 0.5989324502978586 0.5978211098655888 0.5960378424149814 0.592411767125383 0.5854481757763927 0.5729238389858415 0.5532511553674417 
0.6075022694305271 0.599678386251464 0.5993670953608319 0.5989326080516805 0.5978214163826538 0.5960400827224098 0.5924114822957598 0.5854906179261163 0.5729247749188892 0.5532784613309515 
0.8802870924696928 0.5996751776892236 0.5993677061197874 0.5989333504034746 0.5978214145331082 0.5960367536804908 0.5923973627056021 0.5854968791198862 0.5729254181280273 0.5532552199441833 
0.6289155395254422 0.5996786870065595 0.5993670911475771 0.5989307338964545 0.5978214546730096 0.5960094918676729 0.5923965005880432 0.5854880693928324 0.5729250172123891 0.5532547597969297 
0.6075022694305271 0.599678386251464 0.5993670953608319 0.5989326080516805 0.5978214163826538 0.5960400827224098 0.5924114822957598 0.5854906179261163 0.5729247749188892 0.5532784613309515 
0.5224481597559624 0.5996792298034291 0.5993671459673584 0.5989322257452057 0.5978212135527345 0.5960282586273222 0.5923996714520746 0.5854900190240806 0.5729243979428356 0.5532786909099572 
0.04147079082932459 0.599675178989585 0.5993665530842307 0.5989318461603473 0.5978210210442927 0.5960011119259043 0.5923945883138667 0.5854485866093935 0.572923874185204 0.5532503103179207 
0.9068623635048074 0.5996791872452003 0.5993676222597697 0.5989320491183506 0.5978214672841052 0.596009425756922 0.5923964988799051 0.585495980945935 0.5729250841911918 0.5532547184596904 
0.6331684720171693 0.5996764128150353 0.5993666215572545 0.5989322007153544 0.5978211453159058 0.5960286800015481 0.5923980494669174 0.5854903132778163 0.5729242420591242 0.5532546833773438 
0.10361455791100369 0.5996753804889913 0.5993666746925788 0.5989318311347377 0.5978210210442927 0.596000993805685 0.5923958345105481 0.5854497502068601 0.572923874185204 0.5532503624475126 
0.7940723652188734 0.5996766482265874 0.5993670907747917 0.59893160327319 0.5978208292794047 0.5960040846802381 0.592384880967997 0.5854885151150234 0.5729239629925567 0.55315045107137 
0.9083475135964413 0.5996820858743134 0.5993671048540004 0.5989320102923038 0.5978214670202222 0.5960094099772282 0.5924063312413063 0.5854959632153339 0.5729250084691362 0.5532549879217751 
0.6606288892587794 0.5996753843933995 0.5993666276360111 0.5989318612869197 0.5978210251952334 0.5960311207718686 0.5924117814683256 0.5854885778725386 0.5729250368769253 0.5532786742316584 
0.5430549386465569 0.5996782429885308 0.5993675281149117 0.5989458290504146 0.5978214120141208 0.5960001370973768 0.5923982818932554 0.5854908755749494 0.5729248601898848 0.5532549944539356 
0.6911196454129871 0.599679669176525 0.5993668188499862 0.5989451874192793 0.5978214188371557 0.5960036332776059 0.5923192814567321 0.5854891884315713 0.5729252445013199 0.5532555594641995 
0.8393940389551966 0.5996781988832068 0.5993676403139618 0.5989455152589468 0.5978215219134626 0.5960072059991754 0.5923978603885915 0.5854891117833348 0.5729253445538041 0.5532687867222843 
0.4093682606170142 0.5996795611551354 0.5993675342719836 0.5989041601876256 0.5978211851342644 0.5960014579028392 0.5924002861248991 0.5854884574666982 0.5729248234889154 0.5532796291629765 
0.3388060309575589 0.5996780775843285 0.5993666679219265 0.5989278869196017 0.5978211712275502 0.5960015831002266 0.5923954009196605 0.5854907373598695 0.5729242401777283 0.553274926428321 
0.6406473988970718 0.5996781168622821 0.5993675433380574 0.5989467064990759 0.5978215193001063 0.5960286623742357 0.5924002679149062 0.5854902486226798 0.5729252243405707 0.5532788355013949 
0.2661606125972649 0.59967816239412 0.5993675853811146 0.59894590473101 0.5978214381803262 0.5959079816263302 0.5923978603885915 0.5854885678069852 0.5729254410629149 0.5531561101338782 
0.6602585268556668 0.5996753843933995 0.5993666276360111 0.5989318502832145 0.5978214587230434 0.596002883032064 0.5923924223351719 0.5854893665015438 0.5729249595072818 0.5532808243303661 
0.650787649986825 0.5996764161475847 0.5993666186289422 0.5989322007153544 0.5978211453159058 0.5960286800015481 0.5923980494669174 0.5854903132778163 0.5729242420591242 0.5532546833773438 
0.8958382050872511 0.5996796449510355 0.5993674564616368 0.5989465006094545 0.5978211467435351 0.5960010430676036 0.5923857505946208 0.5854881521841724 0.5729252502321034 0.5532790920599584 
0.2623101841698676 0.5996757384479449 0.5993666453005598 0.5989324818607599 0.5978214557580559 0.5959049444729706 0.5923953057945135 0.5854528403130008 0.5729248296533763 0.553275817371459 
