4.861075436444720066e-03
3.359328856022460348e-03
4.298942271798526435e-03
4.063160121122864031e-03
3.405302775044426883e-03
5.490721007388444513e-03
4.412104342091419454e-03
4.298377330520801627e-03
3.909006701406167981e-03
4.219585926217079251e-03
3.827287055457634542e-03
4.224158022093279889e-03
3.702738231139142671e-03
2.807282695037527451e-03
4.012642334863425475e-03
3.785980852439361274e-03
4.804027242517986372e-03
3.873704683616608149e-03
4.433528496276175485e-03
4.692690104215212210e-03
4.373809810973097907e-03
4.042353180826744469e-03
2.784506795658832617e-03
2.908546475127412809e-03
4.044608001881057693e-03
4.008208990993061133e-03
3.902701425872370095e-03
4.154405234230844693e-03
5.273322096158581523e-03
3.929974390152086994e-03
3.468582268680437709e-03
