0.0 1.8293687635555935 
0.9380838731695832 1.3195615867659756 
0.019399510881063106 1.7950806553573897 
0.14788033748373414 1.7931599082935377 
0.18772082889497488 1.7818140091376033 
0.2362564012855378 1.7782118878116362 
0.8947418115868144 1.3591696667405475 
0.4308019352514982 1.6954907083301016 
0.9199799346895872 1.3484111664332064 
0.5829915650297075 1.6119180366443515 
0.36567275530757304 1.7254958706446302 
0.572028716327933 1.6207489200105767 
0.7436839660625285 1.4970047899735506 
0.45769897120053193 1.6873197838406893 
0.7975941519674592 1.4454854960939445 
0.7894001793986831 1.4566894302239692 
0.8563982956361484 1.3965323876233955 
0.7718969943885273 1.4808287752479408 
0.17204299599816364 1.784168783439364 
0.5702170103166709 1.6326831517967444 
0.6383107606902204 1.5860000448790759 
0.8695508459338254 1.3838963571143619 
0.4680170209027249 1.6790336967563462 
0.6969331464818818 1.5434117849537774 
0.5206399883682715 1.6500147588943042 
0.2424656767770602 1.7735372133732 
0.5969719573485335 1.6021997091340487 
0.8489377640260174 1.413817976100337 
0.2887477563630346 1.757123390282382 
0.933346133818443 1.3266968619549222 
1.3767569583145872E-4 1.8106722139267466 
0.6705858756408591 1.5471078299001604 
0.36354145727784515 1.7391675593477773 
0.48614793303742 1.6731324135096126 
0.15762125489971507 1.7914088531475996 
0.006117797475734529 1.8042601074490965 
0.8128923580933807 1.4329137821206916 
0.852521983520117 1.4007495346686887 
0.7302212885946526 1.5028344399023348 
0.38763987480552364 1.717083281056003 
0.8361517827638854 1.415321751997253 
0.6476844208560355 1.5789740296041987 
0.757028497860964 1.4849590322147406 
0.7785180975170574 1.467220339207416 
0.5397063940754703 1.6424756312330586 
0.6123172953203261 1.594028167329124 
0.6547992706703789 1.566725912039233 
0.2613190572919518 1.7681843311849392 
0.927711602236426 1.3368944206278275 
0.4202639745758188 1.707072002773366 
0.42482629690538093 1.7045357307263274 
0.3512757075752433 1.743957155353265 
0.7766757541684048 1.4690858791443044 
0.8921650774351257 1.3704001915102595 
0.6020377063118107 1.5987444582989494 
0.72515396462644 1.516045271511696 
0.32906141819672396 1.7453604334943722 
0.6491544607335602 1.5719985832173236 
0.5027225575966381 1.6619110264466042 
0.9252378540299441 1.3409101179818097 
0.7971421120248634 1.4511817180207012 
0.4131206628387437 1.7158743363158104 
0.8220641488942011 1.4310268340865746 
0.6196671955918011 1.589213145179411 
0.6611036328397923 1.5597483740944271 
0.7160379092952693 1.5190744777067926 
0.38109022169994705 1.7195571387290087 
0.3116154022925136 1.7501511290063234 
0.828111818142746 1.4232914959715415 
0.4635178156313339 1.6860797310951974 
0.7109770418798496 1.5234957269647182 
0.4955414238039746 1.6657507432138279 
0.5027225575966381 1.6619110264466042 
0.5478477929741215 1.6335113401495402 
0.30102050548556347 1.7527827679572756 
0.7302868220020396 1.4976708659481144 
0.5479286445983735 1.6334507607670437 
0.886711364713004 1.3769641016342329 
0.4131282236591464 1.7156425473021908 
0.4895450448560298 1.6683892671678138 
0.7572817001468021 1.484607633971163 
0.5322912241459832 1.6441935729794757 
0.3578411091799597 1.7437750212871306 
0.8266163691782012 1.4241616137841118 
0.8813875641152193 1.3811826865629715 
0.321658595378679 1.7474032952015515 
0.26766605765846174 1.7632286881619357 
0.6981629141934098 1.5373618577742783 
0.5293438139412873 1.6483154030937484 
0.2759333440368619 1.7624893347697554 
0.7018609865486788 1.5302125208116162 
0.0015010743654583492 1.8072737210606789 
0.8904248099376373 1.3733877299951236 
0.668888602001279 1.550775993070482 
0.699217990012253 1.5344588343969299 
0.2618226740038479 1.7653589556076381 
0.3048271864990302 1.7524707488878006 
0.8795960600206445 1.3838042090269027 
0.7245483478633216 1.5162282182228966 
0.2759333440368619 1.7624893347697554 
