-19216.0 -18576.0 
-18347.0 -19431.0 
-18347.0 -19431.0 
-19216.0 -18576.0 
-18434.0 -19423.0 
-19203.0 -18671.0 
-18551.0 -19390.0 
-18921.0 -19101.0 
-18530.0 -19393.0 
-19072.0 -18878.0 
-18605.0 -19359.0 
-19124.0 -18780.0 
-19104.0 -18793.0 
-18605.0 -19359.0 
-19081.0 -18820.0 
-19168.0 -18696.0 
-18971.0 -19015.0 
-18952.0 -19040.0 
-18745.0 -19261.0 
-18530.0 -19393.0 
-18716.0 -19280.0 
-18971.0 -19015.0 
-18881.0 -19119.0 
-18794.0 -19219.0 
-19168.0 -18696.0 
-18993.0 -18976.0 
-18922.0 -19059.0 
-18861.0 -19125.0 
-18763.0 -19249.0 
-18993.0 -18976.0 
-18804.0 -19191.0 
-18777.0 -19226.0 
-19203.0 -18671.0 
-18881.0 -19119.0 
-18816.0 -19177.0 
-19148.0 -18720.0 
-18840.0 -19154.0 
-18704.0 -19293.0 
-19083.0 -18805.0 
-18638.0 -19338.0 
-18816.0 -19177.0 
-18853.0 -19147.0 
-18668.0 -19321.0 
-18923.0 -19053.0 
-18638.0 -19338.0 
-19127.0 -18749.0 
-19072.0 -18878.0 
-18994.0 -18954.0 
-18668.0 -19321.0 
-18952.0 -19040.0 
-19019.0 -18925.0 
-19046.0 -18901.0 
-18840.0 -19154.0 
-18686.0 -19303.0 
-19046.0 -18901.0 
-19041.0 -18907.0 
-18651.0 -19335.0 
-19004.0 -18937.0 
-18763.0 -19249.0 
-18730.0 -19269.0 
-19019.0 -18925.0 
-19081.0 -18820.0 
-18804.0 -19191.0 
-19041.0 -18907.0 
-18686.0 -19303.0 
-18730.0 -19269.0 
-19148.0 -18720.0 
-19136.0 -18722.0 
-18777.0 -19226.0 
-18651.0 -19335.0 
-19013.0 -18935.0 
-18994.0 -18954.0 
-19127.0 -18749.0 
-18794.0 -19219.0 
-18698.0 -19298.0 
-19129.0 -18735.0 
-18853.0 -19147.0 
-18923.0 -19053.0 
-19083.0 -18805.0 
-18861.0 -19125.0 
-19133.0 -18731.0 
-19004.0 -18937.0 
-18698.0 -19298.0 
-19013.0 -18935.0 
-18922.0 -19059.0 
-19130.0 -18732.0 
-19129.0 -18735.0 
-19136.0 -18722.0 
-19133.0 -18731.0 
-19130.0 -18732.0 
-18605.0 -19359.0 
-18993.0 -18976.0 
-18952.0 -19040.0 
-18840.0 -19154.0 
-19081.0 -18820.0 
-18730.0 -19269.0 
-19129.0 -18735.0 
-19130.0 -18732.0 
-19129.0 -18735.0 
-19130.0 -18732.0 
