-18239.0 -19560.0 
-19339.0 -18422.0 
-18239.0 -19560.0 
-19339.0 -18422.0 
-18399.0 -19511.0 
-18315.0 -19527.0 
-18309.0 -19554.0 
-18469.0 -19497.0 
-18639.0 -19396.0 
-18583.0 -19441.0 
-19239.0 -18693.0 
-19240.0 -18632.0 
-18481.0 -19485.0 
-19091.0 -18947.0 
-18679.0 -19374.0 
-18913.0 -19150.0 
-19094.0 -18893.0 
-18527.0 -19472.0 
-18712.0 -19342.0 
-18757.0 -19315.0 
-19321.0 -18474.0 
-19037.0 -18975.0 
-19112.0 -18873.0 
-19261.0 -18629.0 
-19143.0 -18806.0 
-19196.0 -18758.0 
-19286.0 -18580.0 
-18541.0 -19442.0 
-18766.0 -19271.0 
-18614.0 -19416.0 
-18614.0 -19416.0 
-18880.0 -19162.0 
-19266.0 -18600.0 
-18926.0 -19110.0 
-19062.0 -18970.0 
-18712.0 -19342.0 
-18878.0 -19185.0 
-18823.0 -19229.0 
-18819.0 -19257.0 
-19292.0 -18545.0 
-18953.0 -19075.0 
-19131.0 -18831.0 
-18935.0 -19084.0 
-18535.0 -19447.0 
-18961.0 -19065.0 
-19304.0 -18525.0 
-18989.0 -19020.0 
-19310.0 -18493.0 
-18966.0 -19044.0 
-19199.0 -18731.0 
-19213.0 -18717.0 
-19112.0 -18873.0 
-18926.0 -19110.0 
-18807.0 -19260.0 
-19213.0 -18717.0 
-19321.0 -18474.0 
-19134.0 -18814.0 
-19131.0 -18831.0 
-18691.0 -19366.0 
-19062.0 -18970.0 
-19167.0 -18776.0 
-18757.0 -19315.0 
-19033.0 -19003.0 
-19010.0 -19011.0 
-18984.0 -19028.0 
-19034.0 -19002.0 
-18790.0 -19266.0 
-18764.0 -19294.0 
-18859.0 -19188.0 
-18691.0 -19366.0 
-19010.0 -19011.0 
-19162.0 -18785.0 
-18852.0 -19201.0 
-19286.0 -18580.0 
-19304.0 -18525.0 
-19292.0 -18545.0 
-19162.0 -18785.0 
-19091.0 -18947.0 
-19179.0 -18768.0 
-19310.0 -18493.0 
-19266.0 -18600.0 
-19239.0 -18693.0 
-18898.0 -19155.0 
-18823.0 -19229.0 
-19094.0 -18893.0 
-18764.0 -19294.0 
-18790.0 -19266.0 
-18898.0 -19155.0 
-19179.0 -18768.0 
-18315.0 -19527.0 
-18842.0 -19210.0 
-18842.0 -19210.0 
-18527.0 -19472.0 
-18856.0 -19192.0 
-18975.0 -19038.0 
-18935.0 -19084.0 
-19199.0 -18731.0 
-18975.0 -19038.0 
-18845.0 -19208.0 
-18845.0 -19208.0 
