-18528.0 -19404.0 
-18528.0 -19404.0 
-19354.0 -18385.0 
-19354.0 -18385.0 
-19293.0 -18681.0 
-19346.0 -18520.0 
-18705.0 -19355.0 
-18603.0 -19367.0 
-19305.0 -18565.0 
-19240.0 -18733.0 
-19141.0 -18913.0 
-19105.0 -18961.0 
-19110.0 -18921.0 
-18951.0 -19138.0 
-19322.0 -18524.0 
-18560.0 -19383.0 
-19143.0 -18872.0 
-18772.0 -19305.0 
-19199.0 -18801.0 
-18603.0 -19367.0 
-18554.0 -19402.0 
-19259.0 -18687.0 
-19208.0 -18753.0 
-19173.0 -18832.0 
-18807.0 -19259.0 
-18772.0 -19305.0 
-18956.0 -19097.0 
-19066.0 -18983.0 
-19021.0 -19046.0 
-19000.0 -19059.0 
-18807.0 -19259.0 
-19040.0 -18996.0 
-19166.0 -18850.0 
-18715.0 -19332.0 
-18982.0 -19064.0 
-19257.0 -18694.0 
-19031.0 -19023.0 
-19215.0 -18745.0 
-18905.0 -19168.0 
-18754.0 -19314.0 
-18733.0 -19327.0 
-18754.0 -19314.0 
-19031.0 -19023.0 
-18975.0 -19088.0 
-19184.0 -18806.0 
-18923.0 -19154.0 
-19311.0 -18549.0 
-18733.0 -19327.0 
-19305.0 -18565.0 
-19166.0 -18850.0 
-19311.0 -18549.0 
-18923.0 -19154.0 
-18832.0 -19238.0 
-18905.0 -19168.0 
-19105.0 -18961.0 
-19257.0 -18694.0 
-18938.0 -19147.0 
-18846.0 -19224.0 
-18846.0 -19224.0 
-19057.0 -18989.0 
-19180.0 -18811.0 
-19021.0 -19046.0 
-18880.0 -19184.0 
-19143.0 -18872.0 
-18705.0 -19355.0 
-18887.0 -19174.0 
-18832.0 -19238.0 
-18856.0 -19214.0 
-18560.0 -19383.0 
-18824.0 -19249.0 
-19066.0 -18983.0 
-18938.0 -19147.0 
-18856.0 -19214.0 
-18878.0 -19195.0 
-19215.0 -18745.0 
-18958.0 -19095.0 
-19208.0 -18753.0 
-18883.0 -19176.0 
-19040.0 -18996.0 
-18989.0 -19062.0 
-18814.0 -19254.0 
-18715.0 -19332.0 
-19065.0 -18984.0 
-19057.0 -18989.0 
-18993.0 -19060.0 
-19199.0 -18801.0 
-18824.0 -19249.0 
-18967.0 -19090.0 
-18867.0 -19205.0 
-19110.0 -18921.0 
-19346.0 -18520.0 
-19180.0 -18811.0 
-18814.0 -19254.0 
-18967.0 -19090.0 
-18867.0 -19205.0 
-18870.0 -19204.0 
-18878.0 -19195.0 
-18887.0 -19174.0 
-18870.0 -19204.0 
-18975.0 -19088.0 
