-18454.0 -19504.0 
-19404.0 -18315.0 
-18454.0 -19504.0 
-18603.0 -19465.0 
-18478.0 -19479.0 
-19388.0 -18361.0 
-19386.0 -18455.0 
-18994.0 -19114.0 
-18681.0 -19396.0 
-18665.0 -19431.0 
-19266.0 -18701.0 
-19248.0 -18769.0 
-19351.0 -18577.0 
-19145.0 -18916.0 
-19049.0 -19035.0 
-18603.0 -19465.0 
-18996.0 -19043.0 
-19255.0 -18736.0 
-19355.0 -18526.0 
-18947.0 -19126.0 
-19056.0 -18963.0 
-19279.0 -18657.0 
-18824.0 -19273.0 
-19355.0 -18526.0 
-19310.0 -18634.0 
-19386.0 -18455.0 
-18765.0 -19300.0 
-19101.0 -18930.0 
-18905.0 -19178.0 
-19310.0 -18634.0 
-18786.0 -19276.0 
-19351.0 -18577.0 
-19219.0 -18799.0 
-19172.0 -18865.0 
-19219.0 -18799.0 
-18704.0 -19365.0 
-18867.0 -19188.0 
-18665.0 -19431.0 
-19172.0 -18865.0 
-18711.0 -19337.0 
-19098.0 -18945.0 
-19194.0 -18821.0 
-19174.0 -18840.0 
-19136.0 -18922.0 
-19194.0 -18821.0 
-18478.0 -19479.0 
-18840.0 -19211.0 
-18947.0 -19126.0 
-18785.0 -19292.0 
-18704.0 -19365.0 
-19069.0 -18959.0 
-18832.0 -19240.0 
-18731.0 -19329.0 
-19295.0 -18653.0 
-18837.0 -19231.0 
-18859.0 -19209.0 
-18923.0 -19153.0 
-18923.0 -19153.0 
-19029.0 -19036.0 
-18862.0 -19196.0 
-18917.0 -19155.0 
-18744.0 -19314.0 
-19012.0 -19042.0 
-18905.0 -19178.0 
-19295.0 -18653.0 
-18737.0 -19315.0 
-18744.0 -19314.0 
-19012.0 -19042.0 
-19029.0 -19036.0 
-19174.0 -18840.0 
-19136.0 -18922.0 
-18832.0 -19240.0 
-19098.0 -18945.0 
-19069.0 -18959.0 
-18917.0 -19155.0 
-18711.0 -19337.0 
-18867.0 -19188.0 
-19066.0 -18962.0 
-18731.0 -19329.0 
-18994.0 -19114.0 
-18824.0 -19273.0 
-19049.0 -19035.0 
-19056.0 -18963.0 
-18785.0 -19292.0 
-18737.0 -19315.0 
-18859.0 -19209.0 
-18840.0 -19211.0 
-19066.0 -18962.0 
-18786.0 -19276.0 
-18996.0 -19043.0 
-19355.0 -18526.0 
-19295.0 -18653.0 
-19136.0 -18922.0 
-18867.0 -19188.0 
-19049.0 -19035.0 
-19066.0 -18962.0 
-18996.0 -19043.0 
-18996.0 -19043.0 
-19355.0 -18526.0 
-18867.0 -19188.0 
