-18535.0 -19470.0 
-19360.0 -18416.0 
-18535.0 -19470.0 
-19360.0 -18416.0 
-19285.0 -18683.0 
-19304.0 -18609.0 
-18635.0 -19445.0 
-19308.0 -18527.0 
-19341.0 -18490.0 
-18913.0 -19221.0 
-18716.0 -19394.0 
-18577.0 -19460.0 
-19349.0 -18421.0 
-19304.0 -18609.0 
-18802.0 -19309.0 
-18637.0 -19417.0 
-19246.0 -18704.0 
-18577.0 -19460.0 
-18667.0 -19411.0 
-18727.0 -19363.0 
-19071.0 -19002.0 
-18764.0 -19356.0 
-18922.0 -19179.0 
-18839.0 -19263.0 
-19228.0 -18758.0 
-19133.0 -18922.0 
-19154.0 -18889.0 
-18667.0 -19411.0 
-19228.0 -18758.0 
-18864.0 -19252.0 
-18833.0 -19302.0 
-19210.0 -18799.0 
-18874.0 -19226.0 
-18997.0 -19103.0 
-19001.0 -19083.0 
-19167.0 -18851.0 
-18829.0 -19304.0 
-19057.0 -19024.0 
-19084.0 -18973.0 
-19285.0 -18683.0 
-18722.0 -19369.0 
-19032.0 -19049.0 
-19140.0 -18896.0 
-19239.0 -18724.0 
-19064.0 -19013.0 
-19210.0 -18799.0 
-18866.0 -19228.0 
-19015.0 -19077.0 
-18938.0 -19176.0 
-18974.0 -19127.0 
-19341.0 -18490.0 
-18982.0 -19108.0 
-19175.0 -18849.0 
-19320.0 -18516.0 
-19027.0 -19061.0 
-19109.0 -18944.0 
-19239.0 -18724.0 
-19200.0 -18815.0 
-18782.0 -19323.0 
-19109.0 -18944.0 
-19097.0 -18960.0 
-19016.0 -19064.0 
-19099.0 -18945.0 
-19048.0 -19043.0 
-19133.0 -18922.0 
-19050.0 -19041.0 
-19246.0 -18704.0 
-19084.0 -18973.0 
-18975.0 -19111.0 
-18765.0 -19346.0 
-19320.0 -18516.0 
-18944.0 -19169.0 
-18780.0 -19331.0 
-19318.0 -18525.0 
-18948.0 -19161.0 
-18965.0 -19136.0 
-19186.0 -18826.0 
-18716.0 -19394.0 
-18850.0 -19262.0 
-19200.0 -18815.0 
-19154.0 -18889.0 
-19181.0 -18833.0 
-18952.0 -19153.0 
-18952.0 -19153.0 
-18850.0 -19262.0 
-19167.0 -18851.0 
-18635.0 -19445.0 
-18780.0 -19331.0 
-19186.0 -18826.0 
-18963.0 -19139.0 
-18963.0 -19139.0 
-18782.0 -19323.0 
-18913.0 -19221.0 
-18765.0 -19346.0 
-19140.0 -18896.0 
-19097.0 -18960.0 
-18874.0 -19226.0 
-19349.0 -18421.0 
-19181.0 -18833.0 
-18922.0 -19179.0 
