0.9999681260629061 0.0036088493472640325 
2.5331878539258668E-9 1.0067598499766348 
0.8118999975062899 0.1047085717671616 
0.6256617412939008 0.21453361076697225 
0.2612834369984779 0.4937852874711622 
0.6757010209702039 0.18201941879265038 
0.4567228906404566 0.3286854018341746 
0.8333494675618558 0.09105894706715388 
0.10837453360454156 0.6762440009055576 
0.3870319842904256 0.3826703021801913 
0.7786767538301393 0.12163465172294016 
0.4382166050891179 0.34419166080731317 
0.6967686505270326 0.1698167166192209 
0.3665180514308511 0.3992468985114392 
0.09563614654491931 0.6967398551412584 
0.8880094825744487 0.06420897723013448 
0.9252494629617163 0.04183459331793804 
0.9505307367481126 0.02846183612399114 
0.14294471562048047 0.6280735420806727 
0.15527786166913105 0.6120953548100587 
0.3212825395729115 0.43943068380773337 
0.6025479571295869 0.22822808277738676 
0.3082410622104162 0.449702981085267 
0.24159034073747107 0.5134598170979731 
0.6575316616850277 0.1934123951252909 
0.014894848234750346 0.8848075199168873 
0.7383952140145327 0.14582027782339096 
0.7214263214601586 0.15512096933669867 
0.22328707137832177 0.5339737577499505 
0.1187660234886743 0.6608935043661458 
0.07184928621561917 0.7383538313584215 
0.9676925361860085 0.01979172551340624 
0.0630928334327059 0.7548432354111282 
0.009714192158228246 0.9079359360594563 
0.175792477269098 0.5859980000696917 
0.21180091732621503 0.5517233760503049 
0.02785627337953284 0.839987331196141 
0.0027018888010542086 0.9548463495990813 
0.004859164038294783 0.9364313615276506 
0.18947204692610012 0.570101227092602 
0.7085769925737374 0.16212270110732574 
0.4725916500103761 0.31705181232679974 
0.1340880798214108 0.6397587155043297 
0.02178813000640145 0.8589959346239907 
0.08845049489191535 0.7086691708681491 
0.9032842271336875 0.05340753240245355 
0.33366247585642556 0.42667006215817654 
0.39819854070979926 0.37362171282311324 
0.8678796106192739 0.07227222693296706 
0.12689648827133748 0.6512283671772436 
0.750937348901006 0.13849000287828714 
0.0011062344978538495 0.9735201442933055 
0.5358347270650011 0.272508807417129 
0.27955208158016187 0.48207870141948084 
0.6475049611271474 0.20113104090364398 
0.2798118077127779 0.4766339808761829 
0.4262693039987647 0.3518286545885106 
0.5953639796897963 0.23265855862912188 
0.16386484807114504 0.6003332906269172 
0.4075092534578152 0.366366359281938 
3.779026950874731E-4 0.9886051972785981 
0.5626892622387877 0.2542971011575934 
0.036116200644767144 0.8162668602186789 
0.3591994223198531 0.40725561525652815 
0.007575676278367832 0.9195351253396062 
0.41922260229583985 0.3601311516790108 
0.018649883083524308 0.8699441450648896 
0.5514692039824862 0.2618966496113084 
0.348537588850663 0.4146352794798176 
0.03180013691610978 0.8277781002006848 
0.9867654993462772 0.010169172552803297 
0.5805263919587048 0.2422344624636421 
0.2947743713469028 0.4619536789057275 
0.04910499951529238 0.7845301076666028 
0.2027066694002962 0.5549446637372296 
0.9787090436422815 0.01406380388675856 
0.08583731187312577 0.7257633366157985 
0.19423887428545666 0.5643078731778761 
0.057633443383159774 0.7664495266703828 
0.8637038696995902 0.07635330100415454 
0.042318193930596076 0.8006801305513527 
0.34254970906493076 0.422584302687405 
0.5094876255247541 0.2906558966559518 
0.07836152946087788 0.7271771304241804 
0.17039545632076672 0.592658837894032 
0.5408125084866896 0.26907147525602265 
0.9001568978524216 0.054958996148686025 
0.4960209346612363 0.3001373258932768 
0.4842072453926018 0.3087113149759852 
0.29582622577203194 0.46182388609112995 
0.8494276368032323 0.08219639542371757 
0.5814661515714741 0.2417953616013335 
0.5194843876466044 0.2836423250012193 
0.041078054301836545 0.803638611532546 
0.23779617378542817 0.5173634176488044 
0.7630795505683106 0.13069685390329713 
0.9353308594154699 0.03642489460801043 
0.49436476179015026 0.3013385624399252 
0.8497478023484342 0.08195723048028845 
0.7747757442089516 0.12481014363133777 
