-19205.0 -18426.0 
-19205.0 -18426.0 
-18520.0 -19281.0 
-18520.0 -19281.0 
-19121.0 -18672.0 
-18567.0 -19279.0 
-18784.0 -19130.0 
-18665.0 -19211.0 
-18615.0 -19221.0 
-18928.0 -18975.0 
-19137.0 -18629.0 
-18749.0 -19142.0 
-18673.0 -19187.0 
-19113.0 -18715.0 
-19070.0 -18803.0 
-18911.0 -19019.0 
-18596.0 -19250.0 
-18797.0 -19080.0 
-19096.0 -18728.0 
-19073.0 -18766.0 
-19033.0 -18854.0 
-18596.0 -19250.0 
-19091.0 -18757.0 
-18740.0 -19161.0 
-18844.0 -19055.0 
-19000.0 -18885.0 
-18823.0 -19078.0 
-19129.0 -18640.0 
-18866.0 -19047.0 
-19192.0 -18454.0 
-19147.0 -18592.0 
-18990.0 -18912.0 
-19016.0 -18858.0 
-18567.0 -19279.0 
-18882.0 -19034.0 
-18697.0 -19184.0 
-18970.0 -18933.0 
-18719.0 -19167.0 
-19192.0 -18454.0 
-19100.0 -18721.0 
-19053.0 -18813.0 
-18669.0 -19209.0 
-18938.0 -18959.0 
-18946.0 -18956.0 
-19158.0 -18562.0 
-19167.0 -18528.0 
-19187.0 -18478.0 
-18793.0 -19116.0 
-18954.0 -18945.0 
-18882.0 -19034.0 
-19180.0 -18500.0 
-18610.0 -19233.0 
-19154.0 -18575.0 
-19162.0 -18552.0 
-18902.0 -19023.0 
-19174.0 -18507.0 
-18980.0 -18917.0 
-18930.0 -18970.0 
-19000.0 -18885.0 
-19014.0 -18869.0 
-19187.0 -18478.0 
-18866.0 -19047.0 
-19167.0 -18528.0 
-19149.0 -18580.0 
-18911.0 -19019.0 
-19085.0 -18760.0 
-18970.0 -18933.0 
-19147.0 -18592.0 
-18842.0 -19062.0 
-19046.0 -18826.0 
-19040.0 -18841.0 
-18795.0 -19095.0 
-18610.0 -19233.0 
-18749.0 -19142.0 
-18708.0 -19176.0 
-18902.0 -19023.0 
-18954.0 -18945.0 
-18708.0 -19176.0 
-19129.0 -18640.0 
-19074.0 -18761.0 
-18835.0 -19068.0 
-19040.0 -18841.0 
-19046.0 -18826.0 
-18719.0 -19167.0 
-18835.0 -19068.0 
-19053.0 -18813.0 
-19014.0 -18869.0 
-18795.0 -19095.0 
-18990.0 -18912.0 
-18980.0 -18917.0 
-18740.0 -19161.0 
-18823.0 -19078.0 
-18697.0 -19184.0 
-18793.0 -19116.0 
-19162.0 -18552.0 
-18615.0 -19221.0 
-19113.0 -18715.0 
-19180.0 -18500.0 
-19174.0 -18507.0 
-19070.0 -18803.0 
