-19080.0 -18743.0 
-19080.0 -18743.0 
-18534.0 -19364.0 
-18534.0 -19364.0 
-18859.0 -19103.0 
-19037.0 -18812.0 
-18864.0 -19046.0 
-19062.0 -18758.0 
-18691.0 -19260.0 
-18948.0 -18953.0 
-18938.0 -18998.0 
-18639.0 -19293.0 
-18969.0 -18937.0 
-19025.0 -18841.0 
-18994.0 -18861.0 
-18695.0 -19225.0 
-18599.0 -19310.0 
-18639.0 -19293.0 
-18880.0 -19029.0 
-18911.0 -19025.0 
-18673.0 -19272.0 
-18971.0 -18899.0 
-18755.0 -19180.0 
-19062.0 -18758.0 
-18827.0 -19109.0 
-18558.0 -19345.0 
-18787.0 -19126.0 
-18714.0 -19221.0 
-18673.0 -19272.0 
-18978.0 -18888.0 
-18993.0 -18883.0 
-18579.0 -19336.0 
-18558.0 -19345.0 
-18725.0 -19201.0 
-18778.0 -19164.0 
-18755.0 -19180.0 
-18739.0 -19198.0 
-18913.0 -19008.0 
-19027.0 -18815.0 
-18786.0 -19151.0 
-18594.0 -19321.0 
-18919.0 -19002.0 
-18948.0 -18953.0 
-18579.0 -19336.0 
-18814.0 -19116.0 
-18864.0 -19046.0 
-18599.0 -19310.0 
-19025.0 -18841.0 
-18880.0 -19029.0 
-18814.0 -19116.0 
-18778.0 -19164.0 
-18739.0 -19198.0 
-18994.0 -18861.0 
-18827.0 -19109.0 
-18594.0 -19321.0 
-18799.0 -19123.0 
-18799.0 -19123.0 
-18969.0 -18937.0 
-18714.0 -19221.0 
-18725.0 -19201.0 
-18938.0 -18998.0 
-18971.0 -18899.0 
-18783.0 -19155.0 
-18859.0 -19103.0 
-18919.0 -19002.0 
-18783.0 -19155.0 
-18695.0 -19225.0 
-19032.0 -18813.0 
-19032.0 -18813.0 
-18911.0 -19025.0 
-18993.0 -18883.0 
-18786.0 -19151.0 
-19027.0 -18815.0 
-19062.0 -18758.0 
-18558.0 -19345.0 
-18579.0 -19336.0 
-18599.0 -19310.0 
-19025.0 -18841.0 
-18814.0 -19116.0 
-18778.0 -19164.0 
-18827.0 -19109.0 
-18594.0 -19321.0 
-18799.0 -19123.0 
-18971.0 -18899.0 
-18859.0 -19103.0 
-18695.0 -19225.0 
-18786.0 -19151.0 
-19027.0 -18815.0 
-18799.0 -19123.0 
-19062.0 -18758.0 
-18799.0 -19123.0 
-18579.0 -19336.0 
-18971.0 -18899.0 
-18971.0 -18899.0 
-18579.0 -19336.0 
-18971.0 -18899.0 
-18859.0 -19103.0 
-19027.0 -18815.0 
-18579.0 -19336.0 
-18859.0 -19103.0 
