-19078.0 -18768.0 
-18235.0 -19531.0 
-19078.0 -18768.0 
-18235.0 -19531.0 
-18893.0 -19057.0 
-19011.0 -18914.0 
-18305.0 -19515.0 
-18922.0 -19021.0 
-18971.0 -18921.0 
-18390.0 -19471.0 
-18524.0 -19412.0 
-18482.0 -19417.0 
-19012.0 -18873.0 
-18305.0 -19515.0 
-19057.0 -18772.0 
-18428.0 -19453.0 
-18818.0 -19125.0 
-18606.0 -19335.0 
-18960.0 -18956.0 
-18633.0 -19309.0 
-18367.0 -19472.0 
-18472.0 -19436.0 
-18843.0 -19076.0 
-18565.0 -19382.0 
-18830.0 -19097.0 
-18423.0 -19459.0 
-18567.0 -19360.0 
-18457.0 -19445.0 
-18625.0 -19327.0 
-18339.0 -19498.0 
-19018.0 -18851.0 
-18775.0 -19166.0 
-18339.0 -19498.0 
-18359.0 -19495.0 
-18731.0 -19217.0 
-18840.0 -19094.0 
-18647.0 -19290.0 
-18598.0 -19346.0 
-18768.0 -19189.0 
-18645.0 -19305.0 
-18951.0 -18971.0 
-18364.0 -19487.0 
-18586.0 -19349.0 
-18722.0 -19236.0 
-18793.0 -19146.0 
-19027.0 -18843.0 
-18544.0 -19389.0 
-19040.0 -18798.0 
-18577.0 -19357.0 
-18474.0 -19422.0 
-18710.0 -19255.0 
-19032.0 -18834.0 
-19015.0 -18866.0 
-18700.0 -19261.0 
-18722.0 -19236.0 
-19040.0 -18798.0 
-18933.0 -18985.0 
-18551.0 -19383.0 
-18818.0 -19125.0 
-18858.0 -19072.0 
-18960.0 -18956.0 
-18661.0 -19284.0 
-18688.0 -19271.0 
-18544.0 -19389.0 
-19039.0 -18811.0 
-18524.0 -19412.0 
-18787.0 -19158.0 
-18674.0 -19274.0 
-18800.0 -19140.0 
-18951.0 -18971.0 
-18457.0 -19445.0 
-18800.0 -19140.0 
-18873.0 -19066.0 
-18691.0 -19265.0 
-18924.0 -19005.0 
-18863.0 -19069.0 
-19057.0 -18772.0 
-19039.0 -18811.0 
-18748.0 -19205.0 
-18748.0 -19205.0 
-18660.0 -19286.0 
-18873.0 -19066.0 
-18758.0 -19198.0 
-18933.0 -18985.0 
-18971.0 -18921.0 
-18710.0 -19255.0 
-18423.0 -19459.0 
-18758.0 -19198.0 
-18768.0 -19189.0 
-19032.0 -18834.0 
-18625.0 -19327.0 
-18674.0 -19274.0 
-18929.0 -18995.0 
-18775.0 -19166.0 
-18830.0 -19097.0 
-18735.0 -19215.0 
-18929.0 -18995.0 
-18735.0 -19215.0 
-18787.0 -19158.0 
-18924.0 -19005.0 
