-19351.0 -18439.0 
-18513.0 -19363.0 
-18624.0 -19351.0 
-19249.0 -18665.0 
-19302.0 -18443.0 
-18662.0 -19311.0 
-19277.0 -18496.0 
-19294.0 -18493.0 
-18864.0 -19183.0 
-19117.0 -18827.0 
-19269.0 -18565.0 
-19115.0 -18888.0 
-19161.0 -18769.0 
-19265.0 -18615.0 
-19195.0 -18718.0 
-19071.0 -18940.0 
-18944.0 -19078.0 
-18976.0 -19070.0 
-19269.0 -18565.0 
-19210.0 -18704.0 
-19210.0 -18704.0 
-19265.0 -18615.0 
-18700.0 -19285.0 
-18925.0 -19107.0 
-18735.0 -19281.0 
-19195.0 -18718.0 
-18925.0 -19107.0 
-19080.0 -18919.0 
-19017.0 -18982.0 
-19042.0 -18942.0 
-19000.0 -19015.0 
-18903.0 -19137.0 
-19145.0 -18772.0 
-19130.0 -18799.0 
-19107.0 -18902.0 
-19017.0 -18982.0 
-18798.0 -19229.0 
-19130.0 -18799.0 
-18876.0 -19156.0 
-19161.0 -18769.0 
-18801.0 -19203.0 
-18832.0 -19186.0 
-18979.0 -19041.0 
-19031.0 -18958.0 
-18889.0 -19138.0 
-19000.0 -19015.0 
-18826.0 -19190.0 
-19031.0 -18958.0 
-18876.0 -19156.0 
-19117.0 -18827.0 
-18944.0 -19078.0 
-18692.0 -19300.0 
-18681.0 -19306.0 
-19080.0 -18919.0 
-19107.0 -18902.0 
-18903.0 -19137.0 
-18988.0 -19029.0 
-18988.0 -19029.0 
-18826.0 -19190.0 
-19145.0 -18772.0 
-18681.0 -19306.0 
-19115.0 -18888.0 
-18799.0 -19215.0 
-18889.0 -19138.0 
-18979.0 -19041.0 
-18801.0 -19203.0 
-18692.0 -19300.0 
-19042.0 -18942.0 
-18799.0 -19215.0 
-18700.0 -19285.0 
-18976.0 -19070.0 
-18832.0 -19186.0 
-18735.0 -19281.0 
-18798.0 -19229.0 
-18944.0 -19078.0 
-18988.0 -19029.0 
-18681.0 -19306.0 
-19115.0 -18888.0 
-18801.0 -19203.0 
-18692.0 -19300.0 
-19042.0 -18942.0 
-18832.0 -19186.0 
-18988.0 -19029.0 
-18832.0 -19186.0 
-18832.0 -19186.0 
-18692.0 -19300.0 
-19182.0 -18751.0 
-19024.0 -18960.0 
-19302.0 -18443.0 
-18774.0 -19280.0 
-19269.0 -18565.0 
-19265.0 -18615.0 
-18876.0 -19156.0 
-19017.0 -18982.0 
-18910.0 -19116.0 
-18889.0 -19138.0 
-18876.0 -19156.0 
-19042.0 -18942.0 
-18826.0 -19190.0 
-19144.0 -18373.0 
