-18154.0 -18483.0 
-18154.0 -18483.0 
-18200.0 -18314.0 
-18002.0 -18521.0 
-17994.0 -18594.0 
-18457.0 -18218.0 
-18092.0 -18463.0 
-18128.0 -18443.0 
-18138.0 -18294.0 
-18148.0 -18270.0 
-18166.0 -18262.0 
-17877.0 -18511.0 
-17877.0 -18511.0 
-17825.0 -18575.0 
-17715.0 -18579.0 
-18306.0 -18180.0 
-18357.0 -18143.0 
-18167.0 -18213.0 
-17910.0 -18457.0 
-18107.0 -18308.0 
-18081.0 -18433.0 
-18086.0 -18414.0 
-18130.0 -18229.0 
-17843.0 -18500.0 
-17726.0 -18503.0 
-17726.0 -18503.0 
-17581.0 -18511.0 
-18240.0 -18156.0 
-18264.0 -18090.0 
-18297.0 -17986.0 
-18162.0 -18200.0 
-18017.0 -18422.0 
-18057.0 -18311.0 
-18057.0 -18311.0 
-18070.0 -18269.0 
-18130.0 -18219.0 
-18085.0 -18227.0 
-17826.0 -18477.0 
-17837.0 -18445.0 
-17837.0 -18445.0 
-17825.0 -18479.0 
-17517.0 -18510.0 
-18175.0 -18117.0 
-18208.0 -18116.0 
-18261.0 -17968.0 
-18261.0 -17968.0 
-18149.0 -18187.0 
-18014.0 -18357.0 
-18009.0 -18397.0 
-17995.0 -18414.0 
-18024.0 -18281.0 
-18063.0 -18261.0 
-18066.0 -18229.0 
-18073.0 -18205.0 
-17530.0 -18474.0 
-17823.0 -18467.0 
-17464.0 -18479.0 
-18171.0 -18045.0 
-18238.0 -17898.0 
-18110.0 -18179.0 
-18143.0 -18086.0 
-17957.0 -18405.0 
-17960.0 -18321.0 
-17987.0 -18283.0 
-17987.0 -18283.0 
-18023.0 -18265.0 
-18066.0 -18224.0 
-18069.0 -18189.0 
-17813.0 -18416.0 
-17763.0 -18436.0 
-17685.0 -18449.0 
-17793.0 -18419.0 
-18146.0 -17948.0 
-18206.0 -17894.0 
-18106.0 -18119.0 
-18084.0 -18127.0 
-18084.0 -18127.0 
-18084.0 -18127.0 
-18084.0 -18127.0 
-18084.0 -18127.0 
-18084.0 -18127.0 
-18084.0 -18127.0 
-18084.0 -18127.0 
-18084.0 -18127.0 
-17816.0 -18385.0 
-17852.0 -18379.0 
-17946.0 -18346.0 
-17924.0 -18363.0 
-17984.0 -18265.0 
-18010.0 -18229.0 
-18036.0 -18190.0 
-18057.0 -18181.0 
-17704.0 -18421.0 
-17658.0 -18448.0 
-17726.0 -18396.0 
-18134.0 -17911.0 
-18136.0 -17577.0 
-18098.0 -18084.0 
-18101.0 -17998.0 
-18106.0 -17917.0 
