-19768.0 -19137.0 
-19768.0 -19137.0 
-18989.0 -20058.0 
-18989.0 -20058.0 
-19184.0 -19951.0 
-19061.0 -20032.0 
-19236.0 -19921.0 
-19434.0 -19739.0 
-19657.0 -19412.0 
-19105.0 -19995.0 
-19744.0 -19224.0 
-19149.0 -19954.0 
-19753.0 -19176.0 
-19328.0 -19824.0 
-19039.0 -20037.0 
-19237.0 -19897.0 
-19493.0 -19681.0 
-19400.0 -19760.0 
-19355.0 -19816.0 
-19092.0 -20013.0 
-19551.0 -19601.0 
-19553.0 -19571.0 
-19268.0 -19882.0 
-19325.0 -19846.0 
-19753.0 -19176.0 
-19687.0 -19345.0 
-19039.0 -20037.0 
-19683.0 -19383.0 
-19400.0 -19760.0 
-19524.0 -19639.0 
-19698.0 -19320.0 
-19589.0 -19513.0 
-19127.0 -19980.0 
-19744.0 -19224.0 
-19273.0 -19869.0 
-19439.0 -19723.0 
-19291.0 -19868.0 
-19371.0 -19789.0 
-19308.0 -19850.0 
-19695.0 -19337.0 
-19581.0 -19541.0 
-19505.0 -19650.0 
-19613.0 -19489.0 
-19723.0 -19255.0 
-19526.0 -19620.0 
-19092.0 -20013.0 
-19628.0 -19447.0 
-19707.0 -19286.0 
-19510.0 -19644.0 
-19381.0 -19779.0 
-19601.0 -19507.0 
-19468.0 -19698.0 
-19620.0 -19467.0 
-19676.0 -19389.0 
-19493.0 -19681.0 
-19236.0 -19921.0 
-19460.0 -19706.0 
-19381.0 -19779.0 
-19573.0 -19558.0 
-19723.0 -19255.0 
-19127.0 -19980.0 
-19371.0 -19789.0 
-19676.0 -19389.0 
-19620.0 -19467.0 
-19139.0 -19964.0 
-19539.0 -19607.0 
-19355.0 -19816.0 
-19712.0 -19275.0 
-19581.0 -19541.0 
-19613.0 -19489.0 
-19704.0 -19305.0 
-19640.0 -19441.0 
-19646.0 -19430.0 
-19139.0 -19964.0 
-19308.0 -19850.0 
-19646.0 -19430.0 
-19439.0 -19723.0 
-19460.0 -19706.0 
-19705.0 -19303.0 
-19562.0 -19562.0 
-19539.0 -19607.0 
-19291.0 -19868.0 
-19268.0 -19882.0 
-19468.0 -19698.0 
-19505.0 -19650.0 
-19601.0 -19507.0 
-19720.0 -19260.0 
-19465.0 -19700.0 
-19711.0 -19276.0 
-19237.0 -19897.0 
-19628.0 -19447.0 
-19589.0 -19513.0 
-19526.0 -19620.0 
-19562.0 -19562.0 
-19720.0 -19260.0 
-19573.0 -19558.0 
-19640.0 -19441.0 
-19687.0 -19345.0 
-19683.0 -19383.0 
-19460.0 -19706.0 
