-19153.0 -20030.0 
-19153.0 -20030.0 
-19881.0 -19127.0 
-19881.0 -19127.0 
-19253.0 -19946.0 
-19733.0 -19391.0 
-19801.0 -19233.0 
-19740.0 -19342.0 
-19829.0 -19214.0 
-19657.0 -19499.0 
-19763.0 -19341.0 
-19669.0 -19443.0 
-19310.0 -19919.0 
-19184.0 -19990.0 
-19400.0 -19849.0 
-19219.0 -19983.0 
-19326.0 -19910.0 
-19269.0 -19943.0 
-19634.0 -19530.0 
-19799.0 -19264.0 
-19696.0 -19434.0 
-19661.0 -19459.0 
-19841.0 -19141.0 
-19839.0 -19176.0 
-19716.0 -19402.0 
-19503.0 -19720.0 
-19219.0 -19983.0 
-19544.0 -19651.0 
-19417.0 -19823.0 
-19310.0 -19919.0 
-19269.0 -19943.0 
-19598.0 -19556.0 
-19782.0 -19295.0 
-19373.0 -19853.0 
-19184.0 -19990.0 
-19839.0 -19176.0 
-19507.0 -19699.0 
-19597.0 -19584.0 
-19466.0 -19750.0 
-19853.0 -19137.0 
-19782.0 -19295.0 
-19634.0 -19530.0 
-19327.0 -19885.0 
-19657.0 -19499.0 
-19355.0 -19871.0 
-19471.0 -19729.0 
-19799.0 -19264.0 
-19716.0 -19402.0 
-19527.0 -19653.0 
-19829.0 -19214.0 
-19421.0 -19788.0 
-19444.0 -19766.0 
-19359.0 -19861.0 
-19417.0 -19823.0 
-19522.0 -19656.0 
-19617.0 -19538.0 
-19428.0 -19779.0 
-19698.0 -19428.0 
-19698.0 -19428.0 
-19511.0 -19690.0 
-19567.0 -19607.0 
-19490.0 -19724.0 
-19203.0 -19986.0 
-19200.0 -19987.0 
-19611.0 -19546.0 
-19579.0 -19598.0 
-19467.0 -19730.0 
-19519.0 -19686.0 
-19548.0 -19634.0 
-19771.0 -19317.0 
-19590.0 -19596.0 
-19607.0 -19553.0 
-19664.0 -19457.0 
-19448.0 -19762.0 
-19400.0 -19849.0 
-19853.0 -19137.0 
-19557.0 -19610.0 
-19420.0 -19800.0 
-19572.0 -19601.0 
-19331.0 -19880.0 
-19373.0 -19853.0 
-19490.0 -19724.0 
-19548.0 -19634.0 
-19592.0 -19588.0 
-19341.0 -19879.0 
-19773.0 -19312.0 
-19520.0 -19674.0 
-19433.0 -19774.0 
-19341.0 -19879.0 
-19457.0 -19757.0 
-19556.0 -19618.0 
-19556.0 -19618.0 
-19773.0 -19312.0 
-19457.0 -19757.0 
-19420.0 -19800.0 
-19617.0 -19538.0 
-19357.0 -19863.0 
-19771.0 -19317.0 
-19520.0 -19674.0 
-19433.0 -19774.0 
