-20338.0 -21478.0 
-20993.0 -20993.0 
-20338.0 -21478.0 
-20543.0 -21385.0 
-20587.0 -21351.0 
-20758.0 -21229.0 
-20980.0 -21052.0 
-20804.0 -21174.0 
-20692.0 -21273.0 
-20374.0 -21472.0 
-20472.0 -21396.0 
-20842.0 -21157.0 
-20389.0 -21449.0 
-20643.0 -21287.0 
-20599.0 -21317.0 
-20763.0 -21194.0 
-20692.0 -21273.0 
-20956.0 -21062.0 
-20758.0 -21229.0 
-20877.0 -21139.0 
-20445.0 -21418.0 
-20844.0 -21140.0 
-20543.0 -21385.0 
-20597.0 -21340.0 
-20463.0 -21409.0 
-20400.0 -21432.0 
-20787.0 -21191.0 
-20661.0 -21276.0 
-20429.0 -21429.0 
-20619.0 -21303.0 
-20619.0 -21303.0 
-20901.0 -21127.0 
-20980.0 -21052.0 
-20472.0 -21396.0 
-20661.0 -21276.0 
-20787.0 -21191.0 
-20429.0 -21429.0 
-20400.0 -21432.0 
-20763.0 -21194.0 
-20901.0 -21127.0 
-20945.0 -21120.0 
-20897.0 -21134.0 
-20945.0 -21077.0 
-20945.0 -21077.0 
-20940.0 -21079.0 
-20903.0 -21112.0 
-20903.0 -21112.0 
-20910.0 -21098.0 
-20926.0 -21094.0 
-20926.0 -21094.0 
-20919.0 -21095.0 
-20910.0 -21098.0 
-20919.0 -21095.0 
-20945.0 -21077.0 
-20903.0 -21112.0 
-20919.0 -21095.0 
-20945.0 -21077.0 
-20945.0 -21077.0 
-20945.0 -21077.0 
-20945.0 -21077.0 
-20945.0 -21077.0 
-20945.0 -21077.0 
-20945.0 -21077.0 
-20945.0 -21077.0 
-20945.0 -21077.0 
-20945.0 -21077.0 
-20945.0 -21077.0 
-20945.0 -21077.0 
-20945.0 -21077.0 
-20945.0 -21077.0 
-20945.0 -21077.0 
-20945.0 -21077.0 
-20945.0 -21077.0 
-20945.0 -21077.0 
-20945.0 -21077.0 
-20919.0 -21095.0 
-20945.0 -21077.0 
-20945.0 -21077.0 
-20945.0 -21077.0 
-20945.0 -21077.0 
-20945.0 -21077.0 
-20945.0 -21077.0 
-20945.0 -21077.0 
-20945.0 -21077.0 
-20945.0 -21077.0 
-20945.0 -21077.0 
-20945.0 -21077.0 
-20945.0 -21077.0 
-20945.0 -21077.0 
-20945.0 -21077.0 
-20945.0 -21077.0 
-20945.0 -21077.0 
-20945.0 -21077.0 
-20945.0 -21077.0 
-20945.0 -21077.0 
-20945.0 -21077.0 
-20945.0 -21077.0 
-20890.0 -21128.0 
-20890.0 -21128.0 
-20890.0 -21128.0 
