-19250.0 -18516.0 
-18122.0 -19577.0 
-18122.0 -19577.0 
-19250.0 -18516.0 
-19228.0 -18687.0 
-18556.0 -19365.0 
-18619.0 -19350.0 
-19046.0 -18906.0 
-18529.0 -19404.0 
-18471.0 -19409.0 
-19186.0 -18692.0 
-18239.0 -19552.0 
-18839.0 -19142.0 
-18195.0 -19554.0 
-19047.0 -18860.0 
-19090.0 -18802.0 
-18338.0 -19497.0 
-19132.0 -18782.0 
-18347.0 -19474.0 
-18978.0 -18953.0 
-19122.0 -18791.0 
-18281.0 -19520.0 
-18637.0 -19299.0 
-18469.0 -19425.0 
-18181.0 -19565.0 
-19133.0 -18739.0 
-18967.0 -18982.0 
-18924.0 -19030.0 
-18855.0 -19126.0 
-18651.0 -19253.0 
-18135.0 -19572.0 
-18787.0 -19171.0 
-18777.0 -19192.0 
-19154.0 -18724.0 
-18378.0 -19473.0 
-19078.0 -18827.0 
-19154.0 -18724.0 
-18267.0 -19523.0 
-18898.0 -19042.0 
-18735.0 -19204.0 
-19063.0 -18846.0 
-18310.0 -19505.0 
-18644.0 -19290.0 
-18855.0 -19126.0 
-18879.0 -19091.0 
-18879.0 -19091.0 
-18441.0 -19438.0 
-19087.0 -18824.0 
-18404.0 -19451.0 
-18310.0 -19505.0 
-19186.0 -18692.0 
-19140.0 -18737.0 
-19011.0 -18917.0 
-18535.0 -19390.0 
-18721.0 -19218.0 
-18967.0 -18982.0 
-18619.0 -19350.0 
-18797.0 -19164.0 
-18425.0 -19449.0 
-18535.0 -19390.0 
-18673.0 -19244.0 
-18267.0 -19523.0 
-18763.0 -19195.0 
-18982.0 -18936.0 
-19055.0 -18847.0 
-18944.0 -19004.0 
-18814.0 -19157.0 
-18239.0 -19552.0 
-18441.0 -19438.0 
-18944.0 -19004.0 
-18892.0 -19060.0 
-18703.0 -19225.0 
-18937.0 -19010.0 
-18685.0 -19235.0 
-18637.0 -19299.0 
-19228.0 -18687.0 
-18395.0 -19457.0 
-18882.0 -19076.0 
-18908.0 -19033.0 
-18993.0 -18920.0 
-18703.0 -19225.0 
-18650.0 -19271.0 
-18811.0 -19162.0 
-18763.0 -19195.0 
-18395.0 -19457.0 
-18892.0 -19060.0 
-18685.0 -19235.0 
-18728.0 -19215.0 
-18673.0 -19244.0 
-18181.0 -19565.0 
-18650.0 -19271.0 
-19009.0 -18918.0 
-18990.0 -18935.0 
-18135.0 -19572.0 
-18882.0 -19076.0 
-18937.0 -19010.0 
-18992.0 -18926.0 
-18814.0 -19157.0 
-18729.0 -19205.0 
-18425.0 -19449.0 
