-18504.0 -19524.0 
-19447.0 -18287.0 
-19326.0 -18624.0 
-19000.0 -19107.0 
-19213.0 -18862.0 
-19304.0 -18687.0 
-19252.0 -18752.0 
-19395.0 -18425.0 
-19174.0 -18872.0 
-19395.0 -18425.0 
-19363.0 -18505.0 
-19373.0 -18497.0 
-19151.0 -18873.0 
-19219.0 -18788.0 
-19415.0 -18318.0 
-19336.0 -18581.0 
-18637.0 -19455.0 
-19409.0 -18356.0 
-18733.0 -19385.0 
-18569.0 -19498.0 
-19144.0 -18916.0 
-18766.0 -19356.0 
-18536.0 -19522.0 
-18699.0 -19391.0 
-19050.0 -19030.0 
-18921.0 -19170.0 
-18890.0 -19215.0 
-18862.0 -19227.0 
-18941.0 -19133.0 
-19270.0 -18695.0 
-18914.0 -19196.0 
-19227.0 -18760.0 
-19409.0 -18356.0 
-19350.0 -18553.0 
-19044.0 -19062.0 
-18807.0 -19298.0 
-18780.0 -19316.0 
-19098.0 -18985.0 
-18804.0 -19315.0 
-19026.0 -19081.0 
-18963.0 -19129.0 
-18602.0 -19463.0 
-18963.0 -19129.0 
-18838.0 -19279.0 
-18679.0 -19412.0 
-19026.0 -19081.0 
-18733.0 -19385.0 
-18644.0 -19423.0 
-18889.0 -19226.0 
-19267.0 -18710.0 
-18536.0 -19522.0 
-19125.0 -18932.0 
-19090.0 -19010.0 
-19075.0 -19021.0 
-18766.0 -19356.0 
-18583.0 -19468.0 
-19415.0 -18318.0 
-18570.0 -19472.0 
-18827.0 -19290.0 
-19304.0 -18687.0 
-19373.0 -18497.0 
-18858.0 -19246.0 
-18679.0 -19412.0 
-18939.0 -19158.0 
-19267.0 -18710.0 
-18845.0 -19263.0 
-18602.0 -19463.0 
-18699.0 -19391.0 
-19350.0 -18553.0 
-19125.0 -18932.0 
-18657.0 -19421.0 
-18776.0 -19333.0 
-19075.0 -19021.0 
-18776.0 -19333.0 
-18914.0 -19196.0 
-19044.0 -19062.0 
-18845.0 -19263.0 
-18657.0 -19421.0 
-19344.0 -18568.0 
-18569.0 -19498.0 
-19144.0 -18916.0 
-19226.0 -18775.0 
-18827.0 -19290.0 
-18858.0 -19246.0 
-19090.0 -19010.0 
-19344.0 -18568.0 
-19219.0 -18788.0 
-18935.0 -19160.0 
-19213.0 -18862.0 
-18637.0 -19455.0 
-19050.0 -19030.0 
-18935.0 -19160.0 
-19226.0 -18775.0 
-18577.0 -19471.0 
-19270.0 -18695.0 
-18644.0 -19423.0 
-18577.0 -19471.0 
-19373.0 -18497.0 
-19108.0 -18972.0 
-19255.0 -18359.0 
