-19327.0 -18478.0 
-18493.0 -19489.0 
-18493.0 -19489.0 
-19327.0 -18478.0 
-19284.0 -18616.0 
-18589.0 -19484.0 
-19252.0 -18737.0 
-19271.0 -18700.0 
-19192.0 -18896.0 
-19198.0 -18833.0 
-19240.0 -18777.0 
-19303.0 -18593.0 
-18633.0 -19464.0 
-19136.0 -18911.0 
-19311.0 -18536.0 
-19201.0 -18808.0 
-19068.0 -19006.0 
-19031.0 -19105.0 
-19318.0 -18523.0 
-19271.0 -18700.0 
-18991.0 -19128.0 
-18887.0 -19254.0 
-18745.0 -19357.0 
-18907.0 -19229.0 
-18801.0 -19330.0 
-19132.0 -18943.0 
-18762.0 -19355.0 
-18888.0 -19231.0 
-19157.0 -18905.0 
-18725.0 -19397.0 
-18681.0 -19420.0 
-19007.0 -19108.0 
-18815.0 -19327.0 
-18762.0 -19355.0 
-19106.0 -18960.0 
-18850.0 -19280.0 
-18971.0 -19142.0 
-18671.0 -19428.0 
-19221.0 -18784.0 
-18963.0 -19167.0 
-18832.0 -19288.0 
-18641.0 -19436.0 
-18801.0 -19330.0 
-19099.0 -18992.0 
-18612.0 -19471.0 
-18927.0 -19201.0 
-18700.0 -19400.0 
-18870.0 -19261.0 
-19091.0 -19000.0 
-19037.0 -19085.0 
-19037.0 -19085.0 
-19055.0 -19040.0 
-18863.0 -19271.0 
-18612.0 -19471.0 
-19157.0 -18905.0 
-18945.0 -19180.0 
-19219.0 -18796.0 
-18927.0 -19201.0 
-18589.0 -19484.0 
-19050.0 -19057.0 
-19303.0 -18593.0 
-18823.0 -19311.0 
-19050.0 -19057.0 
-18838.0 -19286.0 
-18740.0 -19380.0 
-18823.0 -19311.0 
-18653.0 -19431.0 
-18907.0 -19229.0 
-18735.0 -19394.0 
-18967.0 -19163.0 
-19002.0 -19117.0 
-18945.0 -19180.0 
-19117.0 -18954.0 
-19117.0 -18954.0 
-19318.0 -18523.0 
-19054.0 -19041.0 
-19311.0 -18536.0 
-19068.0 -19006.0 
-18935.0 -19192.0 
-18693.0 -19407.0 
-18693.0 -19407.0 
-18935.0 -19192.0 
-18740.0 -19380.0 
-18971.0 -19142.0 
-18864.0 -19262.0 
-18653.0 -19431.0 
-18995.0 -19119.0 
-19055.0 -19040.0 
-19099.0 -18992.0 
-19192.0 -18896.0 
-19132.0 -18943.0 
-19091.0 -19000.0 
-18641.0 -19436.0 
-19106.0 -18960.0 
-19219.0 -18796.0 
-18700.0 -19400.0 
-18735.0 -19394.0 
-18967.0 -19163.0 
-18995.0 -19119.0 
-19091.0 -19000.0 
