-19587.0 -20429.0 
-20118.0 -19794.0 
-19587.0 -20429.0 
-20118.0 -19794.0 
-20088.0 -19968.0 
-20095.0 -19843.0 
-19898.0 -20211.0 
-19874.0 -20232.0 
-19650.0 -20393.0 
-20047.0 -19979.0 
-19802.0 -20337.0 
-19746.0 -20359.0 
-19631.0 -20422.0 
-19816.0 -20288.0 
-20019.0 -20055.0 
-19814.0 -20332.0 
-20111.0 -19832.0 
-19691.0 -20392.0 
-19993.0 -20107.0 
-19738.0 -20372.0 
-20044.0 -20002.0 
-20002.0 -20074.0 
-19704.0 -20384.0 
-19909.0 -20161.0 
-20021.0 -20021.0 
-19833.0 -20280.0 
-19996.0 -20077.0 
-19954.0 -20152.0 
-19973.0 -20117.0 
-19802.0 -20337.0 
-19963.0 -20146.0 
-19928.0 -20156.0 
-19842.0 -20262.0 
-19904.0 -20185.0 
-19904.0 -20185.0 
-19644.0 -20408.0 
-19704.0 -20384.0 
-19746.0 -20359.0 
-19928.0 -20156.0 
-19966.0 -20130.0 
-20044.0 -20002.0 
-19742.0 -20361.0 
-19631.0 -20422.0 
-19854.0 -20257.0 
-20020.0 -20034.0 
-19861.0 -20243.0 
-19644.0 -20408.0 
-20021.0 -20021.0 
-20111.0 -19832.0 
-20095.0 -19843.0 
-19833.0 -20280.0 
-19973.0 -20117.0 
-19738.0 -20372.0 
-19966.0 -20130.0 
-19691.0 -20392.0 
-19842.0 -20262.0 
-19954.0 -20152.0 
-19861.0 -20243.0 
-20047.0 -19979.0 
-20020.0 -20034.0 
-19993.0 -20107.0 
-19858.0 -20249.0 
-19909.0 -20161.0 
-19858.0 -20249.0 
-19816.0 -20288.0 
-19854.0 -20257.0 
-19814.0 -20332.0 
-19996.0 -20077.0 
-20118.0 -19794.0 
-19587.0 -20429.0 
-19802.0 -20337.0 
-19691.0 -20392.0 
-19644.0 -20408.0 
-19904.0 -20185.0 
-19704.0 -20384.0 
-19746.0 -20359.0 
-19928.0 -20156.0 
-20044.0 -20002.0 
-19631.0 -20422.0 
-20021.0 -20021.0 
-20111.0 -19832.0 
-20095.0 -19843.0 
-19973.0 -20117.0 
-19738.0 -20372.0 
-19966.0 -20130.0 
-19842.0 -20262.0 
-19954.0 -20152.0 
-20047.0 -19979.0 
-19861.0 -20243.0 
-20020.0 -20034.0 
-19909.0 -20161.0 
-19858.0 -20249.0 
-19816.0 -20288.0 
-19854.0 -20257.0 
-19996.0 -20077.0 
-20118.0 -19794.0 
-19587.0 -20429.0 
-19802.0 -20337.0 
-19861.0 -20243.0 
-19691.0 -20392.0 
