-20162.0 -19757.0 
-19369.0 -20551.0 
-19369.0 -20551.0 
-20162.0 -19757.0 
-19643.0 -20422.0 
-19604.0 -20450.0 
-19453.0 -20516.0 
-19394.0 -20531.0 
-19536.0 -20469.0 
-19744.0 -20360.0 
-19604.0 -20450.0 
-19536.0 -20469.0 
-20048.0 -20034.0 
-19472.0 -20491.0 
-19701.0 -20372.0 
-20132.0 -19833.0 
-20092.0 -19957.0 
-19954.0 -20128.0 
-20157.0 -19795.0 
-19996.0 -20112.0 
-19498.0 -20471.0 
-19786.0 -20310.0 
-20147.0 -19821.0 
-19394.0 -20531.0 
-19973.0 -20127.0 
-19815.0 -20305.0 
-19478.0 -20474.0 
-20020.0 -20044.0 
-19666.0 -20414.0 
-20070.0 -19974.0 
-20131.0 -19857.0 
-19686.0 -20381.0 
-19453.0 -20516.0 
-20113.0 -19883.0 
-19820.0 -20289.0 
-19679.0 -20401.0 
-20011.0 -20061.0 
-19869.0 -20235.0 
-19911.0 -20198.0 
-19927.0 -20192.0 
-19881.0 -20232.0 
-20157.0 -19795.0 
-20058.0 -20005.0 
-20006.0 -20083.0 
-19898.0 -20213.0 
-20099.0 -19930.0 
-20104.0 -19911.0 
-19948.0 -20150.0 
-19863.0 -20246.0 
-19909.0 -20206.0 
-19701.0 -20372.0 
-19833.0 -20287.0 
-20060.0 -19988.0 
-20058.0 -20005.0 
-20070.0 -19974.0 
-19755.0 -20341.0 
-19855.0 -20269.0 
-19981.0 -20116.0 
-20104.0 -19911.0 
-20018.0 -20052.0 
-19898.0 -20213.0 
-19770.0 -20322.0 
-20119.0 -19871.0 
-19941.0 -20158.0 
-20092.0 -19957.0 
-20102.0 -19928.0 
-19744.0 -20360.0 
-19477.0 -20487.0 
-19498.0 -20471.0 
-19851.0 -20273.0 
-19755.0 -20341.0 
-20147.0 -19821.0 
-19786.0 -20310.0 
-19666.0 -20414.0 
-20113.0 -19883.0 
-19816.0 -20303.0 
-19939.0 -20165.0 
-19929.0 -20184.0 
-19833.0 -20287.0 
-19881.0 -20232.0 
-20048.0 -20034.0 
-19679.0 -20401.0 
-20119.0 -19871.0 
-19863.0 -20246.0 
-19770.0 -20322.0 
-19929.0 -20184.0 
-20006.0 -20083.0 
-19763.0 -20330.0 
-19851.0 -20273.0 
-19939.0 -20165.0 
-19763.0 -20330.0 
-19686.0 -20381.0 
-20060.0 -19988.0 
-20008.0 -20075.0 
-20131.0 -19857.0 
-19996.0 -20112.0 
-19948.0 -20150.0 
-19855.0 -20269.0 
-19981.0 -20116.0 
-20020.0 -20044.0 
