-18352.0 -19464.0 
-19056.0 -18808.0 
-18352.0 -19464.0 
-19056.0 -18808.0 
-18565.0 -19412.0 
-18539.0 -19421.0 
-18899.0 -19113.0 
-18919.0 -19072.0 
-18940.0 -19063.0 
-18481.0 -19426.0 
-18463.0 -19448.0 
-19010.0 -18926.0 
-18841.0 -19167.0 
-18952.0 -19000.0 
-19018.0 -18863.0 
-18410.0 -19459.0 
-18760.0 -19267.0 
-18800.0 -19236.0 
-18410.0 -19459.0 
-18848.0 -19130.0 
-18607.0 -19390.0 
-18630.0 -19381.0 
-19035.0 -18828.0 
-18607.0 -19390.0 
-18821.0 -19172.0 
-18630.0 -19381.0 
-18803.0 -19209.0 
-18881.0 -19125.0 
-18764.0 -19239.0 
-18816.0 -19196.0 
-18663.0 -19356.0 
-19035.0 -18828.0 
-18673.0 -19345.0 
-18957.0 -18979.0 
-18676.0 -19316.0 
-18852.0 -19126.0 
-18977.0 -18976.0 
-18663.0 -19356.0 
-19001.0 -18954.0 
-18463.0 -19448.0 
-18985.0 -18964.0 
-18761.0 -19243.0 
-19021.0 -18852.0 
-18956.0 -18989.0 
-19021.0 -18852.0 
-18952.0 -19000.0 
-18481.0 -19426.0 
-18940.0 -19063.0 
-19004.0 -18927.0 
-19018.0 -18863.0 
-18881.0 -19125.0 
-18816.0 -19196.0 
-18985.0 -18964.0 
-18760.0 -19267.0 
-18803.0 -19209.0 
-19002.0 -18941.0 
-19002.0 -18941.0 
-18679.0 -19315.0 
-18669.0 -19351.0 
-19001.0 -18954.0 
-18977.0 -18976.0 
-18821.0 -19172.0 
-18673.0 -19345.0 
-18669.0 -19351.0 
-19010.0 -18926.0 
-18679.0 -19315.0 
-18800.0 -19236.0 
-18764.0 -19239.0 
-18761.0 -19243.0 
-18852.0 -19126.0 
-18676.0 -19316.0 
-19004.0 -18927.0 
-18607.0 -19390.0 
-18952.0 -19000.0 
-18940.0 -19063.0 
-19018.0 -18863.0 
-19001.0 -18954.0 
-18977.0 -18976.0 
-18821.0 -19172.0 
-18800.0 -19236.0 
-18852.0 -19126.0 
-19004.0 -18927.0 
-19018.0 -18863.0 
-18977.0 -18976.0 
-18977.0 -18976.0 
-19018.0 -18863.0 
-18945.0 -19021.0 
-18728.0 -19268.0 
-18821.0 -19172.0 
-18727.0 -19303.0 
-18952.0 -19000.0 
-18463.0 -19448.0 
-18852.0 -19126.0 
-19018.0 -18863.0 
-18821.0 -19172.0 
-18663.0 -19356.0 
-18512.0 -19376.0 
-18771.0 -19221.0 
-19008.0 -18842.0 
-18635.0 -19312.0 
