-18419.0 -19429.0 
-18419.0 -19429.0 
-18979.0 -18770.0 
-18979.0 -18770.0 
-18947.0 -18936.0 
-18952.0 -18823.0 
-18909.0 -18939.0 
-18878.0 -19045.0 
-18891.0 -19022.0 
-18841.0 -19096.0 
-18520.0 -19379.0 
-18854.0 -19058.0 
-18485.0 -19389.0 
-18454.0 -19413.0 
-18906.0 -18985.0 
-18952.0 -18823.0 
-18594.0 -19330.0 
-18454.0 -19413.0 
-18894.0 -18986.0 
-18808.0 -19120.0 
-18700.0 -19228.0 
-18786.0 -19124.0 
-18485.0 -19389.0 
-18671.0 -19245.0 
-18808.0 -19120.0 
-18777.0 -19145.0 
-18543.0 -19349.0 
-18608.0 -19305.0 
-18700.0 -19228.0 
-18720.0 -19213.0 
-18841.0 -19096.0 
-18759.0 -19163.0 
-18520.0 -19379.0 
-18759.0 -19163.0 
-18570.0 -19342.0 
-18570.0 -19342.0 
-18730.0 -19196.0 
-18777.0 -19145.0 
-18594.0 -19330.0 
-18854.0 -19058.0 
-18644.0 -19279.0 
-18543.0 -19349.0 
-18644.0 -19279.0 
-18720.0 -19213.0 
-18627.0 -19299.0 
-18671.0 -19245.0 
-18627.0 -19299.0 
-18745.0 -19180.0 
-18742.0 -19188.0 
-18622.0 -19304.0 
-18553.0 -19348.0 
-18651.0 -19271.0 
-18662.0 -19262.0 
-18745.0 -19180.0 
-18730.0 -19196.0 
-18553.0 -19348.0 
-18608.0 -19305.0 
-18651.0 -19271.0 
-18664.0 -19254.0 
-18786.0 -19124.0 
-18742.0 -19188.0 
-18662.0 -19262.0 
-18664.0 -19254.0 
-18947.0 -18936.0 
-18622.0 -19304.0 
-18909.0 -18939.0 
-18906.0 -18985.0 
-18894.0 -18986.0 
-18485.0 -19389.0 
-18808.0 -19120.0 
-18700.0 -19228.0 
-18841.0 -19096.0 
-18759.0 -19163.0 
-18570.0 -19342.0 
-18594.0 -19330.0 
-18854.0 -19058.0 
-18644.0 -19279.0 
-18671.0 -19245.0 
-18627.0 -19299.0 
-18608.0 -19305.0 
-18909.0 -18939.0 
-18906.0 -18985.0 
-18894.0 -18986.0 
-18700.0 -19228.0 
-18671.0 -19245.0 
-18485.0 -19389.0 
-18644.0 -19279.0 
-18485.0 -19389.0 
-18671.0 -19245.0 
-18671.0 -19245.0 
-18627.0 -19299.0 
-18644.0 -19279.0 
-18627.0 -19299.0 
-18570.0 -19342.0 
-18627.0 -19299.0 
-18627.0 -19299.0 
-18485.0 -19389.0 
-18627.0 -19299.0 
-18627.0 -19299.0 
-18644.0 -19279.0 
