-19382.0 -18207.0 
-18444.0 -19334.0 
-19382.0 -18207.0 
-19375.0 -18282.0 
-19363.0 -18381.0 
-19218.0 -18606.0 
-18616.0 -19253.0 
-19319.0 -18413.0 
-18619.0 -19193.0 
-19312.0 -18488.0 
-19123.0 -18776.0 
-19182.0 -18676.0 
-19090.0 -18808.0 
-18966.0 -18944.0 
-18553.0 -19268.0 
-18903.0 -19009.0 
-18865.0 -19046.0 
-19274.0 -18489.0 
-18553.0 -19268.0 
-18667.0 -19192.0 
-19182.0 -18676.0 
-18501.0 -19276.0 
-19234.0 -18537.0 
-18752.0 -19129.0 
-19037.0 -18835.0 
-18865.0 -19046.0 
-19377.0 -18243.0 
-19147.0 -18704.0 
-18752.0 -19129.0 
-19225.0 -18582.0 
-18980.0 -18913.0 
-18474.0 -19294.0 
-18474.0 -19294.0 
-18933.0 -18947.0 
-18828.0 -19060.0 
-19021.0 -18865.0 
-19363.0 -18381.0 
-18717.0 -19150.0 
-19127.0 -18737.0 
-19007.0 -18874.0 
-19062.0 -18828.0 
-18779.0 -19111.0 
-18903.0 -19009.0 
-18909.0 -18971.0 
-19263.0 -18522.0 
-18717.0 -19150.0 
-19380.0 -18233.0 
-19319.0 -18413.0 
-18696.0 -19151.0 
-19070.0 -18812.0 
-18987.0 -18878.0 
-18980.0 -18913.0 
-19147.0 -18704.0 
-18688.0 -19166.0 
-18669.0 -19178.0 
-18814.0 -19065.0 
-18483.0 -19280.0 
-19225.0 -18582.0 
-18828.0 -19060.0 
-19138.0 -18716.0 
-18501.0 -19276.0 
-19021.0 -18865.0 
-19037.0 -18835.0 
-19133.0 -18735.0 
-18804.0 -19067.0 
-18925.0 -18957.0 
-18779.0 -19111.0 
-18794.0 -19081.0 
-18991.0 -18875.0 
-18925.0 -18957.0 
-18688.0 -19166.0 
-18787.0 -19087.0 
-19234.0 -18537.0 
-18616.0 -19253.0 
-19263.0 -18522.0 
-18794.0 -19081.0 
-19138.0 -18716.0 
-18914.0 -18969.0 
-19247.0 -18529.0 
-18783.0 -19099.0 
-18783.0 -19099.0 
-19062.0 -18828.0 
-19247.0 -18529.0 
-18914.0 -18969.0 
-18483.0 -19280.0 
-18669.0 -19178.0 
-19274.0 -18489.0 
-18804.0 -19067.0 
-19070.0 -18812.0 
-19254.0 -18527.0 
-19254.0 -18527.0 
-18933.0 -18947.0 
-18987.0 -18878.0 
-18787.0 -19087.0 
-18696.0 -19151.0 
-19312.0 -18488.0 
-18909.0 -18971.0 
-19133.0 -18735.0 
-19127.0 -18737.0 
-18991.0 -18875.0 
