8.225876822772819619e-01
1.053658467116997816e-01
1.476730755328765909e-01
1.547896204644889362e-01
7.611402950681903645e-01
1.676887526451763533e-01
7.021349558640531674e-01
7.047281101297290240e-01
7.887011653690298441e-02
6.917761233776751340e-01
8.004383610993680565e-01
1.132910070368348988e-02
1.123976983378730254e-01
1.629101337963667073e-01
7.100228918297888381e-01
1.572238446261028377e-01
6.880247334519883351e-01
7.798093834196300200e-01
7.370722697780639487e-01
8.070102866148776144e-01
1.648524817631017922e-02
1.125758951976225247e-01
1.424785745125504433e-01
9.620411316493907017e-02
8.846718837588201101e-01
8.808528302099760676e-02
1.083335534804262118e-01
1.430154081307565272e-01
2.086815681805281320e-01
6.963895940305576959e-02
6.463014279380678573e-02
