0.0	3.3792039662058033E-17	0.553339044605584	0.44460694645611315	0.534061505183435	0.4572874959141787	0.4932109140884756	0.5042024782330741	0.4461524447776123	0.421522618485292	0.48407611176568427	0.4393775322125253	0.474447163577155	0.5701881945690414	0.4892220978119866	0.5385409479574628	0.49599780334180593	0.5140052082598062	0.47017279338306883	0.4043019144924988
0.0	0.0	0.5534438225289648	0.4408196313106673	0.5340458447223143	0.4572840217363066	0.49132424510684475	0.504215420195559	0.44619307797060326	0.4262106263091307	0.48423840490972647	0.43937884721147336	0.47444624245535183	0.5701869789243974	0.4892217067634992	0.538512368647429	0.4972741559608447	0.5140016998295748	0.4712670135434979	0.4003938432237533
0.0	0.0	0.5534438225289648	0.4408196313106673	0.5340458447223143	0.4572840217363066	0.49132424510684475	0.504215420195559	0.44619307797060326	0.4262106263091307	0.48423840490972647	0.43937884721147336	0.47444624245535183	0.5701869789243974	0.4892217067634992	0.538512368647429	0.4972741559608447	0.5140016998295748	0.4712670135434979	0.4003938432237533
8.709612605128132E-11	8.603329309105534E-12	0.5533211635271612	0.44100229667429985	0.5323209019290518	0.4573714560187952	0.49308983786717936	0.5042009571003804	0.44655264576660064	0.42615191230428817	0.4840803945120074	0.43937602952683524	0.4744441106747832	0.5701259627689875	0.4892244785955779	0.543733611027132	0.49667727229160596	0.5140328165901429	0.47130393656252395	0.4042800796901752
7.055140931947651E-13	6.956436485138325E-10	0.5540439575914875	0.4462763605060231	0.5340616801179906	0.45726871448769185	0.4913240233207022	0.5042054009634414	0.4460659904904886	0.42279136700144837	0.48426347235248235	0.43937634349469185	0.4745158765509276	0.570128563248698	0.48922400941304395	0.5437256117353341	0.4966556914121056	0.5140183606352201	0.47117283201748006	0.40436213019141753
2.7969275174540217E-11	1.3533684704728775E-9	0.5530697159643676	0.44420136730792836	0.5340651239558553	0.4573920037510829	0.4915612084002151	0.5042177579823638	0.44652301871562006	0.4229795127202645	0.48408039452205304	0.4393794740532037	0.47450694507454744	0.5701411943631085	0.4892233353292567	0.5435477087402232	0.4966408528459801	0.5140162412085261	0.4712551624564813	0.40405630847581514
8.723356502541882E-11	1.3533684704728775E-9	0.5530697159643676	0.4443773642477373	0.5340651346268993	0.4573920037510829	0.49154556229461965	0.5042287266815602	0.44652301871562006	0.4229795127202645	0.4841028310741038	0.4393794740532037	0.47450813585054064	0.5701411943631085	0.48922280932635226	0.5435477087402232	0.4966408528459801	0.5139986031812138	0.47127275830251397	0.40406897122163
8.695000509310538E-10	3.4971254647701504E-9	0.5533084046994784	0.4443589966711706	0.5340603628402275	0.45739788955283195	0.49155294590398446	0.5042287266815602	0.44676639626954834	0.42636589359401467	0.4841113515664533	0.4393791469922276	0.4746149400894004	0.5658588909484245	0.48922286284751676	0.5435929152842114	0.4966742115405733	0.5140021128957528	0.4721908600672823	0.40399693980603735
0.0	1.3898038209054308E-15	0.5534418489199342	0.4410344559914686	0.5340604277879679	0.45716923941751625	0.49321007586410887	0.5042387893973834	0.44338186784810757	0.42453743683674006	0.4840778716492568	0.43937844420671357	0.4744468571706524	0.5702293587591764	0.4892220978119866	0.5385409479574628	0.4966453298486022	0.5140308896426552	0.4712475156614035	0.40070752956572675
0.0	3.3792039662058033E-17	0.5533141768982395	0.4409039079525685	0.5340867968268456	0.457180275856576	0.49314571652819683	0.5042284014679711	0.4431076324621913	0.42279986375350764	0.4841019076269371	0.4394118929379799	0.4744473854635127	0.5700526185424397	0.4892229880806011	0.5437272200389376	0.4966743974152273	0.5139899075406488	0.47125426303162704	0.40407061311314296
0.0	0.0	0.5534385942535713	0.44097207758888574	0.5340458447223143	0.45716057708899094	0.4931674404390995	0.5042286956141089	0.44497264434313893	0.422629602221339	0.48423815919180396	0.4393794937087036	0.4744849041651984	0.5701243433490566	0.4892199619458103	0.5435542249598349	0.49727239774005033	0.5140331150510101	0.471254197892475	0.4003906032149826
7.50937360568869E-13	2.2232473680232012E-13	0.5530919813613435	0.4409590830565194	0.5340246253366642	0.459758670688103	0.4912403360351927	0.5042061873096711	0.44607939245700795	0.42142815345812223	0.4842332425586924	0.43828357733387713	0.47445472523132437	0.5701277043208006	0.4892213534982371	0.5435869844041016	0.49665316136875004	0.5139526862294133	0.47242071109113	0.40436663359720304
7.055140931947651E-13	7.577866451896832E-12	0.5540539492975454	0.4411081807772357	0.533991225455302	0.4573661089191968	0.4913240233207022	0.5042054009634414	0.4460659904904886	0.42290047692279126	0.48422336142898187	0.4393792845040372	0.4745158765509276	0.570128563248698	0.4892244904627178	0.5435880225192444	0.4966581735413753	0.5140140861285702	0.4711329732288341	0.40436213019141753
9.322420138491087E-12	2.2232473680232012E-13	0.5533200395942489	0.4409595823570092	0.5340245811347881	0.457379434259092	0.4912122641071894	0.5042187869911863	0.44603314189112714	0.42447849113360936	0.4842307547150109	0.43828321241601453	0.4744547715235155	0.5701243516113522	0.4892232800000751	0.5437252776805461	0.4966774495984605	0.514030956913	0.4724054810796005	0.40415897801323375
8.723356502541882E-11	1.3533684704728775E-9	0.5533121285835316	0.4443773642477373	0.534064426289781	0.45740959946412413	0.49154556229461965	0.5042287266815602	0.4433767783510841	0.42275785189982423	0.4841028310741038	0.4393794740532037	0.47450813585054064	0.5701411943631085	0.489222563039163	0.5428864759455875	0.4966430541018205	0.5139986031812138	0.47218735876136536	0.4040688827226382
2.2910537395633367E-9	1.392823477345594E-9	0.553320053518382	0.44435845588817885	0.5340621638075885	0.45718542644035337	0.49314562587509986	0.5042287266815602	0.4433767783510841	0.4244793021095071	0.4841032530705847	0.439378761702668	0.47450813585054064	0.5697734642482414	0.489222563039163	0.5428864759455875	0.49664203340982077	0.5139991585890437	0.47235249654623257	0.4040688827226382
8.695000509310538E-10	3.4971254647701504E-9	0.5533088806313678	0.4443589966711706	0.5340603628402275	0.45739788955283195	0.49155294590398446	0.5042287266815602	0.44676639626954834	0.4263680780761991	0.4841031714884953	0.4393791469922276	0.47451163901454596	0.5658588909484245	0.48922286284751676	0.5435929152842114	0.49667367766977566	0.5140021128957528	0.4721908600672823	0.4039926441365246
1.091663850135867E-8	1.3723869046236725E-9	0.5533088806313678	0.4443589966711706	0.5340603628402275	0.45739788955283195	0.49155294590398446	0.5042287266815602	0.4466274210200941	0.4263680780761991	0.4841031714884953	0.4393791469922276	0.47451163901454596	0.5658588909484245	0.489222563039163	0.5435929152842114	0.49667367766977566	0.5140021128957528	0.47218735876136536	0.4039926441365246
0.0	3.3792039662058033E-17	0.5533141768982395	0.44072830589574485	0.5340867968268456	0.457180275856576	0.4931478363561425	0.5042284014679711	0.4431076324621913	0.42265934290330753	0.4841019076269371	0.43941150068133417	0.4744482852931803	0.5701318295355713	0.489241212981327	0.5437268516627534	0.4973346198954615	0.5139899075406488	0.47125426303162704	0.40404199839088195
0.0	0.0	0.5534385942535713	0.44097199258380654	0.5340491524003328	0.4572840217363066	0.49133036625564386	0.5042289226970802	0.4449349333473529	0.4265142891013249	0.4842332765359413	0.43937858611229913	0.47448457408949235	0.5701246943705439	0.4892225463399499	0.5436123656185463	0.4972741559608447	0.5140331150510101	0.47120935856613594	0.40039173706464914
6.665785316889828E-13	2.2535624770816527E-13	0.5540738526438471	0.440946958586049	0.534025657610048	0.45726844640020303	0.4913240233207022	0.5042050914491794	0.44606598374759004	0.4213604872453514	0.4842385270253365	0.43937634349469185	0.4746106355713572	0.570128563248698	0.489224005146307	0.5436216638516601	0.49669158086168114	0.5140183606352201	0.4711734961641244	0.40436213019141753
7.055140931947651E-13	7.443719832970447E-12	0.5540429191719076	0.4409471488245155	0.5340300152957257	0.45726984600694875	0.49313668198615546	0.5042266288076346	0.44589964458687215	0.42137769898888094	0.48422336142898187	0.43937635741676795	0.4745158765509276	0.570128563248698	0.48922373817136083	0.5437256117353341	0.49665571182990426	0.5140183606352201	0.47119085757014606	0.4043681312618077
7.055140931947651E-13	7.577866451896832E-12	0.5540431129177383	0.440946958586049	0.534025657610048	0.45736394447871553	0.4913240233207022	0.5042054009634414	0.4460659904904886	0.42290047692279126	0.48422336142898187	0.43937878521561824	0.4745158765509276	0.570128563248698	0.489224005146307	0.5437256117353341	0.4966561307619138	0.5140167666918949	0.4711734961641244	0.40436213019141753
9.38670970740854E-12	2.2232473680232012E-13	0.5533200395942489	0.44103402735474595	0.5340255419044122	0.4571892589294052	0.49314683550417004	0.5042187869911863	0.44603314189112714	0.42447849113360936	0.48423061884659196	0.43828321241601453	0.47444705262453263	0.5701243516113522	0.4892232800000751	0.5437252776805461	0.4966774495984605	0.514030956913	0.47126807169304663	0.40415897801323375
5.264200318660833E-10	6.946505831437313E-10	0.5533152426085989	0.4460483497928375	0.5340645529843505	0.4573762026878804	0.49313481274548365	0.5042006733338807	0.44326370180009916	0.4214279599290661	0.48423298567729545	0.4393791494274025	0.4746081940068161	0.5701313919120686	0.4892232128103744	0.5428540745570591	0.49664147663767666	0.5139516688004746	0.4722496930738512	0.40414357094645614
2.2871929575805358E-9	6.334950655137327E-12	0.5533139601406689	0.44430229173138086	0.5340135339141504	0.4571521077021507	0.4931332174502007	0.5042294637679812	0.4431078987343622	0.42265751554351966	0.48407394836527007	0.4393787617244729	0.4745097956509011	0.5697048053771059	0.489221913462193	0.5435189729231874	0.49738418326600964	0.5139991479264097	0.47141678096252615	0.4042726226248544
2.3281304876912163E-9	1.3723869046236725E-9	0.5533121285835316	0.4443773642477373	0.534064426289781	0.45739788955283195	0.4915425679154048	0.5042287266815602	0.4433767783510841	0.4263680923609776	0.4841028310741038	0.439378761702668	0.47450813585054064	0.5701411943631085	0.489222563039163	0.5428864759455875	0.4966430541018205	0.5139994231784413	0.47218735876136536	0.4040688827226382
2.3281304876912163E-9	1.3723869046236725E-9	0.5533121285835316	0.4443773642477373	0.534064426289781	0.45739788955283195	0.4915425679154048	0.5042287266815602	0.4433767783510841	0.4263680923609776	0.4841028310741038	0.439378761702668	0.47450813585054064	0.5701411943631085	0.489222563039163	0.5428864759455875	0.4966430541018205	0.5139994231784413	0.47218735876136536	0.4040688827226382
4.343312921082062E-9	1.1498415844617724E-9	0.5533246520895916	0.44437684509256414	0.5322739350435632	0.45717063989393175	0.4931554947235894	0.5042273296746634	0.44661050659407703	0.426492043273565	0.4841003306401021	0.43941161656919986	0.4744631559147766	0.5697730097229146	0.48922257808465686	0.5435883068206618	0.49665874075837224	0.5140016475048892	0.47123359094476935	0.4040688827226382
5.029755486120287E-7	5.641596501263735E-7	0.5530837342448368	0.4462374505721495	0.5339925698662421	0.4571376462081613	0.49284090778166945	0.5042288935215138	0.44659966929728123	0.4266528202494502	0.48411139347172777	0.43937930263733393	0.4746166268831691	0.5697149693671293	0.4892244876670108	0.5435881268256201	0.4966581422233305	0.5139528375236235	0.4722399629977877	0.4042775571651338
7.857313637984153E-7	4.6914322497733327E-7	0.5530767176699302	0.44596672533218257	0.5340603057938131	0.4573710591120828	0.4912400982535837	0.5042150066984875	0.44656889181378767	0.4264561940442455	0.48410386539056144	0.43937909281583715	0.474614920924024	0.5701931834933971	0.48923772497932383	0.543593155225612	0.49665747723034775	0.5140041019691655	0.47407163952352976	0.40399354621633937
1.89795986426363E-5	2.818840369173588E-9	0.5530805504051178	0.4462374505721495	0.5340597671368662	0.4573920284005848	0.49113746098364386	0.5042140682018423	0.44659966929728123	0.4266528202494502	0.48411668722293066	0.43937930263733393	0.4746166268831691	0.5698997889371221	0.4892244876670108	0.5435880478526485	0.4966581437226975	0.5139528375236235	0.4722393296837999	0.4042775571651338
1.89795986426363E-5	5.577617503859572E-7	0.5530791171024011	0.4462374505721495	0.5339925698662421	0.4573915512513217	0.49113746098364386	0.5042140682018423	0.44659966929728123	0.4266528202494502	0.48411139347172777	0.43937930263733393	0.4746166268831691	0.5698996651385062	0.4892244876670108	0.5435881268256201	0.4966581422233305	0.5139528375236235	0.4722399629977877	0.4042775571651338
9.803827827389957E-4	5.577617503859572E-7	0.5530791171024011	0.4459914298540699	0.5322687716790679	0.4573915512513217	0.49113746098364386	0.5042141990612342	0.44659966929728123	0.4266528202494502	0.48423398561200787	0.43937930263733393	0.4746070347052553	0.569895591668458	0.4892244876670108	0.5435879855127426	0.4966581422233305	0.5139528375236235	0.47223870849056104	0.4042775571651338
0.0	3.3792039662058033E-17	0.553314041009518	0.4408282384207492	0.5340463225810645	0.4574019850645398	0.49315037483744656	0.5042281386898299	0.4432194074545448	0.42265934290330753	0.4842383941778081	0.4393795122210752	0.4744475022772129	0.5697283532889319	0.48922152372518113	0.5435426830667228	0.4974086842969318	0.5139898585815517	0.47125426303162704	0.40023064668346053
0.0	0.0	0.5534374597583737	0.44083077012423894	0.5340868039863922	0.45728028634740303	0.49120674120068625	0.504228924751298	0.4449349333473529	0.4265142891013249	0.4842383304099226	0.43937858611229913	0.47448457408949235	0.5701318044334451	0.48922011900649165	0.543729161317591	0.49738980803440586	0.5140331150510101	0.4712102930373733	0.40039173706464914
1.9352367575369615E-12	1.3475825644021475E-12	0.5533200513327449	0.440881874076535	0.5340621955572282	0.457378804588394	0.49314133437605007	0.5042267650149318	0.443114587220417	0.42263090732968506	0.484085759011429	0.43937637812301883	0.4745154795933116	0.5701382205590354	0.4892231607064071	0.5437547652552822	0.49664862258653186	0.5140484446812551	0.4712540990708539	0.40406682733800126
0.0	8.310122302232394E-12	0.5533140994983579	0.4408282384207492	0.5340867968268456	0.4571599073372497	0.4930924394217962	0.5042281845608216	0.4431076324621913	0.4227544486976525	0.48423674650098747	0.43937954478302327	0.4744482852931803	0.5701318295355713	0.4892411979388938	0.543733612760261	0.49739036742945175	0.51403372807776	0.4713044538733083	0.40444326862099733
9.38670970740854E-12	2.2232473680232012E-13	0.5534425734519097	0.44103402735474595	0.53406224702245	0.45719101927751143	0.49137760609231673	0.5042393337908672	0.44311488316946573	0.42453142852114184	0.4842332672549351	0.43828321241601453	0.47444705662977443	0.5701243416776699	0.4892217487815396	0.5437528096529947	0.49665316136875004	0.5140308493520247	0.47237366300013583	0.4040139293158161
2.1362001117132396E-11	0.0	0.5534385942535713	0.44088047177428386	0.5340614174789288	0.45719104007010375	0.4930454074659454	0.5042391537617851	0.4449954027193665	0.42293382561571274	0.4842332765359413	0.4393790395283375	0.47448476762337494	0.5701243433490566	0.4892211338682664	0.5435542249598349	0.49727484065684047	0.5140331150510101	0.4712141099413119	0.40403735683989167
3.303335541757549E-10	3.3792039662058033E-17	0.553324111356295	0.44088252219421176	0.5340616727673777	0.4573709505564368	0.4931161752837043	0.5042318978594854	0.44667970372912774	0.42288906919709623	0.4840808388092001	0.4393787815527059	0.4744467091987378	0.5701199587596497	0.4892119017714836	0.5435874870192963	0.4966771679012916	0.5140167484080221	0.47124568588235327	0.4040757989273102
2.2871929575805358E-9	1.2224556522841532E-9	0.5533150737733433	0.44430229173138086	0.5340135339141504	0.4571521077021507	0.49313340835973796	0.5042294637679812	0.44307719738251056	0.4206657270232469	0.48407394836527007	0.4393787617244729	0.4745097956509011	0.5697048053771059	0.4892225484788144	0.5435189729231874	0.49665444556094773	0.5139991479264097	0.4740452786376076	0.4042726226248544
2.3281304876912163E-9	1.3723869046236725E-9	0.5533121285835316	0.4444156382367941	0.5340644155019961	0.4573976519804991	0.4915425679154048	0.5042287266815602	0.44338420803961964	0.4263680923609776	0.4841028310741038	0.43937876171420337	0.47450813585054064	0.5701411943631085	0.489222563039163	0.5428864759455875	0.4966430541018205	0.5139994231784413	0.47113175140949787	0.40406504996940323
1.0913673087716984E-8	1.1515252105187715E-9	0.5533246520895916	0.44437701830935594	0.5338210621843333	0.45739184127612875	0.49314562587509986	0.5042284190558041	0.44344944224333477	0.426492043273565	0.4841028310741038	0.4394118866932842	0.47451242979629704	0.5657419203967327	0.48922257808465686	0.543588304765009	0.4966732119507306	0.5140016472272199	0.47123359094476935	0.4040701713469901
1.8477887238894475E-9	1.723611511252888E-8	0.5533246520895916	0.44440443588396084	0.5340458192461345	0.4571829414840642	0.49337846232956317	0.5042294404776002	0.44344944224333477	0.4267194539628883	0.4841028310741038	0.43937598802735967	0.4744557208517999	0.5697690193407859	0.48922257569402333	0.5435868999605209	0.4966727299762589	0.5140026884043338	0.47412709236988093	0.4040684468501456
1.6892533124532962E-7	3.3792039662058033E-17	0.553339044605584	0.44460694645611315	0.534061505183435	0.45728453700432875	0.4931946115191127	0.5042045184152615	0.4460735968239088	0.42658079438623414	0.48410035198748647	0.4393775322125253	0.47444281952978323	0.5697989042857813	0.48922211606660193	0.5432291933713248	0.49673332113630514	0.5140035793410119	0.47120631162540316	0.4040683006071614
6.889345262555023E-7	3.4087523057049334E-7	0.5533374123543723	0.44623356171938533	0.5340616628088195	0.4573785982424944	0.4913327962807232	0.5042171434459581	0.4470403431413076	0.4264561940442455	0.48410317819525905	0.4393763263697911	0.47461466263037017	0.5697662214067446	0.4892377642411173	0.5435967782235795	0.49665570587951235	0.5140179246720912	0.47125649337487624	0.4039501406404903
6.537123753108491E-6	5.577617503859572E-7	0.5530797011657046	0.4444620191767416	0.5340459928848824	0.4573913197286958	0.4913355814796647	0.5042083798837771	0.44649527087626195	0.4226509809432523	0.4840630249554224	0.43937396628097203	0.4746067640304712	0.5698919529706208	0.4892400658337251	0.5435883232525812	0.49667335058311446	0.5135033071933732	0.4712524375963852	0.40399626975391684
1.1638567042602122E-5	5.577617503859572E-7	0.5530797011657046	0.4459914298540699	0.5340455914370902	0.4572908699440286	0.49123983767517393	0.5042141990612342	0.446135712748224	0.42657810253743367	0.48423398561200787	0.43937921333096847	0.4746070347052553	0.5701904039874939	0.4892244876670108	0.5435930096029385	0.4966581422233305	0.5139577596740715	0.47124814530768	0.4043043796786318
1.25808052008844E-7	7.67774060133341E-5	0.5530527228770261	0.4443773642477373	0.5340455918383289	0.4573921587233439	0.4914487727700385	0.5042047806330116	0.44610898203107807	0.4262510473817753	0.48410138968324173	0.43937910890923687	0.4746067225110869	0.5697730193112287	0.4892404333800042	0.5435881869134316	0.4966734824706339	0.5135051176114886	0.47123391039997325	0.4040693729513901
0.0	3.3792039662058033E-17	0.553314041009518	0.4408282384207492	0.534045615060143	0.4571599073372497	0.49316665481115307	0.5042286522115362	0.4431076324621913	0.42265934290330753	0.4842381660367618	0.43937949381198216	0.4744482852931803	0.5701249880748078	0.489241212981327	0.5435523302152628	0.4972718031705819	0.5139900744548639	0.47125426303162704	0.40023064668346053
0.0	0.0	0.5534367253867365	0.4408200544114729	0.5340458447223143	0.4572840217363066	0.49132424510684475	0.5042150369404726	0.4461516727266622	0.42661467773799594	0.48423840490972647	0.4393788330971406	0.47461034988381806	0.5701869789243974	0.4892217067634992	0.5436123941455215	0.4972741559608447	0.5140016998295748	0.4712670135434979	0.40037746758979514
7.775651300924264E-12	1.704757298725283E-15	0.5533154323417686	0.4409590681568392	0.5340616321471844	0.45716951411282963	0.4912915915646284	0.5042283634452371	0.44338159045251163	0.42150344733805506	0.4842332704666158	0.4382674164491674	0.4744545675026855	0.5701256655834338	0.48922174999457163	0.5437528874915689	0.49665316136875004	0.5140054494938758	0.4723722715935116	0.40411724715585534
7.827885865271945E-12	2.2232473680232012E-13	0.5533393758079201	0.4409590681568392	0.534061877330974	0.45719540787771507	0.4912915915646284	0.504229048098232	0.44333481433884514	0.42150344733805506	0.484233259975779	0.43933247344221754	0.47451596231894594	0.5701256655834338	0.4892236915638856	0.5437528874915689	0.49665316136875004	0.5139787920875623	0.47237366300013583	0.4043586448802886
7.055140931947651E-13	7.443719832970447E-12	0.5540431129177383	0.440946958586049	0.534025657610048	0.45726844640020303	0.4913240233207022	0.5042054009634414	0.4460659904904886	0.42137769898888094	0.48422336142898187	0.43937634349469185	0.4745158765509276	0.570128563248698	0.489224005146307	0.5437256117353341	0.49665571182990426	0.5140183606352201	0.4711734961641244	0.40436213019141753
9.38670970740854E-12	2.2232473680232012E-13	0.5534499727431478	0.44103402735474595	0.5340620414652341	0.4571892589294052	0.49314683550417004	0.5042186004831457	0.44311488316946573	0.424479573692449	0.4840839084679569	0.43939709794427345	0.4744462403701858	0.5701241414965793	0.4892232800000751	0.5437525808678829	0.49669038020461104	0.5140308493520247	0.47126806385318065	0.40415897801323375
5.912363929267825E-11	3.06944974147137E-12	0.5533200515530302	0.4443778967946938	0.5340645525791976	0.457378804588394	0.49333096607344434	0.5042286798881428	0.443114587220417	0.42260130171728444	0.48408549230003833	0.43937627792314765	0.47450764818256014	0.5701271559090368	0.48922334001142076	0.5428979887061817	0.4966419883766481	0.5140484446812551	0.4712540990708539	0.40156499565297854
3.800688784477607E-10	1.0295006878034911E-10	0.5530954919203231	0.44103417520552557	0.534064610069269	0.457373514416005	0.4931347067499374	0.5042023467240626	0.44606329577587617	0.42142880884452594	0.48407907990539295	0.43937453339778926	0.4744430652582553	0.5701338632484607	0.48922319751214594	0.5435874478830475	0.4966425206415131	0.5139531225954084	0.472243176628728	0.40423623670188197
2.3281304876912163E-9	1.3750441200310544E-9	0.5533132729779875	0.4443773642477373	0.534064426289781	0.45739788955283195	0.4915425679154048	0.5042009047292871	0.4433422656819052	0.42131786142697863	0.4841028310741038	0.4393744999907827	0.47450813585054064	0.5701413289889574	0.489222563039163	0.5428864759455875	0.4966430391422855	0.5139981075865222	0.47218722902296945	0.40406610541023236
2.3281304876912163E-9	1.392823477345594E-9	0.553320053518382	0.4443773642477373	0.5340643857909765	0.45718542644035337	0.49314562587509986	0.5042287266815602	0.4433767783510841	0.42649072464546534	0.4841028310741038	0.439378761702668	0.47450813585054064	0.5697690193407859	0.489222563039163	0.5428864759455875	0.49664203340982077	0.5139994231784413	0.4712542135377094	0.4040688827226382
2.3281304876912163E-9	1.392823477345594E-9	0.553320053518382	0.4443773642477373	0.5340643857909765	0.45718542644035337	0.49314562587509986	0.5042287266815602	0.4433767783510841	0.42649072464546534	0.4841028310741038	0.439378761702668	0.47450813585054064	0.5697690193407859	0.489222563039163	0.5428864759455875	0.49664203340982077	0.5139994231784413	0.4712542135377094	0.4040688827226382
3.431084965193572E-8	2.3044767764378252E-8	0.5533230724041703	0.44631972392899666	0.5340467509346014	0.45737360632684154	0.4931616995190149	0.5041944924275065	0.44603627598922035	0.42142880884452594	0.48407305076192814	0.43937436177493466	0.4744460419894507	0.570133889935662	0.48922320671872904	0.5435882661085172	0.49662933490327293	0.5139531225954084	0.472243176628728	0.40404366683735937
1.4928397834883024E-7	1.0642909165598135E-7	0.5533230704999613	0.44495584833927887	0.5340135012872731	0.4573732326795422	0.4931453526879873	0.5041944924275065	0.44503107321602065	0.42143216614449297	0.4842305116607683	0.4393741391299821	0.4746152781319365	0.570133889935662	0.48922323873737145	0.5435906752897157	0.49664188696408834	0.5139531225954084	0.472243176628728	0.40404321524892983
1.0926305753724932E-8	9.020789723087704E-7	0.5533247307130317	0.44434776179221586	0.5340132209404536	0.45737146910426646	0.49338779734227073	0.5042296532504023	0.4448653389138051	0.4215305154520482	0.484234972963191	0.43941110133942657	0.47444638093097036	0.5697043046301148	0.48858299281527723	0.543586927593447	0.4966733254965891	0.5140614031151141	0.4740375416466395	0.40406294670876736
1.1638567042602122E-5	5.921552784247678E-7	0.5530797011657046	0.4459914298540699	0.5340459669630104	0.45716648929992487	0.49315403083818665	0.5042141990612342	0.446135712748224	0.4265753400075282	0.48423398561200787	0.43937921333096847	0.4746070347052553	0.5698330224475907	0.4892229053483132	0.5435930096029385	0.4965123659579188	0.5139577596740715	0.47124814530768	0.4043043796786318
7.857313637984153E-7	1.3536381735599023E-5	0.5530790070705129	0.44599480861102164	0.5340603057938131	0.45739165785843094	0.4912400982535837	0.5042150066984875	0.44656889181378767	0.4264561940442455	0.48410386539056144	0.4393791520687472	0.474614920924024	0.5701777072949423	0.48923772497932383	0.543593155225612	0.49665757649222364	0.5140020466486606	0.4712537400364161	0.40399354621633937
4.2850191877057684E-5	1.8920134804003607E-6	0.553321513270326	0.444302957228628	0.5340449072647391	0.45737082418614367	0.49132350505526157	0.5042318090384352	0.4466308388151368	0.4264458231615194	0.48423941101253004	0.43937911693172566	0.4744460464571001	0.570142534053602	0.48858804580696064	0.5435883255146702	0.4967776201140271	0.5140618624259766	0.47125354538054554	0.4040700486472016
5.530355033827922E-6	6.433525195984474E-4	0.5533441370028535	0.4445198701733413	0.5321302365808158	0.45728453700432875	0.4931946115191127	0.5042045184152615	0.4461333034215626	0.4264959313708576	0.48410143773815145	0.43937751336106456	0.47444260911430003	0.5698969697821655	0.48922211606660193	0.5432291933713248	0.49667785861906844	0.5139495526750057	0.47124548146243567	0.40429460009796986
9.60252953785745E-4	5.577617503859572E-7	0.5530797011657046	0.4459914298540699	0.5340455914370902	0.4573915512513217	0.49123983767517393	0.5042141990612342	0.44659966929728123	0.4266528202494502	0.48423398561200787	0.43937915032652575	0.4746070347052553	0.569895591668458	0.4892244876670108	0.5435879855127426	0.4966581422233305	0.5139528375236235	0.4712524375963852	0.40427345082288024
0.0	3.3792039662058033E-17	0.553314041009518	0.4408282384207492	0.5340862645860308	0.4571599073348932	0.4931666435139057	0.5042286522115362	0.4432194074545448	0.42265934290330753	0.4842383941778081	0.4393795122210752	0.4744475022772129	0.5697088563632353	0.48922143217171105	0.5437268516627534	0.49739036742945175	0.5139898585815517	0.47125426303162704	0.40023064668346053
0.0	0.0	0.5534385942535713	0.44097199258380654	0.5340491524003328	0.4572848377212705	0.49133036625564386	0.5042288424284479	0.443134770754269	0.42143426106421933	0.48408594634410185	0.43937858611229913	0.4744470173792246	0.5701246943705439	0.48922322013866054	0.5435709871606106	0.4972741559608447	0.5140331150510101	0.4722334994588721	0.40024885491830775
7.827885865271945E-12	2.2232473680232012E-13	0.553085596829884	0.4409590681568392	0.5340617990800008	0.459758670688103	0.49123977561017207	0.504229050841761	0.44333481433884514	0.42142815345812223	0.4842332425586924	0.4382674164491674	0.47445472523132437	0.5701276693787332	0.4892213534982371	0.5435869844041016	0.49665316136875004	0.5139530342034161	0.47237366300013583	0.40416901571569624
9.38670970740854E-12	2.2232473680232012E-13	0.5533200395942489	0.44103402735474595	0.53406224702245	0.4571892589294052	0.49314683550417004	0.5042187869911863	0.44311488316946573	0.42447849113360936	0.4840839084679569	0.43828321241601453	0.47444705262453263	0.5701243416776699	0.4892232800000751	0.5437525808678829	0.4966774495984605	0.5140308493520247	0.47126807169304663	0.40415897801323375
8.709612605128132E-11	8.603329309105534E-12	0.5533211635271612	0.44103202151913523	0.5340629543570091	0.4573709505564368	0.49308983786717936	0.5042009571003804	0.44609538380318575	0.4215271920414047	0.4840803945120074	0.4393762246290778	0.4744441106747832	0.5701259627689875	0.4892229699544563	0.5437282152120904	0.4966771679012916	0.5140328165901429	0.47130393656252395	0.40403964456256586
3.419831737107148E-10	0.0	0.5534411537869456	0.44437214285400495	0.5340458447223143	0.45739999382668384	0.4931431461674753	0.5042286956141089	0.44497264434313893	0.4226394709312863	0.48423815919180396	0.4393794937087036	0.4744849041651984	0.5701243433490566	0.4892199619458103	0.5435542249598349	0.49672990219736896	0.5140331150510101	0.471254197892475	0.40050523801024845
3.419831737107148E-10	0.0	0.5534411537869456	0.44437214285400495	0.5340458447223143	0.45739999382668384	0.4931431461674753	0.5042286956141089	0.44497264434313893	0.4226394709312863	0.48423815919180396	0.4393794937087036	0.4744849041651984	0.5701243433490566	0.4892199619458103	0.5435542249598349	0.49672990219736896	0.5140331150510101	0.471254197892475	0.40050523801024845
2.726393931962709E-9	2.387221761129131E-13	0.5533208378967889	0.44088094540461453	0.5340621527431394	0.45739272310409096	0.49136649936502036	0.5042032159592814	0.4435139363293507	0.42649392795633284	0.4840714140501991	0.439379150896056	0.4744491593432471	0.5701391412734512	0.4892231574939203	0.5437661538660143	0.49789754462082236	0.5140019834937919	0.4711593534601125	0.4042729607067796
2.2871929575805358E-9	1.2224556522841532E-9	0.5533150737733433	0.4464054692828706	0.5340135339141504	0.45715153906068406	0.49313340835973796	0.5042294637679812	0.44308569030157413	0.42068412755626694	0.48407394836527007	0.4393780155121064	0.47450980210542165	0.5697048053771059	0.4892221185681352	0.5435189729231874	0.49665444556094773	0.5139991479264097	0.4740452786376076	0.4042726226248544
2.3281304876912163E-9	1.392823477345594E-9	0.5533247836959846	0.4444046099078887	0.5340643857909765	0.45718542644035337	0.49314562587509986	0.5042282831091143	0.4433740758809795	0.42649072464546534	0.4841028310741038	0.4393791613269755	0.47450813585054064	0.5697547612418474	0.489222563039163	0.5435803653772587	0.49664203340982077	0.5139994231784413	0.4712542135377094	0.4040688827226382
4.343312921082062E-9	1.1498415844617724E-9	0.5533246520895916	0.44437684509256414	0.5338210621843333	0.45717063989393175	0.49314562587509986	0.5042284190558041	0.44344944224333477	0.426492043273565	0.4841028310741038	0.43941161656919986	0.47445523423043556	0.5697730097229146	0.48922257808465686	0.543588304765009	0.4966732119507306	0.5140016475048892	0.47123359094476935	0.4040688827226382
1.4629163849935656E-7	2.3044767764378252E-8	0.5533230704999613	0.44631972392899666	0.5340135012872731	0.45737352610529236	0.49316077186610197	0.5041944924275065	0.44503107321602065	0.42142880884452594	0.4842305116607683	0.43937453339778926	0.4744460419894507	0.570133889935662	0.48922320671872904	0.5435882661085172	0.49662933490327293	0.5139531225954084	0.472243176628728	0.4040438116822953
1.7111495830272406E-7	3.3792039662058033E-17	0.553339044605584	0.44460694645611315	0.534061505183435	0.4572874959141787	0.49319435894300034	0.5042045184152615	0.4460735968239088	0.421522618485292	0.4842403645993507	0.4393775322125253	0.474447163577155	0.5701393864274615	0.4892220978119866	0.5432538774352262	0.4955620064146981	0.5135014737501464	0.47120631162540316	0.40402261710005
1.004692345636318E-10	4.5137352172723836E-7	0.5534819595081316	0.446420149765856	0.5340123336096029	0.4571422283971347	0.49125630882550475	0.5042286971670398	0.4460486121689484	0.42257863538422735	0.48408008301356625	0.43935044073951474	0.47450856928336826	0.5701264956554213	0.48922212200603954	0.5436700711403317	0.4966990041216631	0.5140688181062166	0.4710152572588168	0.4043245171240945
4.723300653265835E-7	4.6848879072062857E-7	0.553103393827307	0.4462312951229435	0.5340651079214819	0.4573729905336943	0.4931851286656502	0.5042053754083922	0.44615458857887125	0.4215324094399204	0.48423244200168386	0.43935008109496443	0.474509293112955	0.5701339840802052	0.48922134740957546	0.5437270479618493	0.4966500263779158	0.5140222437361056	0.4712631462022236	0.40587563391348497
4.723300653265835E-7	4.6848879072062857E-7	0.553103393827307	0.4462312951229435	0.5340651079214819	0.4573729905336943	0.4931851286656502	0.5042053754083922	0.44615458857887125	0.4215324094399204	0.48423244200168386	0.43935008109496443	0.474509293112955	0.5701339840802052	0.48922134740957546	0.5437270479618493	0.4966500263779158	0.5140222437361056	0.4712631462022236	0.40587563391348497
4.604709160314224E-7	9.020789723087704E-7	0.5530767354527331	0.4463971882598012	0.5340132209404536	0.45737146910426646	0.49338779734227073	0.5042296532504023	0.4448988153445561	0.4215305154520482	0.484234972963191	0.4393790922222281	0.47444638093097036	0.5697043046301148	0.48858299281527723	0.5420498214369968	0.49667596107693524	0.5140614031151141	0.4740375416466395	0.40406294670876736
4.4131755793309164E-5	1.8920134804003607E-6	0.553321513270326	0.44623768568023425	0.5340448989511133	0.45737082418614367	0.49132350505526157	0.5046506031817346	0.4466308388151368	0.42672412221249956	0.4842388772622884	0.43937915199171235	0.4744460464571001	0.5701403980581722	0.48858804580696064	0.5435883255146702	0.49679008932802404	0.5140618398000316	0.47125354538054554	0.40399415995020127
1.625014126424499E-9	7.224481105580794E-5	0.5530810644626821	0.4463135387586591	0.5340615342550531	0.45739206062795307	0.4913327962807232	0.5042530554005512	0.4463365351639555	0.4264561940442455	0.48410317819525905	0.4393791680457056	0.4744501266012731	0.5697690193407859	0.48923772497932383	0.5437152814544967	0.4966734824706339	0.5140020466486606	0.4712538120328037	0.4041100416140497
6.889345262555023E-7	7.224481105580794E-5	0.5530790070705129	0.4462320036281636	0.5340603057938131	0.45739206062795307	0.4913327962807232	0.5042530554005512	0.44656889181378767	0.4264561940442455	0.48410317819525905	0.4393791520687472	0.4746146406428217	0.5697690193407859	0.48923772497932383	0.5435881182587914	0.4966734824706339	0.5140020466486606	0.4712538120328037	0.40399354621633937
1.6892533124532962E-7	0.08532009435430002	0.5533391413824892	0.4445198701733413	0.5321302365808158	0.45728453700432875	0.4931946115191127	0.5042045184152615	0.44612904221268984	0.4264959313708576	0.48410026643906895	0.43937751336106456	0.47444260911430003	0.5697887829690678	0.48922211606660193	0.5432291933713248	0.49667785861906844	0.5140035793410119	0.47124548146243567	0.4040683030813238
0.0	0.0	0.5534385942535713	0.44097207758888574	0.5340458447223143	0.45719104007010375	0.4930454074659454	0.5042391698503818	0.4449501236365586	0.4206000553756444	0.4842332765359413	0.4393790395283375	0.47448476762337494	0.5701243433490566	0.4892211105204012	0.5435542249598349	0.49727484065684047	0.5140331150510101	0.471213353669342	0.4003906032149826
9.60252953785745E-4	5.577617503859572E-7	0.5530802896728272	0.4444620191767416	0.5340464228735324	0.4573913197286958	0.49124032880783036	0.5042083430674351	0.44649482745638014	0.42270527221031035	0.4840630249554224	0.439374063595174	0.4746067640304712	0.5699186358978459	0.4892234965477147	0.5435880477546494	0.49667673986729477	0.5135033071933732	0.4712524375963852	0.4039962406322901
4.604709160314224E-7	9.020789723087704E-7	0.5530767354527331	0.4463971882598012	0.5340132209404536	0.45737146910426646	0.49338779734227073	0.5042296532504023	0.4448988153445561	0.4215305154520482	0.484234972963191	0.4393790922222281	0.47444638093097036	0.5697043046301148	0.48858299281527723	0.5435869119692046	0.49667596107693524	0.5140614031151141	0.4740375416466395	0.40406294670876736
2.154854691916705E-9	6.84664502752387E-10	0.5534371914145126	0.44097119483413216	0.5340645525791976	0.457378804588394	0.4930442147327512	0.5042387236209152	0.4431406130131921	0.4227168230239072	0.4842356557738709	0.439379048721278	0.4744850513428625	0.57012610235953	0.4892210673402335	0.5428979887061817	0.49728501861046215	0.514049400686976	0.4712540990708539	0.4042919076803923
4.652743052762135E-9	4.554622412571805E-7	0.5534819595081316	0.446420149765856	0.5340123336096029	0.4571422283971347	0.4933827489606855	0.5042294637679812	0.4460482450102309	0.42257863538422735	0.48408008301356625	0.43935044073951474	0.47450856928336826	0.5701242114122727	0.48922212200603954	0.5435878423468561	0.49667881797774405	0.5140681376036058	0.4710152572588168	0.4043245171240945
1.8138100526873224E-10	3.843259261146984E-9	0.5520241773061849	0.446420149765856	0.5340908770061786	0.4571422283971347	0.4931846226585211	0.5042294316839295	0.4431397657219684	0.42257863538422735	0.4842333858270337	0.43935044073951474	0.47450856928336826	0.5701241623805612	0.4892234319186863	0.5435940534016787	0.49667881797774405	0.5140681376036058	0.4710152572588168	0.404520295639036
0.0	3.3792039662058033E-17	0.5530805417660448	0.4410344559914686	0.5340604277879679	0.4571697272010571	0.49320544055201593	0.5042004592144094	0.44338186784810757	0.42029273648971893	0.4840803945120074	0.4393775957640847	0.4744468571706524	0.5702293587591764	0.4892220978119866	0.5385409479574628	0.49649385619594627	0.5140051155759465	0.4712475156614035	0.40070752956572675
9.43039857785992E-12	9.439782461532918E-12	0.5533154323417686	0.44103197961865326	0.5340616293251267	0.4571884040181906	0.49294510076742276	0.5042295770500572	0.44311488316946573	0.42152562943497196	0.48407998903418975	0.43822851567095295	0.47444705662977443	0.5701256655834338	0.4892217487815396	0.5437512415564987	0.49665282727527754	0.5140317713377214	0.47241398503257415	0.4041768961255341
2.776262796661262E-11	3.06944974147137E-12	0.5533241649255976	0.44088298751011123	0.5340645525791976	0.4573709527586519	0.4933480400753065	0.5042175942976199	0.443114587220417	0.42263090732968506	0.48408097444772225	0.43937627792314765	0.4744474028470226	0.5701199571948249	0.489223343321815	0.5428671994295922	0.4966407397758301	0.5140163815631312	0.471254719931843	0.40156499565297854
1.4928397834883024E-7	1.0642909165598135E-7	0.5533247955076922	0.44495584833927887	0.5340652103740509	0.4571828803723531	0.4931453526879873	0.5041944924275065	0.4434592970080247	0.42132832492521743	0.4842305116607683	0.43937923229164816	0.4746152781319365	0.5701471012325912	0.48922323873737145	0.5435802397478587	0.49664188696408834	0.5139531225954084	0.472243176628728	0.40404321524892983
