-18499.0 -19265.0 
-18499.0 -19265.0 
-19207.0 -18607.0 
-19207.0 -18607.0 
-19160.0 -18732.0 
-18624.0 -19252.0 
-19163.0 -18659.0 
-19126.0 -18766.0 
-18551.0 -19253.0 
-18972.0 -18986.0 
-19096.0 -18818.0 
-18551.0 -19253.0 
-18722.0 -19192.0 
-18687.0 -19212.0 
-18690.0 -19198.0 
-18952.0 -19014.0 
-18639.0 -19225.0 
-18860.0 -19087.0 
-19171.0 -18652.0 
-18974.0 -18959.0 
-19105.0 -18782.0 
-19160.0 -18732.0 
-18867.0 -19067.0 
-18653.0 -19221.0 
-18800.0 -19127.0 
-19079.0 -18821.0 
-19010.0 -18917.0 
-18989.0 -18940.0 
-18831.0 -19093.0 
-18782.0 -19131.0 
-18730.0 -19174.0 
-19025.0 -18913.0 
-18953.0 -19002.0 
-18806.0 -19118.0 
-19180.0 -18617.0 
-19004.0 -18936.0 
-18885.0 -19055.0 
-18900.0 -19023.0 
-19113.0 -18772.0 
-18928.0 -19019.0 
-18744.0 -19167.0 
-19173.0 -18629.0 
-18819.0 -19116.0 
-18779.0 -19139.0 
-18986.0 -18952.0 
-19035.0 -18887.0 
-19035.0 -18887.0 
-18653.0 -19221.0 
-19049.0 -18868.0 
-18748.0 -19156.0 
-18928.0 -19019.0 
-19031.0 -18896.0 
-19053.0 -18858.0 
-19064.0 -18838.0 
-18822.0 -19109.0 
-19174.0 -18620.0 
-18867.0 -19067.0 
-18639.0 -19225.0 
-18762.0 -19145.0 
-18848.0 -19089.0 
-19062.0 -18839.0 
-19059.0 -18851.0 
-19107.0 -18774.0 
-19049.0 -18868.0 
-19079.0 -18821.0 
-18953.0 -19002.0 
-18911.0 -19022.0 
-18885.0 -19055.0 
-18890.0 -19044.0 
-18896.0 -19034.0 
-19105.0 -18782.0 
-19180.0 -18617.0 
-18822.0 -19109.0 
-18848.0 -19089.0 
-18624.0 -19252.0 
-19064.0 -18838.0 
-19007.0 -18929.0 
-18890.0 -19044.0 
-19031.0 -18896.0 
-18730.0 -19174.0 
-18896.0 -19034.0 
-19052.0 -18864.0 
-18722.0 -19192.0 
-18911.0 -19022.0 
-18748.0 -19156.0 
-18831.0 -19093.0 
-18759.0 -19147.0 
-18687.0 -19212.0 
-18759.0 -19147.0 
-19096.0 -18818.0 
-19173.0 -18629.0 
-18744.0 -19167.0 
-18986.0 -18952.0 
-19059.0 -18851.0 
-19007.0 -18929.0 
-19025.0 -18913.0 
-18974.0 -18959.0 
-18779.0 -19139.0 
-18762.0 -19145.0 
-18690.0 -19198.0 
