1	8.070138788140612E8
2	6.893112659329808E8
3	6.242641834136549E8
4	5.234652825496512E8
5	4.728112011546077E8
6	4.211938655998049E8
7	2.9907075645417583E8
8	2.9907075645417583E8
9	2.134678772895943E8
10	2.1315057840316427E8
11	1.7078648647838455E8
12	1.572988786956375E8
13	1.3464104366890934E8
14	1.0785715914487694E8
15	1.0726897454223648E8
16	8.087440416621788E7
17	8.087440416621788E7
18	6.790328805969577E7
19	5.466747033058348E7
20	5.466747033058348E7
21	5.466747033058348E7
22	3.239189028509131E7
23	3.239189028509131E7
24	3.1700107760735612E7
25	3.103926906982918E7
26	3.103926906982918E7
27	2.3960534713252213E7
28	2.3960534713252213E7
29	2.2269492918091904E7
30	1.9696948302054293E7
31	1.735930199904422E7
32	1.6703056758307744E7
33	1.6703056758307744E7
34	1.3089464109698124E7
35	1.2817728571060825E7
36	1.175215370358865E7
37	9389598.063698241
38	9389598.063698241
39	9389598.063698241
40	9389598.063698241
41	9220845.061923627
42	8457499.952410646
43	7402546.82407256
44	7061305.12530444
45	6934969.43699332
46	6384860.146373165
47	5764402.819945335
48	5038888.79148696
49	4950401.169919254
50	4401100.877510112
51	3815189.058058465
52	3506457.1130562704
53	3272982.030403351
54	2731739.6711855005
55	2628232.9714413155
56	2627962.0972118382
57	2343240.191623162
58	2111274.306302093
59	1851028.2365390956
60	1774774.3901860965
61	1551148.1241848073
62	1549213.9349857909
63	1411114.870942495
64	1398766.1925012765
65	1220864.5713854115
66	1087838.1287009844
67	1087838.1287009844
68	1087838.1287009844
69	978114.0413972101
70	978114.0413972101
71	953897.1975598588
72	953897.1975598588
73	757850.6435945788
74	757850.6435945788
75	652855.586938634
76	652855.586938634
77	591844.7342284907
78	528235.4538387267
79	528235.4538387267
80	395222.90398360917
81	382773.13342968194
82	363446.1239625204
83	363446.1239625204
84	363446.1239625204
85	354827.74733191583
86	354827.74733191583
87	317372.3858106892
88	313715.2141828831
89	308712.7330506673
90	277980.15987863584
91	276556.57559438486
92	276556.57559438486
93	225756.71435384708
94	223567.20338968042
95	204374.34590437476
96	197528.6988365674
97	197312.16429106827
98	149760.29734183688
99	129731.2947906929
100	129731.2947906929
101	129731.2947906929
102	124111.39897481145
103	124111.39897481145
104	120969.77318608107
105	110335.32184176602
106	110335.32184176602
107	96734.04183342496
108	96734.04183342496
109	96734.04183342496
110	90047.15952385381
111	90047.15952385381
112	85749.11752031185
113	79347.45854510063
114	72724.36904796715
115	65285.08364888767
116	61838.13848204866
117	61838.13848204866
118	55274.27656501407
119	50132.4206557651
120	44444.252369247486
121	44444.252369247486
122	41751.56854489341
123	35228.70409510702
124	35228.70409510702
125	35228.70409510702
126	32723.10367332069
127	24068.704680676827
128	24068.704680676827
129	24068.704680676827
130	24068.704680676827
131	24068.704680676827
132	21950.758578810226
133	19052.93471671167
134	19052.93471671167
135	19052.93471671167
136	16464.878455361355
137	12230.82866975144
138	10480.107685512377
139	10168.946776470979
140	10168.946776470979
141	10168.946776470979
142	10168.946776470979
143	9683.200111363625
144	9597.673481620388
145	8689.80697743207
146	8689.80697743207
147	6543.685359954201
148	5500.354754633008
149	5252.376055865364
150	5145.797370439279
151	4997.500532320006
152	4220.432171945484
153	4220.432171945484
154	3955.840574211077
155	3947.8435023122324
156	3295.506532705932
157	3212.56106727105
158	3212.56106727105
159	2774.807340654498
160	2774.807340654498
161	2774.807340654498
162	2443.1984956138026
163	2443.1984956138026
164	2443.1984956138026
165	2374.6099430799586
166	2365.3342734137623
167	1891.226266011514
168	1891.226266011514
169	1891.226266011514
170	1881.1654241082401
171	1881.1654241082401
172	1865.030567901759
173	1865.030567901759
174	1655.3632615516574
175	1611.026492153003
176	1611.026492153003
177	1404.9874378763466
178	1404.9874378763466
179	1373.2358124507489
180	1373.2358124507489
181	1373.2358124507489
182	1255.7391374067945
183	1194.454567334433
184	1194.454567334433
185	1194.454567334433
186	1179.7157989180412
187	1013.5209635172123
188	964.8209750006018
189	955.0159942474041
190	955.0159942474041
191	941.3064429815919
192	915.8524282712954
193	789.1757867746912
194	789.1757867746912
195	786.5411398497478
196	786.5411398497478
197	652.9873085149962
198	652.9873085149962
199	652.9873085149962
200	652.9873085149962
201	581.4278915943643
202	581.4278915943643
203	581.4278915943643
204	581.4278915943643
205	558.9763439537328
206	539.1974760693788
207	530.6102477131631
208	503.30460887033826
209	464.7240933652469
210	464.7240933652469
211	464.7240933652469
212	429.1367185796363
213	428.9869415175623
214	422.7169778381083
215	422.0057624062856
216	388.28387165511225
217	387.47704224890873
218	387.47704224890873
219	354.4081563701693
220	354.4081563701693
221	354.4081563701693
222	349.12536096569795
223	341.1303833094734
224	341.0541822966268
225	341.0541822966268
226	293.97456822923164
227	293.97456822923164
228	291.2510974131045
229	289.7904545549256
230	267.3418866498393
231	267.3418866498393
232	267.3418866498393
233	267.3418866498393
234	267.3418866498393
235	255.28224352860926
236	230.71048795765907
237	230.71048795765907
238	230.71048795765907
239	230.71048795765907
240	222.9725944607688
241	216.19224400401052
242	210.88102732878113
243	210.88102732878113
244	210.88102732878113
245	210.88102732878113
246	202.50265287191564
247	201.72033193431395
248	199.27106940552054
249	193.24791373078062
250	193.24791373078062
251	182.296945603577
252	179.08046089276698
253	158.84077066634254
254	158.84077066634254
255	158.84077066634254
256	158.84077066634254
257	158.84077066634254
258	155.25169327139167
259	153.9830599945057
260	147.07702264951203
261	147.07702264951203
262	147.07702264951203
263	136.8685349479723
264	135.56681218852557
265	134.76547512684078
266	131.12506828102877
267	126.0569686448943
268	125.90703775402929
269	125.90703775402929
270	120.89248083850546
271	111.95619000192656
272	99.04972226184815
273	97.40101405352412
274	88.09200985064524
275	88.09200985064524
276	88.09200985064524
277	88.09200985064524
278	85.8546897397844
279	85.8546897397844
280	79.72395953433767
281	79.72395953433767
282	79.35417398332014
283	72.524731399355
284	72.524731399355
285	72.03106580600519
286	70.39356546530385
287	70.39356546530385
288	69.71056941624919
289	69.63261576175023
290	68.9468223503731
291	64.27613011363087
292	63.79147468789189
293	57.30933326219321
294	57.30933326219321
295	57.30933326219321
296	57.30933326219321
297	56.380133687863754
298	53.874139809847364
299	53.41446787887154
300	53.41446787887154
301	50.658424652887284
302	49.75600903588493
303	49.75600903588493
304	43.14589798254328
305	43.14589798254328
306	43.14589798254328
307	43.14589798254328
308	43.14589798254328
309	42.55729365114645
310	42.020676297771594
311	41.079972015413276
312	41.079972015413276
313	40.809105182811294
314	39.24807682649662
315	39.24807682649662
316	39.248040677954585
317	38.75756670683485
318	37.85577610986853
319	36.15980218672287
320	36.15980218672287
321	36.15980218672287
322	35.53365332095497
323	35.323022544498585
324	35.323022544498585
325	33.27442818556825
326	33.27442818556825
327	32.639941169533756
328	31.624661853238862
329	30.473022414153522
330	30.473022414153522
331	29.97575109869674
332	27.17065061320631
333	27.17065061320631
334	26.986650985114437
335	25.917632767342443
336	25.746949437611484
337	25.64712830091731
338	24.224539470038966
339	23.929358872161295
340	23.929358872161295
341	23.929358872161295
342	23.929358872161295
343	23.36332904738104
344	23.36332904738104
345	23.36332904738104
346	23.35272472631387
347	23.35272472631387
348	23.211893375228456
349	23.131852301405534
350	23.131852301405534
351	23.004467196592774
352	23.004467196592774
353	22.71512005379008
354	22.71512005379008
355	22.71512005379008
356	22.71512005379008
357	22.71512005379008
358	22.66862795997733
359	22.203364506416683
360	22.127111434915196
361	21.625764045267864
362	21.625764045267864
363	21.288639346281318
364	20.91907194044161
365	20.91907194044161
366	20.866140096605736
367	20.643019587601223
368	20.568157639640997
369	20.428960493952324
370	20.428960493952324
371	20.428960493952324
372	20.40094884042201
373	20.07466884301724
374	20.07466884301724
375	19.972220292522092
376	19.826755493390802
377	19.826755493390802
378	19.53331431901612
379	19.53331431901612
380	19.39757260271534
381	19.371198008074824
382	19.370332359326476
383	19.076271132937404
384	18.727027441199567
385	18.174104517268255
386	18.09306712112693
387	18.09306712112693
388	18.09306712112693
389	18.09306712112693
390	17.738661580653133
391	17.51636038371
392	17.36229519619756
393	16.907585211322505
394	16.75678020416215
395	15.768178483770646
396	15.768178483770646
397	15.768178483770646
398	15.768178483770646
399	15.764213549128758
400	15.400580218607631
401	15.400580218607631
402	15.188479927603321
403	14.951277238206865
404	14.773892830407268
405	14.529308232259758
406	14.529308232259758
407	14.529308232259758
408	14.529308232259758
409	14.529308232259758
410	14.529307862501954
411	14.529307862501954
412	14.529307862501954
413	14.438293613763213
414	14.290835151930427
415	14.001839094273539
416	13.917545861169703
417	13.91365949744471
418	13.912059307761702
419	13.754700650994263
420	13.728465908992117
421	13.45002678861671
422	13.45002678861671
423	13.283219392562936
424	12.905780659031366
425	12.905780659031366
426	12.905780659031366
427	12.905780659031366
428	12.497250217837848
429	12.497250217837848
430	12.497250217837848
431	12.208406607867175
432	12.025927381454713
433	12.025927381454713
434	11.78918188459213
435	11.78918188459213
436	11.652428114461658
437	11.652428114461658
438	11.645399196055847
439	11.63562424297903
440	11.288824683475932
441	11.288824683475932
442	11.288824683475932
443	11.288824683475932
444	11.288824683475932
445	11.210431842668848
446	11.210431842668848
447	11.11636454063749
448	10.831408904057088
449	10.782309130414767
450	10.65578869217647
451	10.386560848931806
452	10.308890609490435
453	10.180202106801822
454	10.180202106801822
455	10.180202106801822
456	10.180202106801822
457	10.123666041041604
458	10.118565812899758
459	10.043750975455925
460	10.043750975455925
461	10.043750975455925
462	10.043750975455925
463	10.016632636125882
464	9.992518700773168
465	9.992518700773168
466	9.977539789937234
467	9.960334349566988
468	9.916024816555796
469	9.823166198098376
470	9.823166198098376
471	9.823040240543321
472	9.823040240543321
473	9.739307090873444
474	9.739307090873444
475	9.739307090873444
476	9.739307090873444
477	9.736991644101709
478	9.736991644101709
479	9.664757787502104
480	9.56563295870195
481	9.460552552287497
482	9.460552552287497
483	9.460552552287497
484	9.404497090447181
485	9.404497090447181
486	9.404497090447181
487	9.404497090447181
488	9.363164598840765
489	9.363164598840765
490	9.321461712670226
491	9.321461712670226
492	9.321461712670226
493	9.16659616306234
494	9.16659616306234
495	9.16659616306234
496	9.11948394020386
497	9.11948394020386
498	9.11948394020386
499	9.109087991052895
500	9.075852610372968
501	9.036987570896658
502	8.960455729262485
503	8.960455729262485
504	8.879321636679174
505	8.866180945880304
506	8.700355176821418
507	8.635467150176005
508	8.635467150176005
509	8.635467150176005
510	8.635467150176005
511	8.635467150176005
512	8.568665441104768
513	8.568665441104768
514	8.568665253814322
515	8.568665253814322
516	8.568660331442333
517	8.50668990561826
518	8.487652940782684
519	8.37184633328303
520	8.367275156789852
521	8.309646535638713
522	8.309646535638713
523	8.309646535638713
524	8.30900865901272
525	8.256503497552195
526	8.256503497552195
527	8.253399575171533
528	8.247545097429942
529	7.993410843959202
530	7.993410843959202
531	7.96091479474424
532	7.96091479474424
533	7.96091479474424
534	7.96091479474424
535	7.95194709693727
536	7.95194709693727
537	7.93493634389414
538	7.93493634389414
539	7.934911648478915
540	7.907134454659206
541	7.827760228049796
542	7.827760228049796
543	7.805147903488359
544	7.805147903488359
545	7.805147903488359
546	7.805147903488359
547	7.805130982426371
548	7.805130982426371
549	7.805130982426371
550	7.805130982426371
551	7.791020413063597
552	7.734897865283822
553	7.734897865283822
554	7.734897865283822
555	7.697244312163207
556	7.697244312163207
557	7.697226515150566
558	7.695963671443778
559	7.695603696252247
560	7.695603696252247
561	7.6855008261500455
562	7.685496030039695
563	7.674542392890429
564	7.655597632985076
565	7.6506599143001335
566	7.6506599143001335
567	7.6505233062203715
568	7.6505233062203715
569	7.54174080301475
570	7.541435173456182
571	7.539899310287772
572	7.539899310287772
573	7.539899310287772
574	7.539899310287772
575	7.53923568295916
576	7.5352819571294765
577	7.5352819571294765
578	7.531549487935188
579	7.531327707002367
580	7.493220978728203
581	7.493220978728203
582	7.4889067001954475
583	7.47201696477484
584	7.461583244222361
585	7.461583244222361
586	7.454060506373221
587	7.345708856565829
588	7.345708856565829
589	7.344169388386781
590	7.344169388386781
591	7.342547227804628
592	7.342547227804628
593	7.3266103877942585
594	7.189902011151821
595	7.187900569794752
596	7.187900569794752
597	7.177907409964738
598	7.177007006221302
599	7.127249273794479
600	7.127249273794479
601	7.078536666219572
602	7.078536666219572
603	7.078536666219572
604	7.041570738142574
605	7.041570738142574
606	7.035430062994113
607	7.035430062994113
608	6.9727127532968485
609	6.9727127532968485
610	6.9727127532968485
611	6.9727127532968485
612	6.904843584057189
613	6.904843584057189
614	6.904843584057189
615	6.857513787287381
616	6.857513787287381
617	6.797097719092312
618	6.797097719092312
619	6.797097719092312
620	6.76996182239738
621	6.76996182239738
622	6.76996182239738
623	6.746374283176451
624	6.746374283176451
625	6.746374283176451
626	6.736619762706318
627	6.736619762706318
628	6.6895770361672895
629	6.650550581334257
630	6.650550581334257
631	6.650528710043353
632	6.650186791965788
633	6.565715757458682
634	6.565715757458682
635	6.565413190099289
636	6.565413190099289
637	6.565413190099289
638	6.489685965957851
639	6.351232205559562
640	6.351232205559562
641	6.310215568211754
642	6.310215568211754
643	6.310215568211754
644	6.310215568211754
645	6.310215568211754
646	6.309819891229129
647	6.309819891229129
648	6.299902218266046
649	6.2998204431530445
650	6.2998204431530445
651	6.299482281598336
652	6.299482281598336
653	6.299482281598336
654	6.23909547129262
655	6.23909547129262
656	6.23909547129262
657	6.237237842162628
658	6.233534653713951
659	6.233504540486929
660	6.232024366442136
661	6.2320148778864235
662	6.2320148778864235
663	6.223974347485606
664	6.22375000508119
665	6.22375000508119
666	6.0081415384834065
667	6.0078165852551075
668	6.004868962537496
669	6.004868962537496
670	6.004868962537496
671	6.004868962537496
672	5.993435832423217
673	5.993379649577738
674	5.993379649577738
675	5.99337956811213
676	5.989551101438279
677	5.989547915215509
678	5.982831815937482
679	5.925379194612745
680	5.925379194612745
681	5.925379194612745
682	5.925379194612745
683	5.925356053034538
684	5.925356053034538
685	5.924405713113607
686	5.920160386832343
687	5.918077077294095
688	5.908683018245757
689	5.908671289976732
690	5.878605725419571
691	5.878605725419571
692	5.878142122805007
693	5.869636217165882
694	5.86963115337089
695	5.868630260741269
696	5.868630260741269
697	5.868630260741269
698	5.843894765476297
699	5.843894765476297
700	5.843894765476297
701	5.8312137086881295
702	5.8312137086881295
703	5.8312137086881295
704	5.8312137086881295
705	5.8312137086881295
706	5.821551878345972
707	5.819898618776909
708	5.819898618776909
709	5.819898618776909
710	5.793926196136513
711	5.783264219952004
712	5.783068097669225
713	5.783055708670959
714	5.761019043757087
715	5.761019043757087
716	5.761019043757087
717	5.759941918368352
718	5.759941918368352
719	5.7598608976405306
720	5.715658170198664
721	5.715658170198664
722	5.715658170198664
723	5.669765650622959
724	5.669685741744221
725	5.669685741744221
726	5.669685741744221
727	5.669685741744221
728	5.669245142357253
729	5.669245142357253
730	5.664766716313892
731	5.6184405968528885
732	5.615616138388828
733	5.615616138388828
734	5.615616138388828
735	5.595188667418398
736	5.589457958738591
737	5.589457958738591
738	5.589457958738591
739	5.58814290438722
740	5.528850256883818
741	5.523473364680951
742	5.497698472709486
743	5.475373179748968
744	5.475373179748968
745	5.475373179748968
746	5.475373179748968
747	5.475373179748968
748	5.475373179748968
749	5.471505575235811
750	5.452353517514626
751	5.452353517514626
752	5.452353517514626
753	5.4511012921303195
754	5.446341515829406
755	5.442386570441757
756	5.4097947737065155
757	5.4097947737065155
758	5.409793994914281
759	5.407838398537694
760	5.407181029187658
761	5.402675927450056
762	5.402675927450056
763	5.379460633838636
764	5.379460633838636
765	5.379460633838636
766	5.379460633838636
767	5.379460633838636
768	5.365230349700988
769	5.365230349700988
770	5.365230349700988
771	5.365044482042288
772	5.365044482042288
773	5.365044482042288
774	5.357515936562003
775	5.357515936562003
776	5.357515936562003
777	5.357142784328732
778	5.346414427514897
779	5.346414427514897
780	5.344160612968346
781	5.344160170622739
782	5.343575045628026
783	5.343300246248259
784	5.339434114497148
785	5.339434114497148
786	5.338412454537312
787	5.338412454537312
788	5.338412454537312
789	5.3384004242595235
790	5.335603282422759
791	5.325760229556757
792	5.32576008006526
793	5.32576008006526
794	5.32576008006526
795	5.32576008006526
796	5.32576008006526
797	5.32541994699493
798	5.3253990859984555
799	5.325302012365909
800	5.285534876449355
801	5.285534876449355
802	5.285534876449355
803	5.285534876449355
804	5.282134617589756
805	5.282088532734332
806	5.282088532734332
807	5.282088532734332
808	5.281824955958976
809	5.281824955958976
810	5.281824955958976
811	5.2841075484392865
812	5.2841075484392865
813	5.2841075484392865
814	5.281859432206726
815	5.281648299175989
816	5.280699158326114
817	5.280699158326114
818	5.280556573957968
819	5.280556573957968
820	5.280091441770946
821	5.279002616818447
822	5.278492145161396
823	5.278492145161396
824	5.278333586552867
825	5.278192703194878
826	5.27809776161244
827	5.264184588986662
828	5.264184588986662
829	5.264184588986662
830	5.2555842761921445
831	5.2555842761921445
832	5.253387514799706
833	5.253387514799706
834	5.253384658528479
835	5.253384658528479
836	5.2522809747204064
837	5.249342452731628
838	5.249289635535005
839	5.2476268270815005
840	5.247625201364613
841	5.244341305199559
842	5.244341305199559
843	5.188720918944895
844	5.187863755666599
845	5.187863755666599
846	5.187409841433404
847	5.187409841433404
848	5.187409841433404
849	5.181537339256514
850	5.1695475247301985
851	5.1695475247301985
852	5.1695475247301985
853	5.1695475247301985
854	5.1695475247301985
855	5.1695475247301985
856	5.169416662216641
857	5.166445791043737
858	5.159762477896595
859	5.15926850936557
860	5.159229443461572
861	5.158389789249279
862	5.157900828209463
863	5.157900349183774
864	5.157704847069832
865	5.157704847069832
866	5.094272727236829
867	5.094272727236829
868	5.094272727236829
869	5.094272727236829
870	5.094272727236829
871	5.094272727236829
872	5.094272727236829
873	5.094180538112552
874	5.094180538112552
875	5.093862411016107
876	5.030330355271682
877	5.023711916587218
878	5.023711916587218
879	5.023711916587218
880	5.023711916587218
881	5.023646664458587
882	5.012234188338089
883	5.012234188338089
884	5.012234188338089
885	4.888753668852853
886	4.888753668852853
887	4.888753668852853
888	4.888753668852853
889	4.888753668852853
890	4.87157451587662
891	4.87157451587662
892	4.87157451587662
893	4.87157451587662
894	4.87157451587662
895	4.87002250339601
896	4.868328586486075
897	4.868328586486075
898	4.866978448870791
899	4.865475134273006
900	4.865475134273006
901	4.8607228891467695
902	4.8607228891467695
903	4.8607228891467695
904	4.859349659279903
905	4.8593006814439414
906	4.859141497045444
907	4.855696808302053
908	4.8556967577417645
909	4.853392122106712
910	4.853323955978323
911	4.853323955978323
912	4.85331476738789
913	4.852643060915944
914	4.852602820534837
915	4.852860799309432
916	4.849347576399951
917	4.849347576399951
918	4.814041347895083
919	4.814041347895083
920	4.814041347895083
921	4.814041347895083
922	4.814041347895083
923	4.814041347895083
924	4.800851342985676
925	4.8008444337260965
926	4.799273575712023
927	4.799273575712023
928	4.79927314218377
929	4.798748870578607
930	4.798515692934781
931	4.781188679448936
932	4.781188679448936
933	4.781188679448936
934	4.773352997501431
935	4.771468690326999
936	4.771468690326999
937	4.771468690326999
938	4.761047083737211
939	4.749590538685738
940	4.749590538685738
941	4.749590538685738
942	4.749590538685738
943	4.7488509462164945
944	4.746025780452428
945	4.744951976757493
946	4.744008726297911
947	4.74072469435648
948	4.740067058542129
949	4.740067058542129
950	4.739426133638017
951	4.739400749016792
952	4.732125862821535
953	4.732125862821535
954	4.73212250027004
955	4.731716955441289
956	4.730181887582875
957	4.728291607266331
958	4.728291607266331
959	4.727296781777235
960	4.725838402717998
961	4.722180044967265
962	4.722130206271205
963	4.722112474911306
964	4.720026530541231
965	4.720026530541231
966	4.718657840017592
967	4.718583652815141
968	4.719705480248162
969	4.719316460185963
970	4.7183076894120495
971	4.715971336838223
972	4.715961502894168
973	4.714446106017655
974	4.713145585092494
975	4.713145585092494
976	4.713145585092494
977	4.709751043224287
978	4.708291267843021
979	4.704576535543467
980	4.704576535543467
981	4.476948508814613
982	4.440866272396643
983	4.440866272396643
984	4.436245482998363
985	4.436245482998363
986	4.436179577777647
987	4.435953869336473
988	4.435952307844511
989	4.434626502137433
990	4.434569242359434
991	4.428093654806785
992	4.427882650027644
993	4.427882650027644
994	4.426790323842593
995	4.409067977271536
996	4.334823565429281
997	4.334823565429281
998	4.334823565429281
999	4.324849561664429
1000	4.324348987491214