-19204.0 -18622.0 
-18659.0 -19284.0 
-19204.0 -18622.0 
-19113.0 -18846.0 
-19119.0 -18749.0 
-19152.0 -18712.0 
-19069.0 -18874.0 
-18925.0 -19050.0 
-18746.0 -19212.0 
-19057.0 -18895.0 
-19154.0 -18657.0 
-18706.0 -19220.0 
-18822.0 -19159.0 
-19165.0 -18654.0 
-18949.0 -19025.0 
-18785.0 -19180.0 
-18760.0 -19182.0 
-19165.0 -18654.0 
-18832.0 -19124.0 
-19041.0 -18923.0 
-18790.0 -19163.0 
-19134.0 -18730.0 
-18951.0 -19005.0 
-19013.0 -18947.0 
-19121.0 -18748.0 
-18692.0 -19236.0 
-18692.0 -19236.0 
-18870.0 -19097.0 
-19113.0 -18846.0 
-19031.0 -18936.0 
-19134.0 -18730.0 
-18994.0 -18978.0 
-19041.0 -18923.0 
-18903.0 -19085.0 
-18856.0 -19116.0 
-18997.0 -18972.0 
-18914.0 -19060.0 
-18675.0 -19256.0 
-18972.0 -18993.0 
-18894.0 -19091.0 
-18967.0 -19002.0 
-18949.0 -19025.0 
-19061.0 -18878.0 
-18827.0 -19139.0 
-18706.0 -19220.0 
-18673.0 -19264.0 
-18911.0 -19064.0 
-18752.0 -19201.0 
-19031.0 -18936.0 
-18861.0 -19114.0 
-18673.0 -19264.0 
-18675.0 -19256.0 
-18827.0 -19139.0 
-18886.0 -19092.0 
-18972.0 -18993.0 
-18787.0 -19164.0 
-19004.0 -18959.0 
-19004.0 -18959.0 
-18994.0 -18978.0 
-18753.0 -19197.0 
-18870.0 -19097.0 
-19009.0 -18948.0 
-18903.0 -19085.0 
-18886.0 -19092.0 
-18856.0 -19116.0 
-18832.0 -19124.0 
-18911.0 -19064.0 
-18861.0 -19114.0 
-18968.0 -18994.0 
-18753.0 -19197.0 
-18760.0 -19182.0 
-18822.0 -19159.0 
-19061.0 -18878.0 
-19119.0 -18749.0 
-18790.0 -19163.0 
-19009.0 -18948.0 
-18951.0 -19005.0 
-19154.0 -18657.0 
-18785.0 -19180.0 
-18967.0 -19002.0 
-18787.0 -19164.0 
-18968.0 -18994.0 
-18673.0 -19264.0 
-18827.0 -19139.0 
-18856.0 -19116.0 
-18832.0 -19124.0 
-18911.0 -19064.0 
-18822.0 -19159.0 
-19061.0 -18878.0 
-19009.0 -18948.0 
-19154.0 -18657.0 
-18785.0 -19180.0 
-18787.0 -19164.0 
-18673.0 -19264.0 
-19061.0 -18878.0 
-18911.0 -19064.0 
-19061.0 -18878.0 
-19061.0 -18878.0 
-18787.0 -19164.0 
-18787.0 -19164.0 
