-19192.0 -18457.0 
-19192.0 -18457.0 
-18409.0 -19379.0 
-18495.0 -19349.0 
-19190.0 -18587.0 
-18651.0 -19268.0 
-19128.0 -18785.0 
-18836.0 -19124.0 
-19188.0 -18650.0 
-18582.0 -19270.0 
-19190.0 -18587.0 
-18567.0 -19294.0 
-18708.0 -19200.0 
-19161.0 -18659.0 
-18743.0 -19196.0 
-19129.0 -18736.0 
-19091.0 -18813.0 
-19153.0 -18702.0 
-18851.0 -19098.0 
-18798.0 -19125.0 
-18530.0 -19314.0 
-19148.0 -18722.0 
-18669.0 -19245.0 
-18570.0 -19273.0 
-19038.0 -18879.0 
-18688.0 -19239.0 
-18895.0 -19043.0 
-19002.0 -18939.0 
-19025.0 -18904.0 
-18955.0 -18999.0 
-18789.0 -19147.0 
-18518.0 -19317.0 
-19013.0 -18916.0 
-19134.0 -18725.0 
-18763.0 -19175.0 
-19091.0 -18813.0 
-19068.0 -18856.0 
-19084.0 -18823.0 
-18530.0 -19314.0 
-19083.0 -18839.0 
-18744.0 -19185.0 
-18912.0 -19041.0 
-18699.0 -19220.0 
-18921.0 -19022.0 
-19052.0 -18867.0 
-18878.0 -19069.0 
-18500.0 -19340.0 
-18976.0 -18947.0 
-18699.0 -19220.0 
-18918.0 -19037.0 
-19153.0 -18702.0 
-19128.0 -18785.0 
-18864.0 -19084.0 
-18500.0 -19340.0 
-19068.0 -18856.0 
-18878.0 -19069.0 
-18766.0 -19161.0 
-18972.0 -18955.0 
-18941.0 -19002.0 
-19052.0 -18867.0 
-19025.0 -18904.0 
-19038.0 -18879.0 
-18669.0 -19245.0 
-18864.0 -19084.0 
-18959.0 -18985.0 
-18965.0 -18978.0 
-19013.0 -18916.0 
-18889.0 -19055.0 
-18518.0 -19317.0 
-18567.0 -19294.0 
-19174.0 -18653.0 
-18789.0 -19147.0 
-18774.0 -19160.0 
-18797.0 -19127.0 
-18889.0 -19055.0 
-18927.0 -19016.0 
-18988.0 -18944.0 
-18988.0 -18944.0 
-18688.0 -19239.0 
-18774.0 -19160.0 
-19174.0 -18653.0 
-19083.0 -18839.0 
-18852.0 -19094.0 
-19002.0 -18939.0 
-18972.0 -18955.0 
-18582.0 -19270.0 
-18931.0 -19013.0 
-19161.0 -18659.0 
-18931.0 -19013.0 
-18941.0 -19002.0 
-18708.0 -19200.0 
-18963.0 -18983.0 
-18763.0 -19175.0 
-18965.0 -18978.0 
-19129.0 -18736.0 
-18797.0 -19127.0 
-18852.0 -19094.0 
-18744.0 -19185.0 
-18798.0 -19125.0 
-18988.0 -18944.0 
