-19158.0 -20158.0 
-19946.0 -19258.0 
-19946.0 -19258.0 
-19158.0 -20158.0 
-19473.0 -19986.0 
-19407.0 -19989.0 
-19518.0 -19936.0 
-19942.0 -19304.0 
-19477.0 -19946.0 
-19213.0 -20153.0 
-19854.0 -19491.0 
-19912.0 -19308.0 
-19543.0 -19892.0 
-19596.0 -19830.0 
-19900.0 -19347.0 
-19721.0 -19659.0 
-19543.0 -19892.0 
-19249.0 -20126.0 
-19214.0 -20139.0 
-19572.0 -19832.0 
-19656.0 -19755.0 
-19858.0 -19419.0 
-19855.0 -19448.0 
-19678.0 -19719.0 
-19620.0 -19798.0 
-19875.0 -19394.0 
-19770.0 -19611.0 
-19747.0 -19638.0 
-19875.0 -19394.0 
-19252.0 -20105.0 
-19824.0 -19508.0 
-19603.0 -19809.0 
-19890.0 -19370.0 
-19518.0 -19936.0 
-19788.0 -19546.0 
-19282.0 -20091.0 
-19804.0 -19542.0 
-19333.0 -20061.0 
-19811.0 -19536.0 
-19890.0 -19370.0 
-19362.0 -20040.0 
-19785.0 -19566.0 
-19362.0 -20040.0 
-19733.0 -19639.0 
-19552.0 -19861.0 
-19729.0 -19652.0 
-19374.0 -20038.0 
-19704.0 -19680.0 
-19391.0 -20018.0 
-19772.0 -19594.0 
-19670.0 -19728.0 
-19785.0 -19566.0 
-19631.0 -19774.0 
-19835.0 -19499.0 
-19772.0 -19594.0 
-19855.0 -19448.0 
-19656.0 -19755.0 
-19906.0 -19331.0 
-19770.0 -19611.0 
-19333.0 -20061.0 
-19564.0 -19844.0 
-19858.0 -19419.0 
-19394.0 -20005.0 
-19747.0 -19638.0 
-19637.0 -19769.0 
-19692.0 -19703.0 
-19704.0 -19680.0 
-19692.0 -19703.0 
-19250.0 -20112.0 
-19310.0 -20070.0 
-19824.0 -19508.0 
-19620.0 -19798.0 
-19391.0 -20018.0 
-19906.0 -19331.0 
-19700.0 -19693.0 
-19282.0 -20091.0 
-19374.0 -20038.0 
-19301.0 -20076.0 
-19326.0 -20064.0 
-19637.0 -19769.0 
-19811.0 -19536.0 
-19835.0 -19499.0 
-19552.0 -19861.0 
-19301.0 -20076.0 
-19394.0 -20005.0 
-19603.0 -19809.0 
-19289.0 -20087.0 
-19674.0 -19726.0 
-19670.0 -19728.0 
-19407.0 -19989.0 
-19289.0 -20087.0 
-19631.0 -19774.0 
-19558.0 -19845.0 
-19252.0 -20105.0 
-19310.0 -20070.0 
-19477.0 -19946.0 
-19700.0 -19693.0 
-19249.0 -20126.0 
-19214.0 -20139.0 
-19326.0 -20064.0 
