-19102.0 -20190.0 
-19940.0 -19123.0 
-19940.0 -19123.0 
-19102.0 -20190.0 
-19244.0 -20138.0 
-19861.0 -19421.0 
-19413.0 -20024.0 
-19195.0 -20154.0 
-19812.0 -19437.0 
-19609.0 -19791.0 
-19868.0 -19362.0 
-19246.0 -20103.0 
-19668.0 -19701.0 
-19922.0 -19217.0 
-19343.0 -20046.0 
-19888.0 -19353.0 
-19937.0 -19150.0 
-19463.0 -19973.0 
-19892.0 -19307.0 
-19189.0 -20160.0 
-19914.0 -19219.0 
-19750.0 -19534.0 
-19534.0 -19900.0 
-19433.0 -19975.0 
-19729.0 -19604.0 
-19808.0 -19478.0 
-19576.0 -19792.0 
-19673.0 -19657.0 
-19419.0 -19983.0 
-19282.0 -20102.0 
-19157.0 -20168.0 
-19912.0 -19266.0 
-19744.0 -19567.0 
-19563.0 -19831.0 
-19907.0 -19294.0 
-19544.0 -19858.0 
-19791.0 -19494.0 
-19937.0 -19150.0 
-19734.0 -19578.0 
-19489.0 -19944.0 
-19835.0 -19426.0 
-19489.0 -19944.0 
-19304.0 -20094.0 
-19384.0 -20034.0 
-19611.0 -19751.0 
-19568.0 -19805.0 
-19515.0 -19916.0 
-19323.0 -20064.0 
-19764.0 -19531.0 
-19141.0 -20181.0 
-19544.0 -19858.0 
-19686.0 -19629.0 
-19806.0 -19487.0 
-19384.0 -20034.0 
-19614.0 -19732.0 
-19625.0 -19725.0 
-19711.0 -19608.0 
-19463.0 -19973.0 
-19780.0 -19521.0 
-19835.0 -19426.0 
-19515.0 -19916.0 
-19563.0 -19831.0 
-19363.0 -20041.0 
-19501.0 -19933.0 
-19363.0 -20041.0 
-19535.0 -19880.0 
-19650.0 -19705.0 
-19912.0 -19266.0 
-19105.0 -20187.0 
-19697.0 -19619.0 
-19282.0 -20102.0 
-19501.0 -19933.0 
-19121.0 -20184.0 
-19157.0 -20168.0 
-19323.0 -20064.0 
-19315.0 -20078.0 
-19638.0 -19713.0 
-19315.0 -20078.0 
-19422.0 -19981.0 
-19686.0 -19629.0 
-19674.0 -19653.0 
-19638.0 -19713.0 
-19738.0 -19570.0 
-19141.0 -20181.0 
-19121.0 -20184.0 
-19535.0 -19880.0 
-19573.0 -19801.0 
-19706.0 -19610.0 
-19304.0 -20094.0 
-19611.0 -19751.0 
-19922.0 -19217.0 
-19791.0 -19494.0 
-19623.0 -19730.0 
-19701.0 -19618.0 
-19907.0 -19294.0 
-19674.0 -19653.0 
-19650.0 -19705.0 
-19780.0 -19521.0 
-19892.0 -19307.0 
-19868.0 -19362.0 
