-18708.0 -20432.0 
-20045.0 -19121.0 
-18708.0 -20432.0 
-20045.0 -19121.0 
-19104.0 -20251.0 
-18780.0 -20393.0 
-18862.0 -20372.0 
-19286.0 -20126.0 
-19131.0 -20211.0 
-19518.0 -19968.0 
-19201.0 -20173.0 
-19456.0 -19984.0 
-20030.0 -19175.0 
-19814.0 -19603.0 
-19742.0 -19672.0 
-18869.0 -20354.0 
-18749.0 -20429.0 
-19040.0 -20266.0 
-19702.0 -19730.0 
-19344.0 -20074.0 
-19902.0 -19434.0 
-19297.0 -20087.0 
-19683.0 -19744.0 
-18991.0 -20276.0 
-19965.0 -19328.0 
-19795.0 -19621.0 
-19840.0 -19531.0 
-19710.0 -19698.0 
-19040.0 -20266.0 
-19815.0 -19565.0 
-19361.0 -20049.0 
-19988.0 -19242.0 
-20037.0 -19122.0 
-19844.0 -19506.0 
-19585.0 -19892.0 
-19418.0 -20025.0 
-20003.0 -19211.0 
-19932.0 -19363.0 
-18905.0 -20340.0 
-19401.0 -20039.0 
-19611.0 -19839.0 
-19823.0 -19549.0 
-18926.0 -20316.0 
-19975.0 -19289.0 
-19862.0 -19492.0 
-19652.0 -19800.0 
-19744.0 -19629.0 
-19677.0 -19773.0 
-19912.0 -19422.0 
-19553.0 -19897.0 
-19975.0 -19289.0 
-19535.0 -19931.0 
-19550.0 -19918.0 
-19943.0 -19348.0 
-19295.0 -20094.0 
-19869.0 -19476.0 
-19380.0 -20047.0 
-19242.0 -20136.0 
-19769.0 -19623.0 
-19443.0 -20007.0 
-20016.0 -19180.0 
-19922.0 -19387.0 
-19624.0 -19819.0 
-19213.0 -20142.0 
-18952.0 -20303.0 
-19916.0 -19395.0 
-19988.0 -19242.0 
-20009.0 -19203.0 
-19652.0 -19800.0 
-19487.0 -19971.0 
-19205.0 -20146.0 
-19168.0 -20192.0 
-19438.0 -20015.0 
-19606.0 -19860.0 
-19949.0 -19329.0 
-19878.0 -19458.0 
-18934.0 -20310.0 
-19242.0 -20136.0 
-18775.0 -20396.0 
-19606.0 -19860.0 
-19578.0 -19893.0 
-18991.0 -20276.0 
-18905.0 -20340.0 
-19168.0 -20192.0 
-19710.0 -19698.0 
-18965.0 -20295.0 
-19144.0 -20194.0 
-19487.0 -19971.0 
-19677.0 -19773.0 
-19878.0 -19458.0 
-19624.0 -19819.0 
-18965.0 -20295.0 
-19748.0 -19624.0 
-19138.0 -20196.0 
-19535.0 -19931.0 
-19344.0 -20074.0 
-18775.0 -20396.0 
-18749.0 -20429.0 
-19742.0 -19672.0 
-18862.0 -20372.0 
