-18851.0 -20348.0 
-19875.0 -19360.0 
-19875.0 -19360.0 
-18851.0 -20348.0 
-18923.0 -20338.0 
-19178.0 -20203.0 
-19439.0 -19963.0 
-19430.0 -20006.0 
-19836.0 -19414.0 
-19704.0 -19670.0 
-18932.0 -20313.0 
-18979.0 -20302.0 
-19240.0 -20159.0 
-19827.0 -19469.0 
-19189.0 -20164.0 
-19707.0 -19638.0 
-19276.0 -20141.0 
-19083.0 -20221.0 
-19124.0 -20218.0 
-19342.0 -20068.0 
-19124.0 -20218.0 
-19543.0 -19850.0 
-19406.0 -20023.0 
-19301.0 -20114.0 
-19307.0 -20070.0 
-19577.0 -19807.0 
-19748.0 -19570.0 
-18979.0 -20302.0 
-19503.0 -19914.0 
-19183.0 -20168.0 
-19771.0 -19562.0 
-19569.0 -19845.0 
-19854.0 -19406.0 
-19535.0 -19879.0 
-19020.0 -20279.0 
-19614.0 -19778.0 
-19644.0 -19718.0 
-19358.0 -20047.0 
-19772.0 -19544.0 
-19806.0 -19506.0 
-19802.0 -19525.0 
-19276.0 -20141.0 
-19814.0 -19494.0 
-19020.0 -20279.0 
-19620.0 -19757.0 
-19411.0 -20010.0 
-19378.0 -20032.0 
-19240.0 -20159.0 
-19866.0 -19376.0 
-19592.0 -19797.0 
-19044.0 -20277.0 
-19746.0 -19589.0 
-19815.0 -19473.0 
-19078.0 -20243.0 
-19723.0 -19626.0 
-19062.0 -20262.0 
-19662.0 -19715.0 
-19639.0 -19738.0 
-19506.0 -19896.0 
-19483.0 -19924.0 
-19305.0 -20085.0 
-19301.0 -20114.0 
-19062.0 -20262.0 
-19574.0 -19832.0 
-19675.0 -19678.0 
-19783.0 -19531.0 
-19459.0 -19957.0 
-19866.0 -19376.0 
-19665.0 -19679.0 
-19517.0 -19895.0 
-19741.0 -19601.0 
-19631.0 -19753.0 
-19598.0 -19781.0 
-19733.0 -19603.0 
-19785.0 -19528.0 
-19078.0 -20243.0 
-19535.0 -19879.0 
-19731.0 -19616.0 
-19471.0 -19936.0 
-19378.0 -20032.0 
-19664.0 -19696.0 
-19638.0 -19748.0 
-19595.0 -19786.0 
-19483.0 -19924.0 
-19663.0 -19700.0 
-19178.0 -20203.0 
-18932.0 -20313.0 
-19854.0 -19406.0 
-19044.0 -20277.0 
-19305.0 -20085.0 
-19466.0 -19948.0 
-19517.0 -19895.0 
-19363.0 -20045.0 
-19725.0 -19619.0 
-19675.0 -19678.0 
-19342.0 -20068.0 
-19471.0 -19936.0 
-19836.0 -19414.0 
-19363.0 -20045.0 
-19574.0 -19832.0 
