-19803.0 -19499.0 
-18795.0 -20361.0 
-19803.0 -19499.0 
-18947.0 -20324.0 
-19335.0 -20136.0 
-19020.0 -20318.0 
-19204.0 -20226.0 
-19772.0 -19522.0 
-19050.0 -20303.0 
-19080.0 -20264.0 
-19768.0 -19571.0 
-18847.0 -20359.0 
-19254.0 -20186.0 
-19343.0 -20099.0 
-18904.0 -20325.0 
-19147.0 -20247.0 
-19274.0 -20154.0 
-19550.0 -19896.0 
-19227.0 -20199.0 
-19545.0 -19920.0 
-19296.0 -20138.0 
-19646.0 -19781.0 
-19752.0 -19626.0 
-19467.0 -19990.0 
-19507.0 -19966.0 
-19576.0 -19865.0 
-19147.0 -20247.0 
-19486.0 -19969.0 
-19666.0 -19742.0 
-19204.0 -20226.0 
-19394.0 -20054.0 
-19064.0 -20291.0 
-19122.0 -20250.0 
-19528.0 -19927.0 
-19755.0 -19599.0 
-19722.0 -19670.0 
-19705.0 -19677.0 
-19122.0 -20250.0 
-19405.0 -20032.0 
-19429.0 -20016.0 
-19523.0 -19940.0 
-19695.0 -19714.0 
-19646.0 -19781.0 
-19274.0 -20154.0 
-19227.0 -20199.0 
-19444.0 -20014.0 
-19020.0 -20318.0 
-19768.0 -19571.0 
-18848.0 -20348.0 
-19572.0 -19886.0 
-18882.0 -20337.0 
-19590.0 -19859.0 
-19755.0 -19599.0 
-19254.0 -20186.0 
-19612.0 -19835.0 
-19355.0 -20083.0 
-19736.0 -19627.0 
-19571.0 -19892.0 
-19372.0 -20068.0 
-19682.0 -19731.0 
-19687.0 -19725.0 
-19080.0 -20264.0 
-19699.0 -19701.0 
-19783.0 -19512.0 
-19353.0 -20098.0 
-19725.0 -19650.0 
-19604.0 -19840.0 
-19064.0 -20291.0 
-19451.0 -20003.0 
-19668.0 -19737.0 
-19372.0 -20068.0 
-19620.0 -19824.0 
-19783.0 -19512.0 
-19518.0 -19953.0 
-19632.0 -19807.0 
-19638.0 -19798.0 
-19666.0 -19742.0 
-19707.0 -19672.0 
-19620.0 -19824.0 
-19296.0 -20138.0 
-18865.0 -20343.0 
-18898.0 -20334.0 
-19476.0 -19981.0 
-18865.0 -20343.0 
-19632.0 -19807.0 
-19451.0 -20003.0 
-19699.0 -19701.0 
-19415.0 -20024.0 
-19590.0 -19859.0 
-19388.0 -20058.0 
-19476.0 -19981.0 
-19518.0 -19953.0 
-19732.0 -19638.0 
-19604.0 -19840.0 
-19355.0 -20083.0 
-18892.0 -20335.0 
-19407.0 -20030.0 
-19638.0 -19798.0 
-19732.0 -19638.0 
-19388.0 -20058.0 
