-19520.0 -18271.0 
-18266.0 -19637.0 
-19520.0 -18271.0 
-18266.0 -19637.0 
-18288.0 -19624.0 
-18384.0 -19607.0 
-18779.0 -19330.0 
-18833.0 -19324.0 
-19398.0 -18489.0 
-19386.0 -18566.0 
-19303.0 -18700.0 
-19336.0 -18612.0 
-19502.0 -18338.0 
-19427.0 -18443.0 
-18559.0 -19526.0 
-18977.0 -19164.0 
-18473.0 -19567.0 
-18508.0 -19529.0 
-19210.0 -18845.0 
-18427.0 -19571.0 
-19267.0 -18761.0 
-19016.0 -19106.0 
-19323.0 -18645.0 
-18987.0 -19116.0 
-18839.0 -19286.0 
-18709.0 -19403.0 
-18664.0 -19444.0 
-19239.0 -18790.0 
-19151.0 -18924.0 
-18614.0 -19487.0 
-19419.0 -18479.0 
-19017.0 -19070.0 
-19165.0 -18889.0 
-18482.0 -19542.0 
-19458.0 -18358.0 
-19035.0 -19037.0 
-19513.0 -18286.0 
-19210.0 -18845.0 
-19193.0 -18873.0 
-18674.0 -19412.0 
-18727.0 -19374.0 
-19059.0 -19032.0 
-18764.0 -19360.0 
-19449.0 -18429.0 
-19139.0 -18939.0 
-19323.0 -18645.0 
-18762.0 -19369.0 
-19282.0 -18703.0 
-19491.0 -18348.0 
-18633.0 -19468.0 
-19027.0 -19057.0 
-18950.0 -19179.0 
-19360.0 -18591.0 
-18597.0 -19491.0 
-19160.0 -18898.0 
-19360.0 -18591.0 
-18874.0 -19226.0 
-18394.0 -19594.0 
-18720.0 -19381.0 
-18864.0 -19272.0 
-18907.0 -19202.0 
-19274.0 -18722.0 
-19088.0 -18971.0 
-18685.0 -19409.0 
-19466.0 -18352.0 
-19097.0 -18960.0 
-18633.0 -19468.0 
-18927.0 -19201.0 
-19239.0 -18790.0 
-19452.0 -18397.0 
-19119.0 -18944.0 
-18991.0 -19112.0 
-18581.0 -19502.0 
-18503.0 -19539.0 
-18848.0 -19274.0 
-18950.0 -19179.0 
-19116.0 -18956.0 
-18427.0 -19571.0 
-19250.0 -18768.0 
-19452.0 -18397.0 
-18899.0 -19219.0 
-19386.0 -18566.0 
-18865.0 -19244.0 
-18284.0 -19634.0 
-19081.0 -18990.0 
-19064.0 -19011.0 
-18581.0 -19502.0 
-18664.0 -19444.0 
-19193.0 -18873.0 
-18890.0 -19222.0 
-19248.0 -18779.0 
-18394.0 -19594.0 
-19405.0 -18481.0 
-19075.0 -18993.0 
-19065.0 -19003.0 
-18384.0 -19607.0 
-19513.0 -18286.0 
-18559.0 -19526.0 
-19274.0 -18722.0 
-18927.0 -19201.0 
