1.000000000000000000e+00 6.796155093005482595e-01
2.000000000000000000e+00 6.787684048990181296e-01
3.000000000000000000e+00 6.780471971981281154e-01
4.000000000000000000e+00 6.770613409569308239e-01
5.000000000000000000e+00 6.765785129117103391e-01
6.000000000000000000e+00 6.758536556733915068e-01
7.000000000000000000e+00 6.749655274339775302e-01
8.000000000000000000e+00 6.746404153997074271e-01
9.000000000000000000e+00 6.741910372468157275e-01
1.000000000000000000e+01 6.737620633666444592e-01
1.100000000000000000e+01 6.734325946365602444e-01
1.200000000000000000e+01 6.729567405674793390e-01
1.300000000000000000e+01 6.728084614024965049e-01
1.400000000000000000e+01 6.725390004674555167e-01
1.500000000000000000e+01 6.721661886893049997e-01
1.600000000000000000e+01 6.717767882222175357e-01
1.700000000000000000e+01 6.714172199746029079e-01
1.800000000000000000e+01 6.712833416985478641e-01
1.900000000000000000e+01 6.711162498169178647e-01
2.000000000000000000e+01 6.707216675697330599e-01
2.100000000000000000e+01 6.706412559629214565e-01
2.200000000000000000e+01 6.704664010008980490e-01
2.300000000000000000e+01 6.703735259383217793e-01
2.400000000000000000e+01 6.702013606968962867e-01
2.500000000000000000e+01 6.700000406084998250e-01
2.600000000000000000e+01 6.698223423542383204e-01
2.700000000000000000e+01 6.696122749843191890e-01
2.800000000000000000e+01 6.695112530463457334e-01
2.900000000000000000e+01 6.692976267022530124e-01
3.000000000000000000e+01 6.692087884656819918e-01
3.100000000000000000e+01 6.691451082810142559e-01
3.200000000000000000e+01 6.690158054484590666e-01
3.300000000000000000e+01 6.689355489582778924e-01
3.400000000000000000e+01 6.687625217146773160e-01
3.500000000000000000e+01 6.685402944880832754e-01
3.600000000000000000e+01 6.683545249357503160e-01
3.700000000000000000e+01 6.683146856062051056e-01
3.800000000000000000e+01 6.681928027731198760e-01
3.900000000000000000e+01 6.681709400379143293e-01
4.000000000000000000e+01 6.680119913837764267e-01
4.100000000000000000e+01 6.677805819201060311e-01
4.200000000000000000e+01 6.676989000883134517e-01
4.300000000000000000e+01 6.673753496756290593e-01
4.400000000000000000e+01 6.671708929577888636e-01
4.500000000000000000e+01 6.670410958464502160e-01
4.600000000000000000e+01 6.669956608110304552e-01
4.700000000000000000e+01 6.669543998717254452e-01
4.800000000000000000e+01 6.669290436516424059e-01
4.900000000000000000e+01 6.668444850935395518e-01
5.000000000000000000e+01 6.665588798095426482e-01
5.100000000000000000e+01 6.664213524951388967e-01
5.200000000000000000e+01 6.663159910187306245e-01
5.300000000000000000e+01 6.661699767510844694e-01
5.400000000000000000e+01 6.661202403610794187e-01
5.500000000000000000e+01 6.660082602304535637e-01
5.600000000000000000e+01 6.658624869853534411e-01
5.700000000000000000e+01 6.658203958913969656e-01
5.800000000000000000e+01 6.656122884388798733e-01
5.900000000000000000e+01 6.654300178978618252e-01
6.000000000000000000e+01 6.652904126928018691e-01
6.100000000000000000e+01 6.652159986252785817e-01
6.200000000000000000e+01 6.650802332045551157e-01
6.300000000000000000e+01 6.649147325290500898e-01
6.400000000000000000e+01 6.648778076834540585e-01
6.500000000000000000e+01 6.647150096075739034e-01
6.600000000000000000e+01 6.646208877763009060e-01
6.700000000000000000e+01 6.645407725412165734e-01
6.800000000000000000e+01 6.644602104921550900e-01
6.900000000000000000e+01 6.643620973627447635e-01
7.000000000000000000e+01 6.642990686603235106e-01
7.100000000000000000e+01 6.640424687050382468e-01
7.200000000000000000e+01 6.638420661813059231e-01
7.300000000000000000e+01 6.637499253957298562e-01
7.400000000000000000e+01 6.636850973313666024e-01
7.500000000000000000e+01 6.636154213223107723e-01
7.600000000000000000e+01 6.634732642292828775e-01
7.700000000000000000e+01 6.634066876826939518e-01
7.800000000000000000e+01 6.633259942646092533e-01
7.900000000000000000e+01 6.631760488922971986e-01
8.000000000000000000e+01 6.629944959193273535e-01
8.100000000000000000e+01 6.628325241017130054e-01
8.200000000000000000e+01 6.626402500379772187e-01
8.300000000000000000e+01 6.625706209335510133e-01
8.400000000000000000e+01 6.624958062358859978e-01
8.500000000000000000e+01 6.623855006950463142e-01
8.600000000000000000e+01 6.623345931082028626e-01
8.700000000000000000e+01 6.622163676860887138e-01
8.800000000000000000e+01 6.621329668273693292e-01
8.900000000000000000e+01 6.620243507646069725e-01
9.000000000000000000e+01 6.619043061410547768e-01
9.100000000000000000e+01 6.618646077388040672e-01
9.200000000000000000e+01 6.617496498264102689e-01
9.300000000000000000e+01 6.617305045247019457e-01
9.400000000000000000e+01 6.616565547735964170e-01
9.500000000000000000e+01 6.616339969906562812e-01
9.600000000000000000e+01 6.615954775311546632e-01
9.700000000000000000e+01 6.614629815075651065e-01
9.800000000000000000e+01 6.613604368789490762e-01
9.900000000000000000e+01 6.613196841593778075e-01
1.000000000000000000e+02 6.612394527293121715e-01
1.010000000000000000e+02 6.610986056857337534e-01
1.020000000000000000e+02 6.609720338347809809e-01
1.030000000000000000e+02 6.608182449485415777e-01
1.040000000000000000e+02 6.607044690313427227e-01
1.050000000000000000e+02 6.606576714895628921e-01
1.060000000000000000e+02 6.605877133750764907e-01
1.070000000000000000e+02 6.603031992522411242e-01
1.080000000000000000e+02 6.602468320284090586e-01
1.090000000000000000e+02 6.601046594920046973e-01
1.100000000000000000e+02 6.600237944459972361e-01
1.110000000000000000e+02 6.599388958880609835e-01
1.120000000000000000e+02 6.598732977041347203e-01
1.130000000000000000e+02 6.598068632087128460e-01
1.140000000000000000e+02 6.597380460175341632e-01
1.150000000000000000e+02 6.595859440576632426e-01
1.160000000000000000e+02 6.595773433017320109e-01
1.170000000000000000e+02 6.592903754114848303e-01
1.180000000000000000e+02 6.592347699882953327e-01
1.190000000000000000e+02 6.590322412465748902e-01
1.200000000000000000e+02 6.589598855701804814e-01
1.210000000000000000e+02 6.589098420379436716e-01
1.220000000000000000e+02 6.588158939675735626e-01
1.230000000000000000e+02 6.587271257449267559e-01
1.240000000000000000e+02 6.585676250237486595e-01
1.250000000000000000e+02 6.584498263691550557e-01
1.260000000000000000e+02 6.583474290620302538e-01
1.270000000000000000e+02 6.582777372321815257e-01
1.280000000000000000e+02 6.581244007799642581e-01
1.290000000000000000e+02 6.580462379174105703e-01
1.300000000000000000e+02 6.579794092699049468e-01
1.310000000000000000e+02 6.578095018158761631e-01
1.320000000000000000e+02 6.576523347192482216e-01
1.330000000000000000e+02 6.575867494719580542e-01
1.340000000000000000e+02 6.573993207475337108e-01
1.350000000000000000e+02 6.572395347129218468e-01
1.360000000000000000e+02 6.571972845315786627e-01
1.370000000000000000e+02 6.571726305225286113e-01
1.380000000000000000e+02 6.569514410870139764e-01
1.390000000000000000e+02 6.568809947660733117e-01
1.400000000000000000e+02 6.568319522969950919e-01
1.410000000000000000e+02 6.567343895905674023e-01
1.420000000000000000e+02 6.566456613135306375e-01
1.430000000000000000e+02 6.565166855824949854e-01
1.440000000000000000e+02 6.563245400106429983e-01
1.450000000000000000e+02 6.561063062463916573e-01
1.460000000000000000e+02 6.560304422447678085e-01
1.470000000000000000e+02 6.559205062664241748e-01
1.480000000000000000e+02 6.558249094426327197e-01
1.490000000000000000e+02 6.557011562282885064e-01
1.500000000000000000e+02 6.555609696042690171e-01
1.510000000000000000e+02 6.555051236008528903e-01
1.520000000000000000e+02 6.554269047145825366e-01
1.530000000000000000e+02 6.552227626315649811e-01
1.540000000000000000e+02 6.551364164601208850e-01
1.550000000000000000e+02 6.550670135469054411e-01
1.560000000000000000e+02 6.549806178078332319e-01
1.570000000000000000e+02 6.549023236773410250e-01
1.580000000000000000e+02 6.548296846828739470e-01
1.590000000000000000e+02 6.546301995832163323e-01
1.600000000000000000e+02 6.545589834066660728e-01
1.610000000000000000e+02 6.544001714345005771e-01
1.620000000000000000e+02 6.543667622512099324e-01
1.630000000000000000e+02 6.542487150207080271e-01
1.640000000000000000e+02 6.541752280155169741e-01
1.650000000000000000e+02 6.541252674197405304e-01
1.660000000000000000e+02 6.540815920642913950e-01
1.670000000000000000e+02 6.537584691023313743e-01
1.680000000000000000e+02 6.536839948297362701e-01
1.690000000000000000e+02 6.536241406537025567e-01
1.700000000000000000e+02 6.534935794995486713e-01
1.710000000000000000e+02 6.534134995510176847e-01
1.720000000000000000e+02 6.532368191112648548e-01
1.730000000000000000e+02 6.531179613696725950e-01
1.740000000000000000e+02 6.528029110123904077e-01
1.750000000000000000e+02 6.527798534740996139e-01
1.760000000000000000e+02 6.527317005468487032e-01
1.770000000000000000e+02 6.526185394139401019e-01
1.780000000000000000e+02 6.525929569362458604e-01
1.790000000000000000e+02 6.525601659758312190e-01
1.800000000000000000e+02 6.524893804365790029e-01
1.810000000000000000e+02 6.523786729817728780e-01
1.820000000000000000e+02 6.522720926157509203e-01
1.830000000000000000e+02 6.522062397074910312e-01
1.840000000000000000e+02 6.521112728612754594e-01
1.850000000000000000e+02 6.520276696187768950e-01
1.860000000000000000e+02 6.519609707386360142e-01
1.870000000000000000e+02 6.518524021521564515e-01
1.880000000000000000e+02 6.517557593344454059e-01
1.890000000000000000e+02 6.516820435397480127e-01
1.900000000000000000e+02 6.516236932675779636e-01
1.910000000000000000e+02 6.515956869839965027e-01
1.920000000000000000e+02 6.515217178925523100e-01
1.930000000000000000e+02 6.515048222338118977e-01
1.940000000000000000e+02 6.513593297501359958e-01
1.950000000000000000e+02 6.511778511933601354e-01
1.960000000000000000e+02 6.510835172740573329e-01
1.970000000000000000e+02 6.510433609007864053e-01
1.980000000000000000e+02 6.509904095968181981e-01
1.990000000000000000e+02 6.509026187208620806e-01
2.000000000000000000e+02 6.508698411422082497e-01
2.010000000000000000e+02 6.507674704060506521e-01
2.020000000000000000e+02 6.506695034180051129e-01
2.030000000000000000e+02 6.505683816859877400e-01
2.040000000000000000e+02 6.504104297967113757e-01
2.050000000000000000e+02 6.503385081575042692e-01
2.060000000000000000e+02 6.502716928997117618e-01
2.070000000000000000e+02 6.502250384647623171e-01
2.080000000000000000e+02 6.501843618353551069e-01
2.090000000000000000e+02 6.501445826186827981e-01
2.100000000000000000e+02 6.499801963881320921e-01
2.110000000000000000e+02 6.499628361340417104e-01
2.120000000000000000e+02 6.499030839210686583e-01
2.130000000000000000e+02 6.496339558023241922e-01
2.140000000000000000e+02 6.494419275205720599e-01
2.150000000000000000e+02 6.491043207852454922e-01
2.160000000000000000e+02 6.490629511972905163e-01
2.170000000000000000e+02 6.490024302740923234e-01
2.180000000000000000e+02 6.488171096359662826e-01
2.190000000000000000e+02 6.487426388976386127e-01
2.200000000000000000e+02 6.487168008493140459e-01
2.210000000000000000e+02 6.487109241279362948e-01
2.220000000000000000e+02 6.486147085461432260e-01
2.230000000000000000e+02 6.485709824693476344e-01
2.240000000000000000e+02 6.485155212335188546e-01
2.250000000000000000e+02 6.483629743934641310e-01
2.260000000000000000e+02 6.482671028786300971e-01
2.270000000000000000e+02 6.482096674622368493e-01
2.280000000000000000e+02 6.481256543201966425e-01
2.290000000000000000e+02 6.480931451099541940e-01
2.300000000000000000e+02 6.480345081563880782e-01
2.310000000000000000e+02 6.479578980895920326e-01
2.320000000000000000e+02 6.479205012627486937e-01
2.330000000000000000e+02 6.477250838769458285e-01
2.340000000000000000e+02 6.476515054531407634e-01
2.350000000000000000e+02 6.475455345131818641e-01
2.360000000000000000e+02 6.475344819995982881e-01
2.370000000000000000e+02 6.474105347618540618e-01
2.380000000000000000e+02 6.472975153393987213e-01
2.390000000000000000e+02 6.472281274247010385e-01
2.400000000000000000e+02 6.471392226808869719e-01
2.410000000000000000e+02 6.470977444488308361e-01
2.420000000000000000e+02 6.470226826890846938e-01
2.430000000000000000e+02 6.469774651978830171e-01
2.440000000000000000e+02 6.468948896044141028e-01
2.450000000000000000e+02 6.468007360918471838e-01
2.460000000000000000e+02 6.466842883966112954e-01
2.470000000000000000e+02 6.466139675345625726e-01
2.480000000000000000e+02 6.465569318023789425e-01
2.490000000000000000e+02 6.464475258509283506e-01
2.500000000000000000e+02 6.463226589351214191e-01
2.510000000000000000e+02 6.462730507890654952e-01
2.520000000000000000e+02 6.461495733866442492e-01
2.530000000000000000e+02 6.461003115769686778e-01
2.540000000000000000e+02 6.459790439109039939e-01
2.550000000000000000e+02 6.459314201050850857e-01
2.560000000000000000e+02 6.458928939985348894e-01
2.570000000000000000e+02 6.457655069002841142e-01
2.580000000000000000e+02 6.456256269246363200e-01
2.590000000000000000e+02 6.456007100102829632e-01
2.600000000000000000e+02 6.455030443186247080e-01
2.610000000000000000e+02 6.454187103579581697e-01
2.620000000000000000e+02 6.453455569909084533e-01
2.630000000000000000e+02 6.452941826781094514e-01
2.640000000000000000e+02 6.452387622161003256e-01
2.650000000000000000e+02 6.451582748160301639e-01
2.660000000000000000e+02 6.450899791133715144e-01
2.670000000000000000e+02 6.450572311577029705e-01
2.680000000000000000e+02 6.449642803468779162e-01
2.690000000000000000e+02 6.448835596389250746e-01
2.700000000000000000e+02 6.447691564430192424e-01
2.710000000000000000e+02 6.446447595928350704e-01
2.720000000000000000e+02 6.446233873728361985e-01
2.730000000000000000e+02 6.445429105858585528e-01
2.740000000000000000e+02 6.444716729979984571e-01
2.750000000000000000e+02 6.443978140679407218e-01
2.760000000000000000e+02 6.443316560340007770e-01
2.770000000000000000e+02 6.442958482246766705e-01
2.780000000000000000e+02 6.442155778003612054e-01
2.790000000000000000e+02 6.442129169992077964e-01
2.800000000000000000e+02 6.441816368916456481e-01
2.810000000000000000e+02 6.441589024772451655e-01
2.820000000000000000e+02 6.440831437427211315e-01
2.830000000000000000e+02 6.440575970594339950e-01
2.840000000000000000e+02 6.439351061090445860e-01
2.850000000000000000e+02 6.437719461963102852e-01
2.860000000000000000e+02 6.437255515636098879e-01
2.870000000000000000e+02 6.437101742173313434e-01
2.880000000000000000e+02 6.436440313661736523e-01
2.890000000000000000e+02 6.435894635953173237e-01
2.900000000000000000e+02 6.435320142661759002e-01
2.910000000000000000e+02 6.435110160240057331e-01
2.920000000000000000e+02 6.434542029361014492e-01
2.930000000000000000e+02 6.434164851470164370e-01
2.940000000000000000e+02 6.433809965918642071e-01
2.950000000000000000e+02 6.433349160607567674e-01
2.960000000000000000e+02 6.432709334899423537e-01
2.970000000000000000e+02 6.431759272025843188e-01
2.980000000000000000e+02 6.431116629563682352e-01
2.990000000000000000e+02 6.430066268946994512e-01
3.000000000000000000e+02 6.429634886103233748e-01
3.010000000000000000e+02 6.429060049326287274e-01
3.020000000000000000e+02 6.428532118387478844e-01
3.030000000000000000e+02 6.428013171342982224e-01
3.040000000000000000e+02 6.427858407028639309e-01
3.050000000000000000e+02 6.427198486424485768e-01
3.060000000000000000e+02 6.426219995938101670e-01
3.070000000000000000e+02 6.425941429148472883e-01
3.080000000000000000e+02 6.425707851443077656e-01
3.090000000000000000e+02 6.425255776854696954e-01
3.100000000000000000e+02 6.424803055041956590e-01
3.110000000000000000e+02 6.424900342671190367e-01
3.120000000000000000e+02 6.424558034566281162e-01
3.130000000000000000e+02 6.424195961974358271e-01
3.140000000000000000e+02 6.423620887260549361e-01
3.150000000000000000e+02 6.423586534472065512e-01
3.160000000000000000e+02 6.423031561292379399e-01
3.170000000000000000e+02 6.422316296796567459e-01
3.180000000000000000e+02 6.421879202693302480e-01
3.190000000000000000e+02 6.421306466446308203e-01
3.200000000000000000e+02 6.420851693438850427e-01
3.210000000000000000e+02 6.420378636381594006e-01
3.220000000000000000e+02 6.420025571499513584e-01
3.230000000000000000e+02 6.419562914321693681e-01
3.240000000000000000e+02 6.419035654073228514e-01
3.250000000000000000e+02 6.418911557458284456e-01
3.260000000000000000e+02 6.418866860021059662e-01
3.270000000000000000e+02 6.418748779289431550e-01
3.280000000000000000e+02 6.417801941756983153e-01
3.290000000000000000e+02 6.417119760323927169e-01
3.300000000000000000e+02 6.416455036683971214e-01
3.310000000000000000e+02 6.415918745335419393e-01
3.320000000000000000e+02 6.414507857022165860e-01
3.330000000000000000e+02 6.413934410042433365e-01
3.340000000000000000e+02 6.413853412843839585e-01
3.350000000000000000e+02 6.413771043404660199e-01
3.360000000000000000e+02 6.413288948931236133e-01
3.370000000000000000e+02 6.413188261131681500e-01
3.380000000000000000e+02 6.413126234674907389e-01
3.390000000000000000e+02 6.412239673898305625e-01
3.400000000000000000e+02 6.411631065296863330e-01
3.410000000000000000e+02 6.411544499785386542e-01
3.420000000000000000e+02 6.411220241241185613e-01
3.430000000000000000e+02 6.411290947573357046e-01
3.440000000000000000e+02 6.410807186402250890e-01
3.450000000000000000e+02 6.410367049392856620e-01
3.460000000000000000e+02 6.410476180606319296e-01
3.470000000000000000e+02 6.410033465140286824e-01
3.480000000000000000e+02 6.409720342558957729e-01
3.490000000000000000e+02 6.409589128963625315e-01
3.500000000000000000e+02 6.409466089476920647e-01
3.510000000000000000e+02 6.409041491963217707e-01
3.520000000000000000e+02 6.408864959587502463e-01
3.530000000000000000e+02 6.408493807621755689e-01
3.540000000000000000e+02 6.408181834416860623e-01
3.550000000000000000e+02 6.407614707489632799e-01
3.560000000000000000e+02 6.407346165482121769e-01
3.570000000000000000e+02 6.407254522608226699e-01
3.580000000000000000e+02 6.406887676806276577e-01
3.590000000000000000e+02 6.406457384972857882e-01
3.600000000000000000e+02 6.406202243471618152e-01
3.610000000000000000e+02 6.405196491705411610e-01
3.620000000000000000e+02 6.405230553773624269e-01
3.630000000000000000e+02 6.404977316596174308e-01
3.640000000000000000e+02 6.404621934175694919e-01
3.650000000000000000e+02 6.404481497573756288e-01
3.660000000000000000e+02 6.403291798161772075e-01
3.670000000000000000e+02 6.402795017089705221e-01
3.680000000000000000e+02 6.402510664631625437e-01
3.690000000000000000e+02 6.401655011099907089e-01
3.700000000000000000e+02 6.401607137746226917e-01
3.710000000000000000e+02 6.401377122525273577e-01
3.720000000000000000e+02 6.401007985186484284e-01
3.730000000000000000e+02 6.400690330977945042e-01
3.740000000000000000e+02 6.400431459387362354e-01
3.750000000000000000e+02 6.400363220786571272e-01
3.760000000000000000e+02 6.400002661771835299e-01
3.770000000000000000e+02 6.399675424158561832e-01
3.780000000000000000e+02 6.399469578970692352e-01
3.790000000000000000e+02 6.399204659059820610e-01
3.800000000000000000e+02 6.398633774225953585e-01
3.810000000000000000e+02 6.398845269165737148e-01
3.820000000000000000e+02 6.398964806283633511e-01
3.830000000000000000e+02 6.398573124197485251e-01
3.840000000000000000e+02 6.398327900738176588e-01
3.850000000000000000e+02 6.397379965499153665e-01
3.860000000000000000e+02 6.397032245335777523e-01
3.870000000000000000e+02 6.396366395750027189e-01
3.880000000000000000e+02 6.396051371547508690e-01
3.890000000000000000e+02 6.395935568278889871e-01
3.900000000000000000e+02 6.395981684636008469e-01
3.910000000000000000e+02 6.395698623262854321e-01
3.920000000000000000e+02 6.395359932423090310e-01
3.930000000000000000e+02 6.395263564708079107e-01
3.940000000000000000e+02 6.395163020717384850e-01
3.950000000000000000e+02 6.395285084948992838e-01
3.960000000000000000e+02 6.395013522578313347e-01
3.970000000000000000e+02 6.394781666257303154e-01
3.980000000000000000e+02 6.394566795452317765e-01
3.990000000000000000e+02 6.394110078206284298e-01
4.000000000000000000e+02 6.393991474094283811e-01
4.010000000000000000e+02 6.393704780123748987e-01
4.020000000000000000e+02 6.393611401032033292e-01
4.030000000000000000e+02 6.393490110250009684e-01
4.040000000000000000e+02 6.393311986791617718e-01
4.050000000000000000e+02 6.393272937434064662e-01
4.060000000000000000e+02 6.392705041025237289e-01
4.070000000000000000e+02 6.392340229531718876e-01
4.080000000000000000e+02 6.392130425100306379e-01
4.090000000000000000e+02 6.391960817977370146e-01
4.100000000000000000e+02 6.391872136488735423e-01
4.110000000000000000e+02 6.391573109861750090e-01
4.120000000000000000e+02 6.391463721298564771e-01
4.130000000000000000e+02 6.391261166853215991e-01
4.140000000000000000e+02 6.391062682856039068e-01
4.150000000000000000e+02 6.391021834538269664e-01
4.160000000000000000e+02 6.390571833804058466e-01
4.170000000000000000e+02 6.390700607792609844e-01
4.180000000000000000e+02 6.390386478738389053e-01
4.190000000000000000e+02 6.390092643215896651e-01
4.200000000000000000e+02 6.389778748513089690e-01
4.210000000000000000e+02 6.389852513819650470e-01
4.220000000000000000e+02 6.389920253396064176e-01
4.230000000000000000e+02 6.389771276519744525e-01
4.240000000000000000e+02 6.389514218739162921e-01
4.250000000000000000e+02 6.389168430952372191e-01
4.260000000000000000e+02 6.388716637893623318e-01
4.270000000000000000e+02 6.388334844110763466e-01
4.280000000000000000e+02 6.388091426487634283e-01
4.290000000000000000e+02 6.387940839089518708e-01
4.300000000000000000e+02 6.387594880985717483e-01
4.310000000000000000e+02 6.387384642406901403e-01
4.320000000000000000e+02 6.386840504117041739e-01
4.330000000000000000e+02 6.386646187012818832e-01
4.340000000000000000e+02 6.386216413253422708e-01
4.350000000000000000e+02 6.385919924674493542e-01
4.360000000000000000e+02 6.385774789563806175e-01
4.370000000000000000e+02 6.385795506497490281e-01
4.380000000000000000e+02 6.385412825980774087e-01
4.390000000000000000e+02 6.385221557343127019e-01
4.400000000000000000e+02 6.385085427839974903e-01
4.410000000000000000e+02 6.385003897655003868e-01
4.420000000000000000e+02 6.384857537193522337e-01
4.430000000000000000e+02 6.384695567123591653e-01
4.440000000000000000e+02 6.384299896215759329e-01
4.450000000000000000e+02 6.384251816421887549e-01
4.460000000000000000e+02 6.384248712707154549e-01
4.470000000000000000e+02 6.384244533433872659e-01
4.480000000000000000e+02 6.383925334738729251e-01
4.490000000000000000e+02 6.383646359122608915e-01
4.500000000000000000e+02 6.383478867833634052e-01
4.510000000000000000e+02 6.383377914063329550e-01
4.520000000000000000e+02 6.383015658473970566e-01
4.530000000000000000e+02 6.383133832425927912e-01
4.540000000000000000e+02 6.383204568936627910e-01
4.550000000000000000e+02 6.383114642681457784e-01
4.560000000000000000e+02 6.382983943892086565e-01
4.570000000000000000e+02 6.382922019937204983e-01
4.580000000000000000e+02 6.382653604627398503e-01
4.590000000000000000e+02 6.382586241321726028e-01
4.600000000000000000e+02 6.382408173591272993e-01
4.610000000000000000e+02 6.382319962879550168e-01
4.620000000000000000e+02 6.382208157549991157e-01
4.630000000000000000e+02 6.382009787816127488e-01
4.640000000000000000e+02 6.381829766761966116e-01
4.650000000000000000e+02 6.381072740061468629e-01
4.660000000000000000e+02 6.380624110922117342e-01
4.670000000000000000e+02 6.380660532067209401e-01
4.680000000000000000e+02 6.380932031911166202e-01
4.690000000000000000e+02 6.380802070658615488e-01
4.700000000000000000e+02 6.380230911782449610e-01
4.710000000000000000e+02 6.380173705902961734e-01
4.720000000000000000e+02 6.379945732957476023e-01
4.730000000000000000e+02 6.379912560083443873e-01
4.740000000000000000e+02 6.380022988341541579e-01
4.750000000000000000e+02 6.379908584023067375e-01
4.760000000000000000e+02 6.379945670866258300e-01
4.770000000000000000e+02 6.379610686969557909e-01
4.780000000000000000e+02 6.379404701328479366e-01
4.790000000000000000e+02 6.379180963442394603e-01
4.800000000000000000e+02 6.378992813106491022e-01
4.810000000000000000e+02 6.378275421696442127e-01
4.820000000000000000e+02 6.378231167202426111e-01
4.830000000000000000e+02 6.378148572802853078e-01
4.840000000000000000e+02 6.378050971290731841e-01
4.850000000000000000e+02 6.378130323127273460e-01
4.860000000000000000e+02 6.377904024198456368e-01
4.870000000000000000e+02 6.377846077333579888e-01
4.880000000000000000e+02 6.377546910305966765e-01
4.890000000000000000e+02 6.377047556611772361e-01
4.900000000000000000e+02 6.376964156522214600e-01
4.910000000000000000e+02 6.376842194758519655e-01
4.920000000000000000e+02 6.376625186306306148e-01
4.930000000000000000e+02 6.376274198382358982e-01
4.940000000000000000e+02 6.376041160769835292e-01
4.950000000000000000e+02 6.376116179114966753e-01
4.960000000000000000e+02 6.375850054997941330e-01
4.970000000000000000e+02 6.375652886099089089e-01
4.980000000000000000e+02 6.375273901712120717e-01
4.990000000000000000e+02 6.375125260821196127e-01
5.000000000000000000e+02 6.374955667106441126e-01
5.010000000000000000e+02 6.374701569233159892e-01
5.020000000000000000e+02 6.374652292047343627e-01
5.030000000000000000e+02 6.374404746165535096e-01
5.040000000000000000e+02 6.374224818759351985e-01
5.050000000000000000e+02 6.374047243580991395e-01
5.060000000000000000e+02 6.373970201007401748e-01
5.070000000000000000e+02 6.373813738078517588e-01
5.080000000000000000e+02 6.373591674830827447e-01
5.090000000000000000e+02 6.373618044049057518e-01
5.100000000000000000e+02 6.373535304835172832e-01
5.110000000000000000e+02 6.373452636507715985e-01
5.120000000000000000e+02 6.373320996996370003e-01
5.130000000000000000e+02 6.373141904189439932e-01
5.140000000000000000e+02 6.372864896750208841e-01
5.150000000000000000e+02 6.372681043929230293e-01
5.160000000000000000e+02 6.372526914257538033e-01
5.170000000000000000e+02 6.372587905911031303e-01
5.180000000000000000e+02 6.372495642964315365e-01
5.190000000000000000e+02 6.372559076403019329e-01
5.200000000000000000e+02 6.372502182937405113e-01
5.210000000000000000e+02 6.372508921260545689e-01
5.220000000000000000e+02 6.372407176346807089e-01
5.230000000000000000e+02 6.372312759592039244e-01
5.240000000000000000e+02 6.372183534857686071e-01
5.250000000000000000e+02 6.372131479497007422e-01
5.260000000000000000e+02 6.371898869585186365e-01
5.270000000000000000e+02 6.372020430287811399e-01
5.280000000000000000e+02 6.371564217674349218e-01
5.290000000000000000e+02 6.371497801879680845e-01
5.300000000000000000e+02 6.371257487521796437e-01
5.310000000000000000e+02 6.371175871905268018e-01
5.320000000000000000e+02 6.371042323940053764e-01
5.330000000000000000e+02 6.371151372922047029e-01
5.340000000000000000e+02 6.370861938789722512e-01
5.350000000000000000e+02 6.370783443629017828e-01
5.360000000000000000e+02 6.370591583590639040e-01
5.370000000000000000e+02 6.370401061645413199e-01
5.380000000000000000e+02 6.370171916877257479e-01
5.390000000000000000e+02 6.370084550512798982e-01
5.400000000000000000e+02 6.369995069431106938e-01
5.410000000000000000e+02 6.369826593553070682e-01
5.420000000000000000e+02 6.369770722396418394e-01
5.430000000000000000e+02 6.369315030603392991e-01
5.440000000000000000e+02 6.369257339810457941e-01
5.450000000000000000e+02 6.369330712337755163e-01
5.460000000000000000e+02 6.369109120528674284e-01
5.470000000000000000e+02 6.369026480739430340e-01
5.480000000000000000e+02 6.368978591309222281e-01
5.490000000000000000e+02 6.369046411677342645e-01
5.500000000000000000e+02 6.369009130592706569e-01
5.510000000000000000e+02 6.369029277914417531e-01
5.520000000000000000e+02 6.368980229726368680e-01
5.530000000000000000e+02 6.368669483348937677e-01
5.540000000000000000e+02 6.368748444450228474e-01
5.550000000000000000e+02 6.368380509635380715e-01
5.560000000000000000e+02 6.368291166553911031e-01
5.570000000000000000e+02 6.368192592688718401e-01
5.580000000000000000e+02 6.368286558000996189e-01
5.590000000000000000e+02 6.368091614449202797e-01
5.600000000000000000e+02 6.368007360740439715e-01
5.610000000000000000e+02 6.368018974708378188e-01
5.620000000000000000e+02 6.367918044409759393e-01
5.630000000000000000e+02 6.367995853594273781e-01
5.640000000000000000e+02 6.367907520486656425e-01
5.650000000000000000e+02 6.367834775113472290e-01
5.660000000000000000e+02 6.367756617090657434e-01
5.670000000000000000e+02 6.367668914453590290e-01
5.680000000000000000e+02 6.367544480707393317e-01
5.690000000000000000e+02 6.367472483980135545e-01
5.700000000000000000e+02 6.367335610301221305e-01
5.710000000000000000e+02 6.367376489538791873e-01
5.720000000000000000e+02 6.367283230662683646e-01
5.730000000000000000e+02 6.367299865347848531e-01
5.740000000000000000e+02 6.367128573767066868e-01
5.750000000000000000e+02 6.367093374812082818e-01
5.760000000000000000e+02 6.366658407398689823e-01
5.770000000000000000e+02 6.366775435024336627e-01
5.780000000000000000e+02 6.366718983678191224e-01
5.790000000000000000e+02 6.366675943869696264e-01
5.800000000000000000e+02 6.366479213350306754e-01
5.810000000000000000e+02 6.366559885347252701e-01
5.820000000000000000e+02 6.366462623242478136e-01
5.830000000000000000e+02 6.366379211550926565e-01
5.840000000000000000e+02 6.366098235100372538e-01
5.850000000000000000e+02 6.365994359115553225e-01
5.860000000000000000e+02 6.365917877896558608e-01
5.870000000000000000e+02 6.365902414405771870e-01
5.880000000000000000e+02 6.365791094311402665e-01
5.890000000000000000e+02 6.365768159990773389e-01
5.900000000000000000e+02 6.365688276601815243e-01
5.910000000000000000e+02 6.365620604327253407e-01
5.920000000000000000e+02 6.365418199601534655e-01
5.930000000000000000e+02 6.365243355403775727e-01
5.940000000000000000e+02 6.365118635205128106e-01
5.950000000000000000e+02 6.365164657156376915e-01
5.960000000000000000e+02 6.365109923784362245e-01
5.970000000000000000e+02 6.364901206800105404e-01
5.980000000000000000e+02 6.364678128736849239e-01
5.990000000000000000e+02 6.364760749497331282e-01
6.000000000000000000e+02 6.364294994263616223e-01
6.010000000000000000e+02 6.364076530779235741e-01
6.020000000000000000e+02 6.363892500786829665e-01
6.030000000000000000e+02 6.363849475499419039e-01
6.040000000000000000e+02 6.363860896925389588e-01
6.050000000000000000e+02 6.363656802565061943e-01
6.060000000000000000e+02 6.363534850357299710e-01
6.070000000000000000e+02 6.363383484812636937e-01
6.080000000000000000e+02 6.363211824788390647e-01
6.090000000000000000e+02 6.363251446424272872e-01
6.100000000000000000e+02 6.363230130436255960e-01
6.110000000000000000e+02 6.363210168647215337e-01
6.120000000000000000e+02 6.363126140636501393e-01
6.130000000000000000e+02 6.362738848961412286e-01
6.140000000000000000e+02 6.362699165617484720e-01
6.150000000000000000e+02 6.362255416852469203e-01
6.160000000000000000e+02 6.362146901458444193e-01
6.170000000000000000e+02 6.362336525332019654e-01
6.180000000000000000e+02 6.362150278842467754e-01
6.190000000000000000e+02 6.362112284578826937e-01
6.200000000000000000e+02 6.361925172657437733e-01
6.210000000000000000e+02 6.361794529848395774e-01
6.220000000000000000e+02 6.361763259384118907e-01
6.230000000000000000e+02 6.361551001620534551e-01
6.240000000000000000e+02 6.361572035358069588e-01
6.250000000000000000e+02 6.361503794387132205e-01
6.260000000000000000e+02 6.361493226852782401e-01
6.270000000000000000e+02 6.361520319900744180e-01
6.280000000000000000e+02 6.361274877335616473e-01
6.290000000000000000e+02 6.360908109222934703e-01
6.300000000000000000e+02 6.360904855241954481e-01
6.310000000000000000e+02 6.360750026404206059e-01
6.320000000000000000e+02 6.360694910607604946e-01
6.330000000000000000e+02 6.360777082725470599e-01
6.340000000000000000e+02 6.360745119339946685e-01
6.350000000000000000e+02 6.360544250771066332e-01
6.360000000000000000e+02 6.360618944215838955e-01
6.370000000000000000e+02 6.360700650781190291e-01
6.380000000000000000e+02 6.360886548180688660e-01
6.390000000000000000e+02 6.360844003962069504e-01
6.400000000000000000e+02 6.360732071120992481e-01
6.410000000000000000e+02 6.360712887819954808e-01
6.420000000000000000e+02 6.360551538243690572e-01
6.430000000000000000e+02 6.360512469154814275e-01
6.440000000000000000e+02 6.360418871127574425e-01
6.450000000000000000e+02 6.360352458944107390e-01
6.460000000000000000e+02 6.360191735387619172e-01
6.470000000000000000e+02 6.359744885762063094e-01
6.480000000000000000e+02 6.359788254488580872e-01
6.490000000000000000e+02 6.359898483560230131e-01
6.500000000000000000e+02 6.359697308629743695e-01
6.510000000000000000e+02 6.359664781620155694e-01
6.520000000000000000e+02 6.359664848986993357e-01
6.530000000000000000e+02 6.359671617157591772e-01
6.540000000000000000e+02 6.359821246645914750e-01
6.550000000000000000e+02 6.359756255805709690e-01
6.560000000000000000e+02 6.359715327760512293e-01
6.570000000000000000e+02 6.359592498149840845e-01
6.580000000000000000e+02 6.359368131713394323e-01
6.590000000000000000e+02 6.359277275863722823e-01
6.600000000000000000e+02 6.359238106568488869e-01
6.610000000000000000e+02 6.359067224526060436e-01
6.620000000000000000e+02 6.359097363000658643e-01
6.630000000000000000e+02 6.359094284757337290e-01
6.640000000000000000e+02 6.359010388985040230e-01
6.650000000000000000e+02 6.358948288928315540e-01
6.660000000000000000e+02 6.358896052931146681e-01
6.670000000000000000e+02 6.358880015518599826e-01
6.680000000000000000e+02 6.358933219110184387e-01
6.690000000000000000e+02 6.358785671728010014e-01
6.700000000000000000e+02 6.358691648993533008e-01
6.710000000000000000e+02 6.358679005379386240e-01
6.720000000000000000e+02 6.358747634365974344e-01
6.730000000000000000e+02 6.358526679864746622e-01
6.740000000000000000e+02 6.358541272651470067e-01
6.750000000000000000e+02 6.358526785854610175e-01
6.760000000000000000e+02 6.358482267321480252e-01
6.770000000000000000e+02 6.358498770425545787e-01
6.780000000000000000e+02 6.358415239764352300e-01
6.790000000000000000e+02 6.358412022988203516e-01
6.800000000000000000e+02 6.358328822954721904e-01
6.810000000000000000e+02 6.358264831229261116e-01
6.820000000000000000e+02 6.358200469582909742e-01
6.830000000000000000e+02 6.358168395056734701e-01
6.840000000000000000e+02 6.358093151711997626e-01
6.850000000000000000e+02 6.357801044091015985e-01
6.860000000000000000e+02 6.357669922291095954e-01
6.870000000000000000e+02 6.357638008755558401e-01
6.880000000000000000e+02 6.357537166665617745e-01
6.890000000000000000e+02 6.357442876073201576e-01
6.900000000000000000e+02 6.357361155476932701e-01
6.910000000000000000e+02 6.357416096211280232e-01
6.920000000000000000e+02 6.357462424529461975e-01
6.930000000000000000e+02 6.357355803997646326e-01
6.940000000000000000e+02 6.357188859172140383e-01
6.950000000000000000e+02 6.357046044115148842e-01
6.960000000000000000e+02 6.357000067603609805e-01
6.970000000000000000e+02 6.356974926928793401e-01
6.980000000000000000e+02 6.356696910601457029e-01
6.990000000000000000e+02 6.356654199142747208e-01
7.000000000000000000e+02 6.356414762352978753e-01
7.010000000000000000e+02 6.356225264949769693e-01
7.020000000000000000e+02 6.356203317548545506e-01
7.030000000000000000e+02 6.356073662452664808e-01
7.040000000000000000e+02 6.356064743996194810e-01
7.050000000000000000e+02 6.355992791035428580e-01
7.060000000000000000e+02 6.356175236342104240e-01
7.070000000000000000e+02 6.356169116444654321e-01
7.080000000000000000e+02 6.356054238257738964e-01
7.090000000000000000e+02 6.356006779793169637e-01
7.100000000000000000e+02 6.355960157117483966e-01
7.110000000000000000e+02 6.355909312689268509e-01
7.120000000000000000e+02 6.355881349274160597e-01
7.130000000000000000e+02 6.355862675237030635e-01
7.140000000000000000e+02 6.355825553595317867e-01
7.150000000000000000e+02 6.355866932448350770e-01
7.160000000000000000e+02 6.355792083842667362e-01
7.170000000000000000e+02 6.355641046557685137e-01
7.180000000000000000e+02 6.355700997995894497e-01
7.190000000000000000e+02 6.355708583708903348e-01
7.200000000000000000e+02 6.355593309923229794e-01
7.210000000000000000e+02 6.355251418484201276e-01
7.220000000000000000e+02 6.355115645816696857e-01
7.230000000000000000e+02 6.355107901850175489e-01
7.240000000000000000e+02 6.354974476146409978e-01
7.250000000000000000e+02 6.354903224989280064e-01
7.260000000000000000e+02 6.354848113243679597e-01
7.270000000000000000e+02 6.354903478722099264e-01
7.280000000000000000e+02 6.354897846612911350e-01
7.290000000000000000e+02 6.354849141977649829e-01
7.300000000000000000e+02 6.354629313388499012e-01
7.310000000000000000e+02 6.354581601021310755e-01
7.320000000000000000e+02 6.354611106870572401e-01
7.330000000000000000e+02 6.354582373984817290e-01
7.340000000000000000e+02 6.354646156090977271e-01
7.350000000000000000e+02 6.354536011460675260e-01
7.360000000000000000e+02 6.354440305363202590e-01
7.370000000000000000e+02 6.354454052519858953e-01
7.380000000000000000e+02 6.354406888723934665e-01
7.390000000000000000e+02 6.354386573066213018e-01
7.400000000000000000e+02 6.354474975479088572e-01
7.410000000000000000e+02 6.354398518060435652e-01
7.420000000000000000e+02 6.354328191346808596e-01
7.430000000000000000e+02 6.354273349680179539e-01
7.440000000000000000e+02 6.354231206688443212e-01
7.450000000000000000e+02 6.353963062012458751e-01
7.460000000000000000e+02 6.353881287976768100e-01
7.470000000000000000e+02 6.353734422256870351e-01
7.480000000000000000e+02 6.353708053465935146e-01
7.490000000000000000e+02 6.353707691082107756e-01
7.500000000000000000e+02 6.353707568855233578e-01
7.510000000000000000e+02 6.353712354904412773e-01
7.520000000000000000e+02 6.353644134794373954e-01
7.530000000000000000e+02 6.353404783982996573e-01
7.540000000000000000e+02 6.353321058978538272e-01
7.550000000000000000e+02 6.353308332977835038e-01
7.560000000000000000e+02 6.353274773323852598e-01
7.570000000000000000e+02 6.353154818279967975e-01
7.580000000000000000e+02 6.353086399310066135e-01
7.590000000000000000e+02 6.353031087337080995e-01
7.600000000000000000e+02 6.353133115916859142e-01
7.610000000000000000e+02 6.353154688849402820e-01
7.620000000000000000e+02 6.353212429745144219e-01
7.630000000000000000e+02 6.353007925055179639e-01
7.640000000000000000e+02 6.352839108125464262e-01
7.650000000000000000e+02 6.352802440518814375e-01
7.660000000000000000e+02 6.352814061586991023e-01
7.670000000000000000e+02 6.352675205631020949e-01
7.680000000000000000e+02 6.352545381369194555e-01
7.690000000000000000e+02 6.352514783396956410e-01
7.700000000000000000e+02 6.352406234585226130e-01
7.710000000000000000e+02 6.352549920021925978e-01
7.720000000000000000e+02 6.352588984095789426e-01
7.730000000000000000e+02 6.352431953520772945e-01
7.740000000000000000e+02 6.352374921243074679e-01
7.750000000000000000e+02 6.352234440208468502e-01
7.760000000000000000e+02 6.352041314732360666e-01
7.770000000000000000e+02 6.351856273461500280e-01
7.780000000000000000e+02 6.351761258235923968e-01
7.790000000000000000e+02 6.351734682105305563e-01
7.800000000000000000e+02 6.351804725305802979e-01
7.810000000000000000e+02 6.351865649197021568e-01
7.820000000000000000e+02 6.351742706657464987e-01
7.830000000000000000e+02 6.351707412147296061e-01
7.840000000000000000e+02 6.351638687991776333e-01
7.850000000000000000e+02 6.351581847184578633e-01
7.860000000000000000e+02 6.351570133803406959e-01
7.870000000000000000e+02 6.351525079162950727e-01
7.880000000000000000e+02 6.351394929849905058e-01
7.890000000000000000e+02 6.351374029952636668e-01
7.900000000000000000e+02 6.351296712853825577e-01
7.910000000000000000e+02 6.351287983145671445e-01
7.920000000000000000e+02 6.351271653884154045e-01
7.930000000000000000e+02 6.351179512702010976e-01
7.940000000000000000e+02 6.351090150751458330e-01
7.950000000000000000e+02 6.351089401020393321e-01
7.960000000000000000e+02 6.351014890538202451e-01
7.970000000000000000e+02 6.351181457116532592e-01
7.980000000000000000e+02 6.351075866248969692e-01
7.990000000000000000e+02 6.351036125424119883e-01
8.000000000000000000e+02 6.350929588309421892e-01
8.010000000000000000e+02 6.350925524090599295e-01
8.020000000000000000e+02 6.350693567836758202e-01
8.030000000000000000e+02 6.350786881356365043e-01
8.040000000000000000e+02 6.350796785263480571e-01
8.050000000000000000e+02 6.350875708532178754e-01
8.060000000000000000e+02 6.350863849286716434e-01
8.070000000000000000e+02 6.350886869508228783e-01
8.080000000000000000e+02 6.350863885923395680e-01
8.090000000000000000e+02 6.350847023615807663e-01
8.100000000000000000e+02 6.350876615953890969e-01
8.110000000000000000e+02 6.350652541655196215e-01
8.120000000000000000e+02 6.350541709773842580e-01
8.130000000000000000e+02 6.350440592450778965e-01
8.140000000000000000e+02 6.350400819911995454e-01
8.150000000000000000e+02 6.350239775670425413e-01
8.160000000000000000e+02 6.350207492837891543e-01
8.170000000000000000e+02 6.350186875923158336e-01
8.180000000000000000e+02 6.350157320421591089e-01
8.190000000000000000e+02 6.350160207365936893e-01
8.200000000000000000e+02 6.350265313972515147e-01
8.210000000000000000e+02 6.350289919235019287e-01
8.220000000000000000e+02 6.350322417257562302e-01
8.230000000000000000e+02 6.350301077043939424e-01
8.240000000000000000e+02 6.350245606521902619e-01
8.250000000000000000e+02 6.350225537737282933e-01
8.260000000000000000e+02 6.350072037426131022e-01
8.270000000000000000e+02 6.350052456669031953e-01
8.280000000000000000e+02 6.349969226062682770e-01
8.290000000000000000e+02 6.349906357035440818e-01
8.300000000000000000e+02 6.349876392796687252e-01
8.310000000000000000e+02 6.349940731479098988e-01
8.320000000000000000e+02 6.349678763337427423e-01
8.330000000000000000e+02 6.349544194151822696e-01
8.340000000000000000e+02 6.349505767771324027e-01
8.350000000000000000e+02 6.349597599614382748e-01
8.360000000000000000e+02 6.349651317387431382e-01
8.370000000000000000e+02 6.349580453797740720e-01
8.380000000000000000e+02 6.349547665601017465e-01
8.390000000000000000e+02 6.349480971398727691e-01
8.400000000000000000e+02 6.349414535170785356e-01
8.410000000000000000e+02 6.349378929897152579e-01
8.420000000000000000e+02 6.349356088164647138e-01
8.430000000000000000e+02 6.349229225584320790e-01
8.440000000000000000e+02 6.349221886131160009e-01
8.450000000000000000e+02 6.349245683745694535e-01
8.460000000000000000e+02 6.349353172206740892e-01
8.470000000000000000e+02 6.349305795281738884e-01
8.480000000000000000e+02 6.349295232300128378e-01
8.490000000000000000e+02 6.349328780158648433e-01
8.500000000000000000e+02 6.349405150135535303e-01
8.510000000000000000e+02 6.349345151601174519e-01
8.520000000000000000e+02 6.349309595425534081e-01
8.530000000000000000e+02 6.348975260444876811e-01
8.540000000000000000e+02 6.348959039354606926e-01
8.550000000000000000e+02 6.349023749290981788e-01
8.560000000000000000e+02 6.348983417672851015e-01
8.570000000000000000e+02 6.349113093052953793e-01
8.580000000000000000e+02 6.349143278255262590e-01
8.590000000000000000e+02 6.349199195816330743e-01
8.600000000000000000e+02 6.349215746206550159e-01
8.610000000000000000e+02 6.349145777662098533e-01
8.620000000000000000e+02 6.348880915972062722e-01
8.630000000000000000e+02 6.348894404980036654e-01
8.640000000000000000e+02 6.348789924983969657e-01
8.650000000000000000e+02 6.348615974635002379e-01
8.660000000000000000e+02 6.348620136704599126e-01
8.670000000000000000e+02 6.348339308988287799e-01
8.680000000000000000e+02 6.348325103968842642e-01
8.690000000000000000e+02 6.348356815224173166e-01
8.700000000000000000e+02 6.348347310617550310e-01
8.710000000000000000e+02 6.348220076126327438e-01
8.720000000000000000e+02 6.348115328498097343e-01
8.730000000000000000e+02 6.348077883908732622e-01
8.740000000000000000e+02 6.348028613080292093e-01
8.750000000000000000e+02 6.347988298369351412e-01
8.760000000000000000e+02 6.347921719143199137e-01
8.770000000000000000e+02 6.347899117765714028e-01
8.780000000000000000e+02 6.348001025378309237e-01
8.790000000000000000e+02 6.347986549422462987e-01
8.800000000000000000e+02 6.347965338380321398e-01
8.810000000000000000e+02 6.347902844705923808e-01
8.820000000000000000e+02 6.347875896561644415e-01
8.830000000000000000e+02 6.347865134680013011e-01
8.840000000000000000e+02 6.347715280121195569e-01
8.850000000000000000e+02 6.347696048179969353e-01
8.860000000000000000e+02 6.347549540614288999e-01
8.870000000000000000e+02 6.347532316595636548e-01
8.880000000000000000e+02 6.347472113320291598e-01
8.890000000000000000e+02 6.347521211873712321e-01
8.900000000000000000e+02 6.347559980400584445e-01
8.910000000000000000e+02 6.347461988121346765e-01
8.920000000000000000e+02 6.347430076480344852e-01
8.930000000000000000e+02 6.347365474054451617e-01
8.940000000000000000e+02 6.347247511122127150e-01
8.950000000000000000e+02 6.347356114852894526e-01
8.960000000000000000e+02 6.347319239680991876e-01
8.970000000000000000e+02 6.347267479156947223e-01
8.980000000000000000e+02 6.347276095781609895e-01
8.990000000000000000e+02 6.347199835365607834e-01
9.000000000000000000e+02 6.347148967066030822e-01
9.010000000000000000e+02 6.347175945124787777e-01
9.020000000000000000e+02 6.347010197886558958e-01
9.030000000000000000e+02 6.347052292373216442e-01
9.040000000000000000e+02 6.346935113396173778e-01
9.050000000000000000e+02 6.346902280354326242e-01
9.060000000000000000e+02 6.346907614136488851e-01
9.070000000000000000e+02 6.346905986373641007e-01
9.080000000000000000e+02 6.346730370700790491e-01
9.090000000000000000e+02 6.346751111972673831e-01
9.100000000000000000e+02 6.346680912651754269e-01
9.110000000000000000e+02 6.346707466041332513e-01
9.120000000000000000e+02 6.346672865399737296e-01
9.130000000000000000e+02 6.346601939278971871e-01
9.140000000000000000e+02 6.346571756252721297e-01
9.150000000000000000e+02 6.346445290325315458e-01
9.160000000000000000e+02 6.346381465340364958e-01
9.170000000000000000e+02 6.346357177797493643e-01
9.180000000000000000e+02 6.346373820614638062e-01
9.190000000000000000e+02 6.346344689311291809e-01
9.200000000000000000e+02 6.346325196616607878e-01
9.210000000000000000e+02 6.346393211276226687e-01
9.220000000000000000e+02 6.346374291607712603e-01
9.230000000000000000e+02 6.346340568788069181e-01
9.240000000000000000e+02 6.346406030531405174e-01
9.250000000000000000e+02 6.346332574958334360e-01
9.260000000000000000e+02 6.346316743108231240e-01
9.270000000000000000e+02 6.346307023290629346e-01
9.280000000000000000e+02 6.346144276456503475e-01
9.290000000000000000e+02 6.346134553745301776e-01
9.300000000000000000e+02 6.346077901772050334e-01
9.310000000000000000e+02 6.346024636834234345e-01
9.320000000000000000e+02 6.345899379046725519e-01
9.330000000000000000e+02 6.345888914665246405e-01
9.340000000000000000e+02 6.345904317142233575e-01
9.350000000000000000e+02 6.345943438671074466e-01
9.360000000000000000e+02 6.345838766422172705e-01
9.370000000000000000e+02 6.345774086116505730e-01
9.380000000000000000e+02 6.345629049047657455e-01
9.390000000000000000e+02 6.345697237546938929e-01
9.400000000000000000e+02 6.345520118075048677e-01
9.410000000000000000e+02 6.345429657603226525e-01
9.420000000000000000e+02 6.345428356336484388e-01
9.430000000000000000e+02 6.345363987842018716e-01
9.440000000000000000e+02 6.345547606103822957e-01
9.450000000000000000e+02 6.345452513288464269e-01
9.460000000000000000e+02 6.345436493972493874e-01
9.470000000000000000e+02 6.345420365402287821e-01
9.480000000000000000e+02 6.345383341201559224e-01
9.490000000000000000e+02 6.345383745916275409e-01
9.500000000000000000e+02 6.345208574267670043e-01
9.510000000000000000e+02 6.345342966377843785e-01
9.520000000000000000e+02 6.345449559427784880e-01
9.530000000000000000e+02 6.345442626868921243e-01
9.540000000000000000e+02 6.345447215368622551e-01
9.550000000000000000e+02 6.345349118124370413e-01
9.560000000000000000e+02 6.345367696707187033e-01
9.570000000000000000e+02 6.345306432663940788e-01
9.580000000000000000e+02 6.345277891127907299e-01
9.590000000000000000e+02 6.345133004919273345e-01
9.600000000000000000e+02 6.345122304856848361e-01
9.610000000000000000e+02 6.345046473921021057e-01
9.620000000000000000e+02 6.345044241293497089e-01
9.630000000000000000e+02 6.345088557230598170e-01
9.640000000000000000e+02 6.345009110789494589e-01
9.650000000000000000e+02 6.345006124524619207e-01
9.660000000000000000e+02 6.344848431349493501e-01
9.670000000000000000e+02 6.344794004614703331e-01
9.680000000000000000e+02 6.344859722291802395e-01
9.690000000000000000e+02 6.344836876637277578e-01
9.700000000000000000e+02 6.344624660937321359e-01
9.710000000000000000e+02 6.344628612531812983e-01
9.720000000000000000e+02 6.344526590568494440e-01
9.730000000000000000e+02 6.344467391760092445e-01
9.740000000000000000e+02 6.344456734939651898e-01
9.750000000000000000e+02 6.344616662309893185e-01
9.760000000000000000e+02 6.344556128756447810e-01
9.770000000000000000e+02 6.344623246614025103e-01
9.780000000000000000e+02 6.344632275572066327e-01
9.790000000000000000e+02 6.344645934140451526e-01
9.800000000000000000e+02 6.344584627840545998e-01
9.810000000000000000e+02 6.344622248095882489e-01
9.820000000000000000e+02 6.344614364353932112e-01
9.830000000000000000e+02 6.344647687279542092e-01
9.840000000000000000e+02 6.344550762540467348e-01
9.850000000000000000e+02 6.344465698456528413e-01
9.860000000000000000e+02 6.344476761482232829e-01
9.870000000000000000e+02 6.344468818836318524e-01
9.880000000000000000e+02 6.344516199393283040e-01
9.890000000000000000e+02 6.344535483236777296e-01
9.900000000000000000e+02 6.344512580423800063e-01
9.910000000000000000e+02 6.344488947304502968e-01
9.920000000000000000e+02 6.344473314921547091e-01
9.930000000000000000e+02 6.344499358200788031e-01
9.940000000000000000e+02 6.344366085086196039e-01
9.950000000000000000e+02 6.344385814492390363e-01
9.960000000000000000e+02 6.344432467307153933e-01
9.970000000000000000e+02 6.344443789041886994e-01
9.980000000000000000e+02 6.344268999063441550e-01
9.990000000000000000e+02 6.344262152067997595e-01
1.000000000000000000e+03 6.344257949075952085e-01
