-18332.0 -19683.0 
-19356.0 -18634.0 
-19356.0 -18634.0 
-18332.0 -19683.0 
-18576.0 -19619.0 
-19078.0 -19135.0 
-19106.0 -19102.0 
-18335.0 -19660.0 
-18585.0 -19571.0 
-19139.0 -19041.0 
-18429.0 -19650.0 
-19263.0 -18802.0 
-19241.0 -18877.0 
-18496.0 -19635.0 
-19153.0 -18976.0 
-18747.0 -19462.0 
-19110.0 -19045.0 
-18496.0 -19635.0 
-18651.0 -19556.0 
-18429.0 -19650.0 
-18900.0 -19325.0 
-18793.0 -19396.0 
-19031.0 -19152.0 
-18713.0 -19470.0 
-19241.0 -18877.0 
-19346.0 -18647.0 
-19295.0 -18777.0 
-19327.0 -18697.0 
-18700.0 -19498.0 
-18827.0 -19388.0 
-18857.0 -19355.0 
-19320.0 -18706.0 
-19300.0 -18750.0 
-18935.0 -19291.0 
-19263.0 -18802.0 
-19300.0 -18750.0 
-18669.0 -19511.0 
-18783.0 -19432.0 
-18879.0 -19347.0 
-18976.0 -19241.0 
-18661.0 -19541.0 
-19211.0 -18915.0 
-19211.0 -18915.0 
-19191.0 -18941.0 
-18976.0 -19241.0 
-18907.0 -19304.0 
-18908.0 -19297.0 
-18772.0 -19441.0 
-19019.0 -19173.0 
-19346.0 -18647.0 
-19006.0 -19183.0 
-18772.0 -19441.0 
-19181.0 -18962.0 
-18674.0 -19507.0 
-18957.0 -19271.0 
-19295.0 -18777.0 
-18879.0 -19347.0 
-19320.0 -18706.0 
-19002.0 -19202.0 
-18935.0 -19291.0 
-19327.0 -18697.0 
-18839.0 -19359.0 
-19153.0 -18976.0 
-19191.0 -18941.0 
-18990.0 -19216.0 
-19209.0 -18923.0 
-18992.0 -19207.0 
-18832.0 -19369.0 
-18961.0 -19263.0 
-18651.0 -19556.0 
-18576.0 -19619.0 
-18585.0 -19571.0 
-19031.0 -19152.0 
-18957.0 -19271.0 
-18961.0 -19263.0 
-18990.0 -19216.0 
-18661.0 -19541.0 
-18700.0 -19498.0 
-18713.0 -19470.0 
-19024.0 -19167.0 
-19209.0 -18923.0 
-18783.0 -19432.0 
-19182.0 -18959.0 
-18793.0 -19396.0 
-18832.0 -19369.0 
-19181.0 -18962.0 
-18674.0 -19507.0 
-19006.0 -19183.0 
-19024.0 -19167.0 
-18827.0 -19388.0 
-18335.0 -19660.0 
-19182.0 -18959.0 
-18839.0 -19359.0 
-19002.0 -19202.0 
-19110.0 -19045.0 
-18908.0 -19297.0 
-19300.0 -18750.0 
-18879.0 -19347.0 
-18935.0 -19291.0 
-18827.0 -19388.0 
