-18499.0 -19604.0 
-19398.0 -18543.0 
-19398.0 -18543.0 
-18499.0 -19604.0 
-18693.0 -19525.0 
-18780.0 -19463.0 
-18750.0 -19506.0 
-19365.0 -18642.0 
-18885.0 -19386.0 
-18835.0 -19387.0 
-19377.0 -18573.0 
-18635.0 -19536.0 
-18593.0 -19572.0 
-19203.0 -18965.0 
-18545.0 -19591.0 
-18545.0 -19591.0 
-19021.0 -19224.0 
-18595.0 -19554.0 
-19187.0 -18990.0 
-19314.0 -18772.0 
-19249.0 -18885.0 
-18635.0 -19536.0 
-19120.0 -19106.0 
-18750.0 -19506.0 
-19259.0 -18840.0 
-19316.0 -18726.0 
-19231.0 -18892.0 
-18823.0 -19410.0 
-19275.0 -18831.0 
-18958.0 -19282.0 
-19326.0 -18707.0 
-19155.0 -19027.0 
-19172.0 -18992.0 
-18977.0 -19275.0 
-19128.0 -19059.0 
-19010.0 -19246.0 
-19336.0 -18676.0 
-19145.0 -19049.0 
-19211.0 -18944.0 
-19023.0 -19194.0 
-19350.0 -18651.0 
-18792.0 -19424.0 
-18957.0 -19301.0 
-18927.0 -19329.0 
-19073.0 -19162.0 
-18903.0 -19358.0 
-18991.0 -19251.0 
-19288.0 -18824.0 
-18903.0 -19358.0 
-18949.0 -19312.0 
-19126.0 -19072.0 
-18927.0 -19329.0 
-18794.0 -19414.0 
-18911.0 -19342.0 
-19302.0 -18795.0 
-19150.0 -19041.0 
-19302.0 -18795.0 
-19052.0 -19178.0 
-19166.0 -19012.0 
-19101.0 -19119.0 
-19380.0 -18563.0 
-19077.0 -19152.0 
-19095.0 -19128.0 
-19254.0 -18860.0 
-19322.0 -18709.0 
-18980.0 -19262.0 
-19228.0 -18913.0 
-19095.0 -19128.0 
-19029.0 -19191.0 
-19077.0 -19152.0 
-19217.0 -18939.0 
-18949.0 -19312.0 
-19254.0 -18860.0 
-19293.0 -18815.0 
-19314.0 -18772.0 
-19347.0 -18663.0 
-19336.0 -18676.0 
-18792.0 -19424.0 
-18986.0 -19255.0 
-19052.0 -19178.0 
-19380.0 -18563.0 
-18911.0 -19342.0 
-19166.0 -19012.0 
-18593.0 -19572.0 
-18811.0 -19411.0 
-19061.0 -19172.0 
-19220.0 -18928.0 
-18595.0 -19554.0 
-19061.0 -19172.0 
-19120.0 -19106.0 
-19029.0 -19191.0 
-19101.0 -19119.0 
-19126.0 -19072.0 
-19293.0 -18815.0 
-19316.0 -18726.0 
-19228.0 -18913.0 
-19220.0 -18928.0 
-19010.0 -19246.0 
-18811.0 -19411.0 
-19347.0 -18663.0 
