-19478.0 -18515.0 
-18408.0 -19682.0 
-18408.0 -19682.0 
-19478.0 -18515.0 
-18545.0 -19610.0 
-18437.0 -19670.0 
-19402.0 -18674.0 
-18670.0 -19535.0 
-18854.0 -19387.0 
-19378.0 -18744.0 
-19355.0 -18785.0 
-18771.0 -19467.0 
-18569.0 -19573.0 
-18644.0 -19550.0 
-19378.0 -18744.0 
-18981.0 -19273.0 
-18725.0 -19476.0 
-19334.0 -18787.0 
-19329.0 -18822.0 
-18869.0 -19360.0 
-19226.0 -18988.0 
-18902.0 -19332.0 
-18930.0 -19312.0 
-18691.0 -19492.0 
-18813.0 -19397.0 
-18936.0 -19284.0 
-19454.0 -18557.0 
-18902.0 -19332.0 
-19471.0 -18552.0 
-19183.0 -19030.0 
-19303.0 -18864.0 
-19106.0 -19118.0 
-19253.0 -18934.0 
-19255.0 -18898.0 
-18615.0 -19552.0 
-18615.0 -19552.0 
-19197.0 -19024.0 
-19227.0 -18958.0 
-18781.0 -19448.0 
-19329.0 -18822.0 
-18569.0 -19573.0 
-18781.0 -19448.0 
-18725.0 -19476.0 
-18806.0 -19410.0 
-19020.0 -19231.0 
-19160.0 -19039.0 
-18869.0 -19360.0 
-19132.0 -19072.0 
-19086.0 -19148.0 
-18689.0 -19495.0 
-19291.0 -18874.0 
-18806.0 -19410.0 
-19049.0 -19182.0 
-19111.0 -19103.0 
-19262.0 -18891.0 
-19442.0 -18597.0 
-19053.0 -19164.0 
-19303.0 -18864.0 
-19197.0 -19024.0 
-18957.0 -19275.0 
-19226.0 -18988.0 
-19428.0 -18630.0 
-19123.0 -19097.0 
-19130.0 -19088.0 
-18992.0 -19246.0 
-19027.0 -19222.0 
-19148.0 -19064.0 
-19425.0 -18643.0 
-19034.0 -19183.0 
-18954.0 -19281.0 
-18999.0 -19237.0 
-19095.0 -19140.0 
-19447.0 -18582.0 
-19442.0 -18597.0 
-19291.0 -18874.0 
-19407.0 -18667.0 
-19428.0 -18630.0 
-19425.0 -18643.0 
-19064.0 -19160.0 
-19407.0 -18667.0 
-18930.0 -19312.0 
-19237.0 -18949.0 
-19033.0 -19197.0 
-19237.0 -18949.0 
-19262.0 -18891.0 
-18689.0 -19495.0 
-19447.0 -18582.0 
-19150.0 -19059.0 
-18992.0 -19246.0 
-19033.0 -19197.0 
-19095.0 -19140.0 
-19160.0 -19039.0 
-19072.0 -19158.0 
-18813.0 -19397.0 
-19072.0 -19158.0 
-19253.0 -18934.0 
-19150.0 -19059.0 
-19027.0 -19222.0 
-18999.0 -19237.0 
-19471.0 -18552.0 
