-18455.0 -19383.0 
-19116.0 -18726.0 
-18455.0 -19383.0 
-19116.0 -18726.0 
-19050.0 -18887.0 
-19093.0 -18798.0 
-18569.0 -19352.0 
-18504.0 -19354.0 
-18650.0 -19298.0 
-19061.0 -18836.0 
-19094.0 -18743.0 
-18819.0 -19160.0 
-19019.0 -18899.0 
-18942.0 -19033.0 
-18744.0 -19218.0 
-18849.0 -19146.0 
-18686.0 -19266.0 
-18613.0 -19324.0 
-18908.0 -19037.0 
-19077.0 -18807.0 
-18726.0 -19249.0 
-18623.0 -19309.0 
-19061.0 -18836.0 
-18874.0 -19109.0 
-18482.0 -19365.0 
-18581.0 -19332.0 
-18482.0 -19365.0 
-18851.0 -19141.0 
-18665.0 -19281.0 
-18860.0 -19121.0 
-18963.0 -18976.0 
-18883.0 -19083.0 
-18570.0 -19340.0 
-18800.0 -19196.0 
-19005.0 -18902.0 
-18816.0 -19174.0 
-18684.0 -19277.0 
-18743.0 -19240.0 
-18990.0 -18927.0 
-18953.0 -19002.0 
-18983.0 -18962.0 
-18726.0 -19249.0 
-19001.0 -18918.0 
-18768.0 -19212.0 
-18791.0 -19201.0 
-18816.0 -19174.0 
-19077.0 -18807.0 
-18952.0 -19010.0 
-18883.0 -19083.0 
-18770.0 -19209.0 
-18504.0 -19354.0 
-19108.0 -18741.0 
-19050.0 -18887.0 
-18986.0 -18944.0 
-18874.0 -19109.0 
-18860.0 -19121.0 
-18623.0 -19309.0 
-18800.0 -19196.0 
-18899.0 -19048.0 
-18986.0 -18944.0 
-18901.0 -19038.0 
-18963.0 -18976.0 
-18890.0 -19066.0 
-18686.0 -19266.0 
-18899.0 -19048.0 
-18581.0 -19332.0 
-18665.0 -19281.0 
-18613.0 -19324.0 
-18953.0 -19002.0 
-18952.0 -19010.0 
-18791.0 -19201.0 
-18889.0 -19068.0 
-18942.0 -19033.0 
-18736.0 -19244.0 
-18969.0 -18966.0 
-19001.0 -18918.0 
-18990.0 -18927.0 
-18736.0 -19244.0 
-18890.0 -19066.0 
-18974.0 -18963.0 
-18770.0 -19209.0 
-19108.0 -18741.0 
-19100.0 -18742.0 
-18768.0 -19212.0 
-18889.0 -19068.0 
-19005.0 -18902.0 
-19100.0 -18742.0 
-18969.0 -18966.0 
-18684.0 -19277.0 
-18743.0 -19240.0 
-18972.0 -18965.0 
-18983.0 -18962.0 
-18972.0 -18965.0 
-18974.0 -18963.0 
-19094.0 -18743.0 
-18874.0 -19109.0 
-18963.0 -18976.0 
-18791.0 -19201.0 
-18942.0 -19033.0 
-18972.0 -18965.0 
