-19068.0 -18681.0 
-18126.0 -19532.0 
-18126.0 -19532.0 
-19068.0 -18681.0 
-19017.0 -18763.0 
-18225.0 -19505.0 
-18432.0 -19426.0 
-18329.0 -19455.0 
-18827.0 -19074.0 
-18275.0 -19462.0 
-18935.0 -18898.0 
-18329.0 -19455.0 
-18225.0 -19505.0 
-19036.0 -18709.0 
-18866.0 -19011.0 
-18995.0 -18813.0 
-19050.0 -18700.0 
-18802.0 -19108.0 
-18275.0 -19462.0 
-18616.0 -19275.0 
-18841.0 -19015.0 
-18780.0 -19130.0 
-18544.0 -19335.0 
-18754.0 -19159.0 
-18870.0 -18976.0 
-18573.0 -19331.0 
-18712.0 -19178.0 
-18966.0 -18830.0 
-18780.0 -19130.0 
-18802.0 -19108.0 
-18476.0 -19374.0 
-18607.0 -19289.0 
-18443.0 -19401.0 
-18754.0 -19159.0 
-18669.0 -19247.0 
-18926.0 -18923.0 
-18432.0 -19426.0 
-18734.0 -19177.0 
-18708.0 -19204.0 
-18680.0 -19223.0 
-18462.0 -19394.0 
-18836.0 -19042.0 
-18995.0 -18813.0 
-18965.0 -18862.0 
-18836.0 -19042.0 
-18636.0 -19264.0 
-18503.0 -19370.0 
-18577.0 -19311.0 
-18961.0 -18871.0 
-18961.0 -18871.0 
-18886.0 -18952.0 
-18900.0 -18951.0 
-18522.0 -19360.0 
-18883.0 -18969.0 
-18592.0 -19296.0 
-18539.0 -19348.0 
-18979.0 -18829.0 
-19036.0 -18709.0 
-18522.0 -19360.0 
-18640.0 -19256.0 
-18910.0 -18924.0 
-18903.0 -18934.0 
-18695.0 -19213.0 
-18663.0 -19248.0 
-18695.0 -19213.0 
-18503.0 -19370.0 
-18592.0 -19296.0 
-18680.0 -19223.0 
-18462.0 -19394.0 
-18734.0 -19177.0 
-18577.0 -19311.0 
-18443.0 -19401.0 
-18476.0 -19374.0 
-18539.0 -19348.0 
-18979.0 -18829.0 
-18663.0 -19248.0 
-18903.0 -18934.0 
-18708.0 -19204.0 
-18870.0 -18976.0 
-18965.0 -18862.0 
-18640.0 -19256.0 
-18883.0 -18969.0 
-18926.0 -18923.0 
-18841.0 -19015.0 
-18573.0 -19331.0 
-18910.0 -18924.0 
-18638.0 -19260.0 
-18638.0 -19260.0 
-18712.0 -19178.0 
-18900.0 -18951.0 
-18886.0 -18952.0 
-18754.0 -19159.0 
-18443.0 -19401.0 
-18663.0 -19248.0 
-18903.0 -18934.0 
-18640.0 -19256.0 
-18573.0 -19331.0 
-18910.0 -18924.0 
-18712.0 -19178.0 
-18903.0 -18934.0 
