3.465799794379494894e-04
3.436263793929226562e-04
7.392965637081359061e-04
4.104289500151991118e-04
5.501444541253475932e-04
8.408525465061773407e-04
4.112092307048391838e-04
6.823116933556996845e-04
4.141705940087102755e-04
4.528570337814895189e-04
4.354704104245091874e-04
5.647271983466140921e-04
6.771273209478198855e-04
3.904475781085966221e-04
5.697355001303204373e-04
4.832042464248967003e-04
5.100150144814668629e-04
4.505955582104079421e-04
4.819601205125557996e-04
5.221605750184133386e-04
5.757396462880130404e-04
3.254703095573475958e-04
3.770000885331097193e-04
3.564327561821980270e-04
6.574678530632674985e-04
4.733646264992966038e-04
3.870272457085227212e-04
5.493354868956467100e-04
6.116433454072756288e-04
3.564184258370378883e-04
6.187477608068597899e-04
