-18559.0 -19366.0 
-18559.0 -19366.0 
-19070.0 -18840.0 
-18630.0 -19333.0 
-18589.0 -19335.0 
-18679.0 -19265.0 
-19039.0 -18843.0 
-18719.0 -19261.0 
-18935.0 -19054.0 
-18657.0 -19299.0 
-19038.0 -18879.0 
-18668.0 -19296.0 
-18737.0 -19240.0 
-18756.0 -19224.0 
-18850.0 -19117.0 
-18804.0 -19178.0 
-18737.0 -19240.0 
-18848.0 -19140.0 
-18589.0 -19335.0 
-18657.0 -19299.0 
-18958.0 -18990.0 
-18814.0 -19157.0 
-18787.0 -19181.0 
-18630.0 -19333.0 
-18982.0 -18986.0 
-18756.0 -19224.0 
-18951.0 -19020.0 
-18942.0 -19027.0 
-18865.0 -19114.0 
-18954.0 -18996.0 
-18915.0 -19055.0 
-18834.0 -19148.0 
-18902.0 -19084.0 
-19023.0 -18888.0 
-18770.0 -19195.0 
-18719.0 -19261.0 
-18887.0 -19087.0 
-18769.0 -19204.0 
-18998.0 -18941.0 
-18784.0 -19188.0 
-18998.0 -18941.0 
-18769.0 -19204.0 
-18878.0 -19094.0 
-18911.0 -19061.0 
-19014.0 -18904.0 
-19004.0 -18926.0 
-18992.0 -18957.0 
-18807.0 -19167.0 
-18989.0 -18966.0 
-18985.0 -18981.0 
-19023.0 -18888.0 
-18903.0 -19077.0 
-18838.0 -19142.0 
-18814.0 -19157.0 
-18679.0 -19265.0 
-19014.0 -18904.0 
-18903.0 -19077.0 
-18992.0 -18957.0 
-18876.0 -19105.0 
-18668.0 -19296.0 
-18911.0 -19061.0 
-19032.0 -18880.0 
-19010.0 -18910.0 
-19008.0 -18920.0 
-18872.0 -19111.0 
-18834.0 -19148.0 
-18989.0 -18966.0 
-18807.0 -19167.0 
-18887.0 -19087.0 
-19004.0 -18926.0 
-18942.0 -19027.0 
-19032.0 -18880.0 
-18784.0 -19188.0 
-18985.0 -18981.0 
-18954.0 -18996.0 
-18878.0 -19094.0 
-18958.0 -18990.0 
-18876.0 -19105.0 
-19008.0 -18920.0 
-19010.0 -18910.0 
-18770.0 -19195.0 
-18946.0 -19021.0 
-18872.0 -19111.0 
-18982.0 -18986.0 
-18838.0 -19142.0 
-18944.0 -19023.0 
-18915.0 -19055.0 
-18850.0 -19117.0 
-18951.0 -19020.0 
-18848.0 -19140.0 
-18944.0 -19023.0 
-19039.0 -18843.0 
-18946.0 -19021.0 
-18992.0 -18957.0 
-18989.0 -18966.0 
-18954.0 -18996.0 
-18872.0 -19111.0 
-18850.0 -19117.0 
-19039.0 -18843.0 
-18872.0 -19111.0 
