0.4532548625200502 104238.34441383199 
0.8139295946967056 134887.3667722958 
0.44085517726768964 96073.34574958707 
0.5325068901904273 83982.6576654581 
0.36749113279797363 93803.48344945745 
0.35807178798553374 94393.78818664276 
0.55550907110281 105423.37147351024 
0.8542760374798268 102383.26908425751 
0.6597725518478436 104836.25629290762 
0.5459132388792907 118185.52650736623 
0.6001174237137504 102123.60859070666 
0.1814776665987592 127312.46103655505 
0.837347835967564 89605.06271098305 
0.1674308093477085 106619.31192119309 
0.5959712005994496 104226.08246779467 
0.5207381687774112 102847.74557110154 
0.26493195162084815 115280.27056186639 
0.603344244568669 78055.42644933423 
0.3285830651669569 97384.88796885071 
0.6300800243560194 109214.01565291194 
0.790617559554326 118317.34310978933 
0.291808559710661 123132.0410961878 
0.02809083999683437 94946.65116037657 
0.24453191680058384 106099.1440182852 
0.28431375198667397 86200.07481284063 
0.4206552035711987 84384.22360890113 
0.321485344893778 96913.06019973481 
0.7299410907104258 94650.21464792626 
0.620875546894833 119707.2154679369 
0.1736938192537011 101945.7838889898 
0.6590178775158271 86192.80182963159 
0.4976275809762599 109754.19294789786 
0.8812845198979901 105956.65938750365 
0.19042191435689326 101798.70898424978 
0.6102980628424762 107406.7780200064 
0.4102528072771876 90563.44580644529 
0.3511950515654717 92357.75848928925 
0.9496694304621686 94274.14952244975 
0.5681678789275832 90451.4201262053 
0.6294847850596761 103676.14842978046 
0.2349534887900564 104509.57419250521 
0.21590243217388927 102382.94434698156 
0.13002083243012297 126941.3874722304 
0.010597970538478108 77321.8971995165 
0.820835927768806 111601.33611640548 
0.6012148771449988 125281.0851129637 
0.8192360159297167 103098.57776735202 
0.4119737352953584 110085.74042171477 
0.7821600670993236 126540.20466844857 
0.8837640075092541 109612.07265288003 
0.6756896632698156 109455.01613620958 
0.8311508924228501 124538.6569451157 
0.8543729619711771 108183.5930284024 
0.7173430995728549 110737.2358943898 
0.6269667680944523 123800.81865672149 
0.4162108517471127 102714.80520237864 
0.1981062827991369 81002.97323903811 
0.16892240523406488 98709.77776950851 
0.8000604871784116 86929.57235003193 
0.6995530748237853 90302.910576374 
0.0975743921948764 102324.86742836387 
0.2122227606980467 95075.4728163187 
0.6078024871252302 121709.42408585009 
0.8441925332102389 106048.71314359468 
0.4066227879040615 115076.71759522709 
0.06931242023879036 109653.53452547974 
0.4796050170517868 103401.31427096108 
0.24294532008677427 117264.70007956022 
0.4469170761217708 115433.6260574468 
0.254658573462584 123335.27353357228 
0.546804404210896 105508.01003913248 
0.0906213622527754 94846.45664756643 
0.6582763025655253 83810.55246925307 
0.7706128923786171 90752.81867066561 
0.44108623997674157 103224.74623834058 
0.17541626656855192 103993.05090739191 
0.9815787152457506 104618.71850701794 
0.8601694726061592 106227.17069796214 
0.13145096883567786 132024.2689260029 
0.389869211680008 116920.62546532325 
0.8828836594010057 109989.4027644977 
0.19898357914226894 87086.488353191 
0.6807294734880679 87185.55537275987 
0.0020166960631075037 88774.7912471611 
0.37818021315770556 110038.10628174162 
0.8355363272679214 105672.52565128899 
0.9717661847026 91921.84980932811 
0.3393535517605929 82437.2877704454 
0.6622904711727113 95990.180070259 
0.4779370809400828 95231.23571615628 
0.6109762738420407 95920.57977820217 
0.17997849978139258 91283.62689868844 
0.27614460097586035 124841.69399530442 
0.01780282887932272 119725.73124565683 
0.6309295052839101 89905.20383818142 
0.008268944201997641 82836.71370077287 
0.5102127888084568 81302.8366791741 
0.9273702609730639 131508.99998028294 
0.3991923119224833 102708.96630083553 
0.697169643060897 116023.57969406848 
