1.518565631126754356e+00
1.495896942491724779e+00
1.536203937512742312e+00
1.538579774893648500e+00
1.533746452836299845e+00
1.514208178951653938e+00
1.523219829497820754e+00
1.552496607759710656e+00
1.512738074276356537e+00
1.545630756366060732e+00
1.551824269453720540e+00
1.568356287725613418e+00
1.474681272689832401e+00
1.512090999869999619e+00
1.551237740067558990e+00
1.539765803039800485e+00
1.556813183492513630e+00
1.547427737075016019e+00
1.475795452117091511e+00
1.490795876691418664e+00
1.542397519852618748e+00
1.546678809510257713e+00
1.551346493146833261e+00
1.541928247408028918e+00
1.519269731589587558e+00
1.555428841378359239e+00
1.539991673205153733e+00
1.531007838005542077e+00
1.544554720041660500e+00
1.544726527645186698e+00
1.531628235300241503e+00
