1.634292894764579529e+01
1.516454887625230619e+01
1.478812376191600642e+01
1.576101530933662254e+01
1.620828826942505785e+01
6.831863439088344592e+00
1.629321555974744129e+01
2.130615927003477594e+01
1.497269360182720632e+01
1.588017601257456235e+01
1.495520968007537732e+01
1.569663636349480029e+01
1.493389034690320827e+01
1.544770147089149148e+01
1.636943008674436228e+01
1.459249753658401083e+01
1.541243728776887245e+01
1.539016203143708239e+01
1.640245703921490872e+01
1.522601346119475707e+01
1.663376974439280076e+01
2.231832529724063718e+01
1.575033853272704576e+01
7.055561888705507378e+00
6.800238802068716559e+00
1.560025802958873165e+01
2.276809395581575046e+01
6.804315985142555867e+00
1.549972031431270914e+01
1.564513540848269280e+01
1.657755368136981744e+01
