-18122.0 -19595.0 
-19361.0 -18232.0 
-18122.0 -19595.0 
-19361.0 -18232.0 
-19214.0 -18706.0 
-18338.0 -19511.0 
-19329.0 -18418.0 
-19346.0 -18314.0 
-18938.0 -19062.0 
-19229.0 -18627.0 
-18139.0 -19561.0 
-18260.0 -19526.0 
-18465.0 -19419.0 
-18193.0 -19552.0 
-18453.0 -19450.0 
-19013.0 -18967.0 
-19182.0 -18709.0 
-19278.0 -18521.0 
-18977.0 -19012.0 
-18215.0 -19530.0 
-18892.0 -19099.0 
-18526.0 -19377.0 
-19096.0 -18849.0 
-18568.0 -19369.0 
-19346.0 -18314.0 
-19320.0 -18448.0 
-19022.0 -18942.0 
-18771.0 -19182.0 
-18357.0 -19481.0 
-18678.0 -19292.0 
-18523.0 -19390.0 
-18799.0 -19176.0 
-18900.0 -19076.0 
-18260.0 -19526.0 
-19349.0 -18264.0 
-18500.0 -19414.0 
-19114.0 -18800.0 
-18433.0 -19464.0 
-18877.0 -19122.0 
-18727.0 -19235.0 
-19162.0 -18725.0 
-19071.0 -18852.0 
-19052.0 -18931.0 
-19136.0 -18770.0 
-19258.0 -18539.0 
-18707.0 -19247.0 
-18683.0 -19270.0 
-18661.0 -19312.0 
-18945.0 -19027.0 
-19130.0 -18786.0 
-19154.0 -18754.0 
-18611.0 -19331.0 
-18765.0 -19205.0 
-18390.0 -19476.0 
-18841.0 -19145.0 
-19066.0 -18875.0 
-19249.0 -18582.0 
-18950.0 -19020.0 
-18986.0 -18979.0 
-18701.0 -19262.0 
-18748.0 -19232.0 
-19329.0 -18418.0 
-18390.0 -19476.0 
-19320.0 -18448.0 
-18840.0 -19155.0 
-18756.0 -19218.0 
-18629.0 -19321.0 
-19044.0 -18933.0 
-19280.0 -18489.0 
-19061.0 -18893.0 
-18982.0 -18983.0 
-19285.0 -18485.0 
-18604.0 -19346.0 
-19285.0 -18485.0 
-19229.0 -18627.0 
-19246.0 -18603.0 
-19105.0 -18820.0 
-19161.0 -18745.0 
-18814.0 -19162.0 
-18861.0 -19126.0 
-18338.0 -19511.0 
-19349.0 -18264.0 
-19252.0 -18558.0 
-18433.0 -19464.0 
-18193.0 -19552.0 
-18579.0 -19366.0 
-18579.0 -19366.0 
-18813.0 -19163.0 
-18500.0 -19414.0 
-19105.0 -18820.0 
-18629.0 -19321.0 
-18215.0 -19530.0 
-19061.0 -18893.0 
-18661.0 -19312.0 
-18139.0 -19561.0 
-18604.0 -19346.0 
-19246.0 -18603.0 
-18861.0 -19126.0 
-18357.0 -19481.0 
-19254.0 -18553.0 
