-19237.0 -18636.0 
-18127.0 -19630.0 
-19237.0 -18636.0 
-18127.0 -19630.0 
-18204.0 -19624.0 
-19211.0 -18699.0 
-19132.0 -18805.0 
-19056.0 -18931.0 
-19082.0 -18909.0 
-19084.0 -18867.0 
-18824.0 -19215.0 
-18760.0 -19260.0 
-18325.0 -19562.0 
-18922.0 -19085.0 
-19027.0 -18975.0 
-18993.0 -18996.0 
-18545.0 -19422.0 
-18825.0 -19181.0 
-18396.0 -19520.0 
-18380.0 -19542.0 
-19211.0 -18699.0 
-19194.0 -18728.0 
-18982.0 -19030.0 
-18845.0 -19180.0 
-18659.0 -19334.0 
-18729.0 -19282.0 
-18939.0 -19057.0 
-19056.0 -18931.0 
-18851.0 -19154.0 
-18443.0 -19489.0 
-18696.0 -19312.0 
-19110.0 -18810.0 
-18449.0 -19471.0 
-18634.0 -19369.0 
-19141.0 -18766.0 
-18431.0 -19500.0 
-18223.0 -19605.0 
-18570.0 -19419.0 
-18345.0 -19552.0 
-18604.0 -19383.0 
-18772.0 -19233.0 
-18732.0 -19267.0 
-18471.0 -19470.0 
-19103.0 -18835.0 
-18859.0 -19145.0 
-18905.0 -19088.0 
-18701.0 -19288.0 
-18803.0 -19226.0 
-18527.0 -19438.0 
-18604.0 -19383.0 
-18273.0 -19570.0 
-18771.0 -19238.0 
-19009.0 -18986.0 
-19027.0 -18975.0 
-19153.0 -18742.0 
-19145.0 -18749.0 
-18962.0 -19045.0 
-18486.0 -19450.0 
-18396.0 -19520.0 
-18650.0 -19353.0 
-18963.0 -19044.0 
-18292.0 -19567.0 
-19107.0 -18827.0 
-18431.0 -19500.0 
-18888.0 -19122.0 
-19169.0 -18734.0 
-18272.0 -19587.0 
-18676.0 -19327.0 
-18876.0 -19137.0 
-18267.0 -19595.0 
-19094.0 -18855.0 
-18698.0 -19302.0 
-18634.0 -19369.0 
-18571.0 -19400.0 
-18345.0 -19552.0 
-18939.0 -19057.0 
-18577.0 -19397.0 
-18897.0 -19102.0 
-18223.0 -19605.0 
-18803.0 -19226.0 
-18502.0 -19447.0 
-18527.0 -19438.0 
-18249.0 -19596.0 
-19141.0 -18766.0 
-18676.0 -19327.0 
-18380.0 -19542.0 
-19004.0 -18992.0 
-18249.0 -19596.0 
-18650.0 -19353.0 
-18982.0 -19030.0 
-19082.0 -18909.0 
-18502.0 -19447.0 
-18888.0 -19122.0 
-18204.0 -19624.0 
-18897.0 -19102.0 
-18292.0 -19567.0 
-19194.0 -18728.0 
-19169.0 -18734.0 
-19094.0 -18855.0 
-18577.0 -19397.0 
