-19319.0 -18512.0 
-18081.0 -19651.0 
-19319.0 -18512.0 
-18081.0 -19651.0 
-18946.0 -19072.0 
-18988.0 -19037.0 
-19202.0 -18722.0 
-19281.0 -18598.0 
-18370.0 -19518.0 
-18726.0 -19279.0 
-18805.0 -19222.0 
-18466.0 -19504.0 
-18553.0 -19441.0 
-19285.0 -18515.0 
-18907.0 -19091.0 
-18758.0 -19270.0 
-18468.0 -19477.0 
-18314.0 -19557.0 
-19097.0 -18887.0 
-19047.0 -18962.0 
-18107.0 -19625.0 
-19024.0 -18976.0 
-18887.0 -19141.0 
-18427.0 -19516.0 
-18833.0 -19166.0 
-19213.0 -18686.0 
-18196.0 -19608.0 
-18502.0 -19471.0 
-18724.0 -19315.0 
-18356.0 -19548.0 
-19177.0 -18747.0 
-18925.0 -19086.0 
-19125.0 -18845.0 
-18990.0 -19017.0 
-18177.0 -19616.0 
-19173.0 -18779.0 
-19284.0 -18547.0 
-18760.0 -19244.0 
-18576.0 -19398.0 
-19132.0 -18829.0 
-19247.0 -18626.0 
-18429.0 -19510.0 
-18710.0 -19321.0 
-18654.0 -19357.0 
-18672.0 -19348.0 
-19110.0 -18863.0 
-19007.0 -19001.0 
-18151.0 -19619.0 
-19245.0 -18643.0 
-18359.0 -19530.0 
-19235.0 -18658.0 
-18530.0 -19445.0 
-18606.0 -19395.0 
-18683.0 -19325.0 
-19056.0 -18913.0 
-18816.0 -19197.0 
-18816.0 -19197.0 
-19016.0 -18996.0 
-18250.0 -19599.0 
-18652.0 -19376.0 
-18256.0 -19588.0 
-18306.0 -19568.0 
-18889.0 -19120.0 
-18286.0 -19569.0 
-19101.0 -18868.0 
-19175.0 -18753.0 
-18838.0 -19155.0 
-19284.0 -18547.0 
-19072.0 -18907.0 
-18513.0 -19460.0 
-19146.0 -18815.0 
-18570.0 -19413.0 
-18678.0 -19333.0 
-19230.0 -18672.0 
-18099.0 -19647.0 
-18778.0 -19237.0 
-18778.0 -19237.0 
-18856.0 -19152.0 
-18225.0 -19600.0 
-19048.0 -18933.0 
-18889.0 -19120.0 
-19281.0 -18598.0 
-18635.0 -19380.0 
-18635.0 -19380.0 
-18523.0 -19456.0 
-18570.0 -19413.0 
-19163.0 -18794.0 
-19163.0 -18794.0 
-18151.0 -19619.0 
-19247.0 -18626.0 
-18606.0 -19395.0 
-19146.0 -18815.0 
-19217.0 -18674.0 
-18104.0 -19640.0 
-19072.0 -18907.0 
-18286.0 -19569.0 
-18225.0 -19600.0 
-18856.0 -19152.0 
-19050.0 -18928.0 
-18256.0 -19588.0 
