-18502.0 -19361.0 
-19152.0 -18628.0 
-18502.0 -19361.0 
-19152.0 -18628.0 
-18508.0 -19327.0 
-19104.0 -18822.0 
-19137.0 -18784.0 
-18570.0 -19322.0 
-19148.0 -18684.0 
-19139.0 -18730.0 
-18605.0 -19305.0 
-18907.0 -19070.0 
-18766.0 -19175.0 
-19148.0 -18684.0 
-18859.0 -19124.0 
-18884.0 -19093.0 
-19139.0 -18730.0 
-18954.0 -19019.0 
-18570.0 -19322.0 
-18976.0 -18995.0 
-18707.0 -19246.0 
-19137.0 -18784.0 
-18647.0 -19267.0 
-18679.0 -19256.0 
-18863.0 -19108.0 
-18605.0 -19305.0 
-18829.0 -19131.0 
-19020.0 -18921.0 
-18754.0 -19193.0 
-18954.0 -19019.0 
-18976.0 -18995.0 
-18716.0 -19226.0 
-18800.0 -19163.0 
-18807.0 -19159.0 
-19089.0 -18827.0 
-19051.0 -18887.0 
-18629.0 -19271.0 
-18647.0 -19267.0 
-18623.0 -19282.0 
-18915.0 -19057.0 
-18991.0 -18985.0 
-18623.0 -19282.0 
-18933.0 -19029.0 
-19074.0 -18866.0 
-18782.0 -19164.0 
-18927.0 -19035.0 
-19002.0 -18943.0 
-19036.0 -18920.0 
-18739.0 -19207.0 
-18754.0 -19193.0 
-18810.0 -19142.0 
-18915.0 -19057.0 
-18818.0 -19133.0 
-19037.0 -18912.0 
-18886.0 -19081.0 
-18995.0 -18956.0 
-19051.0 -18887.0 
-18689.0 -19252.0 
-19037.0 -18912.0 
-18679.0 -19256.0 
-19080.0 -18846.0 
-18739.0 -19207.0 
-18996.0 -18949.0 
-18927.0 -19035.0 
-18863.0 -19108.0 
-18829.0 -19131.0 
-18812.0 -19138.0 
-18689.0 -19252.0 
-18993.0 -18971.0 
-19082.0 -18842.0 
-19062.0 -18872.0 
-18933.0 -19029.0 
-19014.0 -18931.0 
-18778.0 -19167.0 
-18728.0 -19221.0 
-18993.0 -18971.0 
-18707.0 -19246.0 
-19008.0 -18934.0 
-18732.0 -19218.0 
-18716.0 -19226.0 
-19057.0 -18878.0 
-18885.0 -19083.0 
-19089.0 -18827.0 
-19057.0 -18878.0 
-18778.0 -19167.0 
-18991.0 -18985.0 
-18886.0 -19081.0 
-19082.0 -18842.0 
-19074.0 -18866.0 
-18508.0 -19327.0 
-18859.0 -19124.0 
-18732.0 -19218.0 
-19080.0 -18846.0 
-18629.0 -19271.0 
-19066.0 -18871.0 
-19014.0 -18931.0 
-19008.0 -18934.0 
-18728.0 -19221.0 
-19066.0 -18871.0 
-19082.0 -18842.0 
