-18341.0 -19375.0 
-19164.0 -18562.0 
-19164.0 -18562.0 
-18575.0 -19313.0 
-18623.0 -19265.0 
-18471.0 -19320.0 
-18650.0 -19231.0 
-19081.0 -18760.0 
-19130.0 -18640.0 
-19130.0 -18640.0 
-18577.0 -19285.0 
-19090.0 -18703.0 
-18734.0 -19193.0 
-19031.0 -18792.0 
-19105.0 -18687.0 
-18879.0 -19040.0 
-18383.0 -19346.0 
-18784.0 -19123.0 
-18445.0 -19329.0 
-18383.0 -19346.0 
-18405.0 -19340.0 
-18903.0 -19011.0 
-19081.0 -18760.0 
-19031.0 -18792.0 
-18886.0 -19016.0 
-19105.0 -18687.0 
-18984.0 -18883.0 
-18704.0 -19197.0 
-18445.0 -19329.0 
-18736.0 -19159.0 
-18670.0 -19199.0 
-19009.0 -18825.0 
-18849.0 -19042.0 
-18794.0 -19096.0 
-18405.0 -19340.0 
-18471.0 -19320.0 
-19007.0 -18847.0 
-18704.0 -19197.0 
-18669.0 -19201.0 
-18960.0 -18902.0 
-18904.0 -18989.0 
-19022.0 -18809.0 
-18738.0 -19139.0 
-18913.0 -18982.0 
-18992.0 -18860.0 
-18828.0 -19081.0 
-18952.0 -18926.0 
-18763.0 -19125.0 
-18915.0 -18962.0 
-19022.0 -18809.0 
-19090.0 -18703.0 
-18920.0 -18954.0 
-18813.0 -19091.0 
-18833.0 -19058.0 
-18984.0 -18883.0 
-18577.0 -19285.0 
-18736.0 -19159.0 
-18967.0 -18898.0 
-18834.0 -19048.0 
-18792.0 -19104.0 
-18844.0 -19047.0 
-18967.0 -18898.0 
-18669.0 -19201.0 
-18937.0 -18939.0 
-18931.0 -18953.0 
-19009.0 -18825.0 
-18949.0 -18932.0 
-18743.0 -19137.0 
-18759.0 -19128.0 
-18792.0 -19104.0 
-18833.0 -19058.0 
-18813.0 -19091.0 
-18743.0 -19137.0 
-18997.0 -18856.0 
-18952.0 -18926.0 
-18997.0 -18856.0 
-18823.0 -19085.0 
-18937.0 -18939.0 
-18886.0 -19016.0 
-18992.0 -18860.0 
-18960.0 -18902.0 
-19007.0 -18847.0 
-18823.0 -19085.0 
-18932.0 -18947.0 
-18759.0 -19128.0 
-18915.0 -18962.0 
-18949.0 -18932.0 
-18932.0 -18947.0 
-18575.0 -19313.0 
-18913.0 -18982.0 
-18828.0 -19081.0 
-18879.0 -19040.0 
-18904.0 -18989.0 
-18849.0 -19042.0 
-18760.0 -19126.0 
-18670.0 -19199.0 
-18760.0 -19126.0 
-19022.0 -18809.0 
-18886.0 -19016.0 
-19007.0 -18847.0 
