-18582.0 -19277.0 
-18582.0 -19277.0 
-19162.0 -18497.0 
-19162.0 -18497.0 
-19121.0 -18561.0 
-19107.0 -18635.0 
-18598.0 -19234.0 
-18722.0 -19153.0 
-18934.0 -18960.0 
-18647.0 -19223.0 
-18763.0 -19145.0 
-19077.0 -18723.0 
-18805.0 -19108.0 
-18980.0 -18890.0 
-19062.0 -18763.0 
-19051.0 -18799.0 
-18668.0 -19195.0 
-18958.0 -18947.0 
-19104.0 -18688.0 
-18717.0 -19184.0 
-19069.0 -18751.0 
-18770.0 -19120.0 
-18831.0 -19081.0 
-18899.0 -19008.0 
-18977.0 -18924.0 
-19028.0 -18814.0 
-18872.0 -19039.0 
-18835.0 -19059.0 
-18962.0 -18934.0 
-18872.0 -19039.0 
-19001.0 -18846.0 
-18908.0 -18980.0 
-18695.0 -19190.0 
-19015.0 -18836.0 
-18856.0 -19051.0 
-18647.0 -19223.0 
-18995.0 -18876.0 
-18899.0 -19008.0 
-18796.0 -19109.0 
-18695.0 -19190.0 
-18668.0 -19195.0 
-18598.0 -19234.0 
-19028.0 -18814.0 
-18831.0 -19081.0 
-19051.0 -18799.0 
-18856.0 -19051.0 
-19015.0 -18836.0 
-19095.0 -18708.0 
-18903.0 -18988.0 
-18908.0 -18980.0 
-18796.0 -19109.0 
-19104.0 -18688.0 
-18998.0 -18859.0 
-19098.0 -18705.0 
-18770.0 -19120.0 
-19095.0 -18708.0 
-18995.0 -18876.0 
-18763.0 -19145.0 
-18998.0 -18859.0 
-18977.0 -18924.0 
-18903.0 -18988.0 
-18835.0 -19059.0 
-18717.0 -19184.0 
-19098.0 -18705.0 
-19162.0 -18497.0 
-18872.0 -19039.0 
-18647.0 -19223.0 
-18668.0 -19195.0 
-18598.0 -19234.0 
-19028.0 -18814.0 
-19051.0 -18799.0 
-19015.0 -18836.0 
-18796.0 -19109.0 
-18770.0 -19120.0 
-18995.0 -18876.0 
-18763.0 -19145.0 
-18835.0 -19059.0 
-18717.0 -19184.0 
-19098.0 -18705.0 
-18717.0 -19184.0 
-19051.0 -18799.0 
-18717.0 -19184.0 
-19051.0 -18799.0 
-18872.0 -19039.0 
-18872.0 -19039.0 
-18717.0 -19184.0 
-18717.0 -19184.0 
-19051.0 -18799.0 
-19028.0 -18814.0 
-18796.0 -19109.0 
-19028.0 -18814.0 
-19028.0 -18814.0 
-19028.0 -18814.0 
-18995.0 -18876.0 
-19028.0 -18814.0 
-18647.0 -19223.0 
-18796.0 -19109.0 
-18995.0 -18876.0 
-19028.0 -18814.0 
-18872.0 -19039.0 
