-19122.0 -18634.0 
-18449.0 -19430.0 
-19122.0 -18634.0 
-18449.0 -19430.0 
-18496.0 -19405.0 
-18989.0 -18936.0 
-19076.0 -18824.0 
-18508.0 -19352.0 
-18965.0 -19005.0 
-19089.0 -18751.0 
-19108.0 -18637.0 
-19098.0 -18704.0 
-18758.0 -19184.0 
-18631.0 -19304.0 
-18578.0 -19308.0 
-19089.0 -18751.0 
-19098.0 -18704.0 
-18795.0 -19183.0 
-18535.0 -19350.0 
-19035.0 -18840.0 
-18647.0 -19283.0 
-18753.0 -19229.0 
-18688.0 -19277.0 
-18642.0 -19296.0 
-18912.0 -19066.0 
-18852.0 -19141.0 
-18692.0 -19250.0 
-18893.0 -19078.0 
-18965.0 -19005.0 
-18675.0 -19279.0 
-18862.0 -19126.0 
-19019.0 -18851.0 
-19018.0 -18881.0 
-18899.0 -19074.0 
-18730.0 -19231.0 
-18757.0 -19213.0 
-18913.0 -19042.0 
-18552.0 -19330.0 
-18815.0 -19162.0 
-19076.0 -18824.0 
-18864.0 -19103.0 
-18884.0 -19093.0 
-19035.0 -18840.0 
-18720.0 -19238.0 
-19014.0 -18889.0 
-18563.0 -19326.0 
-19014.0 -18889.0 
-18943.0 -19012.0 
-18923.0 -19022.0 
-18701.0 -19245.0 
-18832.0 -19151.0 
-18997.0 -18913.0 
-18806.0 -19169.0 
-18552.0 -19330.0 
-18871.0 -19095.0 
-19023.0 -18842.0 
-18997.0 -18913.0 
-18832.0 -19151.0 
-18995.0 -18916.0 
-18535.0 -19350.0 
-18852.0 -19141.0 
-18821.0 -19154.0 
-18806.0 -19169.0 
-18675.0 -19279.0 
-18720.0 -19238.0 
-18569.0 -19322.0 
-18701.0 -19245.0 
-18862.0 -19126.0 
-18757.0 -19213.0 
-18922.0 -19038.0 
-18631.0 -19304.0 
-19108.0 -18637.0 
-18921.0 -19041.0 
-18943.0 -19012.0 
-18795.0 -19183.0 
-18730.0 -19231.0 
-18933.0 -19016.0 
-18569.0 -19322.0 
-18884.0 -19093.0 
-18577.0 -19311.0 
-18577.0 -19311.0 
-18933.0 -19016.0 
-18864.0 -19103.0 
-18871.0 -19095.0 
-19019.0 -18851.0 
-18995.0 -18916.0 
-18821.0 -19154.0 
-18647.0 -19283.0 
-18692.0 -19250.0 
-18912.0 -19066.0 
-19018.0 -18881.0 
-18937.0 -19014.0 
-18923.0 -19022.0 
-18753.0 -19229.0 
-18688.0 -19277.0 
-19023.0 -18842.0 
-18937.0 -19014.0 
-18578.0 -19308.0 
-18922.0 -19038.0 
-18913.0 -19042.0 
