-19416.0 -18322.0 
-18587.0 -19240.0 
-19416.0 -18322.0 
-18587.0 -19240.0 
-19387.0 -18394.0 
-19289.0 -18585.0 
-18843.0 -19150.0 
-18826.0 -19169.0 
-18662.0 -19222.0 
-19387.0 -18394.0 
-19286.0 -18625.0 
-19331.0 -18549.0 
-19378.0 -18451.0 
-18767.0 -19174.0 
-18708.0 -19221.0 
-18662.0 -19222.0 
-18957.0 -19062.0 
-19250.0 -18683.0 
-18749.0 -19201.0 
-19286.0 -18625.0 
-19227.0 -18708.0 
-19250.0 -18683.0 
-18925.0 -19070.0 
-19209.0 -18753.0 
-19335.0 -18499.0 
-18997.0 -18993.0 
-18869.0 -19131.0 
-19306.0 -18561.0 
-19210.0 -18722.0 
-19119.0 -18863.0 
-18979.0 -19003.0 
-18708.0 -19221.0 
-18974.0 -19030.0 
-18925.0 -19070.0 
-19191.0 -18758.0 
-18892.0 -19092.0 
-19027.0 -18952.0 
-19184.0 -18781.0 
-19246.0 -18701.0 
-18892.0 -19092.0 
-18974.0 -19030.0 
-19146.0 -18833.0 
-18749.0 -19201.0 
-19058.0 -18944.0 
-19069.0 -18900.0 
-19068.0 -18923.0 
-19095.0 -18867.0 
-19022.0 -18971.0 
-19306.0 -18561.0 
-19360.0 -18469.0 
-19359.0 -18479.0 
-19157.0 -18810.0 
-19344.0 -18481.0 
-19378.0 -18451.0 
-19167.0 -18803.0 
-18957.0 -19062.0 
-19131.0 -18835.0 
-18877.0 -19098.0 
-18764.0 -19184.0 
-18874.0 -19108.0 
-18869.0 -19131.0 
-19149.0 -18818.0 
-19046.0 -18947.0 
-19086.0 -18883.0 
-18826.0 -19169.0 
-19169.0 -18796.0 
-19184.0 -18781.0 
-19008.0 -18983.0 
-19068.0 -18923.0 
-19130.0 -18842.0 
-19079.0 -18886.0 
-19008.0 -18983.0 
-18764.0 -19184.0 
-19130.0 -18842.0 
-19360.0 -18469.0 
-19088.0 -18872.0 
-19046.0 -18947.0 
-19340.0 -18493.0 
-19169.0 -18796.0 
-19150.0 -18813.0 
-19331.0 -18549.0 
-19119.0 -18863.0 
-18979.0 -19003.0 
-18874.0 -19108.0 
-19210.0 -18722.0 
-19069.0 -18900.0 
-19018.0 -18973.0 
-19058.0 -18944.0 
-19079.0 -18886.0 
-19018.0 -18973.0 
-19191.0 -18758.0 
-19095.0 -18867.0 
-19246.0 -18701.0 
-19027.0 -18952.0 
-19340.0 -18493.0 
-19335.0 -18499.0 
-18877.0 -19098.0 
-18767.0 -19174.0 
-19088.0 -18872.0 
-19344.0 -18481.0 
