-18523.0 -19349.0 
-19467.0 -18214.0 
-19467.0 -18214.0 
-18523.0 -19349.0 
-19441.0 -18339.0 
-18695.0 -19307.0 
-19241.0 -18718.0 
-19014.0 -19037.0 
-19441.0 -18339.0 
-18619.0 -19328.0 
-19435.0 -18393.0 
-18717.0 -19265.0 
-18563.0 -19341.0 
-19023.0 -19002.0 
-18977.0 -19070.0 
-18644.0 -19310.0 
-19305.0 -18654.0 
-19221.0 -18760.0 
-18571.0 -19337.0 
-18869.0 -19146.0 
-18894.0 -19139.0 
-19279.0 -18662.0 
-18757.0 -19257.0 
-19176.0 -18792.0 
-18807.0 -19185.0 
-19131.0 -18901.0 
-19169.0 -18824.0 
-19366.0 -18483.0 
-19187.0 -18788.0 
-19415.0 -18424.0 
-19409.0 -18455.0 
-19268.0 -18694.0 
-19386.0 -18468.0 
-18989.0 -19049.0 
-19355.0 -18565.0 
-18777.0 -19216.0 
-18706.0 -19270.0 
-18933.0 -19102.0 
-18833.0 -19179.0 
-18917.0 -19109.0 
-18861.0 -19161.0 
-19041.0 -19000.0 
-18620.0 -19316.0 
-19364.0 -18522.0 
-18952.0 -19073.0 
-19068.0 -18962.0 
-18794.0 -19209.0 
-19052.0 -18971.0 
-19088.0 -18945.0 
-19045.0 -18980.0 
-18767.0 -19246.0 
-19235.0 -18743.0 
-19072.0 -18948.0 
-19399.0 -18457.0 
-19104.0 -18927.0 
-19324.0 -18577.0 
-18833.0 -19179.0 
-19320.0 -18608.0 
-19377.0 -18482.0 
-19132.0 -18877.0 
-19313.0 -18637.0 
-19435.0 -18393.0 
-19415.0 -18424.0 
-18935.0 -19081.0 
-19099.0 -18935.0 
-19206.0 -18773.0 
-18894.0 -19139.0 
-18917.0 -19109.0 
-19357.0 -18539.0 
-19320.0 -18608.0 
-19206.0 -18773.0 
-19104.0 -18927.0 
-18644.0 -19310.0 
-19158.0 -18826.0 
-19268.0 -18694.0 
-19337.0 -18566.0 
-19139.0 -18872.0 
-19141.0 -18859.0 
-18941.0 -19074.0 
-18861.0 -19161.0 
-19131.0 -18901.0 
-19154.0 -18837.0 
-19154.0 -18837.0 
-18989.0 -19049.0 
-19273.0 -18675.0 
-19313.0 -18637.0 
-19141.0 -18859.0 
-19235.0 -18743.0 
-18767.0 -19246.0 
-19333.0 -18568.0 
-18801.0 -19198.0 
-18757.0 -19257.0 
-19325.0 -18574.0 
-19364.0 -18522.0 
-19357.0 -18539.0 
-18777.0 -19216.0 
-19273.0 -18675.0 
-18571.0 -19337.0 
-18706.0 -19270.0 
-18801.0 -19198.0 
