-19494.0 -18187.0 
-18535.0 -19342.0 
-18898.0 -19144.0 
-19090.0 -18939.0 
-19459.0 -18198.0 
-18541.0 -19327.0 
-18618.0 -19298.0 
-18830.0 -19182.0 
-18740.0 -19252.0 
-19208.0 -18757.0 
-18830.0 -19182.0 
-18687.0 -19253.0 
-19457.0 -18263.0 
-19010.0 -19027.0 
-19019.0 -18967.0 
-19038.0 -18948.0 
-19239.0 -18734.0 
-19428.0 -18343.0 
-19092.0 -18892.0 
-19411.0 -18354.0 
-19385.0 -18432.0 
-19404.0 -18429.0 
-18790.0 -19190.0 
-19358.0 -18519.0 
-19271.0 -18685.0 
-19283.0 -18652.0 
-19158.0 -18856.0 
-19289.0 -18606.0 
-18970.0 -19038.0 
-18909.0 -19106.0 
-19374.0 -18464.0 
-19198.0 -18796.0 
-19319.0 -18578.0 
-19429.0 -18304.0 
-19249.0 -18696.0 
-19172.0 -18816.0 
-18922.0 -19091.0 
-19406.0 -18388.0 
-18950.0 -19065.0 
-18633.0 -19291.0 
-18664.0 -19280.0 
-19027.0 -18965.0 
-18922.0 -19091.0 
-19139.0 -18865.0 
-19283.0 -18652.0 
-19362.0 -18487.0 
-19322.0 -18552.0 
-18618.0 -19298.0 
-18744.0 -19232.0 
-19108.0 -18889.0 
-19337.0 -18523.0 
-19324.0 -18544.0 
-18950.0 -19065.0 
-19406.0 -18388.0 
-18774.0 -19204.0 
-18541.0 -19327.0 
-19139.0 -18865.0 
-18991.0 -19037.0 
-19239.0 -18734.0 
-19439.0 -18286.0 
-18774.0 -19204.0 
-18785.0 -19197.0 
-19163.0 -18834.0 
-18752.0 -19227.0 
-19117.0 -18883.0 
-19289.0 -18606.0 
-18752.0 -19227.0 
-19172.0 -18816.0 
-19363.0 -18485.0 
-19201.0 -18775.0 
-18668.0 -19274.0 
-19117.0 -18883.0 
-18909.0 -19106.0 
-18959.0 -19055.0 
-18668.0 -19274.0 
-19452.0 -18273.0 
-18627.0 -19297.0 
-19439.0 -18286.0 
-19163.0 -18834.0 
-18991.0 -19037.0 
-18687.0 -19253.0 
-19198.0 -18796.0 
-18959.0 -19055.0 
-19038.0 -18948.0 
-19201.0 -18775.0 
-19259.0 -18689.0 
-19010.0 -19027.0 
-19429.0 -18304.0 
-19249.0 -18696.0 
-19452.0 -18273.0 
-19334.0 -18529.0 
-18633.0 -19291.0 
-19334.0 -18529.0 
-19373.0 -18470.0 
-19373.0 -18470.0 
-19259.0 -18689.0 
-18664.0 -19280.0 
-19439.0 -18286.0 
-19139.0 -18865.0 
-19307.0 -18595.0 
