-19463.0 -18190.0 
-19463.0 -18190.0 
-18848.0 -19093.0 
-18848.0 -19093.0 
-18972.0 -19030.0 
-19443.0 -18279.0 
-19439.0 -18386.0 
-18920.0 -19050.0 
-18918.0 -19079.0 
-19109.0 -18891.0 
-19072.0 -18943.0 
-19443.0 -18279.0 
-18980.0 -18998.0 
-19010.0 -18997.0 
-19375.0 -18455.0 
-19074.0 -18913.0 
-19023.0 -18954.0 
-19372.0 -18508.0 
-19203.0 -18776.0 
-19309.0 -18619.0 
-19262.0 -18698.0 
-18873.0 -19089.0 
-19172.0 -18789.0 
-19228.0 -18715.0 
-19350.0 -18553.0 
-19356.0 -18524.0 
-19166.0 -18810.0 
-19323.0 -18579.0 
-19269.0 -18678.0 
-19014.0 -18960.0 
-19145.0 -18820.0 
-19419.0 -18398.0 
-19135.0 -18831.0 
-19287.0 -18621.0 
-19285.0 -18631.0 
-19123.0 -18861.0 
-19395.0 -18429.0 
-19387.0 -18447.0 
-18873.0 -19089.0 
-19333.0 -18566.0 
-19116.0 -18869.0 
-19209.0 -18748.0 
-19276.0 -18668.0 
-19410.0 -18419.0 
-19262.0 -18698.0 
-18856.0 -19091.0 
-19279.0 -18650.0 
-19123.0 -18861.0 
-19135.0 -18831.0 
-19323.0 -18579.0 
-19074.0 -18913.0 
-19356.0 -18524.0 
-19023.0 -18954.0 
-19419.0 -18398.0 
-19279.0 -18650.0 
-19309.0 -18619.0 
-19203.0 -18776.0 
-19350.0 -18553.0 
-19172.0 -18789.0 
-19395.0 -18429.0 
-19228.0 -18715.0 
-19372.0 -18508.0 
-19387.0 -18447.0 
-19331.0 -18574.0 
-19166.0 -18810.0 
-19116.0 -18869.0 
-19439.0 -18386.0 
-19411.0 -18413.0 
-19221.0 -18732.0 
-19411.0 -18413.0 
-19144.0 -18823.0 
-19333.0 -18566.0 
-19216.0 -18738.0 
-19276.0 -18668.0 
-19225.0 -18722.0 
-19072.0 -18943.0 
-19210.0 -18743.0 
-19209.0 -18748.0 
-18856.0 -19091.0 
-19225.0 -18722.0 
-19216.0 -18738.0 
-19221.0 -18732.0 
-19014.0 -18960.0 
-19410.0 -18419.0 
-19144.0 -18823.0 
-19331.0 -18574.0 
-19210.0 -18743.0 
-19287.0 -18621.0 
-19356.0 -18524.0 
-19309.0 -18619.0 
-19203.0 -18776.0 
-19172.0 -18789.0 
-19228.0 -18715.0 
-19372.0 -18508.0 
-19116.0 -18869.0 
-19411.0 -18413.0 
-19014.0 -18960.0 
-19144.0 -18823.0 
-19356.0 -18524.0 
-19144.0 -18823.0 
