-18366.0 -19402.0 
-19417.0 -18147.0 
-19417.0 -18147.0 
-18366.0 -19402.0 
-18522.0 -19364.0 
-18760.0 -19220.0 
-18611.0 -19270.0 
-19394.0 -18198.0 
-18651.0 -19243.0 
-19393.0 -18321.0 
-18578.0 -19328.0 
-18464.0 -19388.0 
-18390.0 -19391.0 
-19235.0 -18685.0 
-19191.0 -18752.0 
-18834.0 -19128.0 
-18578.0 -19328.0 
-19197.0 -18706.0 
-18648.0 -19257.0 
-18464.0 -19388.0 
-19393.0 -18321.0 
-19389.0 -18389.0 
-18901.0 -19061.0 
-19308.0 -18547.0 
-19113.0 -18826.0 
-18838.0 -19098.0 
-19012.0 -18958.0 
-19371.0 -18444.0 
-19281.0 -18590.0 
-19162.0 -18754.0 
-19407.0 -18156.0 
-18801.0 -19132.0 
-18990.0 -18975.0 
-19105.0 -18851.0 
-19341.0 -18470.0 
-19388.0 -18421.0 
-19281.0 -18590.0 
-19338.0 -18487.0 
-19308.0 -18547.0 
-19081.0 -18871.0 
-19241.0 -18618.0 
-19056.0 -18886.0 
-19142.0 -18776.0 
-18912.0 -19024.0 
-19371.0 -18444.0 
-19157.0 -18769.0 
-18793.0 -19136.0 
-18920.0 -19016.0 
-19238.0 -18643.0 
-19081.0 -18871.0 
-19132.0 -18819.0 
-19314.0 -18514.0 
-18941.0 -19013.0 
-18777.0 -19168.0 
-19135.0 -18790.0 
-18986.0 -18981.0 
-18858.0 -19096.0 
-18971.0 -18994.0 
-18876.0 -19081.0 
-18773.0 -19186.0 
-18760.0 -19220.0 
-19213.0 -18703.0 
-19389.0 -18389.0 
-19035.0 -18918.0 
-19322.0 -18498.0 
-19268.0 -18609.0 
-18859.0 -19082.0 
-18773.0 -19186.0 
-18948.0 -19007.0 
-18901.0 -19061.0 
-19399.0 -18183.0 
-19133.0 -18807.0 
-18390.0 -19391.0 
-18971.0 -18994.0 
-19046.0 -18911.0 
-18876.0 -19081.0 
-19341.0 -18470.0 
-19105.0 -18851.0 
-19213.0 -18703.0 
-19238.0 -18643.0 
-19021.0 -18941.0 
-19017.0 -18947.0 
-18651.0 -19243.0 
-18782.0 -19155.0 
-18782.0 -19155.0 
-19399.0 -18183.0 
-19388.0 -18421.0 
-19050.0 -18905.0 
-19035.0 -18918.0 
-19314.0 -18514.0 
-19021.0 -18941.0 
-19056.0 -18886.0 
-19255.0 -18614.0 
-18948.0 -19007.0 
-18912.0 -19024.0 
-19322.0 -18498.0 
-19268.0 -18609.0 
-19255.0 -18614.0 
-19050.0 -18905.0 
-18859.0 -19082.0 
