-19389.0 -18401.0 
-18238.0 -19433.0 
-18238.0 -19433.0 
-19346.0 -18531.0 
-18400.0 -19396.0 
-18286.0 -19399.0 
-18479.0 -19367.0 
-19346.0 -18531.0 
-19291.0 -18601.0 
-19244.0 -18650.0 
-19291.0 -18601.0 
-18400.0 -19396.0 
-18845.0 -19092.0 
-18932.0 -19057.0 
-19279.0 -18637.0 
-19187.0 -18755.0 
-19228.0 -18702.0 
-18634.0 -19266.0 
-18883.0 -19084.0 
-19190.0 -18724.0 
-18613.0 -19274.0 
-19010.0 -18948.0 
-19168.0 -18771.0 
-18643.0 -19239.0 
-19055.0 -18934.0 
-19125.0 -18860.0 
-18844.0 -19119.0 
-18479.0 -19367.0 
-19158.0 -18812.0 
-18683.0 -19210.0 
-18502.0 -19328.0 
-18714.0 -19207.0 
-18752.0 -19165.0 
-18796.0 -19143.0 
-18242.0 -19415.0 
-18824.0 -19124.0 
-19150.0 -18827.0 
-18553.0 -19288.0 
-18994.0 -18981.0 
-18666.0 -19237.0 
-18518.0 -19313.0 
-18543.0 -19310.0 
-19150.0 -18827.0 
-19075.0 -18880.0 
-19101.0 -18864.0 
-18893.0 -19066.0 
-18280.0 -19407.0 
-18570.0 -19282.0 
-18986.0 -18995.0 
-18502.0 -19328.0 
-18738.0 -19192.0 
-18938.0 -19037.0 
-18974.0 -19015.0 
-18582.0 -19279.0 
-19213.0 -18712.0 
-18817.0 -19135.0 
-19007.0 -18966.0 
-18507.0 -19316.0 
-18770.0 -19160.0 
-19068.0 -18919.0 
-18950.0 -19031.0 
-18257.0 -19408.0 
-19244.0 -18650.0 
-18886.0 -19067.0 
-19006.0 -18974.0 
-18673.0 -19227.0 
-19125.0 -18860.0 
-18681.0 -19224.0 
-19055.0 -18934.0 
-18747.0 -19182.0 
-19168.0 -18771.0 
-19086.0 -18879.0 
-18962.0 -19024.0 
-18714.0 -19207.0 
-19228.0 -18702.0 
-19158.0 -18812.0 
-19070.0 -18902.0 
-19279.0 -18637.0 
-18738.0 -19192.0 
-18771.0 -19153.0 
-19070.0 -18902.0 
-18963.0 -19018.0 
-19101.0 -18864.0 
-18781.0 -19145.0 
-18780.0 -19146.0 
-19068.0 -18919.0 
-18939.0 -19032.0 
-19010.0 -18948.0 
-18547.0 -19301.0 
-19207.0 -18713.0 
-19207.0 -18713.0 
-18982.0 -19004.0 
-18582.0 -19279.0 
-18893.0 -19066.0 
-18982.0 -19004.0 
-18747.0 -19182.0 
-19086.0 -18879.0 
-18257.0 -19408.0 
-18547.0 -19301.0 
-18817.0 -19135.0 
