347.52682352846296 446.9905765782046 
339.6646999227598 441.36988451466055 
584.9244308575156 227.76147736705636 
65.99216497789861 567.0337055199997 
499.0430919288135 44.97528981192574 
140.0704430816911 588.9934860794634 
490.196954585196 226.35756281605285 
270.7832906730177 529.915956105725 
607.8407083340385 79.02858361883452 
573.3660627568423 32.38801949105507 
258.56561203095623 495.56344712499157 
503.3925363131447 253.52469064621997 
314.0445487286683 570.9247654815292 
393.9266723503545 404.8754560759558 
0.15739635304528815 546.111506925825 
482.0847349350019 276.6166875279216 
434.51845511712617 237.152469575095 
48.046221024252134 555.955027711659 
477.3618783636393 207.0252627319043 
92.15492923532433 520.9829275924019 
370.8834679564768 225.51886792672187 
519.8499047829832 39.876310981059845 
132.79379914659035 452.8157378729662 
29.26406892074772 435.76366114559113 
447.1183456743703 107.65391413026707 
435.20237832658285 308.871848049061 
406.46418524007845 427.1457464466693 
27.97969734709557 564.3656820884652 
515.7311543702982 323.3735141612281 
418.10919948137393 512.8420352510537 
315.25820025473337 394.6054949722412 
636.1057600614608 128.2032371665766 
222.10561551770485 573.0157782285545 
386.11609080288713 523.5183513824719 
323.7120730810022 417.8155188036333 
178.2262185315228 508.5391679112217 
161.6321804448765 596.6026380361728 
515.3184796036636 78.98080581748916 
567.502872184168 32.82152356570137 
36.16430827365578 561.847326696343 
620.0586235285189 64.1108687888666 
170.66435479421665 474.51910194007877 
194.01907913603787 608.965284134496 
102.80754249464141 536.8731503070273 
194.30851561745007 473.7792612006179 
153.10137664268456 539.109563033428 
557.5714432617796 37.34993200780026 
82.0713516793063 447.6806444116755 
388.06982232948326 451.5145854214547 
269.5378276048331 483.62460346342175 
500.12963077973535 271.6485824125554 
493.40321968494584 250.56410110634798 
466.8693769400814 209.85259029142944 
406.6464861713535 259.3083555633767 
331.2287175795497 405.28201465084186 
507.59418173091575 282.87031035750624 
493.6142021543124 345.89976469119404 
229.2437464836501 522.7455296925364 
445.48057920567726 497.5937545853825 
232.48214603737105 578.2714619369526 
404.5271233310184 375.8735444973273 
425.5286733076594 257.17483053342636 
414.7550250961602 240.87944536511685 
545.3156729282326 91.55745524607336 
345.0436490482764 458.72640192798724 
467.7309465830206 318.2003984188769 
566.3691415683612 95.6454608147782 
210.46204903684017 433.7573326035814 
257.6469776873793 489.9013810168357 
169.84568169543624 490.92523138603593 
631.9854285264806 65.03884997180619 
91.26043165630514 515.1861859197089 
193.40126563148502 549.9174271143764 
536.7527728269283 243.3725679183289 
99.83874294793148 559.3515998584892 
501.7832683167597 104.42479298755435 
449.78838996074836 426.25029937303486 
288.7350281676805 524.2918289103408 
475.28289900612083 194.40931878778278 
35.084581853370544 601.6745950294264 
319.5707408738405 437.74515782577146 
403.81263200235 310.444502104277 
449.86502256432044 195.2297734998859 
639.1823938893082 166.9194086259778 
544.2071520678726 42.086525488170025 
328.7038695794031 425.9301375050214 
581.2580815213632 37.21286358749329 
408.8469581803559 414.22598703027705 
111.22685120267138 592.3844779429947 
44.1550161371725 584.6203820836646 
419.19221212988697 283.33057454981315 
488.0152446903068 444.0139093181 
422.5482709726973 400.25464114588465 
149.34008381074355 553.8096418763483 
426.27589500117 267.7080625988847 
429.56885526247436 226.42739299344356 
5.730220403947566 525.8466130021476 
407.93950082801325 474.0710336930289 
314.61614500874975 452.3897980784568 
238.7281820396765 500.57629693526695 
