1	3.3187319924421206
2	2.82442872261371
3	2.6857669348651196
4	2.3211739727638285
5	2.2467523817937574
6	2.1830311662068547
7	2.126874778734814
8	1.8393338304264302
9	1.6239445652210582
10	1.4874958016584419
11	1.3820201267920893
12	1.0915225076265518
13	0.8996236161460265
14	0.8996236161460265
15	0.8842714029216446
16	0.8842714029216446
17	0.8842714029216446
18	0.7992804605521845
19	0.7254156263899374
20	0.5403162981711728
21	0.520603112169246
22	0.520603112169246
23	0.520603112169246
24	0.5072455582241356
25	0.5072455582241356
26	0.48995853673232515
27	0.47984210100895847
28	0.4215619500141009
29	0.420901979420427
30	0.40147494784168525
31	0.39016538090162955
32	0.3847166451509379
33	0.36824282519270846
34	0.3454297690523938
35	0.3417517511517732
36	0.3320756904428214
37	0.28040938864825765
38	0.28040938864825765
39	0.2801629927751811
40	0.2801629927751811
41	0.2736018069401755
42	0.2547592748106625
43	0.25460020843965
44	0.25448563624481424
45	0.24443581511942122
46	0.23825847843401338
47	0.22912097502075326
48	0.21681811862551117
49	0.21151313525199641
50	0.2107770295355305
51	0.2017030077156363
52	0.20103295627135614
53	0.19031425553090064
54	0.19030514536192175
55	0.18716283883864498
56	0.1760096349118554
57	0.16517824587900948
58	0.16196697531688217
59	0.1618530194896491
60	0.1614882826461724
61	0.1515093974401104
62	0.14773896154010877
63	0.1435875565141624
64	0.1411229418602955
65	0.13919652622650275
66	0.13273441887193163
67	0.12945446456011928
68	0.12634767495819174
69	0.12570521675011934
70	0.12157624028813738
71	0.12040480080359987
72	0.11411157866110945
73	0.11366973309556902
74	0.11117791634211202
75	0.1107718460199686
76	0.10576713976060399
77	0.10519477139445853
78	0.10496234350815214
79	0.09918047614852743
80	0.08677875134657315
81	0.08517582296135695
82	0.08515727063536344
83	0.08323514513933522
84	0.08297623611388118
85	0.08252585042772309
86	0.08123743999263458
87	0.08093017314915027
88	0.0798335644070394
89	0.07774637890714528
90	0.07522836968927984
91	0.07455762525755683
92	0.07204834345455044
93	0.07021546129912874
94	0.06844022294062987
95	0.06821981137678343
96	0.06668873488756391
97	0.06604762595352294
98	0.06361028742105268
99	0.061961728871400175
100	0.06087898339426006
101	0.06048242337724705
102	0.0588335351666949
103	0.058166809679202854
104	0.05731558124998028
105	0.05634261509195584
106	0.053887667165086764
107	0.05170340159038806
108	0.050386266717695305
109	0.050274027050765314
110	0.04933209479880594
111	0.048905471838906554
112	0.04777232172911941
113	0.04698019920363748
114	0.04603403517989393
115	0.044572832579679054
116	0.043668491079146034
117	0.04278354329140284
118	0.04167277906868628
119	0.04140963819790879
120	0.041059414190483506
121	0.03995772527356812
122	0.039886824027138376
123	0.03934489237098228
124	0.03921441142653728
125	0.03818460509188278
126	0.03745671747735196
127	0.03736016826060079
128	0.035975536389414794
129	0.03594450585311718
130	0.03569576092891059
131	0.03558283351062672
132	0.034946501047675625
133	0.03483634501445832
134	0.03396137047384103
135	0.033532045830169915
136	0.033185788452451584
137	0.032399188005789344
138	0.03211782231714672
139	0.03192689931843455
140	0.03165701946492434
141	0.03113200420955029
142	0.03102834078377883
143	0.03097357657004954
144	0.030540255436006428
145	0.03002184227859341
146	0.029891109711721327
147	0.02947914843265045
148	0.029136965949131264
149	0.028463809139155447
150	0.02821940128585154
151	0.028127944534719344
152	0.027882689170749434
153	0.02770001965448247
154	0.027176990469383138
155	0.026450955555728562
156	0.025938687538784984
157	0.02568712571120556
158	0.025472270766030355
159	0.025358165733548398
160	0.024752301631152576
161	0.02436955061824991
162	0.02404961294026891
163	0.023959535838051778
164	0.023255093527502775
165	0.023075044513102824
166	0.022887603896778033
167	0.0228345818247041
168	0.022496142045842292
169	0.022261735351421192
170	0.022180548604244406
171	0.02193578436941538
172	0.021615930344862096
173	0.021499919227422313
174	0.021055885538552765
175	0.021033278317604258
176	0.02084381196960456
177	0.020698723999514744
178	0.020637223920628788
179	0.020049514375433373
180	0.01997255679560864
181	0.0197287480044871
182	0.019403913882370977
183	0.019134314257048805
184	0.01880353215555107
185	0.01869070176637814
186	0.01865306557956382
187	0.018608849035140075
188	0.018508884900532898
189	0.01834863630739857
190	0.01814136283323177
191	0.017881457131612075
192	0.017661283096445976
193	0.017561939972846413
194	0.016987828079654255
195	0.016933881514423082
196	0.01681457439797681
197	0.016191965467814325
198	0.016181028434649327
199	0.016106809281592145
200	0.015973758153905775
201	0.015873849753218153
202	0.015788755343686314
203	0.015657484039053413
204	0.015611548121964457
205	0.015519577841103782
206	0.015211420242166278
207	0.015046336313826623
208	0.014785310795788717
209	0.014471410142465807
210	0.01444085670268782
211	0.014391936636276298
212	0.01428089462607192
213	0.014203418555852446
214	0.014095483657154956
215	0.013964400537356158
216	0.01390875552472369
217	0.013841385091601264
218	0.013788564434922119
219	0.013675665808065169
220	0.013601676192841087
221	0.013445431210513056
222	0.013400850048722462
223	0.013343291468126486
224	0.013124124506853718
225	0.013090695540609492
226	0.013035971577304547
227	0.012803096926043717
228	0.012790695177543027
229	0.012746206718851395
230	0.012647602108789534
231	0.0125885661604563
232	0.012517302568678158
233	0.012479109469707043
234	0.01224112447042773
235	0.012167406570435337
236	0.012073142710520967
237	0.012035129189594523
238	0.012004288242896946
239	0.01194053292319497
240	0.01185262989345648
241	0.01179833253068735
242	0.01177532527135243
243	0.011711786942158454
244	0.011627191890738008
245	0.011599567933688182
246	0.01152045237308824
247	0.011419324416934348
248	0.011374641936196504
249	0.011263962276166458
250	0.011218956237973919
251	0.011146592116950299
252	0.011056988136687596
253	0.011026173473792327
254	0.010982766582274744
255	0.010956728228477139
256	0.010895835027795519
257	0.010843977932866428
258	0.010804877401497843
259	0.010763573525331502
260	0.010698035606705831
261	0.01058079053573881
262	0.010522647536256218
263	0.010511348304485238
264	0.010455794017394793
265	0.010410951784200248
266	0.010380906790170077
267	0.01033473824194882
268	0.010241748426659193
269	0.010208681638008392
270	0.0101922191819933
271	0.010160996813613642
272	0.01002682651891328
273	0.010007848430073208
274	0.009996461642830128
275	0.009947920812218474
276	0.009937681693873934
277	0.00986312655516351
278	0.009843249537303245
279	0.009738735617791563
280	0.009693449052305793
281	0.009671201978465695
282	0.009653178165501142
283	0.009611559613690366
284	0.009590521929394295
285	0.009537998779305307
286	0.009448651350795324
287	0.009414147441067246
288	0.009372492880260024
289	0.00933298659327709
290	0.00930145451718834
291	0.009259228213302708
292	0.00922208796978218
293	0.00915410951748783
294	0.009110857569535353
295	0.00908564103327991
296	0.009075708623858534
297	0.009004882672176633
298	0.008947005592943145
299	0.008930059859311218
300	0.008917936972805457
301	0.008869644231440939
302	0.008820935708244448
303	0.008782900589252718
304	0.008781178208204978
305	0.008753450925735779
306	0.008743239615112728
307	0.008709908743114421
308	0.008684228566374056
309	0.008642993260083809
310	0.008626455603133942
311	0.00861337051617377
312	0.008594067865807162
313	0.00855716956990909
314	0.00853353830829037
315	0.008485257904793127
316	0.008466763907086955
317	0.008452368329398415
318	0.008432939244851806
319	0.008404476369558331
320	0.008361994175541915
321	0.00832993148279425
322	0.008291664043703599
323	0.008276206597926567
324	0.008267277370655562
325	0.008273607502460766
326	0.00827087656453059
327	0.008248117106435644
328	0.008220126027726938
329	0.008176612316618318
330	0.008121842542109141
331	0.008087362506384187
332	0.008066485183939692
333	0.008036115261627922
334	0.008022041314746969
335	0.008005404434550532
336	0.007928568654461062
337	0.007876491088520798
338	0.007814717197687662
339	0.007771904649487901
340	0.007757781003397065
341	0.007728676296579938
342	0.007672385141311794
343	0.007620126117180627
344	0.0075753478916707065
345	0.007539363392819232
346	0.0074857032017467675
347	0.007484859467597604
348	0.0074482900749295415
349	0.007397906681867075
350	0.007324101450987374
351	0.007253905653666811
352	0.0072238462008624126
353	0.007188742546786562
354	0.007172384383891239
355	0.0071642476321931055
356	0.007157142228040992
357	0.007149300571124747
358	0.0071356816884497925
359	0.00710487356827515
360	0.007082742900137832
361	0.007061730327072297
362	0.007026423660598359
363	0.0070090458279821796
364	0.006997997752987568
365	0.00699172982336134
366	0.006926344198903296
367	0.006900855971647148
368	0.006881092215465894
369	0.006856209459168913
370	0.006836821582483248
371	0.006801569270659236
372	0.006775037294132852
373	0.006761209083495258
374	0.006728377531702667
375	0.006723822532036534
376	0.0067090384649604665
377	0.006712122015487809
378	0.00668884627167798
379	0.006669930915686417
380	0.006636973548103044
381	0.006621950365553267
382	0.006615126155604185
383	0.006605090079629081
384	0.006588586459707021
385	0.00654941145138594
386	0.006543938371391107
387	0.006532849327637886
388	0.006524417671243013
389	0.006518567851085328
390	0.006515818156321266
391	0.006492556385236306
392	0.006458330730281653
393	0.0064530776081261135
394	0.006439258658209665
395	0.006427441265537319
396	0.006413720923941736
397	0.006404712428205536
398	0.006381755162022621
399	0.006359501308484167
400	0.006326704233231353
401	0.00632825323217312
402	0.0063101049803781
403	0.0062857388010851166
404	0.006284115717188254
405	0.006274304296462067
406	0.006267956713513517
407	0.006263487415022933
408	0.006259580974594794
409	0.006244411239715704
410	0.0062277089475499
411	0.006205153761362095
412	0.006204443254324141
413	0.006177362462383065
414	0.006165140210908484
415	0.006162129103384452
416	0.006153324877150843
417	0.006140923983428948
418	0.006112604929086428
419	0.006113656750541413
420	0.006101641308464428
421	0.006067374740876338
422	0.006038023649342773
423	0.006022498101103689
424	0.00600248885234532
425	0.005976172083720605
426	0.0059510774051203304
427	0.005914967315069259
428	0.0058551605010135
429	0.005842176478741797
430	0.0058293021430290545
431	0.0058163818805999695
432	0.005795848984337461
433	0.005772514880625571
434	0.005757201344270863
435	0.005738105605851516
436	0.005729334195149709
437	0.005710395624254492
438	0.0056928458327699894
439	0.00566618540821296
440	0.005631877436750645
441	0.005610677193118561
442	0.005601889785238493
443	0.005586846446798905
444	0.005578216830100535
445	0.00555904372710069
446	0.005557616215983082
447	0.0055412093562482835
448	0.005524616270197194
449	0.005515061998402662
450	0.00550537525219006
451	0.005489380707995583
452	0.005471506891416636
453	0.005449611975694236
454	0.005425661240506963
455	0.00542023542761511
456	0.005405731333921044
457	0.005397565251895685
458	0.005390762686838721
459	0.005375628279332239
460	0.005370585084836469
461	0.005363215194445081
462	0.005365162330137436
463	0.005347123158396528
464	0.005331092813864542
465	0.005297692927808404
466	0.0052789623822004465
467	0.005273216538681576
468	0.005269991316377922
469	0.005258322088596937
470	0.005259319092279164
471	0.005250382797705486
472	0.0052473645398110075
473	0.005240389635318301
474	0.005232231430775097
475	0.005224658166403271
476	0.005225811176608903
477	0.005219954324344213
478	0.005213650122175291
479	0.005204413259713447
480	0.005196690070283719
481	0.005188093074295709
482	0.005186485136973043
483	0.005182981524148198
484	0.005176092183823083
485	0.005165825268202021
486	0.005148188349152774
487	0.00513835873346043
488	0.00513122892723071
489	0.005123054453491126
490	0.00510658413299701
491	0.005104905208221698
492	0.005097267651374559
493	0.005097719209909305
494	0.005081176773644872
495	0.00506959197800443
496	0.005068234084356122
497	0.005062765278069273
498	0.005047548654759844
499	0.005046295756038963
500	0.005027699142239935
501	0.005025443483825912
502	0.00502464331336449
503	0.0050021843108510496
504	0.004989104426828036
505	0.004979058432577001
506	0.004967752897743762
507	0.004954543718166122
508	0.00495084684029806
509	0.004935806898816323
510	0.004915587719592587
511	0.004894892654022415
512	0.004878161027801056
513	0.004868064693878898
514	0.004861281838759619
515	0.004845454835136769
516	0.004829317426941608
517	0.0048154564093633966
518	0.004825017955464881
519	0.00481351082038269
520	0.004806852927654823
521	0.0048057088959161985
522	0.0047885124977607605
523	0.004767169322469453
524	0.004761211420652213
525	0.004762104754768101
526	0.004755079737619668
527	0.004754399143816706
528	0.004751719013522368
529	0.004741541580066049
530	0.004719085308811102
531	0.0047075426341633584
532	0.004705537108482615
533	0.004702683218939444
534	0.004695618722588424
535	0.004693325090929215
536	0.004695774280922274
537	0.004680505808585401
538	0.004671908713361042
539	0.004663566245606017
540	0.004649213587039205
541	0.004648009934183642
542	0.004640496349768984
543	0.0046382268271005144
544	0.004632644724814419
545	0.004628235604696751
546	0.004625725000371803
547	0.004617295493911732
548	0.004617936311825312
549	0.004613113302605918
550	0.004610533721691464
551	0.0046072050788977005
552	0.004602039748056838
553	0.004595556540517086
554	0.004595366858693333
555	0.004590080845577201
556	0.004582349590115218
557	0.004575983909609919
558	0.004578439256371343
559	0.004577975983600877
560	0.004569641185979218
561	0.004565951372544053
562	0.00455912051444993
563	0.004555251013547653
564	0.004552616987573184
565	0.004548903926332419
566	0.004546090396629067
567	0.004544637430654631
568	0.004541162983569777
569	0.004538110117286951
570	0.00453270470458448
571	0.004528156935590051
572	0.004526403827577294
573	0.0045217641727612915
574	0.004512813877269066
575	0.004509045058046075
576	0.0045057972248989065
577	0.004507980285940044
578	0.004506462115287232
579	0.004504804103757194
580	0.004502656928452774
581	0.004497649193308179
582	0.004496323051992398
583	0.004491273354259009
584	0.004479831623275594
585	0.004475551194409459
586	0.004469068816331897
587	0.004467326647260866
588	0.004463212381616355
589	0.004461998373825894
590	0.00446402443011428
591	0.0044661439939935365
592	0.004461861644103614
593	0.004455074205914645
594	0.004450623318180402
595	0.0044513416778188515
596	0.00444030271220014
597	0.004427277500591126
598	0.00441280072077755
599	0.004404626066883843
600	0.004393724107039118
601	0.004387346636841947
602	0.004367742590445172
603	0.004353738984781105
604	0.004345960474314897
605	0.004339449787862767
606	0.004328588289490358
607	0.00432215682699098
608	0.004314398332837386
609	0.004304886663689837
610	0.004295746738583444
611	0.0042916371385543165
612	0.004284528001743368
613	0.004283165072766572
614	0.004277748019426741
615	0.004265857505420898
616	0.004256443222974625
617	0.004245090053675633
618	0.00423588383107011
619	0.004223048176108761
620	0.004214994489085982
621	0.004211998333141929
622	0.004210766170864582
623	0.004204494814784105
624	0.0041991006308924415
625	0.0041945761895211455
626	0.004185770542425083
627	0.004181451648273424
628	0.004174050780316649
629	0.004170633978059339
630	0.00416470196373739
631	0.004171673913710628
632	0.004164007252443164
633	0.004164100807470604
634	0.004153445680283414
635	0.004146152581357732
636	0.004139745697130974
637	0.004136995049421145
638	0.004133708430551995
639	0.004124897553067501
640	0.00412533581692546
641	0.004119120482644873
642	0.004113015857830507
643	0.004109123860256775
644	0.004103997932275826
645	0.004097572747783494
646	0.004092835634061858
647	0.004090167981743434
648	0.004082993343501418
649	0.00407560653284085
650	0.00407311691711842
651	0.004073847445508267
652	0.004077049727823865
653	0.004072980361387848
654	0.004062926929345126
655	0.004057725665345096
656	0.004057667657482171
657	0.004051645958502815
658	0.004045715536442818
659	0.004037185043091163
660	0.004031048080768656
661	0.004028462323920918
662	0.004015445880676389
663	0.004012699525951409
664	0.003993924708656889
665	0.003986696916093726
666	0.003982118603622095
667	0.003977894723127221
668	0.003973391913528699
669	0.003968396675921935
670	0.003960360699434434
671	0.003955747827407845
672	0.003949857414178266
673	0.003948738341706662
674	0.003953188428555609
675	0.003943700535974476
676	0.003943136629013823
677	0.003936509335468679
678	0.003934019954568103
679	0.0039303203866388825
680	0.003926850424264572
681	0.003920642571030857
682	0.00392132067149916
683	0.0039213418029080994
684	0.003916695350124895
685	0.0039132553532019035
686	0.0039061690861187056
687	0.0038978877506261663
688	0.003896409027760224
689	0.0038953174832774117
690	0.0038985078817470363
691	0.003893180708286161
692	0.00388847717517523
693	0.0038873261897837985
694	0.0038847052556452454
695	0.003878384113661545
696	0.0038722784448426595
697	0.0038717035634340258
698	0.0038660546755988055
699	0.0038624957810882337
700	0.003858571342530236
701	0.003854812623260214
702	0.003848376992668608
703	0.0038427771880372792
704	0.003838227348310147
705	0.0038396236205326946
706	0.0038346236001960453
707	0.0038335714915809526
708	0.0038347957111541874
709	0.0038337457733027365
710	0.0038310476087105995
711	0.003821512879379817
712	0.0038089750036410545
713	0.0038074795860098725
714	0.003805500814996173
715	0.0038046455555559543
716	0.003798241502978965
717	0.0037921547239281633
718	0.0037906833572218393
719	0.00379434648972107
720	0.0037916361900381347
721	0.0037927932614772956
722	0.0037893531331631
723	0.0037873229658020612
724	0.0037797839223853353
725	0.0037763293337004134
726	0.0037742223041225625
727	0.003771302324551713
728	0.0037681469520921135
729	0.003759599084372002
730	0.0037487922269662777
731	0.0037457075362905814
732	0.0037427750994944633
733	0.0037419371169406033
734	0.0037423639198046308
735	0.0037403617443025877
736	0.003735690249262014
737	0.0037323214830430923
738	0.003726259882373501
739	0.003718802680322859
740	0.0037161137939856733
741	0.0037104216057194483
742	0.0037075739060640402
743	0.0037001148734365605
744	0.003696199851084671
745	0.003683002541330398
746	0.0036747315637697914
747	0.003669554496224357
748	0.0036651621044529394
749	0.0036649319920594517
750	0.0036637045721835517
751	0.003662059508761885
752	0.00365856934840932
753	0.003651868674820308
754	0.003648592397876165
755	0.0036473211041031816
756	0.0036386719149041477
757	0.003636735377365466
758	0.0036357904849194456
759	0.0036271611949671304
760	0.003624749599890627
761	0.0036235539325811038
762	0.003607227413533531
763	0.0035859358341787544
764	0.0035789058631344214
765	0.0035734294268446134
766	0.0035687133043353437
767	0.0035579596206385482
768	0.0035533785740749146
769	0.0035395055752344075
770	0.0035302902211720305
771	0.003528435290100523
772	0.0035275950425612654
773	0.0035228912867494534
774	0.0035144135811301406
775	0.003510233177837229
776	0.0035076574803312795
777	0.0035022917132883206
778	0.003497956681854063
779	0.003483449695452845
780	0.0034798795224482305
781	0.003473456888930476
782	0.003467403299984945
783	0.0034631934730092215
784	0.003450626590978394
785	0.0034501437306821287
786	0.003448265688488107
787	0.003447484176571357
788	0.003437558403631375
789	0.003439083692058807
790	0.0034410829515483517
791	0.003432074827508334
792	0.0034313687135459118
793	0.003426505849361965
794	0.003420343291722188
795	0.0034163282082117622
796	0.003413819213644916
797	0.003410089916598568
798	0.003407075038525684
799	0.003395998414667867
800	0.0033934735378773743
801	0.0033844048855224858
802	0.003382662645730224
803	0.00337740892353879
804	0.00337683814600719
805	0.0033708056211024066
806	0.0033718107528521246
807	0.0033659309639216344
808	0.0033628007347502858
809	0.0033613911199795394
810	0.003353332505262904
811	0.0033524907161749822
812	0.0033491800112702523
813	0.003346967639228181
814	0.003345481736254932
815	0.003337109788642329
816	0.0033334929836343315
817	0.003325791182014192
818	0.0033169832821885654
819	0.003314792985346574
820	0.0033147635551943953
821	0.003314133661965538
822	0.003313476622811302
823	0.0033077084141073278
824	0.0033037093315159347
825	0.0033007157221102844
826	0.0032973777090955707
827	0.003292767053624041
828	0.003290936550154383
829	0.003287756128108735
830	0.003285949416471774
831	0.0032811291826756028
832	0.003277692700160579
833	0.00327743749131948
834	0.0032773992892710844
835	0.0032771195128778146
836	0.0032715571272075744
837	0.0032667443377731387
838	0.0032624924642352723
839	0.00325827976180345
840	0.0032570430504494114
841	0.003249755493891199
842	0.0032486424041976523
843	0.0032497725438456575
844	0.0032474143898531854
845	0.003244305777445702
846	0.0032399139611744153
847	0.003237156915968709
848	0.003234935785912343
849	0.0032309276553881016
850	0.0032333371488205637
851	0.003229528029947664
852	0.0032278412591563114
853	0.003228566357610398
854	0.0032277250249965698
855	0.003225371065192594
856	0.0032243414009156886
857	0.0032234361885583804
858	0.003220941514446922
859	0.0032249357700926402
860	0.0032208672781498973
861	0.003219670621959443
862	0.003215596571448238
863	0.0032114979971633087
864	0.0032135454830153126
865	0.003208272229553108
866	0.0032078659225322696
867	0.0032047843950698232
868	0.003199077846423933
869	0.003198360659428169
870	0.0031949657707610697
871	0.0031918758905383985
872	0.0031883020705207065
873	0.003184586626689122
874	0.0031821857705913313
875	0.0031816752576997866
876	0.0031829563457130786
877	0.003176188520062487
878	0.0031720485848697097
879	0.003170462044340212
880	0.003168763745920119
881	0.003167635993164115
882	0.0031653892545867065
883	0.0031576546467492524
884	0.0031560595121862887
885	0.0031548102283592582
886	0.0031550476456547317
887	0.0031519307520269527
888	0.0031456399192742717
889	0.0031466745952461648
890	0.00313988400499493
891	0.003136332153922305
892	0.003136215608713389
893	0.003134889139484919
894	0.003130638726866024
895	0.0031267277745615587
896	0.003122905525222927
897	0.0031231405797827226
898	0.0031180540530833366
899	0.0031171929429943675
900	0.003112081916569683
901	0.0031120220680253066
902	0.003104115805302352
903	0.0031041198208907506
904	0.003100776712915854
905	0.003098880391045399
906	0.0030949072535164175
907	0.003092088217247706
908	0.0030927845038849562
909	0.003088871528576714
910	0.003082576325826963
911	0.003080632332832067
912	0.0030723624249866595
913	0.003068091784167278
914	0.003062614518825609
915	0.0030593887004879776
916	0.0030565778260341794
917	0.0030553746831102034
918	0.0030522868701691867
919	0.003054231579632927
920	0.0030493773083130186
921	0.00304664107320777
922	0.00304381849342269
923	0.003038315562380244
924	0.0030347655837512344
925	0.00303486941098054
926	0.0030328649545939643
927	0.0030295184348937887
928	0.003028893518110988
929	0.003028532502805339
930	0.0030280507720023405
931	0.0030274424568442976
932	0.003028173941488219
933	0.003026039771506466
934	0.003024322451342762
935	0.0030230265345105884
936	0.003022303033855184
937	0.0030218700749334256
938	0.0030183124848332387
939	0.003014111473982306
940	0.0030158155371659725
941	0.003012891467318799
942	0.0030098158675342414
943	0.003009473622239236
944	0.003008626169763555
945	0.0030036871924069043
946	0.0030034921733331104
947	0.003000595490394628
948	0.00299712910860645
949	0.0029942714065369514
950	0.0029897891663323204
951	0.00299277619002645
952	0.002991435982273709
953	0.002990121190091683
954	0.0029873285975457473
955	0.0029859481266049613
956	0.002982116876874034
957	0.0029784019583245975
958	0.0029779988184958253
959	0.00297714903524363
960	0.002973692770169331
961	0.0029704140656900873
962	0.002968040529107761
963	0.0029699741381725214
964	0.002969535096380884
965	0.002966181109148035
966	0.0029694346342197353
967	0.0029671952906207143
968	0.0029654497758879413
969	0.002962745831094941
970	0.0029609667654256697
971	0.002956991424915979
972	0.002954281005936387
973	0.0029552136552983225
974	0.0029523592670084595
975	0.002951451017666201
976	0.0029389220834632867
977	0.0029376866024907857
978	0.002933137021183756
979	0.00293241903159164
980	0.0029316787837988297
981	0.002926958203881602
982	0.0029255309783540523
983	0.0029221623607687554
984	0.0029211640822906474
985	0.0029227160806754786
986	0.0029187488571852426
987	0.0029158389464759493
988	0.002911221833733159
989	0.00290807345658118
990	0.0029058295198883225
991	0.002907245236583011
992	0.002905164791553815
993	0.0029036618180622695
994	0.00290141503655185
995	0.002900174943790832
996	0.002899588213357865
997	0.0029011265202473005
998	0.0029000423138338177
999	0.002895244768018493
1000	0.0028894768489955967