0.0	7.453350405098265
8.160642978658709E-6	7.44560162554325
1.3986774955305212E-4	7.42090187426158
7.382417472964857E-4	7.412416365138479
7.382417472964857E-4	7.412416365138479
0.001153908413201326	7.360849348247447
0.0017747816287378981	7.3379511159917294
0.0018127701638926907	6.620044192118878
0.11711265397408618	6.51983569177209
0.12215052684458928	6.4991678962989985
0.12398403965405914	6.495110718975484
0.12534918848199705	6.489751088653032
0.12534918848199705	6.489751088653032
0.12803266497042884	6.4804046447244055
0.12811337715739546	6.475295487265474
0.1288409538441482	6.473595560950615
0.13086357207496652	6.46471109319078
0.13249100990595036	6.45967666182916
0.1350058528542921	6.450153175938174
0.1368482912305502	6.444646554035121
0.1376505735945669	6.443895101236164
0.28498845934355976	5.995970278821999
0.354369781316732	5.827769372416348
0.363919118346155	5.8066891527415505
0.3647664573919709	5.804282615284186
0.36622673971458214	5.801091834558186
0.3671635704888627	5.798911939495805
0.3702964443901264	5.793667022590045
0.3710025718704425	5.789841387836327
0.37196607194117814	5.787807979156726
0.3756248256402028	5.7811893292288286
0.3770327829327199	5.778098982536636
0.37850454581903153	5.773431707778663
0.3807101721412281	5.768678960911854
0.3807101721412281	5.768678960911854
0.38117582073477047	5.768271463194048
0.38157291154645623	5.765916748005462
0.38282509401060305	5.765668759586941
0.386804132873255	5.7544539456363815
0.38794037829391026	5.753916710154938
0.3945140218185813	5.737839053089
0.3965263693849923	5.7341008657339945
0.3982928082193391	5.729958770401571
0.3993215606649512	5.727825957318644
0.40323887574663775	5.719846406317051
0.40502971499370055	5.7159334088177065
0.40502971499370055	5.7159334088177065
0.40568241177609654	5.715459035562474
0.40568241177609654	5.715459035562474
0.4059266483251945	5.713994107880479
0.4164014126840664	5.691391034417783
0.4239334188626146	5.675940122663446
0.0	7.453489344617475
0.4239334188626146	5.675949006678748
0.1288409538441482	6.473617681826437
0.28506304673882743	6.2009357910026575
0.3434389788500912	6.055843169074196
0.28973826643549005	6.188696484398563
0.11711265397408618	6.519999848215319
0.08549482687015561	6.655546312978444
0.35501575481748276	5.886407440095005
0.04188849760445234	6.894328905110689
0.3530005213987475	6.0223108874703914
0.3982928082193391	5.730043616644114
0.05597245400510675	6.806878474283665
0.07363001691513696	6.712988939676198
0.002512364390752704	7.317546892945513
0.3647664573919709	5.805253417353923
0.4164014126840664	5.691929482314288
0.030569589352954174	6.975087892242726
0.027989714247831754	6.996639593202077
0.020046889531166845	7.067684639972392
0.049918641045382836	6.845622335187715
0.3723331711927508	5.788893902416669
0.386804132873255	5.754909818076566
0.07957693358923318	6.683068597353324
0.12435603847862592	6.496929521192939
0.017106365125108706	7.126511098127786
0.3467086267517382	6.048319925301064
0.012171095965440581	7.1520961567925845
0.38157291154645623	5.766741099063824
0.004237864456537815	7.275458335888688
0.07431544813722743	6.709760168656482
0.006074357049793802	7.239951354936957
0.05277817602704951	6.8260625604807545
0.009312719633269989	7.190920342837741
0.017427844342056707	7.092329299150279
0.017901008581152594	7.0875709486485805
0.003294684049860947	7.29676180134282
0.3816970276128857	5.765938967810417
0.05440102520534813	6.816916021690791
0.28939747659871695	6.190760663600768
0.006816459678501058	7.227010218997793
0.008009125988926228	7.20920010173269
0.010931690714854891	7.1675823180186855
0.010414742633710214	7.173762303833729
0.003664514935815142	7.2882754820019375
0.008166182859271058	7.207026839665219
0.00654529019489861	7.2323434153099155
0.010680417354847108	7.171299930589291
