0.0	5.4550767808189065
0.0	5.4550767808189065
0.3149198636223368	4.138971207949065
0.04550902858098076	4.952612138946198
0.007309690667689862	5.251432840208829
0.0668960514379482	4.846531109073757
0.19194281438329935	4.430764699347559
0.3045634811888795	4.165722389399885
0.03438005343930163	5.0174865707664935
0.0037231418495031685	5.307105880212089
0.09507919257191913	4.732751546169187
0.02933181730532984	5.05055800928651
0.19761434164486763	4.40656043739239
0.04050260762651968	4.981068677154463
0.11080950128808748	4.67326909843464
0.072738066075789	4.821205176660085
0.05067811908502719	4.926722724373709
0.08314147409163886	4.778338713955286
0.18488694895526248	4.447614616769282
0.1646774216365686	4.503181162516473
0.10210125389838626	4.703721282029548
0.2220124470423496	4.345230881829202
0.10323663221796577	4.6994947901771615
6.777084360229356E-4	5.38911793735182
0.22676741517253463	4.338647574718623
0.08717420344649239	4.762790691345283
0.2326062752430264	4.323656774297399
0.20966205013919426	4.382506245055634
0.03761638303769621	4.997024439327681
0.07836729719195128	4.796666241755243
0.01132614597015296	5.202636467919015
0.021102739972415997	5.112458521917901
0.002085091496879618	5.344425051762838
0.2896782951209588	4.1930829778217324
0.05312994709858524	4.9128703571746515
0.21686476769398744	4.36433636578016
0.061946227168558785	4.870651539039502
0.11519716326002816	4.6587797312769
0.2724166386049275	4.2257570205012716
0.2776105084092361	4.220711822857003
0.14019961225293834	4.576044696532467
0.24216579436355412	4.301776538873352
0.25596876380753447	4.270885465323518
0.1311204657831955	4.606366983717382
0.1697690481458463	4.48866053928119
1.0100274563415446E-4	5.426146407655775
0.01309027098541863	5.1835166080100405
0.2377378866947175	4.318873969190008
0.12714179643574963	4.621018907302814
0.2687283378791866	4.239446890887492
0.1600919339092895	4.516634109369569
0.17219918046049285	4.480760710451247
0.2847392163860744	4.204422432107441
0.15498254274367237	4.531604854315902
0.21413907284410238	4.3705147414275665
0.027115770814307508	5.068093097789382
0.02345560347341269	5.093948071395979
0.07569415841562463	4.8082682468868025
0.30089693038538945	4.169198593837286
0.28247109954946137	4.212286047566633
0.13722347020528303	4.58645027444432
0.1339548238565851	4.595370328415591
0.24911929480800396	4.285589193332748
0.18166552585098783	4.456709555525421
0.12409039667161241	4.628700955478469
0.24911929480800396	4.285589193332748
0.2966402720192457	4.179265528498607
0.2941979093186084	4.184722900379675
0.06046547709975887	4.877572916497594
0.26071526315205307	4.258925837312739
0.015954322018543344	5.1566818815331885
0.20378489993533971	4.399632626085391
0.20467288028463643	4.394075001385432
0.1766564760732222	4.467680335455308
0.025208199047527337	5.081491566608522
0.009161937246830815	5.2275031425197875
0.09119327175828855	4.746304119074375
4.425190825245581E-4	5.404297157271823
0.01481253618782646	5.164970072244214
0.14465786369068515	4.562475810501976
0.14973676490524535	4.546575306675301
0.14554051376357088	4.55976057188966
0.15085186185606736	4.54409788766811
0.018461826251161467	5.1333607280787765
0.1577538449923067	4.5243059554712834
0.05703614141170598	4.89473147397174
0.24127046395962976	4.307727843355839
0.0032636513075182116	5.316734552316328
0.12095952635400821	4.6390950911699464
0.0180606758946567	5.136377051819166
0.11333879300968087	4.664471982312499
0.12095952635400821	4.6390950911699464
0.0024156608681681208	5.336189201768424
0.17809791394071636	4.464014035489122
0.2575964319377417	4.266472057553721
0.009108601333260344	5.233622359217522
0.05708324585436053	4.893223531049681
0.2643726579615051	4.243611253956018
0.2640307185974633	4.2508411714806424
0.09198283043774565	4.742652985080276
