-18372.0 -19451.0 
-19137.0 -18534.0 
-18372.0 -19451.0 
-18534.0 -19376.0 
-18617.0 -19337.0 
-18435.0 -19433.0 
-18953.0 -18964.0 
-18793.0 -19161.0 
-19085.0 -18710.0 
-18876.0 -19055.0 
-18861.0 -19105.0 
-19122.0 -18546.0 
-19074.0 -18773.0 
-18486.0 -19378.0 
-18894.0 -19024.0 
-19116.0 -18658.0 
-19004.0 -18855.0 
-18806.0 -19125.0 
-18993.0 -18887.0 
-18572.0 -19345.0 
-18907.0 -18983.0 
-18626.0 -19294.0 
-19117.0 -18604.0 
-18706.0 -19251.0 
-19117.0 -18604.0 
-19031.0 -18833.0 
-18900.0 -19017.0 
-19085.0 -18710.0 
-19106.0 -18669.0 
-19031.0 -18833.0 
-18676.0 -19258.0 
-18829.0 -19114.0 
-18454.0 -19394.0 
-18652.0 -19272.0 
-18961.0 -18922.0 
-18864.0 -19074.0 
-18737.0 -19188.0 
-18555.0 -19353.0 
-18478.0 -19392.0 
-18930.0 -18976.0 
-18726.0 -19201.0 
-19057.0 -18805.0 
-18752.0 -19187.0 
-18716.0 -19227.0 
-18829.0 -19114.0 
-19106.0 -18669.0 
-18716.0 -19227.0 
-18676.0 -19258.0 
-18764.0 -19165.0 
-19004.0 -18855.0 
-19066.0 -18780.0 
-18448.0 -19413.0 
-18930.0 -18976.0 
-18645.0 -19289.0 
-18435.0 -19433.0 
-18555.0 -19353.0 
-19056.0 -18807.0 
-18572.0 -19345.0 
-19056.0 -18807.0 
-18448.0 -19413.0 
-18806.0 -19125.0 
-18726.0 -19201.0 
-18761.0 -19166.0 
-18964.0 -18913.0 
-18976.0 -18895.0 
-18864.0 -19074.0 
-18652.0 -19272.0 
-18964.0 -18913.0 
-18980.0 -18889.0 
-18976.0 -18895.0 
-19074.0 -18773.0 
-18706.0 -19251.0 
-18617.0 -19337.0 
-18961.0 -18922.0 
-19122.0 -18546.0 
-19066.0 -18780.0 
-18631.0 -19293.0 
-18907.0 -18983.0 
-18645.0 -19289.0 
-19116.0 -18658.0 
-18752.0 -19187.0 
-18761.0 -19166.0 
-18478.0 -19392.0 
-18486.0 -19378.0 
-18631.0 -19293.0 
-18454.0 -19394.0 
-18764.0 -19165.0 
-18980.0 -18889.0 
-19085.0 -18710.0 
-19106.0 -18669.0 
-18676.0 -19258.0 
-18435.0 -19433.0 
-18555.0 -19353.0 
-18572.0 -19345.0 
-18617.0 -19337.0 
-18752.0 -19187.0 
-18631.0 -19293.0 
-18435.0 -19433.0 
-19085.0 -18710.0 
-18435.0 -19433.0 
