-18182.0 -19552.0 
-19020.0 -18760.0 
-19020.0 -18760.0 
-18182.0 -19552.0 
-18424.0 -19479.0 
-18331.0 -19495.0 
-18924.0 -18976.0 
-18656.0 -19318.0 
-18822.0 -19130.0 
-18273.0 -19527.0 
-18994.0 -18794.0 
-18971.0 -18848.0 
-18210.0 -19549.0 
-18946.0 -18941.0 
-18991.0 -18836.0 
-18953.0 -18900.0 
-18953.0 -18900.0 
-18481.0 -19401.0 
-18609.0 -19328.0 
-18660.0 -19279.0 
-18210.0 -19549.0 
-18704.0 -19256.0 
-18492.0 -19392.0 
-18531.0 -19385.0 
-18549.0 -19376.0 
-18436.0 -19445.0 
-18828.0 -19097.0 
-18460.0 -19418.0 
-18777.0 -19168.0 
-18946.0 -18941.0 
-18766.0 -19196.0 
-18876.0 -19014.0 
-19002.0 -18775.0 
-18798.0 -19154.0 
-18902.0 -19001.0 
-18792.0 -19166.0 
-18574.0 -19348.0 
-18874.0 -19042.0 
-18277.0 -19505.0 
-18751.0 -19208.0 
-18683.0 -19266.0 
-18798.0 -19154.0 
-18840.0 -19091.0 
-18971.0 -18848.0 
-18683.0 -19266.0 
-18892.0 -19003.0 
-18436.0 -19445.0 
-18857.0 -19064.0 
-18609.0 -19328.0 
-18870.0 -19057.0 
-18590.0 -19336.0 
-18724.0 -19217.0 
-18753.0 -19203.0 
-18841.0 -19080.0 
-18273.0 -19527.0 
-18447.0 -19428.0 
-18531.0 -19385.0 
-18559.0 -19354.0 
-18902.0 -19001.0 
-19002.0 -18775.0 
-18857.0 -19064.0 
-18663.0 -19276.0 
-18302.0 -19500.0 
-18302.0 -19500.0 
-18281.0 -19504.0 
-18320.0 -19498.0 
-18714.0 -19218.0 
-18706.0 -19241.0 
-18724.0 -19217.0 
-18584.0 -19345.0 
-18447.0 -19428.0 
-18766.0 -19196.0 
-18492.0 -19392.0 
-18841.0 -19080.0 
-18874.0 -19042.0 
-18555.0 -19363.0 
-18710.0 -19228.0 
-18706.0 -19241.0 
-18991.0 -18836.0 
-18555.0 -19363.0 
-18710.0 -19228.0 
-18590.0 -19336.0 
-18882.0 -19011.0 
-18663.0 -19276.0 
-18882.0 -19011.0 
-18320.0 -19498.0 
-18777.0 -19168.0 
-18456.0 -19420.0 
-18828.0 -19097.0 
-18751.0 -19208.0 
-18870.0 -19057.0 
-18456.0 -19420.0 
-18559.0 -19354.0 
-18584.0 -19345.0 
-18281.0 -19504.0 
-18714.0 -19218.0 
-18302.0 -19500.0 
-18841.0 -19080.0 
-18710.0 -19228.0 
-18777.0 -19168.0 
