-19096.0 -18734.0 
-18262.0 -19566.0 
-19096.0 -18734.0 
-18453.0 -19472.0 
-19073.0 -18845.0 
-18863.0 -19164.0 
-19082.0 -18772.0 
-18400.0 -19475.0 
-18874.0 -19099.0 
-18273.0 -19528.0 
-18793.0 -19188.0 
-18316.0 -19517.0 
-18836.0 -19180.0 
-18982.0 -18933.0 
-18480.0 -19442.0 
-18318.0 -19500.0 
-18775.0 -19218.0 
-18480.0 -19442.0 
-18685.0 -19297.0 
-18270.0 -19549.0 
-18551.0 -19383.0 
-18916.0 -19069.0 
-18592.0 -19361.0 
-19082.0 -18772.0 
-18890.0 -19070.0 
-18979.0 -18970.0 
-19038.0 -18867.0 
-18505.0 -19418.0 
-18372.0 -19495.0 
-18507.0 -19400.0 
-19013.0 -18920.0 
-18783.0 -19191.0 
-18614.0 -19334.0 
-19021.0 -18918.0 
-18836.0 -19180.0 
-18351.0 -19497.0 
-18936.0 -19018.0 
-18551.0 -19383.0 
-18976.0 -18977.0 
-19029.0 -18901.0 
-18634.0 -19303.0 
-19073.0 -18845.0 
-18655.0 -19302.0 
-18756.0 -19229.0 
-18714.0 -19257.0 
-18768.0 -19227.0 
-18379.0 -19477.0 
-19033.0 -18877.0 
-18592.0 -19361.0 
-18614.0 -19334.0 
-18623.0 -19312.0 
-19038.0 -18867.0 
-18599.0 -19354.0 
-18863.0 -19164.0 
-18936.0 -19018.0 
-18703.0 -19277.0 
-18505.0 -19418.0 
-18703.0 -19277.0 
-18992.0 -18928.0 
-18655.0 -19302.0 
-18373.0 -19478.0 
-18740.0 -19247.0 
-18540.0 -19391.0 
-18952.0 -19006.0 
-18524.0 -19398.0 
-18351.0 -19497.0 
-18876.0 -19091.0 
-18685.0 -19297.0 
-18917.0 -19049.0 
-18876.0 -19091.0 
-18599.0 -19354.0 
-19029.0 -18901.0 
-18921.0 -19036.0 
-18629.0 -19308.0 
-18733.0 -19248.0 
-18961.0 -18991.0 
-18874.0 -19099.0 
-18921.0 -19036.0 
-18961.0 -18991.0 
-18992.0 -18928.0 
-18540.0 -19391.0 
-18524.0 -19398.0 
-18756.0 -19229.0 
-18919.0 -19040.0 
-18709.0 -19268.0 
-18740.0 -19247.0 
-18733.0 -19248.0 
-18954.0 -18998.0 
-18890.0 -19070.0 
-18952.0 -19006.0 
-18273.0 -19528.0 
-19033.0 -18877.0 
-18709.0 -19268.0 
-18714.0 -19257.0 
-18956.0 -18995.0 
-18316.0 -19517.0 
-18623.0 -19312.0 
-18783.0 -19191.0 
-18917.0 -19049.0 
-18977.0 -18974.0 
