-18160.0 -19539.0 
-19051.0 -18744.0 
-19051.0 -18744.0 
-18272.0 -19491.0 
-18967.0 -18980.0 
-18384.0 -19462.0 
-18191.0 -19509.0 
-19038.0 -18808.0 
-18206.0 -19494.0 
-18989.0 -18929.0 
-18669.0 -19287.0 
-18905.0 -19033.0 
-18285.0 -19468.0 
-18718.0 -19255.0 
-18995.0 -18881.0 
-18924.0 -18984.0 
-18989.0 -18929.0 
-18685.0 -19262.0 
-18798.0 -19155.0 
-18566.0 -19345.0 
-18604.0 -19322.0 
-19008.0 -18878.0 
-18329.0 -19467.0 
-18624.0 -19294.0 
-18384.0 -19462.0 
-18844.0 -19111.0 
-18329.0 -19467.0 
-18569.0 -19332.0 
-18430.0 -19425.0 
-19012.0 -18838.0 
-18438.0 -19399.0 
-18430.0 -19425.0 
-18521.0 -19364.0 
-18721.0 -19224.0 
-18607.0 -19301.0 
-18813.0 -19122.0 
-18461.0 -19387.0 
-19022.0 -18815.0 
-18521.0 -19364.0 
-18435.0 -19422.0 
-18775.0 -19157.0 
-18731.0 -19198.0 
-19016.0 -18835.0 
-18461.0 -19387.0 
-18754.0 -19174.0 
-18721.0 -19224.0 
-18919.0 -19007.0 
-18858.0 -19090.0 
-18921.0 -19004.0 
-18858.0 -19090.0 
-18487.0 -19377.0 
-18816.0 -19121.0 
-18748.0 -19191.0 
-18891.0 -19047.0 
-18768.0 -19169.0 
-18967.0 -18980.0 
-18891.0 -19047.0 
-18505.0 -19365.0 
-18844.0 -19111.0 
-18624.0 -19294.0 
-18566.0 -19345.0 
-18669.0 -19287.0 
-18685.0 -19262.0 
-18864.0 -19075.0 
-19038.0 -18808.0 
-18878.0 -19058.0 
-18878.0 -19058.0 
-18871.0 -19064.0 
-18206.0 -19494.0 
-18490.0 -19374.0 
-18864.0 -19075.0 
-18919.0 -19007.0 
-18798.0 -19155.0 
-18738.0 -19192.0 
-18731.0 -19198.0 
-18438.0 -19399.0 
-18813.0 -19122.0 
-18505.0 -19365.0 
-18604.0 -19322.0 
-18487.0 -19377.0 
-18816.0 -19121.0 
-18569.0 -19332.0 
-18285.0 -19468.0 
-19022.0 -18815.0 
-18871.0 -19064.0 
-18490.0 -19374.0 
-18768.0 -19169.0 
-18754.0 -19174.0 
-18718.0 -19255.0 
-18607.0 -19301.0 
-18995.0 -18881.0 
-18775.0 -19157.0 
-18738.0 -19192.0 
-18924.0 -18984.0 
-19008.0 -18878.0 
-19012.0 -18838.0 
-18748.0 -19191.0 
-18569.0 -19332.0 
-18995.0 -18881.0 
-18748.0 -19191.0 
