1.0433273068719058	3.8989904981242194E-13
6.39884630214594E-17	1.0450109054465444
6.39884630214594E-17	1.0450109054465444
0.6705905226196789	0.7993522639103915
0.9735713860080404	0.37615288592060436
0.3581869127720504	0.9798748638225636
0.8950640200951444	0.5365122777539854
0.20261383468698174	1.0245050772367135
0.8795458863123825	0.5638600281003724
0.7286247514167983	0.7485177696660491
0.15449788461681482	1.0317362061556772
0.2933192005052216	1.0022243545457588
0.4904126889651935	0.9207479619755553
0.32202880681700097	0.9933711759677603
0.6484727295080192	0.8188824534974102
0.24140036026252643	1.0163125153911154
0.9910856374561618	0.32849701135005144
0.6880537569475185	0.7848943122488227
0.9393385737583011	0.45399035115528014
0.4174478522606991	0.9558116678990177
0.7054042834115127	0.7697671743744161
0.613179429295252	0.845169766849057
0.38759319019681293	0.9695845364939463
0.9295316026971551	0.47609330740107975
0.5398229699285304	0.8941909056522628
0.33761112177512165	0.9869044174511895
1.029385054230606	0.17196427806466427
0.7450969797238688	0.7319321524547561
1.017364208320523	0.232586905702309
1.0354106692764686	0.13813315439184706
0.11466024192682542	1.0374391193989803
0.8179148112339931	0.6486293493699777
0.5885834334044402	0.861007443642787
0.7622592238796596	0.7141404784357658
0.9637018183687591	0.3996100793019296
0.061570294101443504	1.0415081904329353
0.7823175785109807	0.6901834757943283
1.0381466614168207	0.10410296516751995
0.9975966007339788	0.3073138538497713
0.44534258882438826	0.9458459558181099
1.0070647235900587	0.27545158850330975
0.02317787448063257	1.0435775529674984
0.44886556660822735	0.9420877923528709
0.51376649245739	0.909227809149745
0.8270884568143705	0.6367424027964307
0.7676414302075993	0.7067619636693638
0.9466918330189835	0.43871411376560226
0.7896767714565288	0.681900555287045
0.9096143206177295	0.5108231946588878
0.9536822319931766	0.4243990868131048
1.024360774261513	0.20079615818102708
1.0021939046257164	0.2933763821436805
0.5193172694296132	0.9048882064114245
0.042230034434533055	1.0422463121418195
0.9034880897010426	0.5223651007383353
1.0394890952396902	0.08739211697965264
0.865899165106439	0.58360575376388
0.8544893745266983	0.5993675391457562
0.18736860289671073	1.0276515122195435
1.0223284847658336	0.2161862520531529
0.27496060400504385	1.0073719317463452
0.1699838772835189	1.030780178817503
1.036210626246111	0.13068561211186788
0.8496433929107349	0.6068212300488376
0.9193484607366701	0.4957963745665873
0.9835149259004744	0.35102211820901846
0.4744993950333927	0.9301280257980856
0.9595539395522701	0.40968930849039215
0.8038636724042406	0.6682755819830896
1.0418879200612146	0.05671438611739127
1.0429573231137705	0.024375496646895187
1.0279361940635463	0.1800295128354061
0.8070198524601745	0.6644691802617718
0.8703714601628619	0.5753559559632686
1.0427547446360426	0.03396064985956095
0.7376843361527562	0.7388106589716339
1.0411863043809457	0.06717665628956195
0.6310846042558227	0.830769581441588
0.7011623040947688	0.7736309862387666
0.6200567273296048	0.8400308851426728
0.26411514487733	1.0102728417511337
0.4072930725653213	0.9622338746809824
1.0135463122441737	0.25655256189543135
0.11223146239959303	1.0375027898989593
0.9835298435682736	0.3509852043804234
0.9227742901736369	0.4884722193067576
0.6381188125287873	0.8254484377897607
0.5851130634876586	0.8648753257920864
0.8402452521020006	0.6216700253715933
0.5560052371898113	0.8842628141642553
0.24986685425611507	1.0135929822612229
0.8382509993641375	0.6243430988298155
0.4744993950333927	0.9301280257980856
0.08677227288229639	1.0396194415893067
0.08659970979279297	1.039692291721006
0.39622276539263757	0.9657964315169025
0.5716965592857285	0.8733788050569604
0.5697658856312384	0.8765526078501439
0.5518259666023114	0.8874844984658569
1.0128838337089843	0.2589724797864789
