1.657574325554077177e+01
1.654533942405569036e+01
6.802908728406061201e+00
1.499621324325770466e+01
1.513326042318405840e+01
1.606632614564090744e+01
1.640683943032744452e+01
1.583323003342773561e+01
1.531273546878608549e+01
1.549522714624365705e+01
1.529332132799933675e+01
1.545748989910236659e+01
8.600690088965349034e+00
7.467061686793113218e+00
1.521357803508639606e+01
1.569076872778217790e+01
1.303815262032913758e+01
1.466116653607323883e+01
1.535923624547705302e+01
1.597400612179317037e+01
6.883312808217041834e+00
1.493082876805851456e+01
1.477027048699989464e+01
1.546264321036154143e+01
7.728946689653334090e+00
1.659145606318364941e+01
1.593202382059468647e+01
1.614710839062705006e+01
1.477707274858675035e+01
1.589281722568103916e+01
1.587685485317021872e+01
