-19351.0 -18499.0 
-18499.0 -19504.0 
-19351.0 -18499.0 
-19268.0 -18751.0 
-19073.0 -19017.0 
-19308.0 -18537.0 
-18827.0 -19284.0 
-18613.0 -19445.0 
-18896.0 -19245.0 
-19289.0 -18705.0 
-19114.0 -18952.0 
-19232.0 -18797.0 
-19297.0 -18641.0 
-19280.0 -18722.0 
-19301.0 -18579.0 
-19297.0 -18641.0 
-18531.0 -19486.0 
-18734.0 -19352.0 
-19184.0 -18848.0 
-19194.0 -18820.0 
-18614.0 -19424.0 
-19232.0 -18797.0 
-18864.0 -19250.0 
-18568.0 -19448.0 
-18936.0 -19163.0 
-19154.0 -18888.0 
-18786.0 -19289.0 
-19095.0 -18969.0 
-19184.0 -18848.0 
-18903.0 -19205.0 
-18832.0 -19259.0 
-19083.0 -18980.0 
-19154.0 -18888.0 
-18852.0 -19252.0 
-19301.0 -18579.0 
-18644.0 -19420.0 
-19308.0 -18537.0 
-18913.0 -19190.0 
-18713.0 -19361.0 
-19127.0 -18933.0 
-18778.0 -19307.0 
-18951.0 -19124.0 
-18751.0 -19327.0 
-18953.0 -19108.0 
-18548.0 -19453.0 
-18999.0 -19095.0 
-19031.0 -19045.0 
-18713.0 -19361.0 
-18542.0 -19456.0 
-19007.0 -19052.0 
-18936.0 -19163.0 
-19209.0 -18815.0 
-18951.0 -19124.0 
-18656.0 -19404.0 
-19049.0 -19036.0 
-18689.0 -19379.0 
-19209.0 -18815.0 
-18531.0 -19486.0 
-19037.0 -19037.0 
-19049.0 -19036.0 
-18680.0 -19384.0 
-18970.0 -19107.0 
-19148.0 -18910.0 
-18920.0 -19181.0 
-19002.0 -19076.0 
-18680.0 -19384.0 
-18568.0 -19448.0 
-19289.0 -18705.0 
-18989.0 -19099.0 
-18920.0 -19181.0 
-19143.0 -18922.0 
-19092.0 -18978.0 
-19002.0 -19076.0 
-18751.0 -19327.0 
-18747.0 -19336.0 
-18970.0 -19107.0 
-18903.0 -19205.0 
-18656.0 -19404.0 
-18689.0 -19379.0 
-18778.0 -19307.0 
-18747.0 -19336.0 
-18989.0 -19099.0 
-19148.0 -18910.0 
-18779.0 -19297.0 
-19017.0 -19051.0 
-19017.0 -19051.0 
-19131.0 -18930.0 
-18654.0 -19409.0 
-18542.0 -19456.0 
-18644.0 -19420.0 
-18686.0 -19383.0 
-19143.0 -18922.0 
-19083.0 -18980.0 
-18654.0 -19409.0 
-18896.0 -19245.0 
-18786.0 -19289.0 
-18832.0 -19259.0 
-19131.0 -18930.0 
-18779.0 -19297.0 
-19007.0 -19052.0 
