-19360.0 -18389.0 
-18179.0 -19604.0 
-18179.0 -19604.0 
-18445.0 -19532.0 
-18243.0 -19580.0 
-19302.0 -18569.0 
-18638.0 -19417.0 
-19216.0 -18767.0 
-18738.0 -19333.0 
-18342.0 -19564.0 
-18363.0 -19549.0 
-19309.0 -18475.0 
-19071.0 -18959.0 
-18572.0 -19426.0 
-19324.0 -18460.0 
-18670.0 -19341.0 
-19220.0 -18685.0 
-18535.0 -19458.0 
-18495.0 -19473.0 
-19333.0 -18401.0 
-19040.0 -18980.0 
-18768.0 -19296.0 
-18238.0 -19591.0 
-18184.0 -19595.0 
-19078.0 -18912.0 
-18744.0 -19301.0 
-19249.0 -18658.0 
-18447.0 -19494.0 
-18964.0 -19080.0 
-18523.0 -19465.0 
-18935.0 -19143.0 
-19277.0 -18606.0 
-18904.0 -19147.0 
-19153.0 -18831.0 
-18572.0 -19426.0 
-18936.0 -19124.0 
-18869.0 -19197.0 
-19126.0 -18861.0 
-18963.0 -19098.0 
-19262.0 -18610.0 
-19126.0 -18861.0 
-19302.0 -18569.0 
-19154.0 -18810.0 
-18994.0 -19036.0 
-18461.0 -19489.0 
-19172.0 -18807.0 
-18880.0 -19187.0 
-19100.0 -18898.0 
-18789.0 -19269.0 
-19087.0 -18907.0 
-18357.0 -19553.0 
-19015.0 -19008.0 
-18666.0 -19366.0 
-18993.0 -19055.0 
-18801.0 -19256.0 
-19015.0 -19008.0 
-18652.0 -19389.0 
-19197.0 -18780.0 
-18837.0 -19238.0 
-19260.0 -18633.0 
-18987.0 -19065.0 
-19022.0 -18993.0 
-19197.0 -18780.0 
-19231.0 -18671.0 
-19178.0 -18795.0 
-18342.0 -19564.0 
-19107.0 -18889.0 
-19153.0 -18831.0 
-18461.0 -19489.0 
-18894.0 -19159.0 
-19277.0 -18606.0 
-18667.0 -19356.0 
-18994.0 -19036.0 
-18818.0 -19249.0 
-18856.0 -19209.0 
-19260.0 -18633.0 
-18963.0 -19098.0 
-18936.0 -19124.0 
-18818.0 -19249.0 
-18845.0 -19223.0 
-18800.0 -19266.0 
-18659.0 -19384.0 
-18789.0 -19269.0 
-18880.0 -19187.0 
-19112.0 -18879.0 
-19231.0 -18671.0 
-18856.0 -19209.0 
-19112.0 -18879.0 
-18896.0 -19154.0 
-18845.0 -19223.0 
-19309.0 -18475.0 
-19333.0 -18401.0 
-18987.0 -19065.0 
-19178.0 -18795.0 
-19022.0 -18993.0 
-18894.0 -19159.0 
-18652.0 -19389.0 
-18837.0 -19238.0 
-19220.0 -18685.0 
-18659.0 -19384.0 
