-18330.0 -19532.0 
-19337.0 -18459.0 
-18330.0 -19532.0 
-19337.0 -18459.0 
-19188.0 -18874.0 
-19303.0 -18637.0 
-18453.0 -19522.0 
-18723.0 -19356.0 
-19264.0 -18657.0 
-19252.0 -18745.0 
-19039.0 -19070.0 
-18367.0 -19530.0 
-19136.0 -18942.0 
-19314.0 -18513.0 
-19191.0 -18808.0 
-18760.0 -19352.0 
-19307.0 -18571.0 
-18800.0 -19323.0 
-18808.0 -19300.0 
-18764.0 -19326.0 
-19188.0 -18874.0 
-18700.0 -19393.0 
-18525.0 -19479.0 
-19102.0 -18982.0 
-18840.0 -19294.0 
-19241.0 -18765.0 
-19136.0 -18942.0 
-19307.0 -18571.0 
-18470.0 -19500.0 
-19277.0 -18655.0 
-19314.0 -18513.0 
-18847.0 -19263.0 
-18995.0 -19108.0 
-19004.0 -19077.0 
-18921.0 -19211.0 
-18367.0 -19530.0 
-19200.0 -18797.0 
-19066.0 -18994.0 
-18608.0 -19435.0 
-19060.0 -19040.0 
-18999.0 -19079.0 
-18455.0 -19503.0 
-18669.0 -19406.0 
-18580.0 -19438.0 
-18948.0 -19194.0 
-18622.0 -19413.0 
-18872.0 -19238.0 
-19212.0 -18767.0 
-18700.0 -19393.0 
-18889.0 -19212.0 
-18470.0 -19500.0 
-18557.0 -19455.0 
-18557.0 -19455.0 
-18669.0 -19406.0 
-18525.0 -19479.0 
-19060.0 -19040.0 
-19119.0 -18950.0 
-18956.0 -19155.0 
-19252.0 -18745.0 
-18858.0 -19259.0 
-19203.0 -18774.0 
-18880.0 -19215.0 
-19117.0 -18966.0 
-18644.0 -19408.0 
-18982.0 -19113.0 
-19064.0 -19020.0 
-18949.0 -19184.0 
-18538.0 -19471.0 
-18921.0 -19211.0 
-19078.0 -18990.0 
-18872.0 -19238.0 
-18538.0 -19471.0 
-18960.0 -19148.0 
-18644.0 -19408.0 
-19064.0 -19020.0 
-18575.0 -19439.0 
-18977.0 -19120.0 
-19078.0 -18990.0 
-18620.0 -19421.0 
-18977.0 -19120.0 
-18575.0 -19439.0 
-18858.0 -19259.0 
-19117.0 -18966.0 
-18948.0 -19194.0 
-18949.0 -19184.0 
-18963.0 -19137.0 
-18620.0 -19421.0 
-18964.0 -19135.0 
-18964.0 -19135.0 
-18608.0 -19435.0 
-19264.0 -18657.0 
-18956.0 -19155.0 
-19191.0 -18808.0 
-18840.0 -19294.0 
-19212.0 -18767.0 
-18880.0 -19215.0 
-18889.0 -19212.0 
-19203.0 -18774.0 
-18453.0 -19522.0 
-19119.0 -18950.0 
