-19243.0 -18471.0 
-18317.0 -19396.0 
-19243.0 -18471.0 
-18317.0 -19396.0 
-19198.0 -18521.0 
-18755.0 -19219.0 
-18544.0 -19325.0 
-19186.0 -18590.0 
-18517.0 -19366.0 
-19050.0 -18851.0 
-18858.0 -19114.0 
-18821.0 -19125.0 
-18696.0 -19244.0 
-18472.0 -19382.0 
-19186.0 -18590.0 
-19103.0 -18780.0 
-19133.0 -18716.0 
-19198.0 -18521.0 
-18413.0 -19390.0 
-18413.0 -19390.0 
-19160.0 -18646.0 
-19059.0 -18816.0 
-18696.0 -19244.0 
-19137.0 -18681.0 
-18360.0 -19393.0 
-18612.0 -19302.0 
-19104.0 -18731.0 
-19037.0 -18877.0 
-18472.0 -19382.0 
-18635.0 -19264.0 
-18773.0 -19174.0 
-18865.0 -19070.0 
-18938.0 -19010.0 
-18924.0 -19023.0 
-18360.0 -19393.0 
-18577.0 -19305.0 
-18663.0 -19260.0 
-19108.0 -18720.0 
-18755.0 -19219.0 
-18517.0 -19366.0 
-19135.0 -18684.0 
-18631.0 -19286.0 
-18663.0 -19260.0 
-19157.0 -18649.0 
-18777.0 -19161.0 
-18615.0 -19289.0 
-19017.0 -18893.0 
-18939.0 -18992.0 
-18868.0 -19056.0 
-18791.0 -19157.0 
-18773.0 -19174.0 
-18565.0 -19315.0 
-18908.0 -19026.0 
-19160.0 -18646.0 
-18886.0 -19050.0 
-18797.0 -19140.0 
-18944.0 -18982.0 
-18891.0 -19040.0 
-18961.0 -18968.0 
-19077.0 -18790.0 
-18986.0 -18904.0 
-19001.0 -18896.0 
-18807.0 -19138.0 
-19157.0 -18649.0 
-19022.0 -18882.0 
-18968.0 -18955.0 
-18565.0 -19315.0 
-18865.0 -19070.0 
-18962.0 -18959.0 
-19091.0 -18786.0 
-19024.0 -18878.0 
-18908.0 -19026.0 
-18944.0 -18982.0 
-18985.0 -18913.0 
-18891.0 -19040.0 
-18981.0 -18918.0 
-18969.0 -18944.0 
-18858.0 -19114.0 
-19063.0 -18805.0 
-18980.0 -18927.0 
-19001.0 -18896.0 
-19070.0 -18800.0 
-19091.0 -18786.0 
-18807.0 -19138.0 
-18961.0 -18968.0 
-18971.0 -18940.0 
-18577.0 -19305.0 
-18980.0 -18927.0 
-18971.0 -18940.0 
-19104.0 -18731.0 
-19070.0 -18800.0 
-18886.0 -19050.0 
-19077.0 -18790.0 
-18791.0 -19157.0 
-18986.0 -18904.0 
-18868.0 -19056.0 
-19063.0 -18805.0 
-18635.0 -19264.0 
-18797.0 -19140.0 
-18631.0 -19286.0 
