-19046.0 -18745.0 
-18279.0 -19467.0 
-18279.0 -19467.0 
-19046.0 -18745.0 
-18462.0 -19412.0 
-18445.0 -19430.0 
-18771.0 -19188.0 
-18356.0 -19440.0 
-18499.0 -19369.0 
-18594.0 -19318.0 
-18720.0 -19193.0 
-19021.0 -18774.0 
-19002.0 -18837.0 
-18615.0 -19288.0 
-18981.0 -18908.0 
-18318.0 -19443.0 
-19016.0 -18823.0 
-18920.0 -19007.0 
-18943.0 -18968.0 
-18992.0 -18876.0 
-18788.0 -19144.0 
-18356.0 -19440.0 
-18897.0 -19017.0 
-18876.0 -19069.0 
-18669.0 -19238.0 
-18992.0 -18876.0 
-18575.0 -19337.0 
-18529.0 -19358.0 
-18318.0 -19443.0 
-18844.0 -19085.0 
-18981.0 -18908.0 
-18884.0 -19057.0 
-18949.0 -18934.0 
-18530.0 -19345.0 
-19033.0 -18767.0 
-18658.0 -19262.0 
-18892.0 -19049.0 
-18628.0 -19276.0 
-18950.0 -18933.0 
-18819.0 -19110.0 
-18666.0 -19259.0 
-18502.0 -19359.0 
-18837.0 -19091.0 
-18704.0 -19233.0 
-18926.0 -18969.0 
-18445.0 -19430.0 
-18950.0 -18933.0 
-18894.0 -19026.0 
-18552.0 -19341.0 
-18552.0 -19341.0 
-18826.0 -19096.0 
-18802.0 -19123.0 
-18876.0 -19069.0 
-18628.0 -19276.0 
-18691.0 -19235.0 
-18844.0 -19085.0 
-18575.0 -19337.0 
-18658.0 -19262.0 
-18802.0 -19123.0 
-18771.0 -19188.0 
-18788.0 -19144.0 
-18819.0 -19110.0 
-18618.0 -19278.0 
-19033.0 -18767.0 
-18715.0 -19208.0 
-18706.0 -19222.0 
-18793.0 -19131.0 
-18691.0 -19235.0 
-19010.0 -18828.0 
-18712.0 -19216.0 
-18920.0 -19007.0 
-18715.0 -19208.0 
-19010.0 -18828.0 
-18826.0 -19096.0 
-18894.0 -19026.0 
-18791.0 -19139.0 
-18892.0 -19049.0 
-18793.0 -19131.0 
-19016.0 -18823.0 
-18712.0 -19216.0 
-18501.0 -19362.0 
-18706.0 -19222.0 
-18791.0 -19139.0 
-18943.0 -18968.0 
-18949.0 -18934.0 
-18666.0 -19259.0 
-18669.0 -19238.0 
-18530.0 -19345.0 
-18501.0 -19362.0 
-18618.0 -19278.0 
-18502.0 -19359.0 
-18802.0 -19123.0 
-18826.0 -19096.0 
-18793.0 -19131.0 
-18949.0 -18934.0 
-18826.0 -19096.0 
-18826.0 -19096.0 
-18826.0 -19096.0 
-18924.0 -18991.0 
-18706.0 -19222.0 
